-1.1917815880198783
-1.1506762498830001
-1.2850190933021832
-1.1159274289027981
-0.84262338151266625
-1.0403708140420771
-0.84526810455916901
-1.1480429488427333
-1.2215070362013671
-1.3667393555122034
-1.1864240224850215
-1.0339634588156705
-0.86973475867197414
-1.2827721270044048
-0.95183747174111299
-0.93765687665038877
-1.1923538160916209
-0.93302620486479593
-0.83821652260913615
-1.0180200070902408
-0.91433563722965516
-1.3816718217577899
-1.0439664177191548
-0.79320183612674722
-1.0801520420187998
-0.91650004934106266
-1.0848742194607945
-0.82443239838226146
-0.68666165517959377
-0.92211002479032844
-0.90242355151622888
-1.0249526340408108
-0.91178751601332908
-0.99003170450274935
-1.0335522107682762
-1.1031125938080846
-1.130580238349538
-0.95883448270322424
-0.94897687141212539
-0.76816493913802719
-0.95722099037720854
-1.034320925295142
-1.1247505355626224
-0.97485322531467
-0.78117457909572907
-1.0163837368017643
-0.84678326242158009
-0.70305905105626809
-1.176253207592129
-0.91413935034118243
-1.0260592999333507
-1.1392226334361801
-0.71725572214730116
-0.97799193096866965
-0.68581971895252924
-0.51674835641285799
-0.95266728994592764
-0.92324435713915387
-0.72312685138477795
-0.75541892567582114
-0.94103601055311292
-0.92079512024137056
-0.81245688054107612
-1.1830204800356496
-0.86888965501130089
-0.79109521831308327
-0.87715197271804024
-0.88481459573280075
-1.0915838300503831
-0.91474550389602882
-0.82916656246620313
-0.62026292996751298
-0.90464899163161694
-1.0468832863968862
-1.1815326962888668
-0.95487975781123868
-0.95044947710576089
-0.91796406795853436
-0.76922070232141226
-0.87009445172087607
-0.82635204503957294
-0.44073523340789611
-0.70838012112252036
-0.53098904188806595
-0.90902998490540043
-0.8008051070979415
-0.84765603674433609
-0.9134980061744139
-1.0515794313978024
-1.1413618491607418
-0.78806031551808042
-1.0217182815068129
-0.70108861325884131
-0.72306858388383399
-0.83771862989215073
-0.69011221587799665
-0.94933392920924431
-0.80140453909657905
-0.86889924333563784
-0.54001001201965471
-0.66955342566043508
-0.72112014523767431
-0.93293552677339153
-0.80099982526773117
-0.54105350802863594
-0.83086072775579745
-1.10903936120331
-0.75001432308076332
-1.0352517668108949
-0.78161059890143569
-0.92956233351076778
-0.88772286949264545
-1.2065133953852245
-0.50372274276017392
-0.50802640249261577
-1.0751013756257337
-0.84308316565279617
-0.72247309072402977
-1.1293023085997833
-0.42649796133712947
-0.90822497490908205
-0.87897083768370432
-0.91083724731670179
-0.82866478775488672
-0.60922179902511364
-0.86676250471352589
-0.87911537945867724
-1.0982221354654789
-0.83830957378341553
-0.49702811696727706
-0.55255010045835429
-0.83587170249578358
-0.84433156975777512
-0.74230366219634591
-0.60494248438110831
-0.72697767177637307
-0.50137602297642614
-0.76187519033021167
-0.86569061547513071
-0.76062273537138714
-0.78642623265359313
-0.51851332019640817
-0.86670164827855956
-0.7744578255067891
-0.76913151402772661
-0.9890789079595298
-0.91922533418653318
-0.72124801612748712
-0.57313213365385318
-0.53543829975930568
-0.86965855907156187
-0.63273357869059454
-0.7822827994260978
-0.67355939253111063
-0.42991867787842508
-0.61640018644116845
-0.42533055021361732
-0.29201843669244471
-0.67614648093696228
-0.45647393271787995
-0.53658320848222929
-0.82639323222747141
-0.64626712357978866
-0.83725870982067518
-0.61888128553835808
-0.70383915611670411
-0.52616929874955731
-0.74173656111657238
-0.59896898110804042
-0.67260014454891193
-0.73863676951572155
-0.725830461326475
-0.44209437222384579
-0.73988816107952637
-0.88582891745385361
-0.71102556951702633
-0.68722004071840648
-0.6125698544039363
-0.49475292465906207
-0.78030649736927793
-0.45463058624879948
-0.41268619079593694
-0.48943949917166446
-0.71666268789458765
-0.64662970548170828
-0.58872294507101142
-0.63809720912687817
-0.70618255624138659
-1.0839386530053103
-0.58698285251933102
-0.51067360454732724
-0.40192834592194587
-0.86998808988008258
-0.79894406094880899
-0.47097626618490357
-0.64920682583915157
-0.55726265653071605
-0.86567478794868169
-0.49660791352422134
-0.97249247663612126
-0.63980823250837016
-0.46289283071739717
-0.78814488906166968
-0.60150896740998383
-0.87805903801794494
-0.48527019898496132
-0.69845833797552448
-0.55843871140112411
-0.70776350057703652
-0.73366771099916284
-0.38307511674797395
-0.60855554318381944
-0.68148124554449063
-0.81240704216547344
-0.62607027950826033
-0.40785939746586375
-0.58677053001742541
-0.67558554853589003
-0.79287952650227933
-0.87165789054768839
-0.53461432814603904
-0.56587758644328356
-0.9561531896630393
-0.59077352465802957
-0.48237566474935456
-0.39153934187644829
-0.59438737929810725
-0.45144819246224155
-0.76655081787085555
-0.52526469911480844
-0.84257668005519482
-0.67259862844461227
-0.45141762636589183
-0.53394830008528726
-0.49473900811082683
-0.71164744489770115
-0.688091175415107
-0.67010581558304472
-0.69289927155826092
-0.66588138568051558
-0.58743408520556895
-0.20748816894303374
-0.5683627070777032
-0.53838334846036584
-0.50893510342930559
-0.58081914336661877
-0.39106745911704383
-0.51846291253169385
-0.67492109407797596
-0.43347181391075756
-0.67271070354028195
-0.34621033080262825
-0.62972700836628115
-0.60422679613541419
-0.66890586226267013
-0.50794749880770795
-0.60393870481642198
-0.53619634275308603
-0.48532891463453715
-0.66728071298660063
-0.30368415724813841
-0.51970460370528948
-0.69049852195544048
-0.41483785576816168
-0.74190077799589582
-0.50946371264129131
-0.50523724736949471
-0.28664500905475365
-0.49031590580777085
-0.4169789429887068
-0.57071979752467672
-0.66812867678491683
-0.26631772624949657
-0.39331971180365927
-0.56192728879114784
-0.57553917767332274
-0.72566295465011355
-0.57408237889491887
-0.49718169834457909
-0.60242320277293981
-0.66869289502260654
-0.3735017366193944
-0.10469612013475983
-0.450723011726822
-0.40788149656113526
-0.3395189436548634
-0.46198886842041426
-0.5470622475121979
0.051216008196571586
-0.46829415352502218
-0.33572091895601913
-0.49982048558493541
-0.61072966385935157
-0.35741685689861313
-0.33970085451122062
-0.20563257929137752
-0.50996445761276721
-0.36714843293543775
-0.78861368328937487
-0.24411545786156355
-0.27521364530949949
-0.5861715098671304
-0.58239482199841386
-0.64142318039889146
0.029540795268751557
-0.37569645126384232
-0.22994228179935844
-0.13406732515141129
-0.24822809023754194
-0.3827570192282721
-0.52305261824381488
-0.64090773791765865
-0.47461259182707477
-0.46966296244960914
-0.15546642281285211
-0.58801181613086606
-0.45069026507280374
-0.24411439263820606
-0.4344515846308139
-0.4840400785071487
-0.38577423146138334
-0.1357485652694963
-0.74791173128448762
-0.47639464989433544
-0.5544347146027816
-0.092831164282322381
-0.60885722246774732
-0.46786727243579151
-0.36167699527198482
-0.23209357727267874
-0.21186787062316131
-0.20117735575269086
-0.30426977250578069
-0.32006804788980553
-0.36082043149242826
-0.48029553786686369
-0.33969719697184192
-0.54672687057351355
-0.47879163626133997
-0.57212640579383101
-0.44435931495154535
-0.52705971453614175
-0.57554072502211762
-0.41941989089959242
-0.11082692325791836
-0.27168134009160644
-0.36400910302520628
-0.37434679728576542
-0.2216107963966919
-0.33907764284801922
-0.43465638794995398
-0.14615736534438376
-0.23531637499277572
-0.15714348854868995
-0.11840172509799396
-0.27858197474038088
-0.33627536970187288
-0.27413659357786846
-0.23057241340628215
0.0014750207641711431
-0.57281998369652321
-0.21994390208330697
-0.16253417548300753
-0.44564515144229822
-0.36863380672831708
-0.3441214435760695
-0.32273415535081862
-0.35481896900713711
-0.42052630490698983
0.003646420546719523
-0.33697912938770336
-0.30942381471545921
-0.31108759069719732
-0.39286984368892264
-0.31614732987204808
-0.33710304133214558
-0.28686311126287972
-0.32261187729759905
-0.20305546089461451
-0.022344605348853418
-0.23347021359830941
-0.45536315071886524
-0.41527581248339496
0.17221390692533947
-0.44265340287426191
-0.028212540563536587
-0.25861702893245014
-0.16038508051403727
-0.43382973323863194
-0.24399681505055743
-0.27141478230294841
-0.34252464559706819
-0.38527768376105764
0.10108453896357794
0.18337460770137781
-0.13654944348241066
-0.31802066578943838
-0.019952707347052838
-0.27763562262649522
-0.47875809736518077
0.022192918729746627
-0.099212506170127224
-0.047554459557682775
-0.2847791197920117
-0.39691537166643603
-0.18070690307069964
-0.23215522983230436
-0.091375163555259001
-0.22634447385596665
-0.092131789417077198
-0.45265596893118992
-0.094773502164102644
-0.03467954258638075
-0.069402256970425305
0.016586408667222802
-0.46934274532650089
0.040585195673280679
-0.050889061092372311
-0.4901047144201931
0.091748024539939813
0.10830075288460711
0.057597240708153252
-0.15165172290191956
-0.10120160120848946
-0.50806592660212591
-0.60709238981943558
-0.12983871350247767
-0.10325648739152668
-0.19696811885174073
-0.021111704242500307
-0.232777905587221
-0.062423060205448876
-0.33410993673761408
-0.3976447194554325
-0.15565823755619732
0.02168777317957906
-0.10054136110837891
0.048544373347760204
-0.13607822718737386
0.10282787691050109
0.10114163900357455
-0.23648649364711632
-0.032465420212062938
-0.054097481501677765
-0.20588573367086552
-0.33542713521983891
-0.06278657304128013
-0.14881028017076833
-0.10996230100239472
0.10026493613862442
-0.14796250734541189
-0.026928802303507051
0.18191850460180764
-0.14559719029305809
-0.20635799590039069
-0.1990865468937795
-0.0064718914843873458
-0.1572174537865596
-0.0092491449841129725
0.066007765556522532
-0.082734441211430365
0.2244598393811704
0.2805494280262954
-0.41195435989569118
-0.0061928895077332565
0.072808880240871218
-0.28323375632349646
-0.2609113020262962
-0.23665676244903622
-0.082924033660778454
0.062900239167742775
-0.32341905946875099
-0.28824303094314396
-0.059652497797183054
-0.38180202575810973
0.049412273820241583
0.17494600745548269
0.01966760393707408
-0.039901049871346878
0.2639221858205878
-0.25244050123065531
0.012328407046028216
-0.078792795723650694
0.10330269349125876
-0.17097379859996634
-0.17554749074094514
0.007828884778206353
0.036282482754198472
-0.18598534592711108
-0.13039459379043605
-0.092675222930517567
0.1169589319414148
0.0091465586781407163
0.05226792336224087
0.13911323967847236
-0.22509964303738808
-0.1960838392602848
-0.32920311283525161
0.0035752023886667116
-0.16268602571110208
0.14655660532897485
0.1243308370435368
-0.074185555168723466
-0.030450486425457148
-0.16062568147501549
0.098454005136201866
-0.06537809738806534
-0.058047665594702015
-0.17925456930834538
0.26764574093044508
-0.068553517820568802
0.15286693354489644
-0.16669826603214591
0.074052045872272307
0.23302666376040496
-0.12613133216178649
0.18534164194533462
0.21799866606069579
0.13822251222312767
-0.00024442066954976933
0.01435629852449424
-0.0067637424781734103
0.2155094257080078
-0.088146030386018662
0.19353128700205963
0.17334897737128868
0.14313273682800684
0.18008862655140506
0.29456456913475937
-0.052785313524039597
0.040115820046637142
-0.16423441319427626
-0.089451336976738613
0.37333310714259421
0.26057613331944796
-0.33830164921873046
0.26576089578762041
-0.25023975499511453
0.13659822204185149
0.020569941737986448
0.0014117121679812791
0.20688344348226034
-0.00867966877448338
-0.076484041864633659
-0.10702355875882355
-0.037298401237477408
0.12766894232395248
0.2667519642884203
0.17222533339833473
0.043967625771625191
0.168525051387139
0.3251515131125795
-0.26318764734482714
0.25689648237486423
0.45052773915598054
0.085599310325272016
0.1850888648822554
0.52727794331369338
0.077315951121157994
0.17698872052114098
0.23499994726156706
-0.11792406791012384
0.096954548351136913
0.10200438828708458
0.29637277474635704
-0.14285953482201247
0.048226947637677722
0.20444511686539438
0.31482469448330291
0.462814160348688
-0.15506550240580566
-0.02765614968912828
0.027908432824960021
-0.10376886334880182
0.13022829623600429
0.1974274308476526
0.57707834111304579
0.26763406148362801
0.12568321355988551
0.24702864495226817
0.40281012453578496
0.25447943780743904
-0.10575267645382366
0.38013856826029979
0.24539420423885366
0.16769586124662011
-0.18048543059297906
0.41435663578365961
0.10080120707760905
0.36684225240910995
0.51512837086210783
0.19275962645728198
0.20494863223898138
0.24232766381736665
0.46848020039008131
0.13420990129210808
0.29284093123047189
0.14399237730930234
0.2915766657286587
0.3327262619419426
0.28573532443613198
0.2133424303742609
0.50157192377152571
0.24772603413200511
-0.057032988095624557
0.10481631068860983
0.14670277909630527
0.31212874861781281
0.43563650859107611
0.3328722776128008
0.17354939773036121
0.10361717595735574
0.3124591084814019
0.48694934451694227
-0.062898650140381471
0.58557155311084574
-0.005029660518793189
0.33602870627977238
0.38372323700611966
0.34569060024925186
0.4531563516095829
0.35229276062585552
0.036008803737387102
0.34128940272944835
0.30452413009245877
0.48305906595104187
0.33747537963528973
0.18184161163722995
0.26991278187817119
0.16816125259806833
0.26664444564813111
0.39244251173996147
0.32969184367561938
0.51212379426194021
0.38268439814988664
0.22348748803384264
0.43632455812847021
0.43929155231018252
0.10525304224202391
0.42125681261263831
-0.053263945317940119
0.24515968840191527
0.28359992793053318
0.051052753775328134
0.49326295360809896
0.21953776711174658
0.16298398641530967
0.42011354909150722
0.3034849915056318
0.24775931249946129
0.1080434633278369
0.37442869472800894
0.70053207412019169
0.24349954116922642
0.084691509920479635
0.26173183106558512
0.24393015400366991
0.3018580924515103
0.51335928117934648
0.18272290719596479
0.54634727977093123
0.17171234522036991
0.52808820151727243
0.57589455832220426
0.41725003526947979
0.38906355842855339
0.34478905912759844
0.3472709365401932
0.3701525505125145
0.33890644944827752
0.22184950823584074
0.36854463968753609
0.29942062949569015
0.36858855158374432
0.33424731982678663
0.16470620208278783
0.31561749164738656
0.42476820990895608
0.020035537821012816
0.45032628237464362
-0.06358764284637386
0.0077121235810709053
0.48350213267978664
-0.050790346651228779
0.29272789893708195
0.52035924058302485
0.43305941131297288
0.66323684069754341
0.67916207416603491
0.48101704869619782
0.32425906478881494
0.62705918074265976
0.57565561371095453
0.54988441709933977
0.2095564214627669
0.18478592815699579
0.28184143392085026
0.25788118435994334
0.3848476004583366
0.27719757076662976
0.23281675654871989
0.4946885879982334
0.18814429295982404
0.38438775891741522
0.28775220738924678
0.62332975375721922
0.18904160919160415
0.32966410680222996
0.36118517457348104
0.3539469439652192
0.2653011360959478
-0.054555530420419926
0.42501589654531557
0.46492598217979375
0.21190103957735512
0.052944035686686611
0.3044153303423589
0.43188290264980728
0.48752244518754201
0.43206917339508238
0.54278352738577929
0.53455935111125297
0.15039305408103418
0.29838098022632592
0.11796772386717165
0.39886037766105559
0.29702566611678693
0.67896689552309408
0.44642740733353392
0.67324328708846348
0.41062635630808125
0.54105136108950302
0.29002659179555629
0.13296968253063687
0.70230064031435846
0.73223437666903801
0.38522885774755211
0.58424140615311948
0.37598198963947754
0.54713868557163281
0.20193933012298651
0.66088652539122628
0.89069440409126777
0.63236141182818051
0.62845239907521344
0.33137414909835877
0.47459470614674493
0.55053389200420932
0.40788862103298773
0.53109134685044468
0.61602723731271491
0.64533071691164001
0.57189334567739958
0.56020027544886697
0.6221923955866886
0.332512362961284
0.54906751669334497
0.63323398966402966
0.21272415985094795
0.49776309546959069
0.91281112002514642
0.66319481680063885
0.55675685479718906
0.77595903408277922
0.57439655064677975
0.70412230993675173
0.49899724756552977
0.40716346457995395
0.67078257891888105
0.85707239073556485
0.46084934017734824
0.82014422413121413
0.60576419894776456
0.64033442245580552
0.56815582262013042
0.67402585631226342
0.74164339936584422
0.54317693236223052
0.68351499015417505
0.55078478866589375
0.45352122402321843
0.54918572029267987
0.52006004950382989
0.59958975617430166
0.57806451572998097
0.53017611218803096
0.61559126396414687
0.83374603165382122
0.541314132315178
0.6885228484873005
0.52075694459788802
0.52725531621517996
0.47915795147947637
0.80666789909233216
0.61095295363678415
0.62032456805683611
0.71445195579729703
0.63936846537441827
0.21078017619573514
0.7764572810107091
0.81127585322523255
0.62705380406710243
1.0031688023336995
0.45141356280174383
0.65162066569902122
0.57127436555852851
0.67409199568866485
0.56109514997754206
0.56713687402293067
0.45681882133610791
0.77416497349161084
0.799616687379751
0.53815911226721636
0.86948015649581134
0.58927572877317413
0.79556705043127174
0.64974121040320232
0.63640458920429843
0.63247054250330714
0.60492242101462412
0.79935519349017714
0.97225103674283275
0.63518845264749546
0.60132107324267692
0.54330397729255331
0.71271539523688276
0.80876105838148427
0.80674071581813367
0.60723511606511726
0.57573094257184232
0.33014856679190324
0.90563264743898575
0.41613429459159906
0.6575459890389086
0.76644996937852317
1.121369941491233
0.70434036241477227
0.73672095965901685
0.91430993734507426
0.65588652460733288
0.77459055330127635
0.69701121645516639
0.84541683379271459
0.80164173832851471
0.26150719591947813
0.39469886724195807
0.75558572373189992
0.93069322415642286
0.80469615685473139
0.70278320187020604
0.55177267015969123
0.86737830782013803
0.5431243355575136
1.0458136372760374
0.37920248078991142
0.88362251138546255
0.8328054929021752
0.70422078673162536
0.58327169191659967
0.65885811402959527
0.37924757603455334
0.64881219969257953
0.92047712047560415
0.69218098022922858
0.4866754205603292
0.79122560726719171
1.0759556860463839
0.78710367081888255
0.6017351651369266
0.64305295892403247
0.50943684991708582
0.7760175113387241
0.7865503111790132
0.83675450077522373
0.83769702448810512
0.7599063347915006
0.32425570558659061
0.8143315466796337
1.0646254172916316
0.55677595445627404
0.67897374234987729
0.91086231947706975
0.40520132116264035
0.9330720077165241
0.60691938329070227
0.69646699225457964
0.80231700451690524
1.0468397512359815
1.128217594438881
0.81824682179011909
0.78172437980860821
0.93197614635699066
0.75730528837946753
1.1562511967592004
0.73832770234985945
0.76211142401531373
0.92816408893987035
0.85418481797039947
0.28222745567302915
0.73330473295142606
0.85729680262470576
0.60348791567906246
0.86676989295535545
0.63012545186685331
1.0042295074151217
0.95504719658020654
0.7701481150352244
0.64923737718364516
0.62118534156115135
1.07983630503543
1.0204669981790768
0.91512096934962983
0.73473503270816198
0.56329650574997958
1.0604206385780193
0.74905474947494322
0.9532546803163896
0.93387670064922068
0.58321495763610709
1.0434773411439933
0.98954346120403092
0.82254066080790722
0.82411788042490797
0.67125756975622131
0.83126018349661113
0.91278745341571232
0.86303603431918419
0.99162743421438115
0.906536142795629
0.63019093438587348
0.6399229263929167
0.56500218881000308
0.87550716949217189
0.86894094818428458
1.0486311704067772
0.70121193874905463
0.95805192211006318
1.0641431554299654
0.89983566609393673
1.0142730391204482
1.1591383863355378
0.83715016948642818
0.93665393671277197
1.2207127334851882
0.96913521684194748
0.80628204250570001
0.88200980741741963
0.74891839910209668
0.96529142079861507
0.76826485237036557
0.92562740158685231
1.021955007408605
1.0217671804497852
0.91046822294878715
0.87862518692370861
0.93120398986138253
1.0590224020687753
1.1231400207146101
0.7855371882079869
0.82200148618570612
0.43560246428564958
0.66405199962262995
0.95016059595022384
1.0557678721147186
0.6812013709082152
1.045542219155456
0.90639618945664779
1.0348681296881268
0.86302889521880255
0.80815117979532058
0.97257340379287305
1.0251717692231379
0.90393455327038796
0.79548566775058882
0.75258625762221421
1.0161664146207874
0.92594519986325818
1.1793521570792089
1.2536835548739336
0.89221949265368317
0.90420949206426238
0.73635107820300538
0.91423619722263316
0.6329762969210827
1.0465622497264349
1.1040378191241467
0.99211770721659032
1.0125950388109914
0.92744390669270793
1.25509464705748
0.88001302511958857
0.75575416070499091
1.1050818108047875
0.90363034324598335
1.0300283743767424
0.92877901946535046
0.89634378971303585
1.0757692059499404
1.0670311036918769
0.72929761130792703
