-0.89783111895673318
-0.98470268650211756
-0.85815645044664957
-1.2570566939179499
-1.1727434564202184
-1.2419002722652868
-0.91815832246464546
-0.75999978862331141
-1.1809573756653533
-1.1710711155162095
-1.0034467399499443
-0.83399960089356029
-0.95622065355076513
-0.9581606247809068
-1.168817798214498
-1.1592314380548621
-1.1521257296338048
-1.0805068972561021
-1.0360908092149932
-0.97740858679377884
-0.78605500797758898
-0.80191219942636993
-0.70572725326987529
-0.8783172262260317
-1.1192176309211836
-1.0294344843748044
-0.82719738329620118
-0.92048373110392478
-0.86968530611149675
-0.60128993930680763
-0.87519597857664255
-0.94820902292819409
-0.8187393743745045
-0.99551387267076275
-0.71050534585936187
-0.84952239436024224
-0.63418514054932362
-0.92625989826738397
-0.8553573294006741
-0.91021492685407535
-0.82803174396116752
-0.76935444940219566
-0.76793732574210583
-1.0066305562283553
-0.61427058791057942
-0.94765366901471992
-0.61437439331817267
-0.94133982086531265
-0.81908290815662288
-1.0955088359357796
-0.65996260953166985
-0.83151214979677179
-0.96810191802790635
-0.61735972982921417
-0.9951217655282012
-0.78578286739871606
-1.0488793033132258
-1.0591089673689345
-0.70946612558426381
-0.93490024726474685
-0.69648263760221762
-0.66725323897703692
-0.78916617204618589
-1.1505515760845719
-1.0169299357915385
-0.73942433342580249
-0.78725016861675179
-0.67990664486584196
-0.82710561261512316
-0.78321196617545297
-0.73879991496211805
-0.63259500837528027
-0.91574224272233895
-0.60714644799419815
-0.68138890991465129
-0.88112739773220827
-0.81788464516355353
-0.8030839864097824
-0.90649478617896828
-1.2580147254833882
-0.65033962520007704
-0.52166841397492536
-1.1572255168020278
-0.81659146201681454
-0.88928392058804806
-0.57636648870168261
-0.65555795956382368
-0.75822233187759613
-0.74094183672486724
-0.5525834422850856
-0.61784732100698014
-0.79584931904607414
-0.95781804612677124
-0.50767600146531922
-1.087277136322939
-0.91523152309583078
-0.75148784279465852
-0.95222519574720721
-1.0691441262641501
-0.76780274415955641
-0.83074162572749788
-0.82436469085079789
-0.51162189615734488
-0.91573881578542338
-0.75856202684365093
-0.69812619950422994
-1.0385882368654953
-0.76797984034814926
-0.55323401377860248
-0.5909446704207808
-1.0382351606427251
-0.7741929328591145
-0.82012002626036851
-0.71251287689588805
-0.6689927433448648
-0.58253702611954661
-0.83442361205258786
-0.91041752943856269
-0.85763011238724707
-1.000259286920395
-0.95485651549592243
-1.1749824424517075
-0.43497191380292344
-0.89867714997721748
-0.40767765889377938
-0.57398389237332426
-0.86034669254184737
-0.47071281236412182
-0.85807774545950655
-0.68266503554001901
-0.80916157737517536
-0.34856681739000966
-0.59650863729205439
-0.52789758433104572
-1.063203494576431
-1.0336229656398224
-0.68631262935606396
-0.87317167897579573
-0.98826924595960142
-0.68518218217930915
-0.90463542372679639
-0.87385969568704758
-0.88533865424860236
-0.43739173885694016
-0.8524981133611319
-0.59333097254093625
-0.70765301839527761
-0.81153691468167377
-0.78450062823997779
-0.73744095353133687
-0.96114050999996092
-0.52035370955481319
-0.73601993535489618
-0.65410806699311885
-0.95922437196684052
-0.34476403714496334
-0.70867160848027844
-0.71469296262699034
-0.67209862442194068
-0.3914698731414083
-0.4440325821063954
-0.54087393215663404
-0.70452466353738963
-0.64549756868513997
-0.67162023556465944
-0.62522295302111008
-0.58575590748423523
-0.60500159311128821
-0.70778184695612656
-0.53099300972859476
-0.41118072647083292
-0.49007490134977477
-0.70524827689039871
-0.75242550884667947
-0.89453771872082721
-0.27607094463668602
-0.98633341956441511
-0.85807594923935193
-0.41265984789972826
-0.67893265391300051
-0.56670748122256087
-0.80271758909329538
-0.6751118800425453
-0.81814262538957683
-0.91185111361346127
-0.70506735070182691
-0.52271292352550203
-0.36901563802185017
-0.6594008251196789
-0.80328940919974379
-0.30335372542394839
-0.50306514352415099
-0.58627539369189718
-0.36986493286224476
-0.64081118834060624
-0.54595689834398409
-0.60724936617364833
-0.66343283440833156
-0.92703999153814487
-0.47838452170219492
-0.54505108639640543
-0.62157429892174787
-0.41988353723557253
-0.43705266234286394
-0.39891983150838617
-0.55286337924268858
-0.79131768698026228
-0.42304225020832609
-0.99149321273590785
-0.55217267890663235
-0.63890706959991261
-0.39942893243488464
-0.53012693831543134
-0.58791179716512243
-0.67161402689557681
-0.70582159648225751
-0.42894219902664182
-0.89050340513917969
-0.74256602903840185
-0.19805285365079833
-0.55446482568426614
-0.82415901324328744
-0.47125283247510147
-0.84246118249350577
-0.50333453369191905
-0.82774113743867095
-0.91423562767292621
-0.44188418195372559
-1.0037383389295487
-0.34075727032495101
-0.51669853339880234
-0.71203965505151368
-0.21243246095813451
-0.56756366053293972
-0.88465137143804617
-0.87433361320743896
-0.57268747722474644
-0.59503121944439341
-0.38891517784566415
-0.35749831886974803
-0.61380695097908855
-0.50863422796355418
-0.3970348500849748
-0.54244202128189112
-0.562572876303433
-0.23210013688788905
-0.6596833936087988
-0.19343869676804329
-0.48705301321522854
-0.11275495575406361
-0.20390073690860169
-0.38034740006519624
-0.74524218725405578
-0.89561125278113674
-0.70359319986516666
-0.23480184838850268
-0.61321569060167069
-0.56635038243911306
-0.26839547848521544
-0.40771006902065138
-0.74554312475314011
-0.51639182373427595
-0.53166544426100659
-0.28630914029224624
-0.80182632731452652
-0.34849914654473474
-0.45610809754262999
-0.46927536247404122
-0.42198262146310522
-0.46155908122536354
-0.44459450935513534
-0.34453816326118436
-0.21164785827555574
-0.48487365385730968
-0.26646872244209119
-0.25828282902660843
-0.6340921101827065
-0.4233929051721485
-0.47696236212719983
-0.6398396915862723
-0.64834351914304367
-0.5635551117193679
-0.082543851265898291
-0.26473691273605521
-0.53692334525887853
-0.59350116685476739
-0.12343343631289512
-0.48299424306729027
-0.4995645799919684
-0.28386955223952282
-0.62692024849867045
-0.40907365902641868
-0.15397255663909371
-0.35134589947550587
-0.52320974843044465
-0.36377800273116934
-0.57448871154508196
-0.30705733552739423
-0.25130148293269622
-0.66579625137950271
-0.53942112983966362
-0.057536008673790953
-0.4987178529846637
-0.091180255679124106
-0.47184662926745563
-0.55824346878146014
-0.25115251253091592
-0.52989071526235521
-0.36752384633675145
-0.24265977540367956
-0.1550422840578044
-0.40222398199469739
-0.63236825034239386
-0.65089828840584574
-0.4229900196428546
0.0096754429761336923
-0.056430930986222726
-0.10613104843708837
-0.6512080701076487
-0.43036715164615558
-0.68516582018044558
-0.1567605519883441
-0.57513676326517482
-0.16452668939515344
-0.22630799692904532
-0.3675243247316049
-0.48270621782372297
-0.48611986135353624
-0.039960451233200023
-0.40275802848399095
-0.32067339416398194
-0.40401378405823896
-0.20453353855382006
-0.41888735274499828
-0.29189486840013906
-0.65146874540939137
-0.39073324852218738
-0.0035930863542465116
-0.1554095990141495
-0.43560751398177155
-0.067249492837899938
-0.26660864413386737
0.047575688919083287
-0.066776053134416952
-0.33779097137936065
-0.60330036521789154
-0.3283578530715876
-0.13811564657695111
-0.4632681360218045
-0.24762863295574397
-0.52463093203678168
-0.39698027920200052
-0.60206584604083424
-0.40829367005169753
-0.019142496013307607
-0.30930693353520877
-0.24494558508167016
-0.21509261369246013
-0.3607572551496222
-0.22305275099246799
-0.21221097111478043
-0.049471474695959021
-0.47608667903463653
-0.52102832856274384
-0.21037778786430106
-0.29335383104099838
-0.47920463344045139
-0.60772413060321595
-0.077188337511144456
-0.27042242967622315
-0.12093647913811599
-0.39274331317169892
-0.19853891599551632
-0.16071814563083139
-0.275457792167417
-0.27063633105409102
-0.33194083179635958
-0.064231698875664545
-0.52438661496690919
-0.43206458352489485
-0.33588129156950713
-0.38538867374202224
-0.50731284269887433
-0.3195429234174364
-0.35076591802569956
-0.27057874338862059
-0.33466048877392157
-0.18574699591972224
-0.55482958565462182
-0.46724301896000026
0.1896197404611529
-0.075109883612333186
0.047202485633506659
-0.35462808779883087
-0.008193200815172122
-0.20616418505907141
-0.21853355993134074
-0.11442349275977778
-0.2566973894189421
-0.37236857072536905
-0.15318978283014456
-0.16594382645598477
-0.073552963857535125
-0.35741711232450363
-0.2303581725855087
0.19252692589872758
-0.32276085192414833
-0.07725376879268199
-0.46366444905991988
0.1519908188398591
-0.13784327519406159
-0.42792871779128083
-0.099009780433194111
-0.014662915313942676
-0.022708176648792544
-0.12619154937451962
-0.18555307851360686
-0.14010643297523245
-0.28959331906942254
-0.14661460979194091
-0.30212006093312821
0.20516066885824663
-0.19902062307387106
-0.17130575588930005
-0.035735816587749054
0.21360532615977498
-0.091113954779570391
-0.31636140653245981
-0.17834322400086747
0.036230936508075504
-0.41208436105994084
-0.59218524360600577
-0.11331253228351885
0.15230030661481858
-0.53246439839034143
-0.25193381560681899
-0.23746218521164228
-0.092243493634880477
-0.34049956095329831
-0.32344659364787842
-0.29020809803745906
-0.29800671567951104
-0.21963885479782536
0.02184654992412444
0.11668024846850483
-0.34395323981320258
-0.051488711741915411
-0.25616053027310592
0.03427881867306605
-0.25835957708628515
-0.2545211295477236
-0.19862585087951751
-0.262716950757444
0.44060756131821299
-0.17783264444017838
-0.29852485935870132
0.0079468330247543482
-0.21220841482472236
0.12083338338432835
0.050336914894495224
-0.032295322909705347
-0.15894823777977612
-0.085178001000465423
0.089909713743352396
-0.20835477572458425
-0.054583788495207869
-0.25677429474246249
0.21105556601413078
-0.050432536089675663
-0.17590912628682262
-0.094562418809940055
0.029827134826701962
-0.064491347880437186
0.044007915401156762
-0.21160523820661309
-0.26164075231939421
-0.28663816492045679
-0.57802242533499937
0.11616777488492866
-0.081100000047641091
-0.16363997813999423
-0.094892581254571756
-0.16585656059583398
-0.090859067227094803
-0.14563529582612098
-0.14373183756506014
0.12455389199486895
-0.0053320945015808687
-0.35111387939577299
-0.52655085399844082
-0.038119419558383903
-0.28783598046582132
-0.26119403143703346
-0.023432983151652615
-0.031762929283218687
0.10882137581624594
-0.097370167539648458
-0.3889801085023416
0.10655652483780387
-0.39771992204189321
0.18324449354855019
-0.31963164987943882
-0.075041469340353287
-0.1924226494972697
-0.29382550728957918
0.14802988849722135
0.078616907963041341
0.045725931071539508
0.16380250991416254
0.083855134321320635
-0.071735195406291169
0.11564274763811344
0.17428162870504488
0.045332274836015582
-0.14417506693187299
0.17196246947784627
0.28259940798236999
0.3528429079714252
-0.022242328294621503
0.022385523936183947
-0.12378620907459499
0.2450104086915649
-0.00062262858797096767
0.17237635382367542
-0.13040437086549347
-0.050525359999295583
0.22777667070933191
0.48028301440143967
-0.12035957933116388
-0.0066293930062238235
-0.067547777067009457
0.27513038677295332
0.22972724068038691
0.116888653405197
0.012457766503736782
0.15942761199013547
-0.095751500747215348
0.10925122706549609
0.025492644397256462
-0.0732106276792205
0.025119368644018456
0.30157426506139901
0.020026159011883607
0.1732448626464517
0.19501865721052422
-0.044622903730822908
0.32591648066452544
0.039420472286027561
0.20788707517489638
0.12059670804940185
-0.038282559137632489
0.13784676997595394
0.4284525394768014
0.065554523277914042
0.18533609672263013
-0.090885758875416306
0.036753643018931324
0.15626669933384191
-0.028623075811620741
0.11718503352490241
0.27279460635535668
0.08913133925245495
0.070046273208548893
-0.021827490537549572
0.44678642244225564
0.091168045053309235
0.14750087925776537
0.37748966735058209
0.062292190261182011
0.23242579012953182
0.26966276415624701
0.30543458276687546
0.17607116592828026
0.1174508370985511
0.34052515303409475
0.022480830756221228
0.16619413777285169
0.090532554624681558
0.25696780332551139
0.24454221112697785
0.11475012876027917
0.14831965334570385
-0.023755497153212443
0.070918875742449511
0.34921820016722471
0.41904153912455594
0.043550739521345284
0.02855031069797254
0.49969875759126975
0.34346300610501684
0.53094885859489771
0.47128257355305869
0.21283474838752153
0.36525398840902401
0.080986058247951312
0.28562359060236808
0.21535163905124624
0.33875507917687514
0.059570377027454456
0.10114784867268556
0.28072557081885369
0.15287249979518067
0.14516574741488997
0.19116995263774461
-0.0054196173666875395
0.28715475123417306
0.14902633240920191
0.61229654866675509
0.2465437371981965
0.27170959969725
0.35316272565735451
-0.075456377655959334
0.024250604357509701
0.20527905485808684
0.1311640902822965
0.31589549678052664
0.41109636837867086
0.3237992321660515
-0.030039376006330037
0.11063203764297258
-0.06502631991477785
0.23368484016325294
0.082945794650498533
0.19269202007131658
0.082794665362201925
0.25295460195618247
0.051899009070564016
0.66646719031807722
0.63861628499851986
0.093359542268040954
0.079914513527987827
0.36104811735275399
0.21126080387432622
0.28770444267547968
0.59783286514359257
0.39358236809413982
0.29845036062085739
0.20924731606210267
0.49914311081631058
0.39122336875305025
0.39815070828033017
0.40221185199226062
0.68043862780011255
0.49855949199788008
-0.12050764094703019
0.13139396286929741
0.28833149055222013
0.076785901756669148
-0.073126855588342629
0.15381869075830884
0.51028308013139589
0.3002902213085249
-0.098198642723897306
0.25179608947197696
0.27413014836135285
0.060965123256381121
0.33096310658028594
0.25161381750329143
0.3112120848576736
0.25110694201166694
0.43910139054342634
0.34909813208939577
0.37413586791222869
0.31279983843786097
0.34036814316116981
0.56146679783703046
0.095374426586051483
0.073712827456566002
0.19394258220732177
0.55407405550735411
0.48794490522664996
0.44696037017658596
-0.1420194061477692
0.31018708177214921
0.55912181072639333
0.2258581959412925
0.32553895390655302
0.50604888549046434
0.33372732892907575
0.42219055656999033
0.51625189407297101
0.42027625379740818
0.45410728725945321
0.22803588444435655
0.40495090194501432
0.46485782569494399
0.26330708462872415
0.026180494780116192
0.23398890187942831
0.094808871363983402
0.57949157330802037
0.5546186136959681
0.025121464302008786
0.21716020731117971
0.44340334401325515
0.41517979880145284
0.38169099703917464
0.58638572561687841
0.27985018262912109
0.23577118066571501
0.35871647901923576
0.11269111551263128
0.78596537630649699
0.11785208997664549
0.58833855533725798
0.34231108151856443
0.14272387143855206
0.27744739156749226
0.098104488875759815
0.49839929704964381
0.43358157443043721
0.35286792732411298
0.41485632371164399
0.36432397343246409
0.50321658102232225
0.24162700243531859
0.38689339156224684
0.21933397612756608
0.14540991351511709
0.043896964296250326
0.49837303468660349
0.61685812840114285
0.53216900626853814
0.49992506746040771
0.39283408391270119
0.23019762078020584
0.410391223791507
0.34444339933429596
0.26374469099168613
0.34395179779587759
0.70974659223111813
0.56264798652445636
0.67137367785476521
0.36125545974413337
0.55356303190530887
0.52337293233347038
0.4819766724177838
0.58081251407123102
0.24874979988068527
0.82697154387767713
0.42465472212157429
0.57734127718832107
0.67712302602105989
0.37121663003377098
0.67757826682017863
0.63702951098547678
0.64310528555293012
0.66640788015231722
0.35313621656814548
0.32536249334545519
0.5862328676696994
0.58342559577879494
0.68461443770175123
0.59360556025654276
0.081095034904103386
0.7701744856170385
0.66826317785479006
0.8868130484324882
0.52036988812105911
0.26302267162529203
0.62733010784364984
0.51248671587325256
0.59081061061742246
0.82820634869836596
0.878340175171332
0.39792165487368752
0.27041710139883596
0.35900080473082563
0.15645116497468084
0.2986505077346629
0.5057365985064004
0.65205158054337276
0.22756587809693885
0.74657236710123875
0.41215621234709271
0.49632968898203922
0.93653345092105578
0.71127774661107268
0.68401501337696358
0.22162190815422933
0.62183778326744699
0.48825392794763528
0.3939644326726181
0.64807555776784465
0.09914601873854309
0.63276945927936645
0.54225665643622722
0.36778178488467278
0.52782506090367254
0.081490956066897088
0.5438729126037759
0.65635108982145174
0.38331323305915993
0.55980216829143681
0.75560894657845556
0.30849334415154095
0.40748761501070907
0.53306287673795272
0.51883165295525946
0.55405281042206989
0.33526035850756275
0.7708150348105467
0.72432121021764051
0.30480838296026569
0.49159168290585015
0.67208638201924298
0.74561094673963191
0.63338870385379942
0.96955411996804985
0.81301821380689032
1.0923294012196776
0.28369018231691207
0.62290632340761387
0.74714900425946706
0.93112695994144568
0.99956335042099143
0.55360197343289308
0.3553806033499986
1.0848308336132211
0.52551282801689669
0.53063171889879512
0.65345406830380137
0.58102429061491778
1.116064563480986
0.65202142966787979
0.84310941040159626
0.55728626614126542
0.95515342660806279
0.62683909546338201
0.64210739064367084
0.59775309234450102
0.67974968818447934
0.64322541537375
0.38408063469761283
0.59140387353346768
0.80813475577328509
0.52319437146191583
0.36319185068509119
0.74136581137821145
0.49505320995667579
0.5998130268363796
0.61994665390271775
0.556710178367676
0.48733066051861151
0.57600486659191363
0.37898684493594492
0.78195328862561941
0.6688238694676073
0.56337242211808769
0.79130083157403874
0.93515771415412119
0.55260062229487517
0.70063464117416696
0.35570087609572415
0.66370940459879912
0.77234031304592821
0.7408662588647652
0.85732168024535416
0.88057099988461829
0.56444518956155532
0.75088891388597956
0.73310499902583226
0.77507496641287155
0.78082408304866968
0.71971952449955245
0.69615214763465072
0.63881897296748047
0.85055588854978303
1.0165802085463695
0.70917892069553834
0.63408816473243446
0.57834477600617029
1.0536713169372793
0.70728414756516955
0.72512905996445531
0.8168158662499706
0.91671006629962926
0.80647895465336472
0.93474583903431341
0.51100546366918309
0.53269922728875774
0.73149989676898108
0.90751142245984229
0.8898427611119204
0.64556390220732363
0.8869653407764001
0.60023325803098471
0.78958077513032698
0.81919683573400381
1.1783949586108853
0.65477537822585763
0.81388060051151867
0.66070531647745345
1.0297892701060207
0.35950766325548406
0.91997003394829591
0.97291420691864949
1.2427801579095328
0.77057899484004755
0.96047488844021744
0.67230138580616938
0.85818837153557148
0.91143658260959448
0.64915963998232862
0.84120480147479004
0.8969263188529869
0.72573719255577485
0.61670576951264555
0.61680859766818219
1.0689726620612845
0.84710231328292829
0.70656847295466108
1.0131677595512414
0.64792776097994675
0.83083430366588906
1.0092060342014124
0.91373673289072255
0.98767980097582253
1.0803208984592196
0.83701717962548894
0.76792502315821576
0.67830068755128314
0.73049186579193015
0.50945542615404871
1.1774127942969037
0.64267739154095238
0.88584477017062579
1.1432139717561995
0.81998545116462174
0.59139879733986012
0.66755611014096428
1.1190949037877418
0.75112871484004851
0.93521742419774101
0.88674642459648068
0.52212592689090753
0.64238059268494496
0.88406431346802694
0.82760012274609418
1.0966489145400788
0.88875009687324114
0.77901701712472282
0.80783285351969913
0.65919794412001576
0.78237741173258779
0.85744398002811018
0.74483389271203981
0.69200416022643108
0.95641488366220107
0.72651902541730595
1.0005538387693858
0.79969028848413615
0.72580110289814304
0.87009103228171547
0.82544856103917152
1.0777745391340865
0.77183448958774159
0.9213992089336871
0.95347872308554515
0.79254306403747821
0.95276051998026967
0.83753270920616707
0.94318111435686636
1.0308130724415889
0.39578439775404994
0.84839657494632159
0.7924300684239769
0.81347174642193276
0.91725887247575488
1.1115131544457022
1.1308374384609543
0.89092512579325878
0.67855417972415411
0.82729583041324828
0.97869392509054987
0.77924684373623465
0.91777347497596418
1.1369293367985924
0.95662005432485486
1.2666994396894451
1.1140139202898869
0.67536090481651734
0.59939416789177569
1.0704574027770868
0.83504435125454435
0.74247025964130864
0.39396099398137635
0.85081518516541099
0.89251955592131371
1.2405052896830808
0.81914106642457374
1.1302663401929975
0.96998261086233295
1.145944906913251
1.0764025993613091
0.95843544033370054
0.84447274577143572
1.2252016455490613
0.91073197467155009
1.0495688528458522
