-0.76919966085986891
-0.77793878178818499
-1.1057430511660349
-0.7658882581211468
-1.209221068443292
-1.0473264791202859
-0.75725527364520406
-1.1128730124172268
-0.93474794839676834
-1.1170605685756618
-0.96974688558210498
-1.2228300590223593
-1.0000452953195007
-1.188834564125876
-0.7476786688925392
-1.0386610176695459
-0.92983731449044549
-0.89312727752686794
-0.85616533506829362
-0.74150153366501148
-0.9505992261706363
-1.107349163956058
-0.95516433804285272
-0.81618235950272222
-0.6980982108163567
-1.140207297521697
-0.61178953741366837
-1.0495643591085448
-1.0157680926150758
-0.86688085664180248
-1.2572092003624789
-0.56019022965735188
-0.91515145492768002
-0.9643614494743411
-0.99928216667936332
-0.91508116386204452
-1.111337785003935
-0.86184157779841319
-1.2285980142457644
-1.2123485281748094
-1.0345596403408401
-0.87417403459201348
-0.81677677198165255
-0.87328182228975448
-0.98794675239215402
-1.0565115257114674
-1.0557889821775772
-0.61110839971144049
-0.8660536702651509
-1.1866312034500937
-1.1280724262575526
-0.59244992538805308
-0.73500539727765857
-0.93179491991765984
-0.68348816137184587
-0.74678964744274778
-1.2533820750150551
-0.72030485885809803
-0.90510763995280263
-1.0059042297674521
-0.91576351154104341
-0.93492130849587418
-0.84615808824581562
-0.72439929821723714
-0.81414174248583826
-1.0896698892773815
-0.8398287109273942
-1.0240787399701108
-0.63997510360105125
-0.67751491318379264
-0.79375204616288531
-0.63247414675139024
-0.55693781370827955
-0.8525668268072818
-1.0098083214923863
-0.83305847400172672
-0.51267829928869746
-0.7912740544618736
-1.1430369007904257
-0.66687399115743196
-0.79070920736198047
-0.81615824113163915
-1.0500071740136196
-0.82026492566298204
-0.41912100833699856
-1.0401509120618855
-1.0328795825793573
-1.0065711039191154
-0.7540405372723088
-0.72484728367247553
-0.73963412455898769
-0.65557319617804277
-0.98664421093163246
-0.57130579074230592
-0.34243215735625487
-0.83975344387979023
-0.9229744779351573
-0.6627299825708346
-0.71027646969481695
-1.0533439630750072
-0.73101397340829177
-0.7579537063724997
-0.92761887518917729
-0.80864002358866804
-1.0089840195683002
-0.74035331506738133
-0.70714083184940435
-0.87523329870458066
-0.78211829702007929
-0.72963889401711857
-0.70431713958548703
-0.72504586255159753
-0.64289676414677432
-0.66764542446224884
-0.83484374174797982
-0.83601570433203454
-1.1247389223501201
-0.48431278631753483
-0.5022297681094644
-0.84807333602365365
-0.83552278104031097
-0.87891996561687058
-1.0825241347318282
-0.63498812896393264
-1.0981383980444799
-0.84381774269169951
-0.91893299265623551
-0.58552283707584551
-0.56923974132977695
-0.62830526187695135
-0.70924378929936904
-1.2212077617447552
-0.77903865644917625
-0.56034536660973244
-0.86972321792062401
-0.83773195470356732
-0.91944532203047569
-0.90164465881945921
-1.2096123955151139
-0.42643270522656668
-0.54989691716118394
-0.67301682477899138
-0.69725918513990892
-0.67190552408544202
-0.71397967904134463
-0.93734387368656547
-0.91905426910213484
-0.8729639305317709
-0.31714515188878883
-0.44689392469587003
-0.36604190966138689
-0.48804546987183606
-0.84704026886420491
-0.8670162187398881
-0.80737961281814785
-0.64095111362928092
-0.82943068283735755
-0.714185327962232
-0.63412122854421715
-0.52585314297190988
-0.62159409090626327
-0.88738959520910876
-0.60241267514041741
-0.89202674504044632
-0.75201131028100854
-0.51013625114327332
-0.52212932155521663
-0.90939454824458177
-0.66296925818413577
-0.38492402317913044
-0.71638426794563581
-0.74515772957165127
-0.73124518737087119
-0.57433408158380495
-0.48218160679449745
-0.62201434673457889
-0.88942291813370811
-0.60374697604976335
-0.93350885496015401
-0.10665302842200748
-0.56526008271879624
-0.83419731833096733
-0.14663633319202826
-0.82190093567367528
-0.82350712133114445
-0.84159193389908016
-0.43947376830462742
-0.60755708617941295
-0.23742269151744252
-0.65291550045819025
-0.7068331861890198
-0.2797497857342563
-0.41722366704346797
-0.56929761368536091
-0.88349875296729841
-0.40261219390170411
-0.78727687669443824
-0.6040887839502822
-0.31397477629866111
-0.65797788483208841
-0.84264333192849228
-0.90050767137165544
-0.47085983395472342
-0.46544001084451736
-0.83873805165886295
-0.72082202690745056
-0.26126832519708842
-0.56678899149912076
-0.77815001028725039
-0.62459126458761116
-0.61423822493503488
-0.55720004868909867
-0.40766913880189354
0.020208650599828383
-0.43202566619732907
-0.44959647684648646
-0.2650055433611212
-0.58786422165028018
-0.29470602522030148
-0.67744552713591433
-0.33277034150156509
-0.5157630353078726
-0.64474222516608015
-0.46896379509088504
-0.4931982562706429
-0.62113063551717862
-0.33270889320577524
-0.77564903122458551
-0.55267581816952216
-0.33670880390937402
-0.74525855869785074
-1.0010053157577949
-0.55786034231863002
-0.40834620722538467
-0.65234862654968462
-0.53420037803767217
-0.58826769547986257
-0.74763077243345877
-0.43771023864599473
-0.49708557753173754
-0.7961799431397566
-0.32052036061055744
-0.32326268844595113
-0.2365201287144145
-0.81118568515796641
-0.53575758017746555
-0.23346527693028363
-0.3661443894958103
-0.76856872118059461
-0.57121071815640834
-0.3051476102371844
-0.40618942288111676
0.057929021743561161
-0.25441577987571778
-0.013692075480579586
-0.5033167950194245
-0.73519207083820004
-0.17643388512277536
-0.18406850376988751
-0.43434180265231181
-0.18137167967908635
-0.27236727872361549
-0.57731216564899701
-0.51468275455282997
-0.28476788319670121
-0.40255694082427046
-0.41711999153887186
-0.90535742929147067
-0.85019400381737065
-0.68181630765301893
-0.1470008434215056
-1.056457040189219
-0.12381892448803249
-0.43747352332615203
-0.49376489149738639
-0.34534610892138579
-0.52716813950830022
-0.41501917494415763
-0.22336142388091926
-0.42505069629534098
-0.58480015950775921
-0.29241859162770772
-0.33208354788328642
-0.37408515327401026
-0.46430933717357298
-0.43203204391611399
-0.64157927889599065
-0.36268951009602646
-0.32174859618089041
-0.010939298704396595
-0.45782450047710532
-0.57999363148986516
-0.65048299366954865
-0.19943217044917674
-0.083684117963459273
-0.54282445602270279
-0.30662300557939814
-0.38750054830379077
-0.57093054848926095
-0.52738156168949091
-0.32462402394040268
-0.55298252651697566
-0.36941690022718499
-0.5305329074826115
-0.14021136128936909
-0.27839354575310471
-0.74197180582034883
-0.54354649500048435
-0.3842835132352137
-0.33542274143598971
-0.74420752402132218
-0.67815161442950167
-0.011103449083943388
-0.4218388850015099
-0.10764821076330465
-0.35812627978217454
-0.17228247112122341
-0.46313145768463776
-0.38720922599349133
-0.3076101250570058
-0.099992540628739399
-0.16794270635623518
-0.072380365762206383
-0.033349261003753891
-0.39513265253394847
-0.36931904204672317
-0.29887935835558838
-0.24758851213808497
-0.59555008683279298
-0.78316825381146726
-0.3813403061207879
-0.25783425060139531
-0.42721622347061938
-0.27749572961556435
-0.39632131314361385
-0.1909028107912249
-0.31606038970417477
-0.32143296897231516
-0.52350950731400503
-0.53517544454291155
-0.44485102834327561
-0.69859309844860806
-0.255766981713546
-0.57449113364094118
-0.45998533551008708
-0.60594787135388306
-0.51392451672694128
-0.24154663001974119
-0.14722019817300883
-0.37194998898272769
-0.69817246022450252
-0.34085848019653064
-0.24384794446232608
-0.15620715785905823
-0.11912546127631833
-0.33451362927952472
-0.090656604398056506
-0.42641704951957876
-0.2894633778838504
-0.38422362124901732
-0.33915292344654208
-0.3634471710800839
0.031476554037573136
-0.2562217268240059
-0.5249738574932955
-0.23735904737721561
-0.31439957479025243
-0.43243138944841214
-0.19637450324980091
-0.49174936571346306
-0.41905696363831002
-0.22175673663768841
-0.18378567472477775
-0.10932581890901591
-0.22731164647057936
-0.23575779945542624
-0.19758050845430214
-0.16917999819090512
-0.25855569388497651
-0.15541899619435387
-0.019753510072354381
-0.5945750352678425
-0.29573397777622812
-0.12358035827271321
-0.24003505289383933
-0.086208207074241289
-0.23967287221386546
0.020593246039802698
-0.21369775495935833
-0.41965874753210408
0.016642792741317129
-0.15086774819691942
-0.39525208024310649
-0.24272526779959386
-0.10836957771179052
-0.21170419793030273
-0.17246268435269743
-0.20841863069432642
-0.30014816625963076
0.029218123071125146
-0.22695050086316951
0.017972784024855252
-0.25791294776065954
-0.15202402113421237
-0.16537760934048815
-0.41389177280431616
-0.14468223512601777
-0.049894896465068457
0.026974701752431138
-0.061866239532937128
0.054151161927530229
-0.24683497458615661
-0.055008514110175988
-0.011491951410707727
-0.48236163060219528
0.0012245607579616296
-0.3521370282790855
-0.30443254759618454
-0.0093981153984401197
-0.21997503353705575
-0.28309023790873999
0.063924072044033206
-0.40426147303611426
0.32039087603283856
0.072650838688799027
-0.15224621040215933
0.036873373805633401
-0.19048449071860285
0.081792449725877736
-0.052785277748673698
-0.077195450992132222
-0.67033285284988708
0.039246676702921396
0.08067586649030023
-0.32911466533398231
-0.48261108557020005
-0.19685709618065389
-0.45854877663403232
-0.17633074789807579
-0.2575034264727446
-0.43488305928275278
0.16133062899943543
-0.021222094961498766
-0.16595744985144062
0.26136891403069162
-0.17051212811190297
0.068056031077568788
0.066667655958900882
0.031187565938733772
0.049025960057244369
0.15147449818641825
-0.095623593887587954
-0.17279542802785888
-0.081564815310805339
0.26733187843788059
-0.10997834661819347
0.11565896085391203
0.15626851151154583
-0.098258327146039368
-0.014495265522123379
0.11938254967552699
-0.28517542152080849
-0.17363861290602084
-0.10956004454025958
-0.23703183445743731
-0.32029118170639165
-0.37302260768249834
0.16318637590699309
-0.072665964768531113
0.11970929238552756
0.15968886015015318
-0.15084097580919592
0.28841791181936866
-0.13426067742555203
-0.23410910874484406
-0.048142372744574204
0.28457128087590128
0.09482647034921958
-0.32935831773429852
0.042220331346992414
-0.038663367893023798
0.15063772923373731
-0.2336512947360472
0.133197995474924
-0.19142585610009474
-0.0685304941873697
-0.20141394070711269
-0.04300456925099716
-0.39627611878233199
-0.44855576778094269
0.28114236038651924
-0.08167488525529909
0.063314969651437958
0.25189553052010627
0.05494063384621057
0.024927433854225124
0.18269292439610843
-0.22373825819137028
-0.30336794953307672
-0.38949724308190614
-0.16423975399516816
0.093927735534842113
-0.37540666420236346
-0.43941852571117951
-0.085223343704134397
-0.032563235182486924
-0.070158376829560165
0.22204360656813851
-0.21242166779679364
-0.19410384675663572
-0.22268273767865204
0.072835441240337348
0.10351593928755601
-0.10481100120662556
0.040305970492258869
0.07156181874256512
0.053769771878613669
0.081740866935008302
0.15452608340255961
-0.47934151094741256
0.077615718149526322
-0.13175423106417386
0.21940516551382869
0.099257184508828963
0.11862631685204164
0.21063415348669315
-0.26101393997028288
-0.013842049810707436
0.37347953385168781
0.04529210005861313
0.037230969732979451
0.21764457824160399
-0.22872298789212014
-0.052825953018767725
0.017969494590263396
0.1516057140510319
-0.085142641935334634
-0.086455333916177546
-0.048599529691839359
0.077735759793753773
0.28164517240441694
0.3663623377452021
0.31523457708147323
-0.14004665024366475
-0.060040173387269455
-0.24333917746324138
-0.15532125857077006
0.30796982725840399
0.11383566589677434
0.36768499452076231
-0.18495517310688653
-0.32122750466542066
0.14216463808079149
-0.0062516734850547838
0.14367871033630372
0.038199385459482392
-0.00080294041826533733
0.18512227593472041
-0.048980463956434593
0.42775948538289604
0.27617786538977684
0.049816740768729557
0.04484142024632809
0.33066780034408955
-0.073119013478927714
-0.051216373840691248
0.1306177367419443
0.099363078067868316
0.2876664512985484
0.19382394461057836
-0.022507730932642765
0.19333268553926305
0.31036620845341584
0.22562499279976084
0.0067077445579428905
0.4645618459168312
0.063623960887622288
0.16160913754197259
0.33091469784188465
0.32736927923421211
0.34287051318894757
0.29302213758416196
0.1633129075224293
0.2263617231146216
0.31383368739915168
0.18814261109907612
0.12234894793962846
0.33526565192156499
-0.044586229585599428
0.07776286144458032
0.063056773978545352
0.57643941482610717
-0.14988649446518978
0.44111444459815352
0.26161145069830793
0.35198177684385346
0.1765070885679742
0.24126896243507256
0.25129039058038655
0.18050446488549943
0.0074663057199583398
0.25719211699239763
0.046331396223814221
-0.1305135177316753
-0.068958468764142508
0.17745357243195328
0.34836490519424851
-0.085916079841975496
0.31428335817990455
0.15098877184096371
0.30880432527031976
0.067948871754632434
0.088024734966255444
0.30841984384689702
0.049984501975131081
0.11854567835109697
0.50801930501033188
0.45424165836235364
0.31409727509919044
0.093376319565468324
-0.12406551987324776
0.12397001723531334
0.35428583860109919
0.13548313204709345
0.34848312041154972
-0.043479363341054685
0.234660638149608
0.4530571379816688
0.46239006102501534
0.23470307523780817
0.24531402864526447
0.39662827827676961
0.41063745451799533
0.42087523364588808
0.049878720938828801
0.46802155298945458
0.16816667608703931
0.28874024485726285
0.05837000828116768
0.13184263235906435
0.23665913457020979
0.25344134798840351
0.6134577235746369
0.32366318388878812
0.33405261364802041
0.50511221452592192
0.21761833250727347
0.11087562269713531
0.026493747368570804
0.20015506255402529
0.42818331308583918
0.18907811166291413
0.38195640510739842
0.33629441087410444
0.48207598363262377
0.15676869059391613
0.15076547826661382
0.15400426966763103
0.012439822368768443
0.33358638551335812
0.19371042111925552
0.37118490789836128
-0.19961455650727522
0.67153849160609869
0.71942935156995336
0.20523137683215034
0.43810311127912105
0.33543947918187766
0.27019833497242457
0.29139857847798589
0.52793225240459463
0.27634186310486586
0.41144885602690234
-0.057628228473882603
0.088011617643777421
0.45375234065931158
0.36336837837191688
0.27377476022815955
0.38849710922649799
0.65803447312600472
0.40258912614344528
0.71600630362130746
0.21366534944056056
0.32103652740708399
0.50102727215625165
0.73632569299776385
0.2779049998229301
0.40117247611606383
0.34147032351185586
0.31927927888212071
0.31556395116220148
0.57952795857468231
0.1415685925156952
0.62944405944687443
0.4701211862930052
0.40951005169677701
0.58474243692121353
0.25243270411776725
0.24741161089964167
0.45935854352715305
0.5399343189735073
0.30693498335005248
0.53320757571414423
0.35462562850828488
0.5318878503003589
0.47204742031408131
0.61197265595470607
0.30385594235626429
0.55740734408179271
0.28866773105832411
0.25891976545533096
0.38628331682492689
0.15901974461621013
0.74475170893814657
0.34819459153604926
0.11813608350532802
0.66902956888171594
0.43377423249327712
0.29725235794775229
0.30988035111649637
0.56413055415501678
0.51120872638117798
0.42206165748238372
0.63295384207115801
0.62392863692012424
0.58270542337022002
0.44610395164185168
0.09400798803539212
0.29822858999845775
0.69982624146254968
0.29347371764922275
0.31823552490716484
0.49616708837702045
0.28756655918366053
0.41147539846770453
0.61039661846826598
0.22368420870104375
0.55046209495199394
0.60570490087369411
0.5727573243765075
0.5741203536523829
0.53870762467091171
0.30359782581434863
0.50372977985907919
0.65217424428044679
0.32182406371580924
0.38473868420058971
0.72926625285269664
0.46930832372808379
0.62530391520799933
0.59742336357358272
0.7813981716403906
0.75131222395805264
0.55414013579346622
0.2898005250386021
0.71085533126757328
0.37822636337643178
0.37912501873138182
0.60447033812250195
0.22526938082543529
0.42237296452395251
0.20031294384302395
0.41851196944059837
0.45240180942018077
0.482386689933201
0.38988623460726185
0.6939842251629087
0.44922410313019778
0.43034663875201112
0.39282134222924003
0.14175979387004053
0.43714775003298056
0.78398215655588555
0.75789376503274053
0.55359880533539318
0.48876220788437258
0.84038892858015002
0.86577331106515742
0.34023512825579771
0.48328639315647576
0.67969361249474269
0.31228720851400388
0.41647605834376206
1.0199476883089644
0.74979904543065845
0.8057168609918316
0.65010253463111201
0.41557309601767645
0.56719968607154714
0.46408314936601586
0.75449817898791682
0.77285093759641521
0.34426518478246154
0.67194977333066386
0.33201982791578161
0.38955007069456776
0.51431561334045528
1.048306695978277
0.7977182985625163
0.28183440335875071
0.93000228488191083
0.85941847144219163
0.70258188393177734
0.52618810870893973
0.46435164935425993
0.67464708527340256
0.65495679181617927
0.46447139724479736
0.29530669952406308
0.46244458758591434
0.89154114373088145
0.66500214932750479
0.82043593101852008
0.75635881048918918
0.6298848006043587
0.421115123823049
0.8939487379618023
0.26374199228900602
0.5878967147817119
0.46840689199275998
0.61551125953794061
0.80265179656632424
0.61458202027011688
0.82450314540809722
0.81233865719073728
1.0315464536247545
0.77807958429367829
0.6310612800832659
0.26233802304672238
0.80466006312498739
0.75870458562843035
0.65273557271508265
0.62811200999208883
0.53716504745290716
0.78832052250681584
0.68442934552137658
0.84855412580767953
0.97840658029937655
0.57170694702671021
0.65755249340583821
0.6820768008128747
0.65571473252280899
0.74159090432747143
0.67392531275053169
0.66322597132950012
0.64318508162791399
0.66949642075060478
0.655745684974952
0.53729537196221588
0.69554715104277254
0.81761914694713167
0.62039573665965164
0.52678604002844776
0.83237265396189086
0.82914653048570042
1.0144671931597562
0.6007255539858859
0.40868860294084713
0.48952167713852446
0.58230028709713377
0.60362321280659548
0.71863459458515566
0.19216920650889788
0.86256659021144289
0.59252379037773628
0.7558195793100414
0.56689930833353464
0.9936678364346504
0.78917531838831734
0.55689419593086908
0.50805018336050878
0.63481908821279176
0.63989227448271468
0.74281948539662368
0.57075161042091294
0.50440094568647376
0.87542316139599274
0.99485724502342787
0.84449319645137866
0.90616076408018587
0.54490043697739832
0.88249028802006102
0.78917510442006999
0.88179516851427298
0.75394332419023857
0.85608878426125512
0.86630862475730364
0.95726744337997094
0.65697836004123356
0.9294006661168227
0.72620757079442655
0.99433673125486177
0.40522299314290045
0.72020883715995376
0.46871373228484231
0.53001341022389747
0.80253100727881965
0.80824577632721828
1.0086214283929906
0.92927040497938862
1.0406812981649782
0.91400162801513962
0.63886261221315632
0.64845406247259496
0.66132644161218623
1.0974700158258497
0.96080489040304884
1.0362347315847316
0.4447225939310428
0.9531169172535483
0.95023689947912926
0.80360720392825158
1.0903018096364436
0.93358972243152971
0.69174479070686723
0.69568452699216454
0.89630313597552635
1.2225049084839115
0.70209790464905331
0.69817031905060878
0.75469211707009376
0.79613211869020084
0.69006177676283464
0.65364474725558463
0.88031661072407219
0.43882486910369495
0.68300359223759655
0.63688333554604104
0.9616928234483465
0.79407706902654929
0.81136755462273868
0.77971020659322998
0.46356101330736993
0.83908719960599043
1.0040714234940751
1.0200173438998938
1.1513114009355288
0.83559810794004385
1.116352920363183
0.95323225100481301
0.48854590541731902
1.004269524946265
1.0415624968024453
1.0550211929671274
0.75800582370247993
0.91585154292349802
0.93461942238949391
0.74249496517144775
0.77035439810989315
0.64849625101049657
0.80898399249059472
1.2627089062757986
0.80952902985062891
0.76703977545262847
0.72894842348266331
0.94534754192314818
0.48534653785520804
0.96580863671920025
1.4090672296374995
0.98140492858404993
0.94337707321748498
1.1764734685470029
0.9175397984828495
0.7100132752810342
0.63212876515209904
0.97333505916320728
1.1316480468581356
1.2765353645272195
0.78400469740257128
0.73178684425691987
0.68948539295396227
0.99735682238714507
0.68780433216752124
0.89117050001950682
0.73512086200812021
0.64466215538541816
0.84928916892372264
0.90019953855872825
0.95444956710728146
0.91280051799522266
0.99330573061355998
0.96504369318317385
0.81446192273890705
1.0867961757833982
0.81841602469988051
1.2346347692855668
0.75425948247402252
1.0999949939112494
0.66913722289358635
0.98527849509670851
0.98042242069752972
0.68083290772820704
1.0646473685412137
0.81468787459112724
0.8739181417160522
1.0979663851866068
0.85508134664412816
1.22990643508991
0.88845803928658118
0.64164742893023752
