-0.77674330644104317
-0.78106799169587282
-1.1148457099793294
-0.78087387609544712
-1.1980410154388839
-1.0320709972243323
-0.7729175893841761
-1.1212362661743907
-0.93154018519624349
-1.1195147329225688
-0.97715986074215311
-1.234488475649629
-0.99613232648761729
-1.1722992545612769
-0.77291337393794735
-1.0378148504900073
-0.92449808928339727
-0.89909886076351897
-0.84536700059779157
-0.75092065330558389
-0.95411176035794287
-1.092255527021466
-0.96669932534475678
-0.81301536636842975
-0.68888612150159534
-1.1058137891170301
-0.62176551831827542
-1.0749591124933688
-0.99441778861230234
-0.86108909307621384
-1.2403533743996717
-0.54365724445584629
-0.92856443161210434
-0.93990992922793459
-0.98212343572527372
-0.94127878156496514
-1.0802010513435139
-0.87314678996473538
-1.2154230370439063
-1.2458137605435105
-1.0276007811278602
-0.89295010883551496
-0.82795217582390923
-0.87422944028126204
-0.99358979067997688
-1.0397439118396012
-1.0238376032666177
-0.61432517696225009
-0.85996812819390067
-1.1990753460883083
-1.1370053605454433
-0.59837944234770624
-0.70647610826098917
-0.94028965483966986
-0.67439366683857382
-0.74169659321936865
-1.2543757486248885
-0.72153827605830534
-0.88306776011875721
-1.0049961484821797
-0.92624931614239026
-0.93486025500463055
-0.84523625825656024
-0.75572691400312175
-0.83309894349535685
-1.0968535203144527
-0.84766630877387295
-1.0115784175776754
-0.63878350044652044
-0.67752784554137246
-0.79976596165118452
-0.63600122136009174
-0.55561901010171866
-0.87764785093068232
-1.0186082950932509
-0.82525978803753353
-0.53813400341170192
-0.78893771186545292
-1.1260330079352741
-0.67607370968676417
-0.8226990185965285
-0.82895906159170363
-1.0189726227577764
-0.83681260400688695
-0.42199876118396151
-1.0468584329989294
-1.0504111657894923
-1.0021498619082614
-0.7435633684904438
-0.72096918345391858
-0.74052379756158093
-0.66310291873058036
-0.99548082691600837
-0.56593061068560124
-0.34368775028300036
-0.85330604606220106
-0.93785885370915756
-0.6772104502556151
-0.71651097792169338
-1.0608239716752719
-0.73547564474042793
-0.75903602228389311
-0.9183043425527565
-0.80477060869731643
-1.0079532286498767
-0.75423911188198545
-0.7203053430054237
-0.87812145747723336
-0.80008404477336703
-0.71871005402369625
-0.67794537473938021
-0.75424044891985687
-0.64829560359901184
-0.6725982366392248
-0.83432084746481461
-0.8275805294477051
-1.1103173291737012
-0.48664283375066375
-0.51695533360814105
-0.84927637452992055
-0.84686061527878675
-0.87738322678097236
-1.0946277109476068
-0.6149602335302059
-1.1203614926123089
-0.84600646116247447
-0.92073244894577844
-0.5984451035636521
-0.57143194435014977
-0.63362146869678992
-0.70792761294855966
-1.2278083798504886
-0.78181679333994791
-0.57369586667904326
-0.8787353176169429
-0.86966610809009415
-0.91036739027288027
-0.89327264883136248
-1.2140755165395003
-0.42242669010340123
-0.55671220317713943
-0.67959446389123557
-0.69245356415892023
-0.67281095379880163
-0.74222700897535476
-0.94793275490301332
-0.92122379753913719
-0.85738250965134644
-0.33213190914698293
-0.43646333428834599
-0.36721498820420301
-0.5061314910611685
-0.84875821369536997
-0.86334281750003927
-0.81733656920681563
-0.63661239381920021
-0.84961664379138191
-0.70711482643925128
-0.66184217258211242
-0.53449978070412985
-0.61732867462030205
-0.89133914711974871
-0.60511361125801022
-0.88843492216553765
-0.77222187520315366
-0.51236743082543912
-0.51208218744731182
-0.91446285248670167
-0.67510805598870138
-0.41363932661188346
-0.7113483029134352
-0.7516021206173652
-0.72053135638729005
-0.59237898488563601
-0.47055184506108377
-0.60589452396157417
-0.883900348432762
-0.57911850806941645
-0.94158849811037681
-0.10384268618417947
-0.55320468665349309
-0.84157292597790689
-0.13651480820796419
-0.82864217299718534
-0.84830073397347117
-0.87777824377168223
-0.44043960250133068
-0.61994099292460159
-0.22295519742319503
-0.66044917378040191
-0.69409268953440395
-0.27310337340135965
-0.42083900832024579
-0.58216313635782202
-0.90957761649309488
-0.40051334869435351
-0.79839670025303744
-0.61626319410851038
-0.31092519392853962
-0.6711367174463051
-0.83921079371287688
-0.9046437183503786
-0.4665823789938931
-0.44674459177108744
-0.83281381154483147
-0.73341105717996824
-0.26954789218313047
-0.56265533760093456
-0.78614184464630144
-0.62264836390547007
-0.59911328088352045
-0.53486983657378395
-0.4055947422349318
0.020221902679535438
-0.41063557048412702
-0.42241313001479425
-0.26490487003217095
-0.59186703146791042
-0.27038288526664078
-0.68958358562363242
-0.3371050222134882
-0.47914682246623913
-0.65582803785880828
-0.45287834208918232
-0.48745296124751247
-0.63680370395638064
-0.34671673612329962
-0.78879043816887351
-0.54727525664264831
-0.31604545018091501
-0.76084798833579703
-0.99296014922282383
-0.55959511381136173
-0.42592239095325679
-0.65118790400024873
-0.53622380699776684
-0.56672976124105812
-0.75700301774659273
-0.4452806163876678
-0.48610890582035099
-0.78367508655556695
-0.33277494384630196
-0.32111273967288073
-0.23661597921272517
-0.81028625288633738
-0.54073630254315508
-0.21388572619306226
-0.35403646880870721
-0.75978393702787439
-0.59326391638844023
-0.30248611317560631
-0.39962073060308262
0.062755138066867194
-0.23170189361180213
0.0020748840068606192
-0.49158808100617768
-0.75025799151679473
-0.17477623601218703
-0.18513354106363011
-0.4393191164031523
-0.16619681525552757
-0.2964652392352034
-0.61493428617093471
-0.52051023739457769
-0.28933321164994069
-0.39326911000506604
-0.43345305257701372
-0.90042347319040694
-0.84350253900420757
-0.68136554399496019
-0.14794010792211459
-1.048241218503327
-0.11480089421270066
-0.43703439629074931
-0.49276051184059194
-0.3527949276784289
-0.55550342791355956
-0.43608569993113316
-0.19097064363169555
-0.44343371694526723
-0.59852864769950254
-0.28745319691312088
-0.33203961867630805
-0.3903781882415206
-0.46464329468245141
-0.43141845163172415
-0.64095304109159823
-0.33631346578193516
-0.32663836755952519
-0.0088498287727625542
-0.48890459406897879
-0.60872425328012081
-0.64711661731625214
-0.1880231044748944
-0.081425392661822749
-0.53643968208137938
-0.31158012031628413
-0.39229756720168002
-0.5467129955516471
-0.52763518339901205
-0.34978409322334025
-0.56192076580598949
-0.35216483533493104
-0.52544831874625386
-0.12691885664244315
-0.27190125594126846
-0.73297854292819808
-0.5275890151607785
-0.3780431600673404
-0.37066743874665264
-0.76906791761463456
-0.66131806664012249
-0.014608094230728268
-0.40899424344885776
-0.095805329899357444
-0.35884758730880256
-0.20393477682266692
-0.47772720269856495
-0.40260116727040646
-0.32606634525953559
-0.071032846971939359
-0.1427072818277772
-0.049497677496827194
-0.029044973209002411
-0.38770530212897458
-0.37277041494438234
-0.29184331026282406
-0.22954615525822988
-0.61743160493495242
-0.78393932351121309
-0.38782318590308362
-0.26188375228551541
-0.43527931959865157
-0.30245469873959691
-0.43654674627401047
-0.20970190104334996
-0.32006450019447003
-0.31928759557288955
-0.50148172186202089
-0.53702995615720006
-0.44882839042448841
-0.7139920939271176
-0.2564149908753689
-0.57765387740098395
-0.44616126462820033
-0.60273505450921272
-0.49703600612322851
-0.24058779235167255
-0.14586481499337103
-0.37378211093694097
-0.7020646968793437
-0.3434891840492505
-0.23802133606708245
-0.14553493345039559
-0.10821421144298807
-0.34064309966244788
-0.088169179946491455
-0.42753254554694192
-0.28465655481968344
-0.38333512831434235
-0.32549117104925068
-0.34633715764592327
0.051788492185247295
-0.2373452283587385
-0.51957673509639557
-0.2303147566532478
-0.32584902256435894
-0.43797804499014664
-0.18945041828500553
-0.50316075582420938
-0.40902152227624672
-0.2256631581245987
-0.18442941219421133
-0.13279247980827119
-0.25042678407295182
-0.23053138198663556
-0.2045756427663713
-0.16106935082533544
-0.26110680885879051
-0.15652933752653336
-0.016411638795441524
-0.60148746513612039
-0.29187991190870333
-0.12586955297988683
-0.24366090043968697
-0.10361384143919748
-0.22189795421135775
0.014990252995020936
-0.22082575762457349
-0.40956241584820274
0.011215171343773027
-0.15517878830608786
-0.40485921114198847
-0.2471489590102916
-0.11317569678272327
-0.19791807391365965
-0.16942982537391421
-0.23824573794349901
-0.32117632808118296
0.045805946908985325
-0.23222736118191975
0.0052348293045153208
-0.25699813515247738
-0.15116496371089194
-0.18056238761990887
-0.42757649378353108
-0.1502387350174432
-0.038502514480208541
0.020200596182899988
-0.032713130387854839
0.046665785441557694
-0.26637880806548414
-0.030624825039652921
-0.013626038342779334
-0.49455098779519302
-0.001133837778092692
-0.34358728104038055
-0.29681323923353925
0.0016352651699401857
-0.2203536378520316
-0.28863961339415534
0.072445152993792936
-0.41358450589212864
0.3002875093567115
0.044700598221382268
-0.13744320851698866
0.021066050724225821
-0.18673435429954499
0.10337499359490683
-0.094111786814799508
-0.065574114810866418
-0.67799081204394995
0.042873710980918835
0.073721435288730333
-0.31788551744266391
-0.4975986953571005
-0.21187113296500742
-0.46561284946514703
-0.18775629016571721
-0.28895078183037642
-0.43469243909296251
0.13879939744731559
-0.01846875704562536
-0.17133815716564338
0.25868271696446871
-0.16567596903870355
0.062686185942575648
0.072890669358645896
0.032600850452243882
0.058181242502023285
0.16689801269873197
-0.10609021228518042
-0.16610121388053598
-0.067083597903451836
0.25432721621639748
-0.1130474812784666
0.14071003402446713
0.14824238531080647
-0.067649168480081762
5.3159548846583399e-05
0.11029362136568395
-0.24015654017267085
-0.17627622859004866
-0.12369356083243084
-0.23085236767671474
-0.32404680919864848
-0.3657875030560076
0.18777680897861884
-0.069704340562790526
0.11446549635863817
0.15254173481847375
-0.12232704393601777
0.27162314933317888
-0.14396258475414964
-0.23344406994119576
-0.038370103226373853
0.3123799343666771
0.080431487135838031
-0.31944041350692265
0.058803147468358047
-0.040377267686075712
0.13432555713476277
-0.23345036401208297
0.1228614921603865
-0.17543982572029454
-0.047286205806287437
-0.20909179435560687
-0.033908890721536231
-0.40921628685781686
-0.45176337381102988
0.29734929949253541
-0.095215840431686821
0.06330572156344022
0.24959842918542235
0.057220614807923592
0.029416777567316487
0.18645175443803833
-0.22376579337382951
-0.31021363670094126
-0.38750063534753354
-0.13616427232467743
0.10732289027821167
-0.36760313415823376
-0.43629625212167689
-0.057353572771870184
-0.034464262994063764
-0.062072266279836467
0.21390695024393153
-0.23824208373923489
-0.1872743679837772
-0.21038291034556289
0.065650338251005386
0.11443299991336711
-0.082008786361722666
0.042808090863984703
0.075753809423690643
0.084683127214743026
0.086618842776580496
0.15642355586248091
-0.48847643730908535
0.063808815972886776
-0.14321015783750843
0.22470947059065896
0.10252182082598268
0.088536726768639565
0.22743532518768855
-0.27685899567491784
-0.027536086509456568
0.35797785657742187
0.032124074164040436
0.038851265551921511
0.22821321277657217
-0.24166323838683051
-0.052595635801674492
0.023352075243818889
0.17144232283750427
-0.10794002103449286
-0.079016062250658464
-0.062000939702667582
0.081850441381866479
0.26682141616150956
0.38083678275286637
0.32191133967499463
-0.1342709778763469
-0.068284277239866284
-0.27034705907572082
-0.1390467206005232
0.30173518042530378
0.11660656184635407
0.36326671259117066
-0.18976150670477632
-0.33220063708857989
0.1363736204976746
0.031956210639752777
0.11282039929754413
0.050237576712953827
-0.023037602191627381
0.17328469997060819
-0.06386250079975031
0.42820382956977598
0.27073492462475668
0.069996437436749367
0.045470911729417599
0.31652973717575927
-0.074074297428183708
-0.065597321108709167
0.12193187873109435
0.10446010072455474
0.31110515492811008
0.20323810486187294
-0.015939173627560012
0.17863697095675796
0.31647592382985984
0.22589379649072047
-0.00017343794829682017
0.45204777719242933
0.060814709145291371
0.1763719061608448
0.33035613162722521
0.32755415215808587
0.37216990628157054
0.26953325247597643
0.17362428072474162
0.24577625122601027
0.32290887911822258
0.20926519211730696
0.12529245509235667
0.32227268532407594
-0.064489569140314229
0.078467231419998854
0.067799461784746953
0.57033187791488738
-0.14289251841845479
0.46164407477380209
0.26939569864018942
0.33960490639412633
0.17432153726147909
0.25799726924262656
0.25344332923974489
0.16212070942532758
0.022739111556998058
0.24906947694103604
0.056307153410102118
-0.13324845204496219
-0.092728682496587181
0.17427304265096599
0.36920002436193639
-0.067853438682640654
0.31756291827999
0.14960181740541451
0.30018638950327486
0.073643636776692695
0.073579077721962829
0.32578056069606881
0.041995230476346325
0.12980669283898583
0.53333394652176735
0.45888922498293483
0.30196741997635246
0.11513283434475356
-0.12373211449776475
0.12169880131618106
0.36625910085822622
0.13987346876565337
0.32520210957975437
-0.0268615764745955
0.23921278515726221
0.44308202749008918
0.490546963379413
0.22198386286228258
0.2356422543700083
0.39672495545133013
0.42357385626931804
0.39707136819268218
0.054461468183099271
0.48566383388434303
0.16858497717225437
0.27306844555994958
0.060047168648317245
0.13239391427068464
0.2529077995805174
0.25442874368071294
0.57303805570449073
0.31987676092722139
0.33190949944088499
0.51231444948413596
0.21223528768597788
0.11198500474530643
0.044812687281814527
0.2127619079245508
0.42950755742839342
0.19410312882722078
0.38684197894520095
0.34866337843677303
0.49759177709323499
0.14517206024840584
0.16061340436861313
0.14641570652223163
0.0063912198569271769
0.33832808788104546
0.18612108531063046
0.38970806996111934
-0.19553229376905518
0.68045798892419418
0.73020796791500997
0.21297882553038663
0.46173049376236752
0.36361815543208015
0.26815001095472996
0.30266658448897571
0.53792176970706507
0.27619923190990786
0.39260672601745944
-0.059458422041855682
0.098839665653837144
0.45259835853532576
0.35215867760781561
0.27771075726035527
0.39076632420836149
0.65112388901755691
0.41414471787623391
0.71022409198283298
0.22497181105369607
0.30702077702499753
0.5172523536718735
0.75195891293574113
0.27485116938302739
0.40219221863004528
0.35370656059083361
0.33068513964525942
0.30177107940759168
0.58670612244108122
0.15610507197179091
0.6221004838765789
0.49480960249354433
0.42262677574163987
0.56636592918200579
0.2472405553577243
0.2421122641903983
0.46998340896072666
0.53196071233847175
0.27923671477156775
0.5204386174230502
0.35064550580459647
0.55086179100325139
0.46944914902675333
0.58858940862295794
0.31383163028230632
0.57090756221516448
0.28689213967695459
0.23730361048958734
0.39247825776565243
0.14696027885925969
0.75768849912286451
0.36885570001913437
0.12589639933880339
0.67863142195823967
0.4137573336985409
0.28470215172845398
0.31247909865546997
0.55448087406493241
0.50044018226437958
0.42832606508754972
0.63251090277605448
0.60063788628251047
0.56970921865773783
0.45125987148931379
0.0853337713769034
0.30577824965097478
0.69587444070033799
0.28581034605769445
0.3216043240022845
0.50430605352829949
0.27634828957476021
0.41517075828176969
0.63397650385986182
0.19195889759095247
0.56890761779805232
0.63318431190166669
0.58461919083070646
0.54234359623453965
0.52451483949341005
0.28303125088774178
0.52978051087268341
0.62603000607939918
0.32029095179362516
0.3836080279466873
0.73413530084587797
0.47491462669640416
0.64838694171674682
0.5886413758487824
0.78832852676410958
0.77013474440240737
0.55154788133009325
0.27915526363467497
0.71535353342777463
0.39393866610288303
0.37387119264869617
0.59640941091316968
0.22838575948463882
0.39287810588286226
0.22932524855104447
0.42717460217796066
0.43524356602835196
0.49724793226696817
0.38472858791927239
0.71508329976234808
0.44185983784460392
0.44634383400591165
0.38505474974060094
0.15137072131552826
0.43401968022451864
0.79908786156138178
0.75896555496386464
0.53292569913309407
0.48730509132502603
0.83638167590607293
0.85280019492886805
0.35101314465460765
0.48516820905550362
0.67857682013588372
0.31517276980983139
0.43692229351259215
1.0288429022690124
0.76355847137351529
0.78925746779594641
0.6617688811735688
0.39836427450644957
0.56745045060123245
0.44648835130736036
0.76299665470629441
0.76708956015962959
0.3400954083514377
0.67018641096562392
0.31043194823611936
0.37712718858187527
0.5107706037583214
1.0640582315577922
0.78514224349143746
0.25366979027039233
0.92364099918414555
0.83618262401863863
0.70726662415734587
0.51990940090878024
0.48269592940629741
0.66457095793981147
0.6686268794041107
0.456125668787978
0.29229547106836923
0.47198641642207617
0.88582428596063378
0.68854148384877134
0.83226657020677552
0.76597536125678012
0.6299266563136332
0.41559717350595232
0.89494715558205507
0.27078848003989764
0.58867585721003735
0.49938401598114995
0.61852803543870472
0.8176116175173419
0.62090595553252648
0.81600323928877572
0.80945793249558662
1.0531320454909077
0.7715582372849954
0.62711425052452907
0.2682645995462889
0.82197359353956412
0.75809373195942531
0.65396586983539351
0.61658701859999998
0.53821971508658029
0.76983538979807853
0.67676014438311538
0.85652055055872001
0.95971612613601187
0.56622810887181696
0.63113898381643085
0.69213075158485304
0.6540778509885069
0.74545819445844053
0.64893311740147441
0.63807053277416359
0.64852827734474783
0.68288405926338513
0.68071575216999036
0.53071447391306337
0.68572858899261335
0.79479475910195918
0.62245961762471769
0.52730468570079891
0.81901508519272381
0.8435433316186588
1.013255324533999
0.61641149923044636
0.4092413427367052
0.48837722788700438
0.58665177746079922
0.59898431289792087
0.70628013044892735
0.18592023072935221
0.84461423090713694
0.5817764198723806
0.75497070316506265
0.57739630976883727
0.98693747221098915
0.79334266963386046
0.54313083349929547
0.49620729891653514
0.63026447265499885
0.63523301068731963
0.71496103681301959
0.58633285783307698
0.48956757359536801
0.87379014444790593
0.99998543486208147
0.82949501048086094
0.88740863335208098
0.55032424742167474
0.89520355213767699
0.78856173518845463
0.85419605707349822
0.733564098838277
0.83601981059231067
0.85832061528499037
0.95074170550465686
0.67176421060600155
0.93032810166751223
0.73626458979547049
0.99267120667075526
0.41141976821699067
0.72418123398210044
0.47787542383790027
0.50127445602841625
0.81359495986030572
0.79409539212322078
1.0212779764616524
0.90654122514809377
1.0323682356682111
0.92066236112721755
0.63270581580664464
0.64668301705361464
0.64884476806308278
1.1015492864756655
0.94782886617582141
1.0583238008554028
0.43019327400482527
0.93981451061052423
0.93515006794406796
0.81466770465661154
1.0603457619269787
0.92279560137641004
0.68816128563934797
0.69416163997696678
0.89016602181594218
1.2313958610982549
0.69746467647627242
0.70945944220990842
0.7608850014448183
0.81802597356960227
0.68331635658167422
0.66575560558011193
0.90644840074181543
0.43547100791036586
0.68741999093548944
0.62491214457062549
0.97736506831936454
0.80533300316317458
0.83691557797701377
0.79999697392138147
0.49329638001256765
0.83299877289816615
0.99929392703337627
1.017815440588582
1.134552393866131
0.81528830051299128
1.1362371376596669
0.94615879320253959
0.50080851602625154
0.98415849717477932
1.0050562877709184
1.0440207143441782
0.74643406006093926
0.92616084118766373
0.939059109726749
0.75152777593990516
0.75901165643459911
0.65902555564005105
0.80454509968370536
1.2638082087910236
0.79091170741700212
0.75781772334580666
0.72830970508352499
0.95084555681262539
0.50136129667259399
0.96795105107906887
1.4032105595819537
0.99257736770470084
0.95492839879259084
1.1890830672135555
0.9344148794239695
0.70796495173067586
0.6303523941804472
0.97808167801006052
1.1401230497952917
1.2996240812263131
0.78226501495559508
0.69868560927098722
0.69646597351244433
1.0028815935483808
0.69182195485239018
0.87633869828950206
0.73728685025227336
0.64514265339184151
0.84062701943997198
0.88725630887264051
0.93815067159742804
0.93609473084873662
1.0130242609500972
0.97404741858953137
0.79339608561751318
1.0819872207952148
0.83414982291954864
1.2392618881576085
0.75347222132292635
1.1020145884503429
0.67530622804348595
0.98686190758480086
0.99229052893029412
0.66717548127754311
1.0609948167298138
0.8190036998924296
0.87268390265322959
1.0827236317953357
0.84528480620919388
1.2301564869781709
0.86701138346650475
0.60477790560785116
