-1.2100669066355623
-1.1563800075042809
-1.2596270246522432
-1.1251512426742645
-0.83680442381481324
-1.0439028757330233
-0.84911355530797605
-1.1381339200880884
-1.2313759285416759
-1.3633229944537919
-1.2134963850981073
-1.0358222437701889
-0.86380151518734971
-1.2803233960806648
-0.96081410779315912
-0.93162328560186558
-1.2038096408788956
-0.93795289915497337
-0.83864547617325469
-1.0299013650611675
-0.92691175052820129
-1.364715740073613
-1.0453225634302683
-0.79561804996150753
-1.0839279732985418
-0.89583214242591636
-1.0667340601795938
-0.80255231948746131
-0.71180747659519472
-0.9215713092713903
-0.90265431831910015
-1.0238115005334598
-0.90213872146848162
-1.0117560304265834
-1.0266536180955024
-1.1227804432053798
-1.1572758988096465
-0.97417380866224579
-0.98619816315321107
-0.75323773489904122
-0.93994897739850014
-1.0491302654200225
-1.1140389848349852
-0.97710700316795263
-0.78412127876349336
-1.0109535681358637
-0.82391203005074765
-0.72374389935446093
-1.1750548737408704
-0.91713504514242972
-1.0280379432638409
-1.1258058896069898
-0.72002355462958056
-0.9804651600662293
-0.6860876372198238
-0.51171551452249453
-0.94274459045189052
-0.95318503910905839
-0.72805207327117161
-0.76190797670249433
-0.94596749630162347
-0.90065530505229296
-0.81795560263791756
-1.1945117373467262
-0.86652022346005131
-0.76248140011127674
-0.88434822992733353
-0.85828536621913154
-1.0578575180405909
-0.89578724160125622
-0.85433517771496648
-0.62092170565687455
-0.91121011795899931
-1.0684101827337087
-1.1867712510289687
-0.9403574463846619
-0.93871082726223076
-0.9296655995308879
-0.76087123203333795
-0.86253140358772329
-0.8318080934821922
-0.45010786343451825
-0.70231705659823229
-0.53596568393613864
-0.91140063487171763
-0.78490580336072047
-0.81682849149991588
-0.90496355401447959
-1.045301982656355
-1.1316158411243091
-0.77325389316039983
-1.0259208477148982
-0.71912050779891334
-0.71149020775656524
-0.84196929134431642
-0.70019522476745033
-0.97704662972883061
-0.77787714054832335
-0.87924650645215729
-0.53500486594334784
-0.69132157191291954
-0.74934858599389786
-0.95522359971942761
-0.78550797038025966
-0.55091648574119134
-0.83663270326904327
-1.0978273806798997
-0.76194782635597813
-1.0217397108829769
-0.76179601233621164
-0.91174193245784119
-0.8919288251169174
-1.1911621993322759
-0.51950992143512587
-0.52819694273743312
-1.0495100091777636
-0.83051646860668538
-0.6883558445549004
-1.131237388048814
-0.41327162594683231
-0.92155561550174492
-0.86991486198601775
-0.92826927778144086
-0.82063913170854841
-0.59383569805760072
-0.8500301292100152
-0.8603587175484777
-1.087381733475582
-0.84737333229396272
-0.50734285871778262
-0.53541902704402855
-0.80576553138288176
-0.84145965166717784
-0.72926658905506847
-0.59750316752434074
-0.72107436399550462
-0.50351557864736818
-0.7543056646932601
-0.8800286931337129
-0.73698221537073139
-0.79946556480185971
-0.51123689655296423
-0.83163350549818849
-0.78497027937013297
-0.75583468604978399
-0.97005833921146445
-0.94338337357927848
-0.72827546866891735
-0.56998271115628973
-0.53185293930274624
-0.86857719600460737
-0.64630199356269769
-0.78142316087795183
-0.68566403416141308
-0.45220308925845742
-0.61266510861139567
-0.42193867833529891
-0.29710354825976892
-0.66670576946057336
-0.46584366085359596
-0.52135879562934762
-0.83986319067578141
-0.66107177881366297
-0.84108987785874811
-0.6369735015682545
-0.68201869668492343
-0.52831953901646955
-0.74797546495335565
-0.61793379308906637
-0.67718032242311876
-0.72188825902650888
-0.72936203266106703
-0.42887309362438431
-0.76197950954754967
-0.87630640250874803
-0.69967431862697715
-0.6674525946182237
-0.62381564243924026
-0.4861035934496693
-0.75414616773803256
-0.4211781654066632
-0.41515720377706544
-0.4908949454178293
-0.7125072173766791
-0.64561368923389806
-0.5972802865189718
-0.65794881511651282
-0.7008121331408641
-1.0827917459691705
-0.60386953424673817
-0.51572743366555795
-0.39344334419733995
-0.87938643475930767
-0.78480333765870225
-0.44673010802493363
-0.64744717890210157
-0.57278820271236575
-0.88375526012590522
-0.50790365468511123
-0.98361016603299944
-0.63018864621191939
-0.46061779456050145
-0.77605554001749644
-0.585923308933326
-0.88420689621992588
-0.49549979101998304
-0.68562586720634788
-0.54282644474745123
-0.70398563927131219
-0.73835716640923865
-0.39146770265411657
-0.63215526600839456
-0.66578876115286323
-0.82544094773368248
-0.62147982444779093
-0.40017556274087723
-0.58402094026471318
-0.66810924796887416
-0.78172365386973841
-0.88105879276468035
-0.53538681896017859
-0.57074744127364019
-0.93615591344217741
-0.59737386905065037
-0.48047589769544707
-0.3706129757120164
-0.58620376831591214
-0.47305510939044537
-0.76182840400951224
-0.53854049964406436
-0.81480275342727326
-0.67296900853581754
-0.44054464522992248
-0.51961628842797869
-0.49704059180535021
-0.69435779997558944
-0.69698031482531675
-0.66849903507893449
-0.70056381503374787
-0.66705981139149062
-0.57038784932888342
-0.18701582950236295
-0.5621881085613043
-0.56762834530052197
-0.50506100344337412
-0.58476163945146775
-0.40673789358833778
-0.53121699341496964
-0.67442206881745737
-0.42801937117513933
-0.66781802154352532
-0.37326950345920612
-0.60258921752405814
-0.61042660911590008
-0.6672622356688438
-0.49190557685682562
-0.58398578314804994
-0.55696402706587322
-0.50633181635070934
-0.66859729185749694
-0.32669466456335106
-0.50308622145523918
-0.71661765167841796
-0.41468629197744722
-0.7581627066504818
-0.52423031635530049
-0.47506653245775848
-0.27917687073716074
-0.46842401728075822
-0.42277141083593572
-0.57701269654275122
-0.66869462664898538
-0.26634375171864622
-0.40052947004850187
-0.55598864533605274
-0.57697542317405115
-0.70981710638542439
-0.57323504976476802
-0.49778495274354301
-0.60679074532761734
-0.64999232475464275
-0.3634826513870193
-0.11733858657758872
-0.43689787939426672
-0.41991178834106524
-0.35743069164803887
-0.487369178520761
-0.55901385659523495
0.023984157318251261
-0.48707636417598604
-0.34086263680036522
-0.50735725938514598
-0.63091700200134493
-0.35952515915271122
-0.34053519943738114
-0.18090993184874565
-0.50300679873742271
-0.40291345229218634
-0.79401492479173896
-0.21912621646875127
-0.25703858484250264
-0.6179981519421377
-0.59961216860232447
-0.63507712758092738
0.020420960957559516
-0.39048523684902819
-0.22414577001160127
-0.15455488534543871
-0.24678644248769324
-0.37820192166337108
-0.5032415405078311
-0.63432127433361229
-0.47470219352099052
-0.48163963933104853
-0.14400251946775258
-0.6115746217836594
-0.45005347698853987
-0.21880612915076231
-0.44793346886093516
-0.48818940529606025
-0.38517329245760512
-0.15165711215470359
-0.74830410320312413
-0.48037199376909467
-0.55589015567986644
-0.090390923294289952
-0.61260144433762242
-0.49208200692132426
-0.36292489113434356
-0.25161969176298193
-0.20556220522971222
-0.18751413293028693
-0.29353370318863897
-0.33439285543431002
-0.37037223197323466
-0.49229893515867484
-0.32357490369603514
-0.55381781650037076
-0.4932045839463044
-0.56905254513208048
-0.41672006750106866
-0.51096134775159285
-0.58380986114468314
-0.39501809258818527
-0.12853762493411097
-0.24064379002075814
-0.38260062151399427
-0.38097598143395339
-0.23330425759959075
-0.34845105068036986
-0.41481599716976397
-0.14066799721986731
-0.2608333990315036
-0.14040321291073155
-0.13467837023165291
-0.28294235091123487
-0.34704671715993085
-0.27430253419081752
-0.25521647323153418
-0.0078821424291717485
-0.56897736191006487
-0.20536235996542415
-0.20590932623523953
-0.45112507401547391
-0.37018090585912788
-0.2954097192474644
-0.31591327801138963
-0.33604945292709332
-0.41689058307706489
0.0011356070406442322
-0.36337206273467021
-0.32299975965923
-0.34158991905606029
-0.38329892849107366
-0.32002200909921746
-0.33295324337731436
-0.30812429135394032
-0.32079339179422278
-0.20383955775646534
-0.021428786103806805
-0.23343877648676559
-0.43042846735038121
-0.41028348490626315
0.17433875624101602
-0.44241254374602956
-0.024960253760028306
-0.2677474395406112
-0.15170160081425241
-0.44749892832665927
-0.25019828745013983
-0.26189119342631323
-0.36279081873940916
-0.33621418235112555
0.12756161868124041
0.18086278784663856
-0.11781979141580692
-0.30825103825575484
-0.0071364381215703746
-0.29090580647906356
-0.48761359952917971
0.024630340233857274
-0.10002236192176849
-0.041723555483019009
-0.28449073017902626
-0.37797025664923545
-0.20136054716789195
-0.23433007968801847
-0.07356582618308416
-0.19904283179771998
-0.076716852793315998
-0.43850442644493759
-0.05938678749460552
-0.029739373465333205
-0.086339641718875287
0.01151388773640585
-0.46279105048906238
0.036516855205975134
-0.067440519974373919
-0.47103724625941956
0.079281997503525492
0.087852542679369663
0.055138665677401694
-0.13640962048879349
-0.083123228329323909
-0.51821572083094725
-0.60431217624748013
-0.12061960791215288
-0.078301840969490194
-0.20198721054513452
-0.0037068645923975861
-0.20822527800329896
-0.077152123682102253
-0.36321853474540622
-0.39309639004919744
-0.16102983100392632
0.026002209232083261
-0.10189855454765487
0.020431236901191013
-0.15013020787586465
0.11847437406205068
0.10896560464698997
-0.23401513215905706
-0.013707721218231867
-0.067081517826650783
-0.2261019591635629
-0.32532925116115224
-0.067919714831063724
-0.13799619135012245
-0.1047184472124084
0.093201474195911307
-0.14761527488879087
-0.020506533514684667
0.19597525191962997
-0.13299538564552793
-0.21399537739849603
-0.20165825412983301
-0.011574145024516347
-0.1633838542825613
-0.013429873208302835
0.057839557042209881
-0.074504036654148592
0.22840307228386755
0.27526579763733056
-0.42761981718566594
-0.007921332276096503
0.075322561102069738
-0.27031308492998729
-0.25551565561921979
-0.23975647205817968
-0.071156914608642777
0.065667240390752932
-0.30083159735147413
-0.27593131392015707
-0.05047071418906339
-0.36422200078877248
0.022539843790072536
0.15356670616748225
0.047973078192579149
-0.029407124452488692
0.24583033669507751
-0.25986252806027116
0.00985408830073271
-0.087816011019192133
0.10434322088740733
-0.16715130807972736
-0.17876938391720981
0.0084056921210548079
0.043248318955683061
-0.16915854316531248
-0.12035585872453772
-0.077403428989833878
0.1030899265132344
-0.0089915236546582594
0.062592557085285522
0.12757582079575086
-0.24184870029010699
-0.18788365775706201
-0.33284966838607566
-0.0091377821878735749
-0.15264199848152704
0.10963356519494974
0.11720026094136843
-0.077063600194304679
-0.018459040109141577
-0.12792448726731129
0.090345624622496318
-0.059943645074448181
-0.055754690616778506
-0.15402804039434501
0.26931717745697142
-0.091956803121466771
0.15855779300328046
-0.16589500600530002
0.059283883929414721
0.23429531109417634
-0.11474835391192288
0.18591323673521523
0.20301805335277034
0.14861567947251397
-0.0020444011755367118
0.012734165793685907
-0.033599420123868462
0.22260909176337895
-0.080296763215773267
0.18727249073516192
0.17981372222086686
0.14406734231859675
0.18645842609663099
0.31324608187823083
-0.046596431399082455
0.043382810804143461
-0.16290021617304778
-0.065188600433093616
0.33536905001514877
0.29384615134480008
-0.33643176608980097
0.25357463866716079
-0.24563549608884813
0.15000923252031997
0.025731396027096193
0.0040514509483036932
0.20436968613722803
-0.011759910001907526
-0.085607925639419269
-0.13969349219944754
-0.037685907064656125
0.12635178593409332
0.26737685347358731
0.19543164991033143
0.060094082787087305
0.18992936425216222
0.33236767334288186
-0.2635370152897592
0.24779369721254438
0.48295125779092046
0.11508070193424343
0.18875651785424019
0.50654603359633443
0.07992926890621356
0.18191980303679858
0.23118843992891328
-0.12418086285094468
0.0886694257782355
0.10558347479868538
0.29969485427061138
-0.12980480858410784
0.058772187310810242
0.19966348843739348
0.33762821836008794
0.47197977536897728
-0.150034213782647
-0.039022468674829683
0.010092769941908167
-0.11536065355958942
0.15203697257335344
0.19094565575662567
0.58281800727658661
0.26785666487563586
0.13811675325383649
0.23073598363805758
0.37841609977245677
0.25541228816904443
-0.1049105874206394
0.37623850925920677
0.24525755169595617
0.17751972404869767
-0.18285200420310854
0.40410551025551728
0.098874963309726463
0.339842413013829
0.50803848952683961
0.18041252275224934
0.20038201296346231
0.2484630622022766
0.4719564144835347
0.12257648330769973
0.30788217952760988
0.16230454312072987
0.29314049128524261
0.35794582785135087
0.29046350787258318
0.21951417911081181
0.50387872696164882
0.25157549458502382
-0.051653934629765939
0.10265062785553142
0.16196743455739832
0.31257051680719322
0.43935300178324965
0.33448207883868414
0.18824989953470031
0.12095802524660883
0.30918868893785334
0.45797090289853737
-0.073382379679767712
0.57797715005367423
0.0042713496276917517
0.33043593325413811
0.38148988562252212
0.32780951991035351
0.45657054498082356
0.34210876557076492
0.05800455334540932
0.32030208930407522
0.29676680276045186
0.50433177950361763
0.34349705659299812
0.19278615606901064
0.28093477194622724
0.19741636482620578
0.25694447037254703
0.39675239858057937
0.3126170008487319
0.53884308793146796
0.38596922539915468
0.22701487283481445
0.44234634370747516
0.43663101013208933
0.097023007269113448
0.417075197594653
-0.052195650542674679
0.23690607279495618
0.30070068245852105
0.045063950101062913
0.47996194927283287
0.20832269623667768
0.16861402841520415
0.41906357176887205
0.31767639464808362
0.26448064420743561
0.094129742424578958
0.38017075408576484
0.70445766661727649
0.24999087191253594
0.087719255850877476
0.2535915697664094
0.28278221222584404
0.29584015507015859
0.51597514129887601
0.17061081080887519
0.54126041970930383
0.17313391700484898
0.51589650934838871
0.59907967018904962
0.43155399025766306
0.40548420535909091
0.35026285283005154
0.33469342282740289
0.38607515926445168
0.32014072950270062
0.21578252526300642
0.36455536723665866
0.29614244782018034
0.3554323505216842
0.3396885433593711
0.14249797074157133
0.32867026887176332
0.42395705706820219
0.014524970622108226
0.46757089145889102
-0.074060654551528105
0.016274842849454255
0.48462141729120445
-0.033197349530937698
0.28824298153357625
0.51397232322400976
0.42234188060658023
0.68103851450256658
0.71190222206544906
0.49896989199400327
0.34133965508362479
0.61929683908666866
0.55666153658181927
0.53146562733870939
0.21172395011658471
0.15483125544514792
0.27689707330122493
0.28626319911246162
0.37685141158473634
0.27116411666165691
0.21764201135341885
0.49805599997985628
0.20623421163803995
0.39402493983810311
0.28030687616623901
0.61847037626452306
0.17148527798172597
0.32832086870072041
0.35900306508979335
0.32542331772874078
0.2625233050744451
-0.075972105911257984
0.41384448797414458
0.42623255597785775
0.20012051234435949
0.065488062219894935
0.31503551438042882
0.41800739016687777
0.50170336533712212
0.40368389098520968
0.54969200082074876
0.55402752655722143
0.15641443822824111
0.29674205502128165
0.11994920000338918
0.41088266832654374
0.30426225952517166
0.67328575362216225
0.4430410214144983
0.70321635316688036
0.42688358253440573
0.54968345320784195
0.28530296246532949
0.15184634320280654
0.71258976913019145
0.71629307451254731
0.37731650861558019
0.59258544282504722
0.38176112521014666
0.53309739636145748
0.18049901964617915
0.66332471106356372
0.89349885440238319
0.63575177191816501
0.63044715051371247
0.32950055757325403
0.48838091492138686
0.56663421086590215
0.409357205535683
0.51649072205565949
0.61622433219261075
0.62527671514295113
0.57208545473722661
0.58980503991954514
0.6112565529934656
0.33086595527838752
0.56716887409300942
0.65028568087759975
0.21017297435160498
0.50709839703787374
0.92013867081721157
0.63442673109795
0.5590896992238954
0.77126091213750647
0.5740545764886148
0.70681989624106145
0.49103019528926095
0.40525471036966254
0.65743891059684545
0.84837681597636372
0.45240500876560968
0.84375423667563099
0.58302675181567365
0.64397568972658381
0.55846885130743773
0.66835006941094577
0.72894129923627426
0.55256090135363412
0.69056354316961999
0.53136419342385333
0.4713347801927037
0.54596754084850285
0.49260102482006424
0.61415953855448679
0.55703443565799882
0.5276844231081973
0.62158690066889388
0.84079426760969267
0.54825793430905767
0.67923620115613514
0.51108585502870518
0.53648804986013476
0.49389951242302038
0.81695285860526135
0.62538272271471984
0.58515493656259698
0.73478172645756701
0.63103911955327918
0.2048151530751566
0.77818332528480372
0.83532339973277081
0.61828151201091608
0.99391768912370515
0.44611134907165584
0.64873452877741611
0.5612966003987695
0.67460171374140299
0.57203321812044516
0.56719558427994166
0.46101393257462003
0.77189542563744973
0.78903399065390334
0.53917021333980752
0.86877673214892692
0.59604073269198221
0.81892363010011515
0.62882366892047969
0.63317818581772434
0.64133099404415106
0.60643516499899464
0.79726502365277807
0.95798633539265521
0.61158177878366038
0.61133697428022848
0.5406526695104994
0.71673170013869913
0.7992776585265231
0.81158763734655492
0.61408260581485263
0.56984734147127969
0.35734699773840239
0.89389263683666631
0.41439762830577243
0.65247087609362464
0.75687384613625475
1.1414468428017475
0.6944504829413497
0.72695015603789981
0.93763021925852041
0.66648294148823395
0.78344791168839989
0.73870567973877033
0.85736063797666906
0.82856704098228862
0.25367110347593491
0.4017739328446947
0.74459244605051211
0.901632696050787
0.7989445634966158
0.70996830589391435
0.55228228551260794
0.86460696360881129
0.52974383402281011
1.0271760007664088
0.38772938954576458
0.88080459461945715
0.82625241120561654
0.70724105953969363
0.5789668710743866
0.66224166778658555
0.36247550439418308
0.63763854051877578
0.93223206802870162
0.67586073347178288
0.51860472870281826
0.80491577928554547
1.0733054105134925
0.7679300187443685
0.59585693579198762
0.64871988175532003
0.5109667615648108
0.80266028775038223
0.80272949058680598
0.8443229408527001
0.85568364117783524
0.74943947399531985
0.33236356174977422
0.80773106249949322
1.0682962584300302
0.57010482956639918
0.67729146820824315
0.89323485660656698
0.41477867492184062
0.95465754495238786
0.59279607025776504
0.69741796661146671
0.81590499355692758
1.0650919971540851
1.1185088425674738
0.82286529215537763
0.77284273564557682
0.91560949073127684
0.75902867511600558
1.1563461887120037
0.74732038174722204
0.77316284138810032
0.91736679236900298
0.82379777973050183
0.26406105507037958
0.72392954534485454
0.87270800072889798
0.59789678495763277
0.86589288462421565
0.62712988892528621
1.0170896985070141
0.9607591046187326
0.79330944343943111
0.68649465164130363
0.60715384295785901
1.0728887426847225
1.0331475696978998
0.92007614924309067
0.72283399433474149
0.54543718906694205
1.066542872894866
0.74230424842883669
0.95598016350924475
0.95544950295058084
0.57914621638222963
1.0389670130251081
1.024617841120836
0.82077331256323594
0.83309946278930258
0.66570548919027084
0.82900999775833906
0.90251125712896629
0.85307284731152011
0.97343746707140022
0.93072784933633412
0.63311408973768468
0.61412974715483393
0.55448499546886032
0.8741145853039286
0.860602001444566
1.0493461912016477
0.72104986765539281
0.94758567534064186
1.0923807850876652
0.88908868951032027
1.0077899025532577
1.1707067770687263
0.81978005050230196
0.96280500450575457
1.2459577268312088
0.96981740127376659
0.7901257924977686
0.89869831735589689
0.72765666479927327
0.98478937213349504
0.76762637585316273
0.92106062368482433
1.0393592242454377
1.0236578255376321
0.94310974403519265
0.90764089730791753
0.91869339066411371
1.0646547144858574
1.1008694075602043
0.76647912559269504
0.82381991027207391
0.44347198418977507
0.68159695135544429
0.95185521673033557
1.0409863441176033
0.68095104991026301
1.0636769804828321
0.90093973268755345
1.0171439506758473
0.85858905382760242
0.81689240961268295
0.98434635099962375
1.0305564557424567
0.90422171654316041
0.78015069356750189
0.73967564578411416
1.0228594072633015
0.92677685619866002
1.1782141162169359
1.2527679608315292
0.89873217203342093
0.90200318021269865
0.73209733493109486
0.90365553669823018
0.64459686875911959
1.0482043359915685
1.1065173106141815
0.9954444067035515
0.9826024594957411
0.9141434223350644
1.2420491841848291
0.87834705631231225
0.74605335573753562
1.1001091467501101
0.90503715239942062
1.0291391200611426
0.94920723020566966
0.90755223041605582
1.0711057685435628
1.0705543362410697
0.71540681711104159
