-0.5359175460736032
-0.89222349494389264
-1.2743434688097668
-1.2074759355014955
-0.92114284121497481
-1.4227048666981668
-0.96956694271693389
-0.77590313022995971
-1.053439917913344
-1.0814944519964584
-1.0317270003891621
-1.1450481644914579
-1.086671993817659
-1.0259002573158531
-1.2237919641208082
-1.0214792531882124
-1.0781813118269425
-0.9056602860421733
-0.84991891329780911
-0.55033956988256716
-0.79598257396075678
-1.0366114385034031
-0.78639031737414267
-0.74969499871576262
-0.96320279011333954
-0.94737850088712694
-1.072491937420768
-1.217088269128336
-0.76874362964653753
-0.61645790167216119
-0.65331840496793792
-0.9071238515764114
-1.2111261392505446
-1.005387443282582
-1.3101947150534596
-1.2154776712433824
-1.061687190118634
-0.75763286014754705
-0.81744667130312543
-0.84638313221653538
-0.93913360776208676
-0.71849120382603471
-0.76896661359138996
-1.013111904325934
-1.1682130802853576
-0.61391994455249599
-0.6211479919578583
-1.031885412191174
-1.0479346646263186
-0.95377415080285644
-0.86958636447378679
-1.0176914307777387
-0.73117540914184642
-0.85112366663928085
-0.83539112925249925
-0.71349641899483063
-1.0341592351868556
-1.0238998940282802
-1.0058171250176529
-0.68997148943168474
-0.87012614225553375
-0.92624868098591906
-1.0758737820168196
-1.0055499538701418
-1.0942170193745766
-1.0483302692360041
-0.74254109617238007
-1.1315506281807384
-1.0691429916261108
-0.70913105206259464
-0.69382946491569919
-0.67611378024103064
-0.79372012241446555
-0.98021215251236904
-0.92269417942152954
-0.8007155997774269
-1.0591203112523455
-0.85055093800188963
-0.49344628481720476
-0.86054250683857481
-0.91381960306615084
-0.7156248685036396
-1.0778884683768994
-0.85308521670027715
-0.93436114067251608
-1.2333417383896554
-0.75135681057666315
-0.62427775741102554
-0.71848875629237763
-0.92058525461298768
-1.1628790386707746
-1.067455081128406
-1.0959238088863765
-0.59624458865470553
-0.68548117668344088
-0.89298123568193877
-0.86750545058272455
-1.1270990223562887
-0.63183175868418573
-0.63079687493285974
-0.86055759100958185
-0.45618050193038145
-1.0767347925009576
-0.75075997698949926
-0.80628908135176613
-0.69205908928755533
-0.70623817117534371
-0.7936455917009394
-0.50358035220097608
-0.73902061650526873
-1.0465603221595783
-0.75949506779702902
-0.86099553785822047
-1.0118741398753572
-0.75909305326929422
-0.92685709578698128
-0.60745267666460201
-0.48360385488152563
-0.65015008605168345
-0.58593503076999798
-0.71091894711360371
-0.7216636573634484
-0.77539820569436335
-0.67848149268776325
-0.8271666178351158
-0.82600811263217211
-0.66218254393742237
-0.78408130792204545
-0.95033531223102441
-0.60743560474220348
-0.54986859322275106
-0.4885911151529661
-0.62857583102530812
-0.72201514884087192
-0.94753210015354761
-0.80519213786811439
-0.59997283948671432
-0.20867038382642433
-0.67207264661123101
-0.76072845665375965
-0.67178833685399586
-0.5589932908695403
-0.47810455662126089
-0.48143574124019561
-0.50082204011782538
-0.52397250330964706
-0.58425244604480886
-0.87763415122921407
-0.86472400355869206
-0.52343639765029371
-0.87246220813109288
-1.0017930464780282
-0.59094332165295504
-0.34801464373584173
-0.5629937948526772
-0.58019154896843506
-0.4518961681172956
-0.3918980664267197
-0.48589686879765792
-0.76882191002679567
-0.74473786932830111
-1.1653486425018678
-0.78560578269340375
-0.87387077527680546
-0.64699973248232467
-0.80797969767338962
-0.61931030682960786
-0.96479173487080472
-0.86279382927348203
-0.52001474633921252
-0.6009781232658914
-0.61211253303692315
-0.5695068689509204
-0.50881818151097447
-0.53695854249693553
-0.73254542893217978
-0.68784148675580381
-0.50135009203522585
-0.85148877082503871
-0.4313825260481372
-0.36536072594905172
-0.75829392132838258
-0.48503406416852379
-0.82475867571378003
-0.37227912734957591
-0.39418624315480749
-0.86102566197179509
-0.31753061632282403
-0.39562192756740228
-0.57754264937722055
-0.74198144519665044
-0.60452329473078359
-0.81209640555707541
-0.41893850178382569
-0.68703807809235118
-0.49381098225901915
-0.58788413253220095
-0.85290457537661191
-0.8803381493363156
-0.70089071632341082
-0.79721749191517277
-0.64015771559941925
-0.72687313348751981
-0.45804710379460811
-0.43414471614161676
-0.5263943023211457
-0.79165883195806319
-0.80195439450623407
-0.46349904501295097
-0.62224390293550036
-0.51456766672301368
-1.1794135866847624
-0.42142860003961563
-0.82982571295897301
-0.32937480260518326
-0.48856184596464075
-0.75210864547447054
-0.35900983813970333
-0.28509460141445264
-0.40031622544876116
-0.62356450167801325
-0.61789341094866768
-0.5438269567765236
-0.51549160532639293
-0.56040986216667599
-0.62859734180405691
-0.37826510287509363
-0.54005488094379062
-0.66163093707161136
-0.48583848934284968
0.041091739573077359
-0.50139523719939061
-0.294758330878018
-0.73340918875778982
-0.51163312833652541
-0.42575973069847484
-0.43561101287963583
-0.8321252152179518
-0.47906849331397411
-0.55456750152087742
-0.40310597617560978
-0.37217855906733738
-0.72151920130579472
-0.86298020580181012
-0.53922980677649868
-0.65801269913399074
-0.66079738882180195
-1.1450072365555179
-0.45059570243628766
-0.56821114112991777
-0.38866737690343006
-0.55138938831378559
-0.7965261570562665
-0.58013757829159962
-0.45579489630146358
-0.42611420808508338
-0.78530594329864023
-0.52835478493078303
-0.90101409579978009
-0.65706018509424469
-0.49537332744228829
-0.40863367905747955
-0.20617579731744781
-0.59797692957482429
-0.75002301119033099
-0.39224121314977012
-0.61854751333969793
-1.1588073219497459
-0.50903041734485022
-0.41846528846345515
-0.58835417876683949
-0.41045455563471506
-0.54043793633843096
-0.35206555903095427
-0.563709358388232
-0.52477481095429568
-0.15739281139214489
-0.69466694394512596
-0.5482527651995952
-0.39160728596731337
-0.56226781564485095
-0.026116088724267593
-0.19194050058169962
-0.4118958367875899
-0.20281919006574101
-0.38720508310787721
-0.11632886604100312
-0.095342499877029002
-0.32573015001387495
-0.23098024729468877
-0.21858504079133609
-0.14454914307758918
-0.16412068659310314
-0.23734079032384323
-0.38808881615734531
0.06768918753997305
-0.67327542313819633
-0.11517356623912102
-0.40621943911006103
-0.18508751339072119
-0.50444210261214428
-0.26728354650331854
-0.26490785163111763
-0.55839528161496388
-0.49621978297498592
-0.08052011481380382
-0.48940490598144665
-0.15386682260263868
-0.51016764491842048
-0.20200343315369956
-0.10625674130041468
-0.40997885066693923
-0.294331456942174
0.056710887246055587
-0.25670273619610301
-0.37460134639027237
-0.50119744964143442
-0.2423980260888666
-0.48788161220797449
-0.18777606131990679
-0.099543106859351527
-0.13155697118387275
-0.41740227225984594
-0.53454886809901847
-0.35907519267099036
-0.32529611946104492
-0.15203080299499533
-0.41324147236436537
-0.15064792817695166
-0.24498720647432418
-0.32362538188567719
-0.22198160672945497
-0.37286190292434435
-0.40047865519197345
-0.34634409884944817
-0.35734178325198218
-0.45597526578564662
-0.1356248142050018
-0.40522752206599272
-0.54790847507039508
-0.29162062294415775
-0.33170740664233583
-0.13956722634777072
-0.4824802119939996
-0.67810513969070829
-0.30856222356134949
-0.38906151134738337
-0.19508406832920855
-0.28559296217424807
-0.34844444801735791
-0.36178619373636461
-0.47142900875799204
-0.57939273728060758
-0.37919445728591472
-0.088338254816491893
-0.32013966854660819
-0.081868147324566543
-0.41130886115653892
-0.5395621349820261
-0.47936159411637136
-0.49682173776065641
-0.39732388307150257
-0.39560771673482853
-0.5981137003049195
-0.17487161483547425
-0.88884828248846837
-0.25938328600050514
-0.29778679774149303
-0.4628191949969509
-0.041722397758851691
-0.48930324807980174
-0.21804218173169676
0.044957428849429049
-0.034744445027581221
-0.35425518289623603
0.10587413567524273
-0.41377950399862212
0.16284532888063655
-0.10506294499005887
-0.28984274373431129
-0.44851196633146573
-0.37809535798949628
0.013108406696606439
-0.26378100964583784
-0.50556009831293736
-0.0076348178121354426
-0.21675723807433517
-0.35999354084429996
0.058652833749483824
0.0052785032008141565
0.159158644499764
-0.16497037015238505
-0.27118293273996202
-0.72122204762904152
-0.16323036477041256
-0.09618082665925036
-0.36673440804658569
-0.21808607125152388
-0.40922669795258687
-0.034867028768636038
-0.17857638686342292
-0.1275596956618513
-0.36516948227122892
-0.15517352203946067
0.18364826244494681
-0.30887339886391479
-0.29826184069387934
-0.22755078157042441
-0.39393022239026065
-0.1179045833564331
0.10261359540328474
-0.67707087552591438
-0.2765923661214213
0.20812734629027071
-0.41021503012693478
-0.3428232053589591
-0.026523032168966613
-0.041222530534790899
-0.23890507321745699
-0.29636004615121014
0.36695044717441588
-0.46430331188253232
-0.299389872115228
0.089652520243722389
-0.210280423467992
-0.14301174328273808
-0.12487252355356876
-0.53936893866199853
0.044623863907395617
-0.11229783854523544
0.01866459350407557
-0.27592661060610929
-0.3797517571294704
-0.16036992752769616
0.38921226865004316
-0.067899877093570496
-0.12648968080187961
-0.44938374391047259
-0.20954383988727265
-0.16775245618112408
-0.30753687824969977
-0.049700434913954726
-0.12024371147510803
-0.38513965410388817
-0.053335362478164318
-0.070880867280909102
-0.3103690195753307
-0.39139311984173358
-0.078420645425061192
-0.41784207599098133
0.029492719282869447
-0.085445023138133652
0.1256613572053219
-0.33525914147225178
-0.11027637620822721
-0.034468373845896787
-0.27595813258230073
-0.36904669465483453
-0.23435772069909083
0.12450889221508131
-0.18785840637461393
0.094524992628080118
-0.16446710463809919
-0.35642015422624368
0.1483665088394357
-0.18932067823930634
-0.20710129947490763
-0.081155573667491029
0.042806870239610148
-0.040168945219516264
-0.16400160965133528
-0.097472499955227221
0.15470550408787714
-0.41438051793102526
-0.22907230847380219
-0.30792519561365272
-0.15620169483622812
-0.31670552101776545
-0.0016633964406707639
-0.080654436791551071
-0.13803290545099217
0.0069044254447027742
0.071191445013228688
0.2847068503648269
-0.050260300682245629
-0.24146310034934873
-0.29046426452766544
-0.12879660128312989
0.0042045752553104389
0.01883223548381233
0.10287455312405239
-0.20735989004941549
0.10984610192171722
0.025521152128687021
0.2584346727173501
-0.17254477380022187
-0.014873264697607604
-0.025370538993024917
0.19173451183191945
-0.29052746930338391
0.085104412506151528
0.37461919058196086
-0.27976323488535831
-0.22680468828234807
-0.017906800802876991
-0.31645861417888427
-0.21541312312076619
0.20059053786291023
0.29343055092688902
0.071295288425587397
-0.021244962816505088
0.31266113999588308
-0.24919877790455924
-0.16937537740400363
0.21834855735411834
-0.12575961690079859
0.084621574340350253
-0.067983191542485999
0.11302189654390161
-0.13171922608541745
0.10713082708273952
0.24554402667061456
-0.12429423870940023
0.26537171965486522
0.073968975905509979
-0.17459005711504655
0.018389585591839647
0.19527763533961989
0.0065277751070025999
-0.13773633237608435
-0.109664276881051
0.25647315220282596
-0.19446832573304601
-0.14728847929929947
0.029357740575948286
0.22633250042336803
0.22856529670143669
-0.17002585620150915
0.22241374919731316
0.059633202155217023
-0.018068699231802394
0.26509950881875788
0.144488758041565
-0.094722457735320634
-0.233983765383419
0.22532700168115347
0.13299268206935208
0.37407206236628138
-0.21750049620630713
0.06671619715911295
0.21321837518605888
0.21969957536090626
0.10618443699062483
0.091526858213686849
0.3898595136154327
0.16746765448901166
0.39513569701542123
-0.016881994901491042
0.13778938977183655
0.23532277569110649
0.10746485149668075
0.04828252124811485
0.074756362213713012
0.20714983834814782
-0.013977705745039868
0.16932714695179035
-0.10319743829130858
0.062315437269500264
0.07929419077410832
0.48094629175223835
0.427357586780162
-0.22362727618283243
0.096018335778678202
0.059006804385960863
0.10881875797242078
-0.23876203290556572
0.19189166044300593
-0.054028987986973059
0.15499929753528735
0.24941728028509536
0.32727542415337846
-0.077857146041783912
0.32148524125163358
0.43170324730484
0.12160284917145375
0.12151948369808627
0.12573470387455307
0.072760479334733674
0.34058508049119263
0.38912682750838634
0.28472024641329852
0.38151272342539438
0.19479297039901697
0.089349304281518702
0.39463358999280201
-0.3216648537757299
0.14721767497259083
0.22485437479759773
-0.19099582261202289
0.01626676940424257
0.55638535204519901
0.37346703247230778
-0.062211101271210649
0.54824040848624345
0.080763674356144302
-0.19228534768755021
-0.029081301793611358
-0.028396400042224906
0.030478459735348559
0.23975575547623054
0.54077072450591746
0.085998365051348044
0.2870278064848889
0.27748483078128816
-0.11020280008916772
0.41618292307121102
0.0063901022360006773
0.2187835478128739
0.27839940697087096
0.53644620439023161
0.26882976034112432
0.23078847507370798
0.47269280555333365
0.38313981341890829
0.58280882470249717
0.28326469172249236
0.19012184890927442
0.20478110943364791
0.024378569006665563
-0.0033791677929449382
0.71806590387505465
0.14781823285747361
0.36855573490243088
0.57752872432585967
0.28237091140804677
0.50237628616469621
0.43875362865727668
0.23222259952905278
0.48014325375552086
0.33225863135523043
0.421809543702443
0.14049601684337754
0.50019838785026205
0.63009541978092465
0.49018561291395352
0.41440475043242253
0.28635243800867094
0.28359237737373388
0.54650668762820176
0.42103016413030531
0.62525694341899152
0.32540583641022847
0.3451876111554521
0.31711956014849935
0.16761618344206231
0.24007711056618852
0.17713427917137398
0.15988924250385159
-0.077110211218864438
0.51902683649647685
0.54806877093360651
0.43366880897160837
0.51228156624113486
0.42382111436648007
0.46635145081362578
0.43325467185434696
0.37500420078521662
0.22573718977375851
0.47116833936306618
0.2738664778586351
0.21148809321309117
0.79823352908903533
0.60540532236227829
0.68404128066943681
0.27122239724002323
0.44240050030786848
-0.030582410973426705
0.21827969920130938
0.32154523046174127
0.20330402340386436
0.10608402016215686
0.3872158443271404
0.36803826815870599
0.35744209891826989
0.40538631363465172
0.69103935351133694
0.25963149212876896
0.12037050094388566
0.1566769341796013
0.3208719904166733
0.3079065048688322
0.28269496866575988
0.1671015710339194
0.22784129092326891
0.49847420960163835
0.0095766613273268603
0.25557655126354922
0.48263683226039039
0.50228958679390401
0.18678962234816696
0.40401068699946979
0.30690551751225154
0.093923621290537884
0.4591338924802128
0.45197726699503687
0.59574799097691644
0.46249230331414087
0.21966713787410097
0.49726087469269054
0.069549939288672091
0.28317257592440365
0.50544153569020811
0.31673957534392738
0.54110548157340765
0.30190181935285931
0.43466136708973535
0.4706608285727279
0.46784812006642146
0.51854978134656993
0.47847972591461924
0.8055163580637611
0.54917558693211344
0.69558735949722572
0.58741516677001604
0.37147184949345841
0.20128626381532055
0.51322209667201824
0.4195783796966554
0.65958475457923271
0.36375644107897553
0.38466020405383389
0.3902194664329523
0.48196303041485788
0.35399343326623423
0.35833177460851734
0.62263742195187555
0.49210190409066323
0.46897432450441989
0.24892333018174531
0.63244695658828987
0.54409614486114266
0.19735273051289562
0.52618977535472355
0.22793576627507658
0.55490148428529074
0.18119288951608251
0.60187030126724972
0.70724014068055752
0.48122929467691672
0.860629861540949
0.38749264839503256
0.28581697478135853
0.51553454113044805
0.41236440972368033
0.12837085357478772
1.0364510970770908
0.53934329304231077
0.55759954967931624
0.84857510133245995
0.95827828853463759
0.50459154497094338
0.23935085571081585
0.60233440247290093
0.60537357525675262
0.23135624511076597
0.55521819125847738
0.82563479809776263
0.28471035686276042
0.55671390578617885
0.49241386093387185
0.57689268813284156
0.67072657272027802
0.19193040828138044
0.64558849857260558
0.7110111944521269
0.15662843911324306
0.56763798996984405
0.46340077735585422
0.70318899730770712
0.45710205684495303
0.45580948927977649
0.2883500234394033
0.31267144337479197
0.7379492518444204
0.91638056859836547
0.51579021195714525
0.81123813927610555
0.11112787640703456
0.59594786489066676
0.61184458812362708
0.40018593802276614
0.60806352168952271
0.50970533510475224
0.6333168160155721
0.63509394755433468
0.66454810297698286
0.54565127482580056
0.90761744582652415
0.92022600012946842
0.67083612751408184
0.5517754112591966
0.55485918928414857
0.92165256594526446
0.57877908958212954
0.81901819981530699
0.86020862657106734
0.48183031775961266
0.70782428278897003
0.13436219790894544
0.73213865042980231
0.6270505899019827
0.87257578742826236
0.89613040142438449
0.60257891035904187
0.9002529840961373
0.51379584831118452
0.54861537193209242
0.59207591720998209
0.64226067837613698
1.045487082212561
0.59498784939271332
0.72245468960133818
0.68261529365148776
0.74335880587466829
0.60816020788737746
0.53200359021434562
0.39340652920955932
0.63276124691427893
0.88724395829869096
0.78121085013074198
0.32445749735854557
0.29910194891180814
0.82918077256431999
0.69646059056948184
1.1123021672339404
0.56673763627460172
0.75523220689155912
0.7892569924908045
0.82079646531786055
0.44790221475829201
0.81196025822064655
0.73535776621261573
0.46210004074270927
0.97049244967665627
0.80347818723858133
0.55330070597727976
0.59046020409623134
0.97090782578644763
0.71857851838124609
0.58300545618326349
0.76120568095433971
0.91924249467551278
0.93868266168474479
0.53328498439573102
0.51551499111869603
0.60474988849304911
0.71888476517194844
0.64554454228729274
0.94970547632240199
0.86648246679917862
0.84671985080454304
0.90553988571910649
0.66997934908768197
0.97608989612957908
0.90548494980649286
0.65444205190797522
0.78064766248571404
1.0737377846498952
0.76506391178523248
0.73550192896089195
0.86455536213166084
0.60154447511618225
0.80811852601662404
0.69153347382454622
0.71267517747014975
0.82354499352682997
0.71593184309853808
0.64903186358879272
0.92877551625899635
0.91767936127351701
0.63287601861770748
0.97921794444869126
0.84329900294136328
0.51139955557377037
0.57393371095922008
0.67805568468941158
0.48761461055158173
0.87360037636805432
0.69573164323396963
0.60476487497544518
0.65333124502190609
0.8903747838594257
0.68084591019848395
0.65991751465271342
0.44152864513379692
0.81594150305012858
0.84416515031408124
0.76588977806143821
0.8703738111048831
0.74525169512250755
1.0048377211509689
1.0613552228405387
0.96586302971724136
0.77030347163658419
0.76731824436797558
0.95038841028411036
0.58994235556850982
0.72841148190166471
1.0036857130830263
0.73660217372417569
0.99998725441979963
0.95489674096169685
0.91285798754668435
1.1320709954568577
0.84152738484361411
1.0700279146221718
0.91828377286649354
0.86329849052480456
1.2073651252224402
0.77349323731570341
0.90671830276480425
0.68495184187381286
0.65893886045918149
1.3213952836589746
0.74936583645793275
0.51907961385353285
0.31701059591073527
0.80893064337083975
0.9765668282973452
0.79537053248734102
0.71128298549554292
0.90358669949121095
0.9543471275991644
0.79122775413330737
1.0001594467784534
0.82052245798255519
0.64765681934668584
1.0706722964707194
0.87432963105073969
1.082639108086995
1.1622489113225107
0.93589229772331095
0.92093901072468476
0.74592316734672814
1.0047217755094684
0.73013184426149103
0.92352814432206465
1.0750880644470191
0.86321627069762208
1.2053648374824757
0.95095191036532156
0.89690858817885422
0.67648579986733515
0.80094362520639317
0.95956386938958693
0.58895125030079087
1.0085315810607975
0.82638790435625231
0.85622313728611443
0.76669792812324211
0.87350938522376331
0.85503010949107916
0.99611701338010561
0.92189187644635773
0.89103335677362061
0.88101049070989534
0.91515819071980364
0.84332812377490463
0.96105487297073644
0.79648039706906171
1.0850327773814845
0.95344968629084859
0.75053278926710132
0.86930351254393845
0.98336189871299717
1.2595143480533286
0.95606759335703417
1.1992863071568862
0.90665408689285287
0.98884476015448741
0.95037041861705385
0.91383927845052049
0.8071826278509282
0.95041198804778637
0.59460099938152011
0.63981209683179296
1.1745576393962518
0.94813874425065847
1.1459005371425659
0.61571564043925764
0.69278795658908821
0.84315056465127269
0.93781382437996519
1.1512285123488035
1.1221370445147067
0.92006382743923476
1.1552424728310031
1.0953211139404042
1.478905309610852
0.69591613175342804
