-1.1958895913476186
-1.1590128799148267
-1.2847522693286049
-1.104247243288365
-0.83197932088465953
-1.0424303479637591
-0.82525727332893861
-1.1386088986084846
-1.239876998321404
-1.3584902527629619
-1.2101800418418407
-1.0537789252926759
-0.87083129361764755
-1.2714917486875801
-0.94909167342595691
-0.93112477410682859
-1.1869698356058784
-0.93951873936259855
-0.83083749884761426
-1.0401289544413346
-0.93732880511945926
-1.3652232021652002
-1.0429994889667697
-0.78379501088573023
-1.0828608661945842
-0.90621877088397951
-1.0509950526496885
-0.81449565457148076
-0.71708727872719924
-0.90766411404020231
-0.9122142677900601
-1.0337060207468514
-0.92148034889368913
-1.0037470568014637
-1.0333471136339816
-1.092134495691645
-1.1391917589631009
-0.96291388978321779
-0.98335011503098202
-0.77984826868447943
-0.95849109208300365
-1.040751557600625
-1.1332128744918255
-0.98752930695095642
-0.77930194239520256
-1.0089158508911338
-0.8364045283852648
-0.71828648328910494
-1.1756661440365541
-0.89518157937073128
-1.044056532369094
-1.1402728545133276
-0.71676286342442619
-0.96645191028372612
-0.69857217418382767
-0.52626869720510783
-0.93980960945803704
-0.9366609188847469
-0.72601360719718733
-0.74586017345170696
-0.93536355913896185
-0.91588305996359665
-0.82318006690949397
-1.20151367550165
-0.86856556243507843
-0.79548174289971563
-0.8778636588064227
-0.87965679578590894
-1.0781814541809809
-0.91771904072420163
-0.84130718730245813
-0.63142127755781163
-0.89199591305474235
-1.0402646958049511
-1.1768115885872614
-0.95205950153661956
-0.94970235045255347
-0.94431669894170256
-0.76067853224356596
-0.84247621576116793
-0.8118439786325059
-0.42851712183731822
-0.70912110544258999
-0.53721814961459247
-0.91669967093812577
-0.81555924139388147
-0.82032943365168842
-0.90428064550750775
-1.0673570957094478
-1.1504525685762859
-0.78949522855667265
-1.0154823180330006
-0.71815918907664078
-0.71473861249706427
-0.83708176878956708
-0.6726049494401154
-0.96052868408741987
-0.78423563919523009
-0.87781141494386472
-0.52962754538155044
-0.6845981864427757
-0.75015393517965656
-0.95932762788719339
-0.77226704641469468
-0.5628141290246309
-0.83585309704875455
-1.1262474430923981
-0.75347927884546506
-1.0609818799232782
-0.79694608630293517
-0.92854599342990607
-0.87635233605702112
-1.209489359720693
-0.50632413955194799
-0.49952907534122964
-1.0749225366236084
-0.83817213280998837
-0.71409075423710577
-1.123219223995104
-0.41990167590477473
-0.91140905971236241
-0.88083545829796828
-0.91183921670506363
-0.85318894529458511
-0.60222620867062815
-0.83954031966338594
-0.86905532907760907
-1.0960495863668005
-0.83517746362141598
-0.5082966334790876
-0.56016429083614749
-0.82580335158033624
-0.84531570718846405
-0.73742249724375841
-0.60875529095577208
-0.73937203261672035
-0.50008722231265934
-0.73712500942555681
-0.89983090158154866
-0.7499714321359624
-0.82608669527486878
-0.51168844866551788
-0.85259133722447689
-0.78656605321007012
-0.7627419649575119
-0.97843953643607795
-0.93548419358123414
-0.72459805159454838
-0.59712484934736465
-0.5524244522785593
-0.87755463300581826
-0.65101494594699061
-0.77032599551809744
-0.69431210465724458
-0.42250585129180762
-0.62808831814995247
-0.41361684046131553
-0.28293768647891077
-0.66420371000671674
-0.45749779949741592
-0.51818657869074247
-0.82864881225190257
-0.64729539121894575
-0.82586706360230355
-0.64823234449766576
-0.68757033843822268
-0.53169143477179548
-0.73691633286239289
-0.61120967464078901
-0.67822065531570108
-0.73978984985190677
-0.72257785519856466
-0.4343358479786314
-0.725101956791949
-0.87831762392262869
-0.71155716800799007
-0.67541542711442459
-0.63906845468619811
-0.48495174369686417
-0.76895324940580967
-0.44459807779164279
-0.40709086686772422
-0.49515253318715186
-0.71856054944122161
-0.66279636779902706
-0.61101084922243099
-0.65245457661992323
-0.70069978601852756
-1.0836754354178995
-0.57398865899391494
-0.53200171431502319
-0.40068670720173261
-0.8727632144100872
-0.80875879215385793
-0.47335477713354823
-0.63577260354305676
-0.54999356896368612
-0.8785970010517824
-0.5068794103249129
-0.98450236217079001
-0.61666781108465174
-0.44938785803432651
-0.77410900114850367
-0.59334871963278513
-0.89733818276387844
-0.49026701576927229
-0.66361138459060265
-0.54550221451004699
-0.69532837975571493
-0.73709047430654007
-0.361549249504862
-0.61952060462226222
-0.68710376295518227
-0.80114667014279917
-0.62129053585647398
-0.39228845609728269
-0.60049169288767401
-0.66808177180335948
-0.79100765458179578
-0.8830495933643977
-0.55746778951351261
-0.57126034725332131
-0.94709131741694652
-0.6040109560573641
-0.48166811197430487
-0.37340962871588557
-0.60342038000041232
-0.45615814726702031
-0.7667085028927243
-0.51888212664178657
-0.82191793751619135
-0.6761522517730133
-0.42973765802323033
-0.51358372013074816
-0.48248427229781082
-0.70739758179979029
-0.68427890975107653
-0.68086860800182092
-0.68667944200352049
-0.66307078504867223
-0.57912249970781793
-0.19833108603684271
-0.54284761585439134
-0.55718027872603315
-0.51199882083983295
-0.57908031929253023
-0.40940708724143388
-0.51557161038405941
-0.67372883386542581
-0.4230444517645352
-0.67166976336523809
-0.34651903052876337
-0.6284816737335096
-0.61900918315590725
-0.69033564501405775
-0.50864529949790627
-0.57747309029692706
-0.55162749009382728
-0.49015965592151101
-0.66091257974309914
-0.29927304325730442
-0.50646232021502369
-0.7207005413500398
-0.40759396598436765
-0.76654095295245051
-0.52497536794748501
-0.4939953415319237
-0.27795758523102926
-0.48437777101819246
-0.41793790538294318
-0.57382578364153836
-0.64659364361344496
-0.24858898857940454
-0.40233694357628824
-0.54625611426970166
-0.5894348828706536
-0.72460136946558484
-0.58198457086604505
-0.49401673762388687
-0.60067913340939516
-0.6752312337916494
-0.34316308007013718
-0.12200782346171
-0.45697729402714998
-0.40649474072352965
-0.35825199001449909
-0.46760549011432517
-0.55895836813092747
0.02435295608319387
-0.46490379180911678
-0.34256062980281377
-0.52525446100241546
-0.60184125349130679
-0.35405098900273163
-0.32540217334576355
-0.17491033243034462
-0.5080815464495767
-0.39756912765759989
-0.80227490127028434
-0.23704489316414182
-0.25924964520998106
-0.61026987519644316
-0.59491393427016037
-0.64829060600085786
0.04706624904143681
-0.37461062459792616
-0.23791968889227216
-0.14057735606460797
-0.25673092392301367
-0.38438701907776429
-0.50307996760135598
-0.63589291564075778
-0.47438282753040573
-0.46825261280799368
-0.16445260465168787
-0.59520749436385079
-0.43499213179910462
-0.22708961481989232
-0.43994395326999841
-0.47597169899345615
-0.40220507851561882
-0.13324585674612968
-0.74031959439773387
-0.49507224139509987
-0.55986261928303493
-0.11106156840074059
-0.60080272118946443
-0.48489654307419877
-0.33477117346471991
-0.23903627547114545
-0.21546768615181752
-0.19199838433941879
-0.314997060160151
-0.31818053422018372
-0.36354440408798239
-0.47811168667193421
-0.32164890893056014
-0.55346212562187891
-0.4762273527705892
-0.57563100766045527
-0.42626456189537976
-0.52277954706977936
-0.57977203993497917
-0.40280175684149616
-0.12652702401001073
-0.2693849021621143
-0.38328428700392969
-0.37983869508107676
-0.20763527331553069
-0.34001248667516704
-0.42960718605822124
-0.1663682377087507
-0.24521515241927555
-0.15127138621215164
-0.15189300382982529
-0.27395409041063401
-0.35809491581053987
-0.28756306017965311
-0.23547727918848582
-0.016454874947850053
-0.56423475233942966
-0.21251532059049075
-0.19910853950621249
-0.45177459599839015
-0.36683234706747458
-0.2945960188999972
-0.30849846045890689
-0.34536957218296843
-0.4087705268034858
0.030277093139836782
-0.37146607631609846
-0.31963549452102558
-0.32957831572541729
-0.37809548316805563
-0.30116555661705785
-0.32752110535905621
-0.30378326036805037
-0.30891660671547522
-0.19253950162819575
-0.026505873973966983
-0.22221839734308735
-0.45672905286061716
-0.40633405639896003
0.1686806060256614
-0.43384575489914495
-0.031775847458921598
-0.26869268289235837
-0.16748492961683084
-0.44603000140887056
-0.24999455671034948
-0.26544332974317358
-0.35295203137431647
-0.35267729371954476
0.12388905027051175
0.19314155293846452
-0.12960399359009123
-0.3050202500850962
-0.025861161117469764
-0.27505926689254862
-0.48714422057593759
0.031747152274342556
-0.083081093431500275
-0.016523190481364997
-0.2724510063948708
-0.38187974228642352
-0.17187411829515878
-0.25477809549239483
-0.077093015560936673
-0.20418433929020507
-0.090563334566365644
-0.44425642981946412
-0.082611198955711118
-0.01849478949167124
-0.096707545617258736
0.0084849249494311305
-0.47424892641748406
0.054952010845379103
-0.045616467028913303
-0.50769130710705568
0.078843778245846638
0.086928990157517566
0.055311338561924217
-0.13137818595142237
-0.091984003870146061
-0.50259824301317879
-0.61206104257015126
-0.12036553895763394
-0.081063862820398846
-0.19776996190233537
-0.024611147111834007
-0.24760546415153167
-0.077723834095885597
-0.35609528151130071
-0.40884275007056958
-0.16703969339139585
0.011365055136423401
-0.080844211137906352
0.036905805510251619
-0.12770007770886166
0.11134943954758186
0.095217966680509122
-0.23708151026456153
-0.032697233507068532
-0.079836775727011949
-0.22748126640519717
-0.31774092693444184
-0.063888338160613789
-0.13316178920043173
-0.11076413007373309
0.10081882872487853
-0.14803825089180325
-0.038135749327383096
0.19270459665977305
-0.16014994420652123
-0.18966904997870482
-0.21599691328900797
-0.032086448527680209
-0.15668113134876269
-0.0071587507402990861
0.054924205239645585
-0.088261010407713447
0.22703628761914066
0.27244586366367624
-0.44074670361385054
-0.0084323178090404127
0.077833068083892856
-0.26144457300646007
-0.21830692457948989
-0.23807663096907955
-0.079767535117433494
0.061802187632685315
-0.30399557760878265
-0.28909739322111228
-0.059604748314008443
-0.36992301596803578
0.035547270611288428
0.17868933846535454
0.039639725013842955
-0.039290210206491344
0.27054572283723594
-0.24710429690306765
0.022146304493176054
-0.091260914600711229
0.084972262815641686
-0.14556228737990434
-0.1762756946095011
0.022240225105027982
0.034245197602456902
-0.19004930207956297
-0.10974936535053036
-0.087016817781535916
0.081309280059936873
0.012232761096711108
0.065419312896305717
0.10989089304661491
-0.24721111039886307
-0.20128808578342938
-0.33133966193420622
0.012143598223005968
-0.16229967005899765
0.13182302356906458
0.16737809480764915
-0.079435784339616261
-0.034206444307252164
-0.12880843949451679
0.10914831358206273
-0.068264490879316436
-0.066234959312015576
-0.1506372605368031
0.26545051582019946
-0.10978872093787707
0.16157276821675812
-0.1574021012305282
0.064549779850182037
0.23379772428877044
-0.12697321976712939
0.16326759902841897
0.21067905539364873
0.13402532647647836
-0.0051359182345668544
0.012957468027016361
-0.018041133427783868
0.22268529916207311
-0.082563410660453723
0.18598143707451453
0.19855002344641695
0.1249168356502976
0.16540964648075279
0.29155887091419103
-0.077483954297752455
0.034974218648425967
-0.16781210954726972
-0.088575835318200555
0.33870012705772023
0.27878551715706679
-0.33854023299174268
0.24911653060360039
-0.24797221824266402
0.15330609327167083
0.030750944865040864
0.0058592362677800163
0.19965016662156077
0.012788605813402253
-0.10259992316265316
-0.13047275296867233
-0.046433635928003973
0.14050270845532226
0.26048458959644916
0.19195499067856331
0.036827458465213146
0.18488452933864105
0.34412568126931958
-0.27317443909856909
0.24162684379008764
0.45559127432804913
0.08822284976638628
0.18732057399179533
0.53532137484317377
0.056069997551516607
0.18834924398068237
0.25049976225902898
-0.12375029439241
0.072268617340970828
0.10780993003732531
0.30247745572169177
-0.1094822439315129
0.053412250019887898
0.21314215767069261
0.31052142251890197
0.45903522021551224
-0.14438477028336841
-0.028474952757150351
0.0023114999804698172
-0.11058513640976139
0.12112559842442278
0.18747647826707994
0.5945277432712377
0.2788789373242801
0.13787962683117055
0.24726032909080614
0.39460877736431493
0.22867429439280765
-0.098295988353857638
0.38213294521724955
0.24047700733517005
0.16995037090878504
-0.1810058934750087
0.43905891711674971
0.086221184671322865
0.35531125208479514
0.48431413593660283
0.19323887934909562
0.19484138060336498
0.233191115993407
0.46736040009872981
0.13383565116566329
0.31066121311892342
0.15571854811889005
0.27686060539995239
0.32836342544861169
0.28101645129110292
0.20810835546955569
0.49939712345944043
0.23643113344108324
-0.049682538803237954
0.10520088990162903
0.17512300122447169
0.34142815842733631
0.46394019497758587
0.33934412462607694
0.17689705641001138
0.12043292519008922
0.293198187240438
0.49972451285842712
-0.063220727272581226
0.55609994035297905
-0.0086352860883744283
0.33834757637462742
0.3972266650850349
0.34101178678785293
0.45642373410862991
0.34055353330018862
0.055466841969462423
0.33411476011323321
0.29674169099979669
0.47762274703914254
0.34602450211594649
0.16431680909120114
0.2802344681680542
0.20631436035610462
0.25066106271156124
0.39110150108102437
0.31631661991755572
0.54002350692285628
0.35860968758282874
0.21994643429168356
0.44018496949604724
0.4471755615755344
0.10758300594430903
0.41613457878673854
-0.047649810462612824
0.24381863719370331
0.29053894416502679
0.075029800970786986
0.45095272727038943
0.23224371445617276
0.16822833968741244
0.39175068384991857
0.3039309653846563
0.26387626815954734
0.11807996391528695
0.37335754564954898
0.68346527736441853
0.23863170347112297
0.087372563986243837
0.22985588720136094
0.25965834899930007
0.32175033139120274
0.53049693497895323
0.17698072825947045
0.54664999815792037
0.15905886190299787
0.5146692219204575
0.59283303094283502
0.43239823629355073
0.37806595708026658
0.34001722268711243
0.32270163962481563
0.39205299553377027
0.33557983498071314
0.21874858234210179
0.38907851688916639
0.28216321030147695
0.36466726671023958
0.33450333774812968
0.15974721205767495
0.31276305493284801
0.43851662633752292
0.016340802275268913
0.46382822859917977
-0.043319977195020898
0.028952507308037726
0.4861920811038391
-0.035152451337160599
0.28853896148507679
0.50639451288981885
0.43825493875634858
0.67349923082434993
0.70235118044888845
0.48463494766850662
0.31856192272939871
0.63619699625456805
0.56499656047901869
0.53579771912032281
0.20905562172443296
0.19217117113483997
0.28184269881435875
0.27571458391689957
0.38909259356576831
0.26155903290814375
0.23291754395592693
0.484328290080004
0.20220654689944254
0.38947459829613684
0.30219452853065154
0.60129465326982201
0.16637607741831323
0.32760476417213324
0.34356759272198939
0.37291321239824171
0.25340574890313622
-0.070109551392342956
0.40577685619353548
0.42480428103697315
0.18502438249041311
0.051483685977287134
0.31202093253496133
0.42563043513220117
0.50094826884677601
0.41409901860117015
0.53541552684963611
0.54436049205506609
0.16561582783059237
0.29240824234667789
0.099182589585397551
0.42381998844481933
0.31145517554255459
0.68557377750595605
0.44436496838293588
0.68504466896211813
0.41953558865435941
0.54482558992346697
0.29022969773170015
0.13704230793957325
0.70012302290099004
0.73977096035904721
0.37715735750962015
0.58698741813166444
0.38189134526337348
0.53333646633876375
0.19821982328421167
0.66684646857467578
0.89425278718046819
0.63301657422404067
0.62410110386010809
0.31827500636490641
0.48515148115612811
0.57763236091907022
0.39654705751684416
0.52622863585189883
0.60785249751446757
0.64428805867880756
0.58630319360124727
0.58890673408791916
0.59935981774199776
0.33635268773628557
0.5593411153802702
0.64625774664341351
0.20891087560088284
0.48946845834587399
0.91630400866905337
0.66958690001227272
0.55036006853745134
0.77324801468023929
0.59281966321205859
0.7109686706801126
0.48344482144148571
0.40891459243952238
0.66422600220389671
0.85818370571809932
0.48123344101569016
0.84103512030256267
0.59465665756188768
0.64202713947139733
0.57189147210312974
0.65850284628376465
0.73845649102097577
0.53267378084045269
0.69465217944854263
0.52530746312122856
0.4548099612288346
0.53951548810792227
0.48391878102101837
0.6096483021487884
0.54965075198626745
0.54917392435343537
0.61610608121984367
0.81887879195640867
0.55442761419732378
0.69584636413918022
0.50845282767281053
0.5360094083662551
0.48647955356656136
0.83039643651876049
0.64303232195218007
0.61115249897063351
0.7331985141516516
0.65145712765226871
0.22124110328915469
0.77469019627990965
0.81541282690415429
0.61743951295293065
0.99701215131902854
0.44857687242150401
0.66105234513720013
0.56863217564671675
0.6782309769203011
0.56293283130916694
0.56257300988624914
0.46711966006862143
0.77633156623293276
0.79055562230409737
0.51177622465922989
0.83012077190235178
0.58243066302772661
0.80798316319739349
0.624451656541958
0.63972965286387562
0.65000931543337925
0.58889962887285052
0.78688632461225383
0.97396391589306275
0.60584749522367587
0.61182806573676252
0.55089788880515889
0.72568867280575688
0.80345480621504461
0.8318771692082616
0.60948687645788246
0.56076849443377974
0.33620077558074152
0.90513246132166436
0.41740424679146959
0.63644982582435383
0.76462836457041028
1.131600772211333
0.70220215679894971
0.72945204988362067
0.91907719109967867
0.6414331999041637
0.79750539366036699
0.73031117795844791
0.858505701700221
0.84019493501757458
0.25788717192683525
0.41982394676740981
0.72858262564810139
0.90647890425751765
0.80315334062755239
0.70170177452425953
0.53544246201588297
0.86787283416571004
0.52082453030184706
1.0466442175144293
0.38279109686748164
0.88716674797960748
0.82913613096557337
0.70732111601744208
0.57370902789560607
0.6705697408271365
0.40156093192058151
0.65502186072672686
0.93176889518457517
0.66991429262117508
0.49666056355632576
0.79517310154287468
1.098634387525238
0.76759390878291267
0.58143123656157125
0.6589929232051539
0.52725638914627837
0.79662039058763334
0.79857299306224583
0.84570829947659398
0.83389931363975411
0.73839238140048136
0.31262243067052004
0.79887233005641534
1.0627431299129964
0.56856947279161207
0.67266866991219065
0.92070338739947366
0.40981154738822545
0.94700723520702046
0.58856053651659535
0.71112862773555185
0.81390109815747846
1.0380511803865067
1.1088124038578844
0.83261775418887707
0.77670835003825123
0.93652995342907797
0.78169013470305071
1.1518614376555509
0.73776942588631578
0.77842572560777867
0.91281167402092411
0.83575400797851462
0.27912712822046826
0.73028380059167297
0.85182439325625714
0.59324244097463619
0.86714448512456466
0.62620650611007966
1.0193842832976812
0.97200717591570229
0.78728483959331852
0.64976246259383941
0.6288898645547718
1.1117367926744723
1.0121564830500624
0.90991753683357701
0.71749912863811727
0.54538099938170459
1.0355752720280982
0.74347382039342336
0.92658672235892725
0.96849747932447783
0.59395496377011692
1.0484376704901384
0.991154275374317
0.83248337894870728
0.83257465161556121
0.67979996029542455
0.83654338475149081
0.91784235795615321
0.88998471787644706
0.98093169040853834
0.9308745446476655
0.63513425854447814
0.61974011523057415
0.57328965284092359
0.87915564579781413
0.88389094863028728
1.0407405659588611
0.70072482283140225
0.95000081711402529
1.0674091600484548
0.90852252377962894
1.0190502963895784
1.1654184755438919
0.84599947470376646
0.9780502725557163
1.2236831670820596
0.96564908843716879
0.79712263779695969
0.87011470926183609
0.75086081908230207
0.97220118490601071
0.7626480749303135
0.91918308371492985
1.0390946791415663
1.0115202441155513
0.90936744755817867
0.9170934471702239
0.91882490518575188
1.0735962795132192
1.1121461177981795
0.7958865446819775
0.83859355257628454
0.44904813009297884
0.70447574377176925
0.94169627597486782
1.0775465297762243
0.69240861379403873
1.0349463186095058
0.90658773187659414
1.0325564476952116
0.87318472701212968
0.81287502101959341
0.99324911232044866
1.0672537402655322
0.92016041948747151
0.76745282278915139
0.77012483106603757
1.0298335638244749
0.92750213052338215
1.182368201826008
1.2546698367327576
0.88352731391374628
0.90330534914902461
0.72628639029314002
0.91693568579161588
0.66940293554800101
1.0488055237406877
1.099642498798393
0.99620756863087667
1.0052866466437567
0.93237710465702328
1.2278957548005534
0.88995559880646469
0.73615187365082491
1.1199526238268946
0.88906384599520638
1.0294378679139888
0.92256818888225045
0.87657311472633892
1.0580857158007393
1.0620572074015042
0.71070884656588584
