-1.1908457105121448
-1.1649685886735615
-1.2705763511329429
-1.1147651738300846
-0.84374330286584753
-1.0444037945127835
-0.81845176396978669
-1.1307372917457441
-1.2349888609992516
-1.3542927865099459
-1.2048665245148302
-1.0401846057170954
-0.87709953096174675
-1.294452410438188
-0.93799336050661986
-0.93261079370212663
-1.2027793460985934
-0.95460983651786546
-0.82915361351014749
-1.023045482574694
-0.93428711917130425
-1.3622408460251811
-1.0360270964760785
-0.8195748451887328
-1.0887206079934617
-0.90527412696080878
-1.048083004881202
-0.82431021427932227
-0.72044736921471886
-0.92497120976425218
-0.9098818588169556
-1.0313917380508253
-0.91079814029628015
-1.0089919463444141
-1.0298536091430348
-1.1114638632100065
-1.1595406575409821
-0.95203646441697676
-0.95766855221642422
-0.76167208537890985
-0.95533248914577551
-1.0261927799648227
-1.1232035879596538
-0.98032792864788842
-0.7794271940060864
-0.9988786816620463
-0.8215532877892977
-0.69397536070612054
-1.2125262020947429
-0.90075286195520288
-1.0403584927884961
-1.1191191563625409
-0.71364302761487908
-0.97065116450876365
-0.70739060975853618
-0.52315425719990194
-0.93713533251226422
-0.93362454783869631
-0.72891999681032171
-0.76044032922288241
-0.94772424380451525
-0.91963516574455262
-0.80560977814824586
-1.1981917334393046
-0.86826596635647135
-0.78077732986275916
-0.87280762059051564
-0.87013016073543914
-1.0701965208865702
-0.90708252169873693
-0.83337706122666477
-0.64507028786753673
-0.92212515148727514
-1.0630255512194227
-1.1801062468849572
-0.95043412782428527
-0.96028332060081789
-0.91528808788231253
-0.75578396734851583
-0.84400321218143637
-0.81434434549095214
-0.44810456540924948
-0.70024927524003056
-0.55417374314178791
-0.9021690570627271
-0.77861684427571798
-0.8081138704351295
-0.90636125995641004
-1.0533855376507848
-1.1309462852243719
-0.78705817357758878
-1.0212496222630243
-0.71071668544415134
-0.74015647205275459
-0.8373945083391634
-0.67900509262708697
-0.95414892274552698
-0.78550617048048377
-0.86363858967541707
-0.55010468654814459
-0.67182814461431717
-0.73472696008429816
-0.95624656542362463
-0.78436327323567978
-0.53521697094069454
-0.83722918025993975
-1.105296785229879
-0.75368695204197722
-1.0228672858306378
-0.78778124921876369
-0.92514256885684665
-0.8804121675603942
-1.1980212921516866
-0.51278253148719544
-0.52965563109956082
-1.0746418110351914
-0.83934277787374323
-0.71245080872715494
-1.1322948694719459
-0.40641628467884294
-0.91101525668717653
-0.8891292194004512
-0.91751450344110719
-0.81274750347925739
-0.6080288220840192
-0.83637988694693488
-0.85623797660453049
-1.1054056521842093
-0.834105129719933
-0.50444323903517474
-0.56621982222282963
-0.81416942733748632
-0.86932059649995785
-0.72121071378780599
-0.5907589502032794
-0.73887560807677444
-0.49503279117757942
-0.74400282284987873
-0.89792875015953844
-0.76226608503745585
-0.82315892324805695
-0.51460919543256312
-0.84782755695243506
-0.78518378753428519
-0.7644542824712437
-0.97611130811999436
-0.93368015239372271
-0.72423648697099841
-0.58457323850932952
-0.55989064706341074
-0.89660050683093928
-0.66301853856059589
-0.77688798561029448
-0.67858024524636695
-0.42315715981393276
-0.6065542951413686
-0.4326528379132053
-0.28590934462606821
-0.67760814166457717
-0.46508908009822791
-0.52851214155626336
-0.82435770447962198
-0.64169319347860476
-0.82935240496748008
-0.63766429985987061
-0.68473091973697575
-0.52493317212153534
-0.71404515720886752
-0.61073274224473151
-0.67594450092027902
-0.7286102520353831
-0.7252639766552551
-0.43865771358832301
-0.71815258742898935
-0.88486881381398175
-0.70280614011178855
-0.68195115585576283
-0.63945651577698492
-0.49913630683545923
-0.76490371289271941
-0.44276730031844902
-0.42117686776710478
-0.48623166455216565
-0.71906000920204749
-0.65608596050501422
-0.60344082774856544
-0.65630048731885171
-0.69434050530867519
-1.0841739263302803
-0.56918508609710594
-0.53635071299403125
-0.40789608984406761
-0.88389362152467754
-0.81073624782561104
-0.47298475135702012
-0.64874774398436097
-0.55021338013921739
-0.85015780481042202
-0.49539442792520538
-0.98330313700448202
-0.62658622025772037
-0.4521551395736737
-0.77772391507444416
-0.60498761029528525
-0.87374499627104907
-0.49408414064091827
-0.67825661109797009
-0.54563322542682535
-0.69355129098083101
-0.7433618902318152
-0.3831544964744959
-0.61917958679576757
-0.66732859001071743
-0.80151341851914959
-0.61872621986177712
-0.37528943866527342
-0.59386312990169521
-0.66822560618031335
-0.792080759140393
-0.87514079855228211
-0.56093554497426157
-0.56395218523646995
-0.95343732104920187
-0.59055156196611525
-0.48611155113389953
-0.36930674957189918
-0.60613321647791707
-0.47257787580692834
-0.7493867843155444
-0.5264259574795731
-0.82719704944656303
-0.69088111490025739
-0.43421324264109656
-0.53412145625853946
-0.46962549555298055
-0.714310640849116
-0.71184705087962397
-0.66093038980215424
-0.69207376439393431
-0.65425626795479086
-0.58147998435178305
-0.20930428967035838
-0.5395354797019789
-0.54967676120645237
-0.49165720456257966
-0.57957122058684707
-0.39309730127152703
-0.52479546457562165
-0.67372809555485114
-0.40755577852828329
-0.65829519612464571
-0.35943658698616127
-0.62638008781750421
-0.59607378160504854
-0.68561243446920261
-0.50756593649325676
-0.57511522226895218
-0.53225607015531906
-0.50091073728942626
-0.66388978307610358
-0.31991760982060347
-0.5161224763089477
-0.72744915525826803
-0.40320398197998569
-0.74785138190685752
-0.53136510469019316
-0.50293676036190382
-0.26822440211739973
-0.46640703044166226
-0.42119318388491234
-0.58392811099505781
-0.65130123434093479
-0.26511913306505103
-0.37424816005210915
-0.55340956379262418
-0.58007231102170298
-0.73776538713120643
-0.59285654599584103
-0.47888944195973365
-0.61735440327211166
-0.6849520975605955
-0.38081241774492902
-0.10844521448045602
-0.42775706478099895
-0.39179889145317248
-0.34827693376055502
-0.48211808811276091
-0.56449357703489467
0.056292559078146016
-0.4673165499045781
-0.34776332839700597
-0.52310542119223702
-0.63035124424092204
-0.36320896333257047
-0.33507461452703652
-0.17848056640298154
-0.51563432088005856
-0.39316877702807834
-0.79750611567627561
-0.21369989378069387
-0.25093241200628091
-0.59328579865446474
-0.5873966251392172
-0.62249259343666763
0.031305983589825941
-0.37550391818138307
-0.21426737608036645
-0.13610115315973609
-0.23495461390386974
-0.3862465081875025
-0.50642337015501027
-0.62900840258190194
-0.47387908628087788
-0.4728536168701763
-0.16290661104415716
-0.61922431649527065
-0.45528783436589121
-0.24175026999096633
-0.42311391361750755
-0.46366437207902833
-0.39417776303265578
-0.14820221689214091
-0.75317907856225175
-0.45821434109465714
-0.53143614651330717
-0.090711636696278325
-0.60040561740031595
-0.49361376026446047
-0.35991632443695831
-0.25351346457843932
-0.2138542262287145
-0.19604116085087062
-0.28824186330802454
-0.31186227706032887
-0.37302339378353577
-0.47950843243903146
-0.36071804101151322
-0.56241413190159495
-0.45495573861421507
-0.57162837184408533
-0.4327139567485111
-0.5232335448055131
-0.57686413440391549
-0.38824992730897073
-0.1205644216862129
-0.25242412670948511
-0.39187586092756438
-0.38863662544983357
-0.21983310047190011
-0.35165328536525819
-0.4122454206411309
-0.1589171359547856
-0.23109338415594191
-0.14507309096447621
-0.13316727404794371
-0.292676480220604
-0.37782258175976946
-0.27727385309692515
-0.2460243156000341
-0.01994125090820217
-0.55872978217767921
-0.21358570000526284
-0.18202797118615591
-0.43951010978654304
-0.35071205510587194
-0.29498808469068594
-0.32693680932236319
-0.33804305860544964
-0.41465123225240358
0.0023276991948872256
-0.3663841466412659
-0.32898509947517113
-0.33589039537353266
-0.37332653672664295
-0.32018274050672169
-0.32372733221362399
-0.29839002315538743
-0.32891173162755
-0.19291527314033041
0.0010042936404243898
-0.21883115482643947
-0.44554355887161406
-0.41912949360242602
0.17455744333912074
-0.4516981602732863
-0.038675546244111028
-0.26778679724315602
-0.16877096230484756
-0.44482300939832115
-0.24186796200623104
-0.28094711207490636
-0.34003232261633343
-0.3768777552322457
0.1036657564218878
0.18932939404904464
-0.11581604761770736
-0.31410041534353844
0.011222081849261444
-0.27857049908410864
-0.48610660236284425
0.021189543415897062
-0.092659503564417878
-0.019252041326128299
-0.26619858642705624
-0.37368415758455609
-0.18812750131078601
-0.23621564590763916
-0.073277448814396254
-0.2071622495259724
-0.09428637393742538
-0.44729490029249663
-0.081489627279000526
-0.012512255847921119
-0.081338363278518858
0.018320604435405317
-0.47030459520394324
0.058562943881497791
-0.061479586759033894
-0.48797312077834959
0.082798633646927272
0.085815800152576324
0.05760278403560861
-0.15867498523333226
-0.10470632251842349
-0.50900955680081017
-0.60777995707912369
-0.10143448125067647
-0.080121763939206322
-0.16278722870846107
-0.014841079645086132
-0.22466653764244879
-0.082619501554431263
-0.33775868257757158
-0.39682816177607233
-0.16913490555203414
-0.0014876663578066555
-0.085372399610388811
0.03501463176243421
-0.13687443396477705
0.12862983581863385
0.10035677813742172
-0.25425771910811401
-0.035147504122190296
-0.083202506934039189
-0.21946718655537781
-0.3178621963599273
-0.062090496802063244
-0.12256707848169658
-0.11679845060281527
0.083477525166743102
-0.15902632770130692
-0.029694807476295316
0.19671402094982565
-0.14469758040706618
-0.19686139078988429
-0.21543588142086789
0.0007258082141581993
-0.16216480328550445
-0.017411037636740866
0.045322062948922506
-0.093862755276399049
0.23049722503821604
0.27494996354838835
-0.42768610768753668
0.0012484494415692913
0.061850283175949566
-0.28143711685526523
-0.24948900082516304
-0.25387066252868795
-0.058737732531201403
0.070845843240822937
-0.31321562824499438
-0.28274512383730721
-0.05378965032725784
-0.38656678133659211
0.030782766282855364
0.17640330818884201
0.049870343318459069
-0.032526187183890568
0.26805725276169495
-0.24032740343920761
0.016217327704713791
-0.074039011823356607
0.079773878347014743
-0.15635267750035281
-0.15910630296672679
0.017859206874519192
0.021910420769410643
-0.18991243993755708
-0.11229264201715518
-0.10341784148600272
0.11584422911478891
-0.001816827256067372
0.056158362889659794
0.11079998740654987
-0.25672705046861294
-0.18722219605725915
-0.33388065038651948
-0.0070077668396133237
-0.17120284559680479
0.11873021052791233
0.15482005352884229
-0.087309572107318406
-0.025051822286509547
-0.12040945985524122
0.09952842688149538
-0.061628192722367553
-0.06551592669719726
-0.14853729156271753
0.28050173299788711
-0.10504216278182531
0.13433816384019739
-0.15964889578437821
0.088315714271058651
0.25196829544274257
-0.12831649422029179
0.15730342578247714
0.20903822883132636
0.13841448249694757
-0.0010941077786755715
0.014732098502216302
-0.023465079147593288
0.21489564364615421
-0.070572321487760187
0.18088013414809498
0.17015049901746637
0.13322920766544341
0.18152108782755488
0.28949446070516943
-0.06312831265291885
0.030528557706888199
-0.15411139437214091
-0.073235805671967649
0.35117675341163807
0.26803259231943505
-0.33995568953139788
0.25993387042048627
-0.25621513614933134
0.1587329545747504
0.014704649077212846
-0.00029295947960925988
0.21700790029148367
0.015213607308213306
-0.077427790504527333
-0.11863538667812204
-0.04697578082227271
0.12459440381255467
0.25570955931932554
0.18663588164671652
0.056117840876231027
0.17445150779373503
0.31336142224274288
-0.25648363271272029
0.24400272037334453
0.44688187728558026
0.12378212099594425
0.17564922087056978
0.53261169279486187
0.063190015705673674
0.17210508304089209
0.24338298987693596
-0.11368280095797796
0.097361190803599756
0.10013908283850428
0.28656284187076714
-0.12734122198904743
0.037156422632380268
0.2060594818161188
0.32575407802895384
0.46456072432789974
-0.13883557861822665
-0.021032244772100309
0.0026655440951824242
-0.11501649884360576
0.13880221066083109
0.19802852753519398
0.59023887322158974
0.26475142793531675
0.13025316582265131
0.23971285778371998
0.39730388575246056
0.24880830058750469
-0.10406044569018716
0.38215214607832798
0.23836540535360681
0.17257842322720054
-0.16429965260525195
0.39683290918221131
0.097725075444552389
0.34054873283828946
0.50903632987805647
0.17414986711072353
0.18956807874561055
0.22340709461134295
0.4690196646991367
0.13507745981666608
0.30814754584860832
0.15947500387622657
0.29154123303747831
0.3540002024506928
0.31095303474960684
0.2233842220944596
0.48505407001293732
0.24290649347578822
-0.04281733125701917
0.093963575692378162
0.16116110532468972
0.32759491017408332
0.41990540515908825
0.31863433944343911
0.19594574898180361
0.12549901987757078
0.30775709177441124
0.4732321064117202
-0.069583645523436072
0.55402073598482171
-0.0033246097604424677
0.32121434307932129
0.37197577661781245
0.32519564412683083
0.45431027692174336
0.36685964387779452
0.047272690307848621
0.33947472502114345
0.30410628913394561
0.49781448134993489
0.3557587202023359
0.19848838680774394
0.28619354053804685
0.18183435547244078
0.25854880593908858
0.40120497541896205
0.3455583821743709
0.53012056556637477
0.37338607204378604
0.23344558229887016
0.42897179032767774
0.45695674312563678
0.10841636246358492
0.4186187184568731
-0.056264551286024318
0.21484258204923265
0.28134778721832654
0.068906824468155672
0.48400172154823751
0.20575456713877127
0.16030670700700758
0.41424336077077717
0.32789929182959954
0.25657773869777406
0.10508201468218334
0.36974229859486241
0.6958357783744592
0.24865190136456713
0.093716566582729338
0.2598439484400647
0.25705062498835585
0.33099612441044685
0.52484033612404768
0.16879514668865422
0.56258741747351482
0.17029112357971984
0.5251802688356475
0.59118316535533277
0.41469673695446546
0.4061067282732666
0.34796750826218042
0.33031007190046197
0.37512706742381852
0.34168227013942548
0.24209163091873398
0.36774761955959984
0.29429676581134229
0.35765238311324404
0.33115023702381663
0.16059834225503708
0.31698965333748497
0.42630816553422174
0.012976542628264498
0.48024551935175797
-0.045767495869765952
0.026526411809105522
0.47355972638410182
-0.039596904359867381
0.31015803256738639
0.51629507579949185
0.44459670697860171
0.66296738058182647
0.71040629478750583
0.48091203943268551
0.32027206347438975
0.63358242629776862
0.55279590137333368
0.54528133804036272
0.19845582780852139
0.18323996982129412
0.27381758578138427
0.2677900072770017
0.37940034924050497
0.25332218126693834
0.23269328770913505
0.49797947204224025
0.19613583503482798
0.3933734552864675
0.29708321898367918
0.60261180098335565
0.18740785352917036
0.3216191710712874
0.35123760882240251
0.34455185236335567
0.27709879736668469
-0.061883874280964202
0.40533707217162074
0.45628429688313371
0.19674001665375118
0.048423283234026081
0.33969009242247294
0.43163776181993363
0.48178831926375376
0.40158715441860354
0.54215492159270073
0.56310252481486212
0.15691356644395676
0.30667195068744646
0.12394293851844682
0.3986101848841177
0.2986036113912402
0.67761491682499198
0.44741117122468299
0.69832065568151858
0.41696785213000259
0.56443665593758374
0.30460496646913943
0.15036622463901941
0.73172644390315567
0.72600284648360314
0.36633627256052231
0.57146336136069398
0.37612970950515878
0.54413571951948292
0.21208737469457739
0.66184292147147095
0.90070651734395002
0.63003388519928771
0.64460336245099847
0.34197676057924709
0.46090119502544014
0.56467300500968143
0.41007208740342072
0.52100426975420056
0.61644122557084968
0.63182488275148385
0.57559958583912141
0.57914640274184825
0.62166437004451791
0.3369907286859784
0.54896166992863815
0.65727127440762978
0.19256099199658239
0.5039746467519729
0.93343717273584681
0.6528208833093373
0.54536983074973489
0.76169017830375074
0.57911416372371927
0.7271530865764011
0.48442604339438938
0.39916041889823833
0.67398398602646858
0.84112126174152757
0.45797729353611694
0.83321598110253658
0.6092464695329658
0.63811039020450411
0.56348317505771828
0.66784022025802214
0.73322462491238793
0.54824404538546745
0.68949456525592212
0.52087296517136483
0.45817176358358525
0.54278150579713935
0.49208707419263892
0.60338146209303001
0.55465338397249198
0.53270073092403181
0.61640172669129523
0.81468602502984255
0.5522803195631365
0.69741626227300335
0.5030852114309039
0.52322201564875104
0.49709803244267142
0.83337942697841361
0.61913278541051286
0.63420142101419075
0.7128035609152118
0.63495568796206525
0.22483092115339431
0.77942385214980259
0.81309117784422225
0.60366135158586232
1.0039379574863014
0.44221235756262256
0.64413129677295677
0.58403378592968513
0.68030205259077636
0.56875387511290121
0.55832514329160676
0.44126714535390832
0.77115130642464891
0.79942834871626223
0.52457920222381194
0.84267476886420878
0.58156591882708653
0.80270199094043204
0.64077515544677777
0.63156570084589647
0.63892013029107619
0.58356295191922414
0.77976609214670012
0.9579177454528025
0.61259208042177182
0.63085101784565578
0.56006846194972881
0.73480550678024403
0.80293184197359169
0.83151065445358174
0.59177997473693411
0.55976972553373028
0.34824527033330865
0.89980882468085455
0.40944355239859265
0.64853911898490257
0.75619938255590891
1.104013071300838
0.70100761969925729
0.74245952487772815
0.92702480870245108
0.63994686963480341
0.81824090715775477
0.72748807223380829
0.84017819755725731
0.81668939009760477
0.2526844895949093
0.4061876030600487
0.74199314822002882
0.91722343392925731
0.81203270139435235
0.71035815597620933
0.55768642761320308
0.8869301446734229
0.52410924146367488
1.040254631839955
0.40628301316128523
0.88159772773456191
0.83735597515052973
0.7139055721702533
0.57878254496914883
0.66773776971309884
0.38469275982885132
0.66634150644781864
0.91986422265902823
0.67957487471097333
0.51736818826079323
0.8062363951789342
1.0825441696393523
0.79120537758409848
0.56837580600704818
0.66157475970654867
0.52973387821579931
0.79549424848975014
0.78973851101927128
0.852492768595008
0.83451995836842952
0.75407974069171357
0.31778293363262272
0.80340075373889019
1.0680869099046644
0.55257557917924649
0.68495861533495184
0.91055635213477537
0.39597806526793405
0.93519586928388576
0.60636162050416154
0.7055727357009014
0.80742660483695383
1.0390846209891458
1.1151177543301489
0.82247579940361626
0.78804614201133194
0.91958496807765988
0.78384343673809298
1.1478262856248911
0.75855861012841352
0.77345200270323233
0.91959701820091333
0.83090748968644723
0.27510563609546462
0.72195759443708807
0.85925574219284251
0.58533300537209787
0.86855265789095137
0.62432752536242209
1.0095323785329462
0.96629626965530702
0.76192144072785306
0.65813551239058643
0.61250884735640576
1.0913653344439289
1.0158577597807259
0.93220045791237693
0.7340710054895534
0.56643516258441229
1.0421004957269306
0.74761414497909728
0.96958908595220694
0.9659541442118722
0.57334812229101029
1.0433255708375924
1.0203192966420995
0.81553529798017343
0.82287261449150262
0.6575160267537552
0.82948380833550872
0.90995004467001894
0.87602591204365232
0.97772286496441307
0.92317556903708475
0.65678681277208806
0.6293449617822896
0.56237768827059276
0.88521328235886743
0.86673841518395345
1.035165427475335
0.71730537929941851
0.95702140549148629
1.0741550848758872
0.90518016542909163
1.015236429992614
1.1792667801937275
0.83427814088282981
0.95505227923825664
1.2230999570237977
0.962575644815585
0.7707638311972953
0.86946714870292274
0.74522745130119172
0.96584005428372388
0.78826769000284758
0.93676071992484622
1.0162326152671812
1.0054817095564854
0.91411081151899221
0.90169227021897258
0.93420404295091564
1.0560587065470175
1.1170088704939967
0.79480541703131191
0.82630302652555998
0.44369890976558835
0.67111452769241053
0.95003243023183981
1.0652387262267742
0.67017535398957462
1.0606338363249321
0.91552438145435677
1.0444715438375791
0.85666643760779138
0.81183544409998321
0.99396666669273293
1.0324193898266252
0.92530610187480633
0.78632430419775756
0.75046535178111085
1.0238450262030319
0.94174204947811424
1.1780946998085855
1.2450056328017391
0.88975898037589696
0.89179582335824303
0.7321035427114303
0.91891361100216862
0.64301228430910184
1.0516669609533151
1.1027186023462479
1.0234393128271904
1.0176408939809998
0.92718767751179276
1.2668167684180491
0.8966901295879055
0.76013619890926121
1.1088303987757087
0.90169796265345437
1.0169283901506867
0.93555698201215265
0.85240967359828368
1.0692227150451394
1.0912065487463072
0.69855132769314754
