-0.9365608230486222
-1.2501082107857309
-1.0261349952235383
-0.68890729830219732
-1.0901745179532734
-0.94386695135004473
-0.87869911730286332
-0.90931711477303223
-0.82417599715712875
-1.1935993134762213
-1.2202804078675502
-0.87011899150756655
-0.8790597708225647
-0.98166999278243505
-0.93487323602004269
-1.0413004204146326
-1.150259421648421
-1.2257895844859765
-0.74316282795027622
-0.71961783357026377
-1.1553532814324503
-0.85180339605447664
-1.0320843815220222
-1.0011997044724112
-0.78697146305216648
-1.0416065450561713
-1.1021688646297425
-0.95542441849240767
-1.096821964325343
-0.63555012284843426
-0.7613986815064292
-1.1554849624558514
-1.0413008736041423
-1.023409059750831
-0.75905620758990577
-0.75538487019684031
-0.97291992765917878
-0.86371904323588522
-0.68086457021693036
-0.78210491751298661
-1.0248913337854864
-0.86168349243824283
-0.7750527594929727
-0.9585563314093456
-1.1597656819690609
-1.2744553269272965
-0.98225240593064067
-0.76676869153087279
-0.46148441584546246
-0.92504546010140487
-0.74141218971338085
-1.0025508401236152
-0.61442143097363255
-1.0208122051208257
-1.068507519820612
-0.92386583157345448
-0.98348997036592545
-1.1471889071896835
-0.79129479750226561
-0.67126478074769991
-1.0078741403599678
-0.60588959477735971
-0.80217295459145099
-1.0293035039072149
-0.81226463952865846
-1.3528659974831723
-1.0271964115592849
-0.82113105908309769
-0.37884027196514686
-0.76092605267691538
-0.86028823663114651
-0.68055500196543006
-1.011246583825357
-1.0548247695963575
-0.81110516367164553
-0.71559302810894077
-0.58551310113509625
-1.015992216562503
-0.70991256868775354
-0.81767372258347337
-0.86470823949712217
-0.69291386890848727
-0.79041216888177024
-1.0616658862866371
-0.94552468718258442
-0.73420211697046223
-0.81552632492310173
-0.82239983148590179
-0.56649481786995659
-0.77647230302654624
-0.84828384174759952
-0.71765913273270809
-0.9894631079948375
-0.81867378585123973
-1.0004185324544619
-0.86714198976013479
-0.47057674606592798
-0.89530567192330412
-0.98824041196651968
-0.48776186965892154
-0.59578484999109116
-0.61141523549996468
-1.0631099446370367
-0.62094558572645497
-0.70206902654991643
-0.92830367362556709
-0.66782259899653784
-0.96732624342836737
-0.7063124001205815
-0.74754668120336876
-1.089785446697243
-1.2992062553461872
-0.78812266998068792
-0.58389573270113804
-0.73651700257223052
-0.82775234901804151
-0.93277652194254312
-0.63659746165703757
-0.55604498008601089
-0.75442784272758168
-0.62905837148187727
-0.72330391929284732
-0.73897870845705027
-0.48207552627938821
-0.75765549044242331
-0.51359222195875309
-0.61745298890740974
-0.53224689193597596
-0.55988730554360044
-0.65529584619873638
-0.83561462020963073
-0.83819880607469943
-0.53732607661264564
-0.66801028322299272
-0.71935056781483953
-0.67062544350867215
-0.86223368967049441
-0.34552609300925835
-0.47464644271341683
-0.71235363345084812
-0.8063324464063294
-0.95769673996132154
-0.63035372104078446
-0.68889354393360136
-0.74955886257414506
-0.69466696371681624
-0.62240159100049652
-0.54003327778712784
-0.99395367788676703
-0.75220053547138332
-0.59198015889351852
-0.73042845148496816
-0.59710177677452037
-1.00411067748375
-0.86112048031470967
-0.75896469986259363
-0.75946366418379074
-0.67377996201195989
-0.96975058060434816
-0.6245935498460865
-0.6267823341729285
-0.34665923973856255
-0.64097814613259896
-0.6916907917004711
-0.79716228562179658
-0.89696504418435619
-0.61702933064602039
-0.631109622578097
-0.97338087811107588
-0.70986720408869441
-0.61106179062890376
-0.59036451291187886
-0.39700516234027394
-0.79110498812639884
-0.66141817121644231
-0.70642737117585708
-0.69388615623720129
-0.49810823504027052
-0.63456970987027927
-0.7671159731318471
-0.44735376478812466
-0.77642078035406603
-0.44253483510773445
-0.63910116848593357
-0.33122877841659715
-0.61719983297854542
-0.45164495046788855
-0.88121961455437059
-0.93553480197285266
-0.6549045228234448
-0.76137160697180395
-0.73556090305636845
-0.82402342668000306
-0.49926464684671829
-0.77765875968597054
-0.72936999529654178
-0.52158322281927261
-0.62859869977572136
-0.83893247033343188
-0.77343864271360441
-0.65364913929470181
-0.33702636793711049
-0.57159185815252478
-0.36213986638126955
-0.62042751942021657
-0.99321341615022363
-0.48033298926421775
-0.6792618331415643
-0.68603763425409614
-0.45269018233851832
-0.84741445381959357
-0.67243628921635734
-0.58719754711646055
-0.3537379170974132
-0.4174163594271707
-0.42894418903772913
-0.77740089668526913
-0.56377354197769747
-0.59466170396354157
-0.50330577125371856
-0.4068235027935419
-0.60128364308565785
-0.56065862226447749
-0.39121799451573647
-0.77393578529530749
-0.73104059357702267
-0.79546227986394424
-0.38876480823014453
-0.24983626277525084
-0.56995804939013039
-0.30335096768745434
-0.62949535028467762
-0.44113985322335286
-0.40480630736972645
-0.33585369669614124
-0.57554802656272086
-0.40914600223751879
-0.69714980636411072
-0.8179498588626134
-0.4064959723561743
-0.40259344930018082
-0.83999517992356643
-0.5411018212167279
-0.15585658488683427
-0.56219817066152222
-0.44700545273992404
-0.6080961199610081
-0.42890936534881263
-0.15016628794573963
-0.61698531886681862
-0.37295642313260235
-0.63250220593235162
-0.44862140978122922
-0.79447916516031947
-0.42899887747574705
-0.48295364481878417
-0.39844398356888389
-0.34234471220465257
-0.28255898179011624
-0.4045095793622101
-0.61317205736245295
-0.66636232826737629
-0.3416571930872343
-0.59260721188916077
-0.49095543815078863
-0.80306602976265318
-0.16720196352060143
-0.51152975056762717
-0.44243231828110213
-0.25576968618251344
-0.35345815124026164
-0.48303289304102742
-0.67826969513921143
-0.54188069709420073
-0.48291802828008867
-0.25666560958200046
-0.30855057365925065
-0.57667586135987237
-0.35938860815359441
-0.17277963905424415
-0.10025231832618216
-0.29883704538151129
-0.45438799980183742
-0.39468481769973696
-0.62776498398971914
-0.43976570238213508
-0.40627283829252997
-0.65098082264500889
-0.52052769165967971
-0.38739077405315159
-0.57569868033692673
-0.41298984623119511
-0.67528982684535876
-0.55998116720110114
-0.48506808166108445
-0.57712526359816185
-0.51686955787134992
-0.33273898418593995
-0.62289790093656239
-0.22155598337624574
-0.53292925015242654
-0.23827845041225412
-0.68662674179469718
-0.49499206190688722
-0.36371284933474091
-0.61074546989256417
-0.60163206354457766
-0.2620324550787087
-0.4756305829767265
-0.37805982455618287
-0.55654362697508253
-0.40577225733283989
-0.32185418234405833
0.03611431284092214
-0.20941263164825202
-0.73411459125414791
-0.48228761585309954
-0.53864317367494097
-0.091465516879329301
-0.37647443413566539
-0.14558758851005987
-0.26834943058701671
-0.16961482325324445
-0.37041286744435192
0.10128292693108704
-0.3606692454308148
-0.30574037226312206
-0.32390169686327042
-0.37036304675535214
-0.71248401216420021
-0.44117367258982837
-0.24853083466479076
-0.25025138114799367
-0.55070915990752256
-0.38876661365009552
-0.42837888633700694
-0.51742406670753394
-0.48606967201308671
-0.12390657529270889
-0.3004356068988287
-0.16969926067147395
-0.34773080430246484
-0.51517367564499028
-0.36550336170902831
-0.35051651364943953
-0.11018394839141113
-0.36615938017446847
-0.18929685424849849
0.11308598727337646
-0.21234857082418204
-0.24338716813917768
-0.18483754589253043
-0.20068710319029776
-0.24918120488719123
-0.43549580232108004
0.17685689345078653
-0.51507935644941494
-0.061434934207755414
-0.10930434418906285
-0.43630272920649155
-0.29635265314317755
-0.39241330384062045
-0.47126824159507363
-0.26128437269744836
-0.1273312689696475
-0.11786022109338262
-0.28548598507269674
-0.45020747161784053
-0.017320401727674423
-0.41057110783607581
-0.037208716300334711
-0.15425238013538523
-0.079621456871382432
-0.25701679416652967
-0.36158510607905675
-0.49486678023867042
-0.2973030353010564
-0.55906698284286893
-0.37699575467124741
-0.48325810695073795
-0.22348210848221167
-0.62523789128393437
0.054092308510484112
-0.59384502697658503
-0.4098670664209827
-0.19846502897157928
-0.18991384161043776
-0.091658764563589401
-0.16691770882797066
-0.21909945208418966
-0.18713891465452992
-0.42422663751693768
0.036992678097060638
-0.013453922576426842
-0.026288317154139505
-0.11354612904821222
-0.085095679982318498
-0.023964289194374121
-0.2380304173457633
-0.1027828402447986
-0.11695643900926218
-0.3777947496261711
0.028773616971029162
-0.10376723972208785
-0.30592638188436849
-0.24911350071840357
-0.12564653604945858
-0.066122263101369122
0.39928709993615158
-0.57508409769108559
-0.10505194111421333
-0.47439279780494265
-0.17858659820165446
-0.14526724066366828
-0.010905437072888232
-0.073752408288932592
-0.18506998273414699
-0.36438694965615348
-0.18362078313978394
-0.13384642115297721
-0.19438408015526465
-0.15856575370069495
-0.12722120455140601
-0.22976082461255654
-0.17262403494204909
-0.50498106951087396
-0.044268309243470347
0.26171041016467106
-0.0036366887578955839
-0.33987946932300922
-0.20792447757100874
0.096808746769486489
-0.25846635739004797
-0.033110287682095722
-0.29543760784069378
-0.13719639939673442
-0.2013384888678304
-0.23768041932808473
0.061880984132427284
-0.3723818969679944
-0.2216152325534641
-0.21866277348745536
-0.27786793635972495
-0.0019638106818942102
-0.23148273425664359
-0.27670744608034442
-0.34016902101647523
-0.2093552393274343
-0.28516138217196491
-0.1640868960487194
-0.40291182822443572
-0.10243239353484736
-0.14949045900493624
-0.25581240483184747
-0.17095557551324375
-0.12844417187100204
0.058349556849447114
-0.30657835318028431
-0.0037143620164531766
0.33480920684292048
-0.4334595524372345
0.14672641023077015
-0.18338011749624147
-0.37667585586985652
-0.27345456262747553
0.067271786724133517
-0.14877321674276936
-0.34033059777347374
-0.081392170125517818
-0.19519003842085864
-0.18642980768424172
-0.064282667210403863
-0.16036934659142354
-0.13735911323071723
0.18897799999504208
-0.095586249745554602
-0.057841063640551353
-0.33632419763392879
-0.09868375079086808
0.048779828079931163
-0.2960669468771111
0.26276567870954648
-0.058665252795692707
-0.28955059312649822
0.2300169490092277
0.10873582049915287
-0.091680716056326758
0.31471932207790915
-0.10337324940233489
-0.13011289651724528
-0.16220381900423753
-0.13494415519493869
0.018499310066612446
0.10812553119824957
0.070147418202008996
0.0012447088581871008
-0.38223219474339765
0.048619989316576247
-0.03185150153399581
0.15646555878135662
0.17262524025815443
0.0078893726813111503
-0.044037609428389239
-0.022891419944328729
-0.093234325342931745
-0.3383012022901678
0.017486666293439517
0.32948078727393393
-0.044503042322975118
-0.031739138281596503
-0.12997852265200455
0.24015626314372487
-0.2068506158774901
0.16918545069461038
0.25647051583802177
-0.11316001508949342
-0.06195235295745187
0.061648375606473925
-0.055179907941583083
0.084389549482910831
0.27601485274295956
-0.063068322074384675
0.11946901566406605
0.14528808541911939
0.18924371588453978
0.2647336310361158
0.29219032761705471
-0.0091544605997725629
-0.028544203532443017
0.15767174087806396
0.085649462287408717
-0.21781000991477889
0.26896038195135169
-0.12705612849013825
0.24421495106982968
-0.12859361444572887
-0.058899275348136548
0.017722378394179995
0.23512572759830849
-0.012046191074483513
0.035723507007638572
0.087700498161803808
-0.21509164317541463
0.026153847006904943
0.18946986008572425
-0.18959162528114401
0.19117183118412218
0.069286195621720087
0.3206806090833132
0.47569943393429154
-0.12720244331168851
0.5424960440038773
0.24893194546956568
0.00034154764917950045
0.37311144246545702
0.19880238188956392
0.084576344674418019
0.034694257281903701
0.12691921664837924
0.28950638264134171
0.10165348685705194
-0.07788478527927338
0.015946517096612788
0.29800806518858186
-0.0093828832257080563
-0.11892114921696571
0.18989006742653872
0.2279444865648394
0.22632447323103544
0.13420164999727552
0.17939003087042715
0.10254422109012103
-0.015004083738581303
0.15415560680446266
-0.055728548244485296
0.23525396319069153
-0.070704971429452743
0.31058523492368317
0.17356901290001969
0.096556942781619942
0.10058622891975266
0.25939760130614237
0.083568322122565486
0.20993140238962224
0.0072620462789490959
0.30870522090919578
0.063899518016897902
0.6328496044559061
0.34496031690731555
-0.067584477808522156
0.11791095496465399
0.18058937313792731
-0.055270622329609109
0.36543946287399914
-0.02332428437528759
0.15099854208314548
0.3186751299280669
0.059262128711071282
0.21428211613192064
0.44964830661632388
0.053384124459643773
0.017567871381998196
0.028979597927848957
0.18021978420686702
0.38538057021740479
0.30599659600505447
0.50467455819605778
0.39382459054841829
0.077942316361975864
0.12622031574649839
0.086209072943074297
0.44536960842306506
0.067838256239921554
0.15983350029148724
0.23063568536621276
0.20804547836986503
0.48068960336109079
0.32968746152035622
0.19929545454204109
0.24333896572794619
0.52218502165848335
0.3951376119689286
0.17479979763975959
0.3486485946288374
0.00015897849029274013
0.33093004445431912
0.16990242539434985
0.33966621883113274
0.49183793834275796
0.35605193286805314
0.51455767335160729
0.24152259363042616
0.061400434677478827
0.53924864140231554
0.26440576374927144
0.32712074813235426
0.11303394334691882
0.21050462023099378
0.62324847108625736
0.37325431644357721
0.21405413160074463
0.21605587619502334
0.078205265554105757
0.51638398076653169
0.38578280413060301
0.4643887927542602
0.45737155999229095
0.2084450593052114
0.42378176385245542
0.55818503259410535
0.58263621292487644
0.50527196256267926
0.27646923481631169
0.586672672594724
0.17235069003895095
0.17188873543833155
0.44860901691848099
0.41920071711214024
0.32397690828959896
0.31042317831495853
-0.0046715308954270356
0.38427838749665122
-0.02406932506654633
0.15663036542511305
0.46293765834469386
0.53021383555684443
0.50761243403719902
0.31731395305540211
0.27645138989345397
0.42438318936195585
0.10355141117230875
0.20806554039687741
0.44982440320933725
0.22403736022788362
0.43601733881932131
0.22562298057544772
0.385030641419422
0.40278809806565713
0.36423355730972773
0.16510623944881361
0.46978289025418962
0.30656088841276025
0.20609649767457319
0.38682298392957881
0.1690459879924697
0.44178363138836579
0.31195226978650914
0.40526764860370668
0.57254853251675042
0.45076483019020941
0.1648934390942858
0.34433372179450566
0.56731922373380517
0.31074554608669008
0.1024361535802789
0.62423029997268176
0.1709188564217361
0.41133749792289953
0.46803137844990145
0.51452715767336343
0.35993073086264554
0.53991160635832935
0.71296556862457494
0.36523696045517851
0.25465223792433939
0.20743629495352506
0.65717587663614963
0.40932015794272048
0.28306296620256832
0.41531284088944709
0.8602788967800683
0.35047698340298827
0.74079637391546338
0.49595916290813957
0.59929936931932193
0.27579279815662977
0.51320662716623178
-0.080456353304874106
0.53154307085030061
0.38502376809732947
0.35785672543532288
0.37242339440293365
0.55103501195074078
0.47455120892633157
0.42573731680348947
0.17071827573310844
0.74527996916679451
0.46814753586042973
0.34689120332832002
0.5729992430920402
0.58721748921539108
0.24234542634362183
0.37581055177614614
0.48971534489793073
0.65797563687740335
0.19964057073065902
0.11271197197193111
0.83186562112477092
0.59984774534873331
0.88525007784169207
0.40968018318903693
0.29590442962119534
0.24664634760879242
0.54015175349231326
0.43857961077079666
0.6886248918500455
0.86552970313275979
0.89543471886472226
0.74067111373199579
0.39164597726108691
0.59683771511490902
0.64404745969904997
0.45458799908200492
0.80506736861152794
0.43519899444025856
0.64186371049669977
0.93443327400587251
0.47635645482950201
0.26294196012833182
0.76863888817738379
0.30113203035463509
0.52596799332917676
0.087226579194978601
0.55892092730342235
0.76007208581472774
0.56415756565109454
0.59603737691163439
0.64686669306777644
0.57496233915155182
0.60495289364658666
0.77810068850048408
0.46949456618702368
0.46471528361473707
0.57056306474911922
0.43199966623483843
0.59876154575207341
0.4748763513593286
0.907458459090977
0.57855071095025445
0.44837534837641141
0.42349634976826073
0.48913638466076065
0.66742940288285157
0.57395758059510849
0.90361828486666607
0.3696632711029374
0.51362913710926517
0.53792741911667896
0.37450848491515731
0.2838460341544024
0.4485548757262392
0.40959061632450117
0.37582275145799865
0.80240657772062574
0.68701700135251087
0.60068942405317061
0.66977238035242226
0.80494769849189618
0.3847401095014843
0.53027628629967882
0.24579425829997745
0.47465130625691099
0.75532513975609172
0.5065653599406913
0.53758706403350476
0.78479011044480929
0.54987656337529778
0.99476045971284555
0.50915490786896511
0.55167230256317401
0.70592984066930642
0.47713350852256387
0.64097100866135148
0.5388300116528697
0.89604919080325574
0.55849495893109224
0.66387389739941949
0.58461692754830596
0.87457063014386593
0.68372110578111123
0.74789589664495026
0.28119480332457519
0.70406703387355529
0.81912824572423304
0.29470374619516787
1.0440884115760634
0.45868857047979328
1.0839535125829738
0.49870215838574966
0.65182871611657789
0.84159942161055656
0.63102808324620441
0.79550574728365298
0.61754737794020698
0.89969396693373227
0.84048001983445642
0.6074907702416017
0.91171994682157875
0.92426366908615099
0.72683524897902674
0.53942588775149802
0.78252912055528645
0.53472459889851465
0.61023466321249631
0.62531852970695323
0.64768591590757296
0.53927546082757616
0.37108663653887558
0.6463783033230015
0.6262349606058899
1.0512088873032763
0.79478652472065869
0.42964533994356541
0.54072446258350648
0.69784606418655104
1.1410535213753463
0.66213270673000557
0.79747278672570465
0.69942108455844765
0.72010656733797485
0.80333566897912767
0.51607408001540889
0.79148633851242567
0.70084471090854394
0.74311799422159308
0.70701912428002722
0.96802702436425014
0.48083316977499135
0.91296469573492633
0.30611519951902416
0.59499611259949259
0.7414588917513304
0.88086564520830946
0.44719260461650118
0.79593467700601761
0.67116190262889786
0.81591239705069618
0.65083179604359032
0.90120375128241281
0.7802907955013848
0.6467673036387277
0.82812790780935752
0.81321794202977682
1.0721219269357314
0.63788612329447014
0.54683050510258013
0.45781719808945553
0.76278646217403412
0.81192513871233507
0.64411709147812002
0.62036268605363876
0.93205196904493048
1.0358013751127013
0.69746812837568672
1.0031381985268937
0.90496752654905133
0.99897542058822242
1.1360592744201998
0.59555117317308415
0.79991549898737346
0.85224581447344683
0.49878833982338744
0.8959659845857213
0.85733394136262464
0.53077014625843977
0.97719059249837703
1.0286889750626349
0.78253792840690595
0.93952507886484227
1.0754360398527567
1.0704062917023487
0.79348085348778674
0.89518020791341879
0.98292690695227736
0.92127891439175413
0.56458672068453541
0.94068579305965472
0.76166195576877693
0.76710201291670832
0.87972123279928471
0.82198975894094595
0.97709306006822194
1.0157192849787195
0.79744229617173845
0.76148189868796801
1.1370874258113544
0.72252219607376666
0.89882644840226311
0.69793589261440236
0.65331279328183545
0.83960288562107177
0.89867236293982888
1.2478363264460157
1.1072483645213478
0.97536305510649646
0.87177211207836336
0.60009001762356184
0.99609274821829219
0.99121012038497192
0.88958980900914575
1.0607309001233931
0.75372966270761999
0.94220287778577683
1.1805680318456244
0.94919618490024149
0.85505412817356097
0.63507635196094137
0.50873159499312304
0.6771199614282466
0.74748359282434718
0.84347841492340336
0.58564859280613302
0.66848977731894643
1.0049996658272782
1.0949204992084758
0.70952317034283774
1.1809041247433838
0.99421363044982003
0.75437053423199307
0.86669699061466832
0.89344347112831968
0.72879110738278297
0.54929740527715787
0.80391263933387269
1.0179822678277495
0.92356221818095263
0.55369135434880246
0.85043053984354755
0.96451354698852221
0.86233818089988701
0.85017701975086502
0.94207654981919542
0.95132135564503773
1.2447067164166601
0.80680397645044177
1.3896381205852952
0.77064141513838236
0.95237074793369736
1.1273143726648205
0.73082834377167849
0.88513845538360203
0.98532828651421034
1.0721661854876123
0.75215664874363297
1.0175031613207173
0.88260973373609319
0.99677166086105773
0.73268910791321551
1.2818003340304447
1.0312528019251297
1.3141752006081269
1.3338386590076401
0.89003132745448044
1.0268621277871666
0.81562362424979262
0.95510926933410101
1.2186014882075831
1.0584713545692648
1.3176589547568216
1.0160350496795745
