-0.77719169742448246
-0.7764536363080301
-1.085202937851804
-0.7609190474916111
-1.2254122594643437
-1.0435817692692313
-0.77770730498135965
-1.1235261719588214
-0.91999297499097776
-1.1289159633653894
-0.96201926787958614
-1.2313001240730308
-0.98189505547399281
-1.1635306880200387
-0.78118966504915188
-1.0545153115940522
-0.91300730559000209
-0.90081407064596641
-0.85271218029341911
-0.74303843578942397
-0.95663701051161643
-1.0819414291347174
-0.94417272687151976
-0.82314199657748954
-0.70326283993782235
-1.0926504093778193
-0.61487611811192455
-1.0652642831626755
-1.0119526091065958
-0.8614659331457446
-1.2587780882914117
-0.56760312118957768
-0.91758250500165595
-0.95676195505748074
-0.99250356883078861
-0.9120431093951733
-1.0917959475815502
-0.86049058388948962
-1.2151196905528918
-1.2316877085446061
-1.0257515021248234
-0.8796815162237851
-0.8200083050538215
-0.86114377020385535
-0.99604352582700872
-1.048407296552438
-1.0233766327696732
-0.61031805992315391
-0.86228688498282502
-1.1903925222635139
-1.1593517666586712
-0.59536222746007639
-0.71343916968082066
-0.94381464307488483
-0.67878647206764176
-0.72921837209950502
-1.2510419789788796
-0.70742290451396928
-0.89489322475122379
-0.99739640582090106
-0.92369912787867725
-0.92657530540149557
-0.84250974429674808
-0.73368498780102431
-0.83087519781933217
-1.089282860459563
-0.85771658765524916
-1.0043125739059908
-0.65132272316749507
-0.67094729581211443
-0.78399013849244237
-0.63166380082304563
-0.55847018758570399
-0.85270423493237102
-1.0063763936590899
-0.82749418252980145
-0.51891751030757327
-0.8139436865489541
-1.1329097827971348
-0.6816969693734557
-0.81232770006487143
-0.83714843346461787
-1.0058987255533562
-0.82679472242655805
-0.42785704159668914
-1.0403543333691607
-1.0394675926816042
-1.0280768806493068
-0.76331484190018362
-0.71397002145819777
-0.74397409583209373
-0.67023473876880379
-0.98975670942700378
-0.56499459860430112
-0.35805352857647649
-0.86794602290479461
-0.91726879913379367
-0.6469656462977823
-0.69927202377514475
-1.0531281178590566
-0.72476225916849357
-0.76193400277437684
-0.90824459448047812
-0.81698666582602952
-1.0164490134420587
-0.74814967437832924
-0.71855488098351972
-0.87981301456076011
-0.80283530679728388
-0.7344392186563018
-0.68919951733523821
-0.74724687888768437
-0.6358824931945275
-0.65461894991175584
-0.82977355139295605
-0.82919440003948308
-1.1002755141386329
-0.48623018367647575
-0.50053570851941864
-0.85040757776464981
-0.82263066999897372
-0.83999613270461859
-1.0784701788202455
-0.63369953062558371
-1.1100248005200473
-0.86351252075059748
-0.91801045099983936
-0.55971878599984548
-0.57955438537675064
-0.65218866383217622
-0.70732411746017931
-1.2072547531009494
-0.76105009886033537
-0.54376292956637806
-0.86278053061016324
-0.85649002983470779
-0.91879608251737366
-0.89337834450396847
-1.2239923033957394
-0.42696827353368955
-0.57518515383710089
-0.67071026089205077
-0.68989589760511771
-0.67207644754470286
-0.70576654968468389
-0.95903021248956954
-0.90912193627393367
-0.85966368678808414
-0.31362161480138945
-0.45115928683505396
-0.37510690941537422
-0.52715758935969648
-0.84776202177742777
-0.87156871220049836
-0.80523529320075204
-0.63503059115417559
-0.83908816246213025
-0.72765655347614189
-0.62343522096228499
-0.52006169721364393
-0.61865932992015371
-0.90293608110981305
-0.60892854938703667
-0.86631485853429013
-0.75419164595367505
-0.51375360625336708
-0.51433413797598682
-0.91363392567631962
-0.6669097672617762
-0.40871911733044325
-0.70185769615252624
-0.75309277947163522
-0.73724564010059856
-0.58620852335930684
-0.47798628553576294
-0.61394588376691972
-0.85258912552158095
-0.59502164101870225
-0.92980642118915235
-0.10982851082226416
-0.55051596785177781
-0.82188123554601134
-0.14413071180235229
-0.84650380465023622
-0.83066960015927149
-0.84192129763291801
-0.44486086617430204
-0.62843290790967077
-0.23005081019185672
-0.67214091090543482
-0.70729082647515629
-0.25849934429743721
-0.42793237928294287
-0.56474228679834726
-0.90535221099726149
-0.39990567878377636
-0.81028287204375937
-0.61343743168222131
-0.32056784798381621
-0.66504313673285831
-0.83985903334906209
-0.90390912900173948
-0.43961931473472005
-0.43772796662718755
-0.85786060303267131
-0.72788379654297253
-0.24767899669900367
-0.57234868089788371
-0.79408199362953047
-0.65054578184774126
-0.61436722552377554
-0.57046472025828965
-0.38531390710328539
0.019155415847755462
-0.42386717425289994
-0.43317357672793666
-0.25719514037897223
-0.61041256642025499
-0.28842985061365356
-0.69378018740407965
-0.32806849525998366
-0.48918918503432046
-0.65595602952887611
-0.4682692251120526
-0.47098781102044346
-0.62327486393708131
-0.33658843944991385
-0.78631112492044475
-0.54935549999251487
-0.32217071885449827
-0.7288906799661623
-0.99481711334477152
-0.57437940738620463
-0.40273903890023266
-0.6497211522418016
-0.52243529485440887
-0.58824457624004456
-0.75370076919175133
-0.43315693100927832
-0.51407023196771473
-0.78774931361339384
-0.3149569069742047
-0.30388513497162245
-0.2444160482992361
-0.81595936939027292
-0.5213384413024269
-0.22341797461131779
-0.33852549916465913
-0.76537803414599481
-0.58118550254960477
-0.28970919688840457
-0.39474639092648806
0.066729601535080424
-0.26794002290555513
-0.0089430469519859342
-0.5153079175049885
-0.73897484320688389
-0.19076392210758714
-0.1703600731331984
-0.44108890173082627
-0.17098691770432892
-0.29418810870095496
-0.57607094309242846
-0.50345235751827122
-0.29128105277634792
-0.38790956479523481
-0.42537535378502211
-0.90046257471510738
-0.85900861524235483
-0.67897461742630894
-0.14792992610338529
-1.0730921353120277
-0.13802312714928236
-0.45414967893467711
-0.50602025369733883
-0.34175489267228226
-0.54506865136914473
-0.42981319663449596
-0.19634000517028483
-0.44946438991389126
-0.60381535133234299
-0.28137331159696161
-0.32454451088312869
-0.35770334764605799
-0.4481864861465189
-0.41584295634755097
-0.63635586643208886
-0.35654403362221004
-0.33501168660466607
-0.00055655697303731461
-0.49147935152244082
-0.59794987744154948
-0.65184632785145713
-0.20385945520758672
-0.07619725762854232
-0.54565273775162682
-0.30669443277225206
-0.37843064740816507
-0.56682975490076581
-0.5103365299902396
-0.35211729407288961
-0.57858026991168821
-0.38219019387110492
-0.52818850600983946
-0.13442690124304449
-0.29402938940927914
-0.73803127250648581
-0.5280355422715779
-0.36282468414392882
-0.33678980473822917
-0.78194640514993741
-0.69091579389747781
-0.025663782135646806
-0.40524206368312504
-0.11830749820657331
-0.39576935981263051
-0.19093946461795988
-0.44969233060271679
-0.4063019779638114
-0.31793205583925693
-0.075742396641767462
-0.16865964010327164
-0.064688951480104437
-0.038367125488816864
-0.4049099259590716
-0.37392793568347632
-0.29239035397861718
-0.25951066399262795
-0.59463548713939485
-0.79300852284313839
-0.40159354484717547
-0.26153434231587175
-0.44157201232197463
-0.30249940141668574
-0.43910837456944124
-0.1775636901940178
-0.31827195604369646
-0.31537442313642172
-0.52338608838470801
-0.53204466243226411
-0.46573368769928519
-0.6942290718105667
-0.24610817944046923
-0.57634314518203322
-0.43171677004812758
-0.5952147696892085
-0.51231696406540217
-0.24269108823310989
-0.12710360856017261
-0.39195796034304442
-0.71040308618503112
-0.3344439990684423
-0.23055442532358691
-0.15259133767509675
-0.10875548095463063
-0.33942889101608786
-0.099749613009664437
-0.4373235434610227
-0.29390257580506346
-0.40054414638655456
-0.33716752343814488
-0.37019712581243269
0.034491984312957538
-0.21952323413218275
-0.53952600626010427
-0.25261995101094353
-0.31160470669846196
-0.43055981007566185
-0.17059971060109519
-0.48239147603858457
-0.40734535488617801
-0.22289632680700044
-0.17331197999526929
-0.11776158755128373
-0.2355938199066068
-0.22930299776720095
-0.20075887637166601
-0.14070718016213535
-0.25606651507770417
-0.16002760341143693
-0.022681641841178983
-0.60218669162246652
-0.27942191126109089
-0.12457895903264746
-0.24477220044645401
-0.11118150883896254
-0.24386211884573061
0.016004364710344204
-0.22979867641648336
-0.40810095849185446
0.014974798931476808
-0.13852881520863181
-0.37092198368899126
-0.23842961942688135
-0.11186208762620301
-0.21931469761318478
-0.16003580830550673
-0.22700254456974012
-0.30745958373629151
0.073807747986595146
-0.23888081817357626
0.018408322839101581
-0.25424090431895091
-0.13448979272687117
-0.16850311024959616
-0.4245791371602412
-0.13933247116791106
-0.045258825133716866
0.022227068483589487
-0.060318317046147193
0.036377090663543145
-0.26901335089533279
-0.022148542497028308
-0.013484462248212446
-0.4985625671540922
0.0089462369212322951
-0.3573208063976212
-0.29711009360331969
-0.017202688330314478
-0.21616988712924992
-0.29463559130710754
0.064797046149278142
-0.40082250245533774
0.31857313647967328
0.050228861045882527
-0.13981301458512416
0.016774721276225063
-0.18462213122684842
0.088988053657347729
-0.070056908104251789
-0.080885501132203205
-0.68336067803824196
0.029111593217528476
0.10342530545356464
-0.32536041996908061
-0.53669510915251206
-0.21425901341338147
-0.4494358951238383
-0.17731097462305911
-0.28974486749341916
-0.45186266225619159
0.1398355464566132
-0.023351330579337286
-0.17561703341145807
0.25733037881312937
-0.15720040639178789
0.063059469662207213
0.076801400750859075
0.030876316187911701
0.043918471706277551
0.16639074913377208
-0.095505092860926039
-0.17642718802908583
-0.092511708582170643
0.26838342616147204
-0.11017717799636893
0.12731969901639154
0.16484525445088555
-0.092461617612476982
-0.0061031081229544776
0.12862367975529732
-0.25888696974294451
-0.16366870333733977
-0.11958993264091071
-0.24461513204729773
-0.31337207743320555
-0.37756778006536901
0.16588463705954617
-0.059050185806564133
0.099549944893207565
0.15427619791166536
-0.13260008478054774
0.28806543668657764
-0.15115575621695679
-0.23311823059481615
-0.04449309866278469
0.31092114906325213
0.081932034565898731
-0.31336875004080034
0.045148049380257196
-0.025063950370531288
0.15986528881289552
-0.24660339802305775
0.12977692868943089
-0.18411404885655125
-0.064164575423712039
-0.19557221480587259
-0.04330507600826812
-0.41911892975659593
-0.45428737390379598
0.29947297378611348
-0.11029279529206368
0.062224269727597842
0.23774407244497525
0.062977540181466909
0.029913714122785463
0.17033115634932261
-0.23481763856237581
-0.29689688313253226
-0.37290980737679819
-0.17313185126191111
0.093534676215159179
-0.37010648305384336
-0.42562842619800778
-0.058167268238575327
-0.034186323760683215
-0.088339208656869381
0.22211223347355327
-0.21189323238040786
-0.18564863414430866
-0.21120308410950697
0.065927692070839469
0.11398847515097266
-0.10320067783784403
0.02383355460176621
0.092225874924492024
0.066394723378054313
0.082684357506961029
0.14969850474594426
-0.48447678017111856
0.077112169828198476
-0.1347459699890157
0.24070789979191595
0.079782239966662769
0.099245933422710653
0.20710037464590716
-0.26238263684517837
-0.030892431813322886
0.37120653175399643
0.040670865896685365
0.042121804164889108
0.2355709355626171
-0.22446704988906879
-0.042130067117977635
0.015294837589692967
0.17123770754561954
-0.10036438813436524
-0.092249292869139798
-0.047582425278514993
0.10175733790585555
0.28402244502031604
0.35838366832869001
0.34466372558889552
-0.13100272093985471
-0.088764627156390413
-0.2698060104799529
-0.13717457215281639
0.29221856748897707
0.12528277668876467
0.36225995975196507
-0.18026619571855754
-0.32677290832186018
0.13102831627839678
-0.0022104255757028654
0.12462070523276604
0.044606528688952436
-0.0059736342359094597
0.19154749930510367
-0.040244580084637577
0.4033976406477931
0.28016520697920139
0.072269922270675316
0.022593636811995249
0.32755623593028421
-0.076991909009771042
-0.036354682711350901
0.11795032234411011
0.091103230233978316
0.30562927062114942
0.19288571886640921
-0.0252570830325476
0.17523141195798575
0.31295290956867794
0.20800305923885959
-0.0056821176113320123
0.44148067172728594
0.075027569329412416
0.13781618803486975
0.324250323955807
0.31347887008477865
0.36722570183952707
0.2876102095212007
0.18305171051977742
0.22326002931826638
0.32895320147570623
0.20102420152669712
0.11145904528365561
0.31763619543603472
-0.073488601420517843
0.08145457561049213
0.078627667627255537
0.55564274273096603
-0.14212716781446513
0.45927539095237158
0.27728538707207645
0.36322484992489257
0.18254708595438832
0.25539458072896842
0.2672635563138086
0.18018118491157623
-0.013122304076457375
0.25108170688118958
0.054106927593306597
-0.13225533754965196
-0.091969143580495308
0.19482485512283326
0.38371317744296363
-0.083821282726363577
0.3312749137144973
0.14345244856618555
0.30145534572603222
0.096009648388553179
0.098337628343708447
0.33537293296446141
0.06276357863799191
0.11477495368566783
0.52951315848898772
0.43637684787333642
0.29813794395425314
0.097769157818137817
-0.11611304968190962
0.13206450912143647
0.34871101832130225
0.12666587785459343
0.34448047818751198
-0.030249453965782099
0.2333155939072438
0.43122943129819757
0.48311180613805516
0.22756938610593475
0.25791789973605617
0.39223174334261662
0.42097437784466485
0.41074320569315359
0.067065971379003095
0.45938029321882956
0.16481188842615332
0.28175018945599478
0.051909424178388258
0.12011428979670281
0.22180583261548101
0.27239428370236224
0.60531411755677744
0.31644886376339088
0.34509338803591982
0.50921554425398208
0.21348418552227066
0.11534386706235449
0.03027336999762386
0.20374236698787881
0.43206549302337999
0.17857100759866093
0.39088407202143488
0.36149459438578507
0.50051964349165667
0.15736338299501837
0.14576555181356973
0.15385244767088355
0.018682530964370305
0.3279604683343918
0.20738471592799165
0.37909639059529648
-0.20779246601409382
0.66595625308985362
0.73165097999340267
0.22077522093270344
0.45702407626927155
0.35700346999332755
0.25875671831164593
0.28986439798340324
0.53037400499731069
0.28933894506899749
0.41213171585938135
-0.069919740403891317
0.093905759048912477
0.46877926807530396
0.35951524070064206
0.26918303922649528
0.38532402752770001
0.66404884174725731
0.41313163599410474
0.71085257143237401
0.2280295703710733
0.29429555966970644
0.49538715948082107
0.76314524899719327
0.26891113887926016
0.39102698915867473
0.34579066271864067
0.34160189505188643
0.31075326468814296
0.5948748133814562
0.12404459059047326
0.63913349782794893
0.47734286572991991
0.39709616680322507
0.57051962116620036
0.27328911180879445
0.27878971358796673
0.45123072344199111
0.521924602968868
0.29932427736962747
0.52815031829374437
0.31662866655542382
0.5517134564552465
0.46281334521239204
0.62544082879824114
0.30675238088866313
0.58001999937457005
0.28413913851411821
0.24371270240433326
0.38398829761263026
0.13716524000572919
0.73866950272785104
0.3499732742348689
0.14411327275649422
0.66421495153273558
0.42663910752254741
0.29815666602157381
0.32636368639386737
0.56140731668738153
0.50104823730930825
0.43591916428480576
0.64894522949486944
0.61234463972580588
0.55848521686493025
0.44549478484738464
0.086115280703683156
0.30999536320348958
0.6972333077559395
0.2632486003049011
0.29916600021799278
0.48483715050921405
0.26746514659255116
0.40607918175770347
0.62033646855172919
0.21961368126903474
0.58112903018620177
0.62361990967605518
0.56016422012870604
0.57609064719226566
0.53587356860633029
0.31268554216623845
0.51934899596764705
0.63321891713863498
0.331351266723173
0.3995216159892242
0.72044712716869164
0.46132016609810078
0.6429882476574571
0.59212198079405354
0.79085092881610619
0.76133866080154433
0.56615682155418423
0.30130935033879364
0.70773124375457508
0.35999449458918481
0.35398984156797081
0.61566976415877039
0.22249059962621473
0.40049647992301385
0.2163697831910317
0.3973160130902057
0.4554560374836622
0.51214028497718855
0.39932750625036306
0.69402553993711158
0.41707558083944823
0.42892950528484514
0.40196793958251592
0.13226246371692446
0.43176621469154969
0.79918191100573577
0.74391531396864496
0.53173808786603705
0.49106998500663979
0.82381246663853658
0.85354214152315111
0.33041471692188368
0.47455981927097618
0.68458251312435037
0.3231990196044337
0.42216913522584909
1.0170676231281324
0.75453426568627813
0.7761706114755671
0.64195886908125233
0.39489333466835291
0.57670168828866131
0.44870063311114788
0.72898604448874793
0.75927618812834208
0.34755394501767256
0.66179559384143294
0.34090427042765836
0.38261166476642716
0.49967191991787607
1.0448232632387215
0.79599510830361808
0.2571245041829025
0.93552433364010945
0.83293278119580294
0.7051130657375464
0.54101526900639463
0.46535928222171019
0.65250957220892647
0.68056094669281042
0.44545178700912685
0.28111065487610226
0.47091907220419738
0.88606991318217643
0.66674854440858111
0.83303111741949076
0.7556530457143561
0.63062977466175962
0.39841632572350144
0.90406604723005246
0.268330923523317
0.59668175724737582
0.52250702408719152
0.6178309038465728
0.81689667355693862
0.61490899575136759
0.81481708121282248
0.82952607113403998
1.056912158223335
0.78659238388925024
0.6374248971278238
0.24184702552893919
0.82401467497147129
0.76059300860465495
0.63294828304428596
0.6350349308830574
0.5454198206312566
0.77564432084864265
0.67867638884605219
0.85169916854113503
0.94952941443548133
0.58204209431329412
0.64446587390653753
0.6854970770395642
0.65854287125397737
0.75383099762038641
0.65726032631321951
0.64559334268455626
0.64025316013127986
0.68635272484098009
0.66438471629764018
0.52521096050996918
0.69008355061130533
0.78005882294846796
0.6468418136198868
0.54830854063299139
0.81809712440386584
0.82964284920798159
1.0324265589627952
0.62434888501519992
0.42549590790496772
0.51332455075384642
0.58995198925400905
0.60269719109975262
0.6931984202054875
0.18646434573165113
0.82932333696447125
0.60401388458507077
0.75620412018551653
0.58562413309120598
0.99543579650195224
0.79316230839416468
0.5563116199257967
0.51883954707652702
0.66154553241031888
0.65394949956204784
0.73861231526419624
0.56810256311012464
0.50175698397459223
0.86917586194946872
1.0021063866719693
0.83607810837297147
0.89067986743839811
0.54385886789904869
0.90534538670702702
0.79475849624598549
0.87135158409761293
0.74236604792028549
0.85137700483976775
0.85768632532287403
0.96757430163582092
0.67243306203649267
0.91692646565721969
0.74737074575308982
0.99198058598325756
0.37085434740751488
0.69923209677088227
0.48981728227645971
0.54873935233642812
0.82225287846745565
0.79122229404433919
1.0009297195037723
0.91822827036310317
1.0495286751902313
0.92181984432113728
0.62251830711481504
0.62599217869048007
0.65733499929687755
1.0911849782520584
0.94715044362853051
1.0529093768681885
0.44182582640993601
0.94119609845080376
0.93295724350918952
0.80756219347029967
1.0769838252819712
0.92529615417805133
0.69277604397124659
0.70494880245591063
0.89966666838629694
1.2362218383955741
0.6927925669118431
0.68095176613434849
0.74206231085808461
0.81034127129513078
0.67629539106120984
0.6746673152796212
0.89957563408135766
0.4352943410300415
0.71379782211533016
0.63305299525319025
0.99025623784413985
0.8101418695990602
0.810964384947095
0.78509128133507233
0.47598482278734722
0.82655284944409946
0.98409668336745459
1.0023405284638496
1.1353385889726606
0.83315827432971379
1.1273375883686336
0.9460473974833693
0.49575037416103174
0.98809725988678321
1.0287885105288481
1.0501227750443647
0.71473809932638188
0.92287989029686857
0.92305280220141706
0.7450984002605352
0.77054561359474694
0.6604499357661705
0.81267688586845188
1.2665132300230204
0.81222890815039395
0.76765811769222247
0.71830231401996181
0.9531702394295356
0.5177910639002572
0.97672257426203368
1.3871944450268283
0.99378245394616893
0.93690446198625388
1.1691338198321712
0.93544229320780869
0.6880495410340921
0.62744281100123467
0.96697556660460093
1.1322575003800603
1.2996318331304415
0.77023001440916361
0.70798490777951661
0.71109626515439905
1.019398275211395
0.70337062438440234
0.87599523643291355
0.7584695663895209
0.65738046481368217
0.86316983489051347
0.89706494111660451
0.92520466318540617
0.94039411093421943
1.0243525729215124
0.9661437917763126
0.79837930711883909
1.0971244485607985
0.82620407481800817
1.2289712248500733
0.74552672452976687
1.1035355489058938
0.66591304299298193
0.97027151421090629
0.97061611998873887
0.69045309671733446
1.0813840363116918
0.82215272903018566
0.89391446699237165
1.0771465965676728
0.85884279772488981
1.2392319188008849
0.89762792303278549
0.61414274659871437
