-0.95745522988166332
-1.2571599678607084
-1.0251814932550025
-0.6948003840969349
-1.0869783436744169
-0.93646985699673901
-0.86074633563484937
-0.90735019066929234
-0.81614332947304746
-1.186345872189468
-1.1979959098124353
-0.87454955318050676
-0.88010766393202167
-0.96851941837926148
-0.92470063622828713
-1.0468096549497883
-1.145090674751517
-1.2139585276409917
-0.74584423708849834
-0.71838934576513469
-1.1603541627424159
-0.84765723741938592
-1.0088985963195083
-0.98698546892514638
-0.80163103512388723
-1.0567077668087079
-1.1069488634319371
-0.98607096673879735
-1.1273667151184761
-0.63359655464733922
-0.74512250989309403
-1.1525027385342947
-1.0569918195650994
-1.0125231301088391
-0.74674443249303535
-0.76510352871426612
-0.98554639094328056
-0.85468330060430342
-0.65979593854939522
-0.78936964444118041
-1.0036837415791968
-0.87769823120570589
-0.77481043024680007
-0.92692617881828976
-1.1699175541019462
-1.2817308414700215
-0.98208809260513052
-0.74103707068438918
-0.46530439637452503
-0.93602869535049593
-0.76079769737048286
-1.0074317958653536
-0.63496038060000215
-1.0253482667925617
-1.0870461583451363
-0.92441680808141558
-0.9615409381011143
-1.1384379108621858
-0.79080568509056981
-0.65038796692561962
-1.0212886837324324
-0.59535975086192783
-0.8383953836535023
-1.0223875733754129
-0.82406323914975255
-1.3712631519293077
-1.0270415466213949
-0.82249756948255326
-0.36046942786513803
-0.74363924089891109
-0.85319396939134484
-0.68016448480645919
-0.99380572263543154
-1.0463833824874287
-0.82744775585558161
-0.70635544572582831
-0.57904691489843974
-1.0066570564131747
-0.71509826250143682
-0.80567744417297626
-0.88090697389815464
-0.70217886171834898
-0.80865067759180442
-1.0627818455218219
-0.96677385351824696
-0.73288227755129898
-0.80995695871368067
-0.79878060221603053
-0.56870709716741175
-0.80761983263899306
-0.82612799805479531
-0.73722295007131022
-0.96642127125465294
-0.80377315828735407
-1.0210033293171383
-0.84970104967356697
-0.4486356850755443
-0.89114606673484609
-0.98400782407427367
-0.51816395928276338
-0.60324549872708244
-0.59971973933130651
-1.0552578270713204
-0.6245586411656876
-0.71745564999995437
-0.9358905262306545
-0.64665259175285061
-0.93625133555105711
-0.73047480004745491
-0.74034394085889377
-1.0948606808787125
-1.3086040118512399
-0.77764863860496791
-0.57267520737279343
-0.7420986009224948
-0.82810155944214314
-0.92180605071413335
-0.64836706725933635
-0.55130485041378785
-0.75723788972358685
-0.61582636467904572
-0.71811014881849766
-0.7559416859732998
-0.47178982524154406
-0.74050260795919898
-0.49422808103171462
-0.63430075264560781
-0.54207193317527058
-0.55345722565493871
-0.64567511596618854
-0.82211248731711351
-0.86025174255642467
-0.56921775977056677
-0.67022054397832587
-0.70433521517511277
-0.66600533091979486
-0.86005282154919482
-0.36620951047312633
-0.48677372774506855
-0.69867840649001556
-0.80145241113175614
-0.938930753996019
-0.65422143475905747
-0.67588429305144115
-0.74780857183347815
-0.69637767502722381
-0.61723116053120641
-0.56613573028621123
-1.0108766199455941
-0.73628367803736783
-0.58129817846716292
-0.75341598795591802
-0.60273465509163771
-0.99247251107380474
-0.87290344512638018
-0.75913012440408034
-0.75848839292306036
-0.6643772855373602
-0.97741291311482192
-0.62413591716732442
-0.64897152175468509
-0.34539812714124091
-0.66684387724896554
-0.69230095884882259
-0.78962750835439899
-0.92397178436603411
-0.62536840130578353
-0.63764841853284193
-0.98984215101110062
-0.71377230837433547
-0.6032695411152823
-0.58521904884913334
-0.39405827538136257
-0.81073293036127658
-0.66583356832400142
-0.71648615756697231
-0.7181178381589699
-0.50342502742726791
-0.62665059170124615
-0.76786245242255624
-0.45222275256403427
-0.79265883088343603
-0.43766598477915414
-0.63909520393634867
-0.32598285141961392
-0.6025513225423117
-0.46414864702277492
-0.88792067151691489
-0.95784637052249855
-0.66310814368975413
-0.76889924669913401
-0.73868779898972448
-0.82691990990078656
-0.4960903873859569
-0.7678977977064545
-0.70833640231482942
-0.5163272382629378
-0.62580788964292777
-0.8459387539746186
-0.7753385788632472
-0.63808820543309808
-0.33480045411099951
-0.58328660689841227
-0.35644311385850203
-0.62596858971405556
-1.0011549883402195
-0.44289945937601854
-0.66490505008858525
-0.67133844051946412
-0.43757054914994203
-0.86031788352299254
-0.64998177686537395
-0.58323140399753337
-0.36022965020036812
-0.44853261126093802
-0.42791969621168297
-0.77067221163649813
-0.58062493744406196
-0.60803015858743559
-0.48568480374092787
-0.38369544019506829
-0.58734115087819305
-0.56174073270825287
-0.37899726305057818
-0.77398882996473439
-0.74824355615645277
-0.78543454155569148
-0.41369338794400928
-0.22983310984252237
-0.57642846760691846
-0.33003961025644446
-0.61671812876523135
-0.44488834077211403
-0.41920060196518705
-0.32714600821089312
-0.56872279236213041
-0.39750666455735395
-0.71610983410978724
-0.82623170941512591
-0.43519994884208135
-0.38662003108516607
-0.84657779331712635
-0.53143801157713533
-0.17504691707656886
-0.5474380422269739
-0.43411280284901094
-0.60146911420074967
-0.40481442836068393
-0.14439667834150738
-0.59077225841280856
-0.34759125809457314
-0.63346672712668084
-0.45287033301405438
-0.79414492504097922
-0.42435610830409598
-0.49152219716604167
-0.40062820998359044
-0.35993781724063584
-0.2559474357281194
-0.41368481107453148
-0.62138989888100804
-0.67249394477371172
-0.32687386099230842
-0.57834459675714567
-0.47554825446353638
-0.79238519154259091
-0.16661755942755185
-0.52200923606049776
-0.39655092270454873
-0.25301303158768862
-0.36585438354463717
-0.50551456761960589
-0.67864683890273769
-0.53804777150190009
-0.483476117636011
-0.26067557590531609
-0.28261530247064437
-0.5545394880077219
-0.36868377315841455
-0.17213632007121887
-0.123916716178437
-0.28635947906247283
-0.4768200882312752
-0.37564181613492253
-0.60545428999204121
-0.42426275461059199
-0.39051979133045467
-0.64257850674249628
-0.50626689324774654
-0.37773101788397229
-0.59703431064773871
-0.40749561826116149
-0.66961844713206209
-0.54517266301307932
-0.51110601738241435
-0.57689154132590015
-0.52112806136180112
-0.32511260268708664
-0.63952099876718638
-0.20748516397421435
-0.55429110254895497
-0.2381369249735448
-0.68914575933435684
-0.49428315894546232
-0.3635521199765343
-0.60206977498314029
-0.58930019245808829
-0.24822848528877894
-0.48850379140343086
-0.4007859743886128
-0.5539073028187167
-0.41181155097184513
-0.32543182151360811
0.019221128720223767
-0.16148868422273641
-0.71939747248404573
-0.4667885871456493
-0.54055349191280055
-0.13133861516847234
-0.38636610905126872
-0.14342285722513501
-0.26499871923668095
-0.16285877970247009
-0.37215553589336647
0.09789531193030955
-0.35199669699880731
-0.30437338695801269
-0.31696724385555319
-0.38219833734751202
-0.68698816806801244
-0.407611367647357
-0.25124604885922391
-0.24425057756938434
-0.53141781232269381
-0.41232059321670161
-0.43465161747581915
-0.52498431596763639
-0.47902175911279093
-0.098073988121065214
-0.31543744281450731
-0.16475618232845138
-0.3443236459910135
-0.50773609211649173
-0.36116274396628073
-0.34936545066060554
-0.10400137486362077
-0.3702501116549729
-0.17889503676953761
0.12814135942474006
-0.23159492259468417
-0.229380219325514
-0.2002538159135212
-0.19818548103682473
-0.2476079139704272
-0.42054326671038189
0.20945280577892533
-0.51807787738427324
-0.047468192761362347
-0.090535219536878583
-0.47189496106091317
-0.28585293582354243
-0.38812783366246567
-0.48744894627899332
-0.27045708934902124
-0.13399221537080092
-0.11360507733001843
-0.29524533582782497
-0.45183122701682082
-0.014560100344979133
-0.38604424871929455
-0.02814691919422407
-0.13989115886241257
-0.076669676208408241
-0.23530208980174444
-0.36448978231855661
-0.48653753600487559
-0.2921446865259672
-0.57795039146112326
-0.40603949678867679
-0.48086279308344587
-0.21644668465398456
-0.61222727971079094
0.03957814593995071
-0.59599276352727204
-0.3989439335209285
-0.21600407682398817
-0.19132683336087519
-0.099532136305440097
-0.17808052876594727
-0.22201748377045982
-0.15705187969010159
-0.43083326970893049
0.050040250087435761
-0.013608019842568443
-0.035333702684760826
-0.12625741237356627
-0.079461297841687498
-0.023965854718699456
-0.24953351083838463
-0.091881949966672996
-0.13321064418896433
-0.37222924553071124
0.040047926597712939
-0.11799032690116316
-0.28350606210032325
-0.26507301469592831
-0.12122924177474262
-0.087717598979516392
0.39626869010529492
-0.58444136095847521
-0.12525929532067073
-0.46898607868127506
-0.18733597772855667
-0.13786036700370338
0.011392802249670304
-0.057449928558418954
-0.18734514414757733
-0.34154563952678396
-0.19999081483229575
-0.14319661804251241
-0.19942953997216509
-0.16261411761468217
-0.12652384190531463
-0.22510334623251829
-0.1869840330765096
-0.49443103081413076
-0.036411517386797147
0.2772482987736376
-0.0046446674018226532
-0.34839900081357961
-0.18857570538861457
0.068468342898780968
-0.25799389074436174
-0.050941305278513829
-0.29108254355074575
-0.1141315110220805
-0.19531773944347278
-0.19171167345044385
0.07407042437479068
-0.37228557628425274
-0.21344627865763754
-0.21242925716906086
-0.28289728170955419
-0.0068149051088735382
-0.23416861785980272
-0.2746355350164203
-0.35032293172626872
-0.205945849417842
-0.27453584038807227
-0.1647870891044862
-0.403017066449603
-0.091904244569031832
-0.16073196152419483
-0.25669489763440173
-0.18646038380382463
-0.13149854063524166
0.053728053134061884
-0.30587970115158813
-0.042514668371934287
0.30497594346277035
-0.42436128251519234
0.17894176408384191
-0.19193709104642023
-0.36779620474604924
-0.24139164927117063
0.067369693802202174
-0.15677881230959501
-0.31992083652408315
-0.085432458315637977
-0.1689398374290205
-0.19251474790243595
-0.06394886175451267
-0.17256600918993265
-0.12832443940741645
0.20731919320571676
-0.11339281463391598
-0.044561868351078449
-0.33407181460834223
-0.10577280856620082
0.046938093378023855
-0.29099176503760715
0.2785881524519695
-0.049803930258399159
-0.29379844272524669
0.2427120263463643
0.093773427860162184
-0.098976682848803219
0.3320779891604928
-0.092492230394763758
-0.13199099848741935
-0.15671202784574673
-0.13140070662529449
0.026742554187405801
0.10443547064472507
0.064806501203201153
0.0071340389734242593
-0.37374988698552464
0.048746673184780015
-0.018665615452633722
0.16095099377523667
0.18128192205196042
0.022481079758666523
-0.0456733622003049
-0.013020443417263706
-0.080457469429878137
-0.32409765314379235
0.038745044445140563
0.34382286494409897
-0.056283569765726502
-0.042221838056270618
-0.16176243000586371
0.24736181803725601
-0.20527863629158796
0.16543484163066938
0.25783016751363713
-0.10516808964605619
-0.063557112084597342
0.06123061009913576
-0.044276830644674872
0.082504127305306596
0.28806996525740036
-0.062889999176235764
0.13486854200660581
0.16575974929648096
0.19315275870365725
0.29334205906021077
0.3006500654084433
-0.019651257762665807
-0.04057935730637531
0.17891820924383051
0.082716450955340359
-0.19091338791486201
0.28393310405840855
-0.095321080662472621
0.23845109177897961
-0.14549303013132678
-0.056935488302344996
0.027544274583782623
0.23648830457241332
-0.0052460913234653123
0.04963580139149748
0.075558956445751529
-0.25428989457282369
0.028061312677655947
0.19065524110073775
-0.1681830372456746
0.18733323095981491
0.083938949053362077
0.31230343432154473
0.50573197160740346
-0.11569943781332079
0.53898751961507418
0.23531842528303323
-0.014376195468062564
0.35130565228328875
0.20020716442152436
0.073990564323642441
0.050604185564647526
0.10442074503875279
0.27173662666909082
0.12500837377464852
-0.11197189181962706
0.02832759630757303
0.30368611500587533
0.00061777827839587887
-0.13285399848318916
0.2182673220541099
0.20675529811825949
0.21706397196742239
0.13540513704101553
0.19356831446838685
0.097221807347150413
-0.020431892625384855
0.16580465565437313
-0.040908728792702478
0.24970626103132545
-0.082841893787859569
0.31267418732571811
0.18462996391863237
0.094822440257138541
0.10524723060745424
0.2826042369805456
0.10557957316560311
0.2056637942355326
-0.0054773764638844352
0.32522837766070972
0.072294894866567136
0.66002659386645213
0.32093463603554107
-0.038956553620268633
0.12555620424324052
0.16546535069632184
-0.072432547956795032
0.36458339600869449
-0.0073993150285409544
0.15506548708710219
0.32127351951501026
0.054706502644100242
0.2267777011223564
0.4314753400505365
0.073281650485444882
0.0017794264231250025
0.029286484093494533
0.15261767325778142
0.40329534846361914
0.30421956094266694
0.5118307156486066
0.37717349915174092
0.08803206958050197
0.12826098129030411
0.089009225866756012
0.44431209425191309
0.0489249421292791
0.16425688030761462
0.20872063533137325
0.20230361659880616
0.51359719389444047
0.32512421168201122
0.1880769161957119
0.24112048656502211
0.52316708535193279
0.40528453152044658
0.18988385674500025
0.32783828932776254
0.00052935646722113367
0.34199036550543416
0.17102326525300737
0.35681014314316251
0.47164030404243795
0.377919236128133
0.49786843359681676
0.26523233419220027
0.057685500957257212
0.53244813815358649
0.27855849196321342
0.33383080885574945
0.11737363373129713
0.22132841929160957
0.62309675522067676
0.39794408858257541
0.202996099822009
0.21234323690393278
0.072995139728220734
0.51809553284660359
0.39082833127493555
0.45637730082927264
0.45053747548995937
0.19557358499625221
0.40504183993171183
0.55848714306997194
0.59180539581852332
0.51047680864456757
0.28368358779256153
0.57152552829113079
0.17852108363417352
0.15716658526647106
0.42975798381545333
0.41483755840703151
0.32180428580869036
0.31113979082527377
-0.011878079385025376
0.39200344157358502
-0.010260234911326247
0.16285577350883365
0.45586631886860368
0.51552527772232537
0.50938238936556501
0.32214959877965965
0.27729453658560355
0.42833813768903733
0.10834811978387195
0.18526687527417673
0.45064597786705951
0.23334183703871694
0.43528082515402816
0.24916573946825546
0.37269055832555509
0.41671426345149121
0.36293230724728753
0.16309873002466735
0.45575804185631535
0.29540244988799719
0.2215275772882665
0.40215466789929083
0.18347090149387518
0.43896289812853406
0.32205025175512408
0.39408863326528021
0.56840224065909029
0.46837969802131796
0.16322485402134229
0.33694960735487772
0.56581887192166858
0.32050145158888949
0.10242590770302257
0.62382278073545228
0.17833885926397336
0.41720496855878914
0.47061771749351433
0.52225479035508704
0.3526706427161444
0.56187375057913214
0.71764212569119135
0.35264620671862229
0.21893396593075398
0.20347689068275146
0.68416235045959772
0.40392412192067423
0.28126355087276678
0.4263523559252162
0.85801449210163261
0.35343100980567438
0.75462228199754811
0.48105632026504397
0.58865599121847401
0.29354209964326045
0.52473915681857775
-0.077760154381955743
0.52568533592275213
0.36588151058724222
0.34648315056567047
0.36913266121872673
0.56936584646775779
0.4923941898881129
0.41360330268224432
0.16770132581911973
0.7379771857124362
0.49230974160689184
0.37923896215827363
0.56325539478092401
0.57708785137486707
0.25698048742101898
0.3633444023719144
0.47169707941374339
0.63858172406706459
0.20449288577389177
0.13682977196885429
0.7898204612377584
0.57703970108492464
0.86653549091693205
0.4222167874735297
0.29611733083833974
0.25759432225542533
0.55317818576461553
0.43174398647914419
0.69805560791956034
0.88588471799116897
0.91335366820035957
0.74475708330360335
0.39255339299227071
0.61644182470824971
0.6404477989583891
0.47358463841480608
0.80503186684785888
0.43328034656764436
0.65019596287289727
0.92510421024919021
0.48679553218333488
0.26553763848597939
0.75838566013903763
0.30442750439940297
0.5260592534707289
0.091707384168650943
0.57820507112300779
0.74183683717602023
0.58457924960196606
0.6013326909695671
0.6287872765205389
0.60343345140989191
0.6218658424923893
0.74617397959017639
0.46648753895184503
0.47320494362078741
0.57300723359772787
0.43988100414436421
0.60202711723405067
0.46571701802784421
0.87689881640821543
0.59094898745789692
0.44502238972649405
0.42842705049856922
0.49732311889807151
0.63165891829540766
0.56270018932837307
0.90955944976571035
0.3739716630036049
0.50940709427395037
0.54573174643590971
0.37013066910234399
0.28595643790331282
0.44084333505682999
0.41635873323917255
0.38870564074391889
0.78180227910459499
0.67367402992944658
0.60777367929145876
0.65209335103927091
0.8371380710966505
0.3923140127740451
0.54526715532563164
0.23244118264383934
0.45874761188503543
0.76654224826152217
0.52407679712254585
0.53171205905615093
0.77359474621262858
0.56854986269753038
1.0097044651789648
0.50371605641927741
0.51475480999309819
0.69177817876473091
0.47241590480339862
0.64597670954810749
0.52940476271310566
0.87628240961472292
0.5627123381613609
0.6741382229866546
0.59999042741619413
0.85582512428775803
0.68619418787310538
0.73370257951960605
0.26157273683811166
0.6992801136754464
0.81822810276648761
0.29044936118341491
1.0305161401176028
0.45763105080108746
1.0989528436672613
0.52793817156641598
0.63936388361091401
0.85550133011090512
0.646460307547848
0.78703281185267415
0.61250055055595953
0.90062155060349858
0.82538053493230645
0.62463333403839993
0.90251151469535673
0.92160016254492538
0.72994702047353555
0.53883886552133142
0.78429582013363919
0.52645790645929724
0.61569124503876183
0.64184314580326707
0.664576476347287
0.53366128616136688
0.37285155851533791
0.65739938602937942
0.6160357944690199
1.0170582176987228
0.77986738631974195
0.4360841438606412
0.542354080248444
0.6838675700067377
1.1171847187301431
0.63976422581506243
0.7959103863858189
0.71381383246902641
0.69512535450846247
0.81202377924290947
0.52637041339202884
0.76486470716310317
0.70561024817990758
0.74196158759218267
0.71650122185622478
0.96620828326225139
0.49373243980748738
0.90968626795916629
0.3013047009841554
0.5754714628923725
0.76716143879040855
0.88151955860982489
0.44938350185766329
0.79470022696821108
0.67517899964254302
0.80345801488360014
0.65063366361616015
0.90663695890623552
0.77612934550591062
0.64793023439808917
0.82077559985153647
0.83891745153908759
1.0475565171098993
0.6322675042665018
0.54045873845377923
0.46356194892078034
0.75936131894679459
0.81496357920175255
0.64044382385431531
0.64334376606833621
0.95034821608774289
1.0291318869078447
0.69446086069876933
0.99578040082336261
0.87552172047904586
0.97588425701882509
1.1281283937623603
0.56848117381754815
0.80274872318670509
0.83390037931318972
0.48579662778236632
0.89074506160986133
0.83778973827312297
0.53752173027089123
1.0149849045848913
1.0307773769248907
0.76387279252201579
0.93240414059628363
1.0643049888942673
1.0642464186194496
0.78075068516586066
0.89095594100735709
0.97398774411506994
0.92965300167065512
0.54138679428631153
0.92144022193919151
0.77106827836360048
0.75449482862989103
0.88345594494832469
0.80677734501422027
0.97893248550415102
1.0019196187916664
0.79653795771978086
0.74494342572818695
1.1396250437926607
0.74811795362668077
0.91367156444106157
0.66736188972085431
0.64710715861929435
0.84632234325075417
0.90158986483322345
1.246138220928473
1.1202799151990139
0.96983081068781118
0.87565075365554146
0.59204079441515212
0.99594997193892243
0.97876177335624814
0.89353108813284821
1.0399281689355497
0.74030727821389741
0.96160554748747251
1.1960764750312383
0.94787428295868692
0.83343167072515312
0.63498825052761665
0.4909723571030517
0.67628269908931515
0.72276113245804707
0.85858562569952013
0.58591652291591811
0.68155743165394167
0.99179486357314894
1.0735973707074853
0.72639517255243247
1.1682378804838929
1.006073461697381
0.77393423827769481
0.88689013446207954
0.89483307649701427
0.74977724397083922
0.53492217061908509
0.83027182797323451
1.0250279056695768
0.91229483493195263
0.54290299045329238
0.86807754463725806
0.9803709900545754
0.86092568051072538
0.84095533647262743
0.93748890334348434
0.95203418730563893
1.2500141998582666
0.81574705196700537
1.4127694636738282
0.75294008016714242
0.95674837466028306
1.1160651719628092
0.72773099140530695
0.86320089506341813
0.96617247635302916
1.0603548182392086
0.77522751996484418
1.0390081915959357
0.88882467465640969
1.0053069744805612
0.72430107842916858
1.2678380993968175
1.0307785138732015
1.303565181849798
1.3296243055972456
0.88656569538290753
1.0250436262107392
0.81520204367222815
0.96265873999017104
1.2128748247812107
1.055842877025958
1.3337128389868766
1.0159958117763355
