-0.7678232748509447
-0.78700497102244793
-1.1024100088121902
-0.78501277640799538
-1.1997003232552432
-1.0407516936810939
-0.75409357399249444
-1.1371922136322978
-0.94743210432108405
-1.1333256372576164
-0.97173423789898827
-1.2322543516626381
-1.0058448900591084
-1.1745102546744799
-0.77950623001029962
-1.0385540806094664
-0.94060596859219625
-0.89048400845795261
-0.84801787196107714
-0.74313108940989081
-0.95126682452568068
-1.0946404441403521
-0.95800720714366383
-0.81861692825851107
-0.68912625819477225
-1.1124580097638501
-0.64118407087221796
-1.0677201742805327
-1.0346250648349395
-0.86499756479083634
-1.2513686833099948
-0.56242396365235736
-0.92730859620838224
-0.94203123558454471
-1.0029828967770187
-0.91866720911603106
-1.1077524006044863
-0.88268005927057624
-1.2358364655967722
-1.218818835243177
-1.0205773013663109
-0.90243745067421277
-0.80864851989226372
-0.86746967456555768
-1.0096747286024621
-1.0192290986248904
-1.0402699903058252
-0.60775161157762569
-0.86477654062049125
-1.1886663655254983
-1.1326123165516571
-0.60886169923540745
-0.71775259535206304
-0.93137045666304619
-0.67896844193480455
-0.73903606681496126
-1.2507139417806763
-0.7221783268082469
-0.88268880528997395
-1.0051620729720558
-0.914577004037054
-0.93991356972426499
-0.83900078331947603
-0.75185071426645433
-0.838365629911759
-1.0814284711097659
-0.85219280077587889
-1.0188253334869273
-0.63721243353259083
-0.68491395088925366
-0.78422851929506088
-0.62628426322725161
-0.57125099249213274
-0.86719516901791427
-1.0176344075316737
-0.83298885518530041
-0.53625361090768131
-0.80922278802074887
-1.1306684911412979
-0.68512823986256699
-0.81369878693318343
-0.80755637585948381
-1.0321894995681697
-0.82899647041816504
-0.41729149924734671
-1.0325519461290191
-1.0257863219676995
-1.0095530852640284
-0.75221860716046252
-0.71966427221018836
-0.7373256899342967
-0.67482389646094687
-0.99043055212606679
-0.56870265787273189
-0.35966473381388664
-0.85744136888259903
-0.93990586813129884
-0.67855063398457782
-0.7002046426900379
-1.04590450663743
-0.73062023754719674
-0.76162386008461913
-0.93389737887618074
-0.80395259513120709
-1.0084650305716685
-0.74119608365888878
-0.73529021021700769
-0.88268108518130639
-0.79837008432831758
-0.72967998281283519
-0.69162932673104582
-0.74669019693315586
-0.627906928614965
-0.66437964724107834
-0.83482122152808813
-0.80950516536908179
-1.1190664765102762
-0.48128201202827797
-0.5187545985838754
-0.85293040607775461
-0.82812880912328157
-0.85940638111275469
-1.0723277326267879
-0.60861798102853992
-1.115636209477767
-0.81547337959026789
-0.92378889661301578
-0.56987686000689408
-0.55778396052897639
-0.62620895540030241
-0.70655576557591515
-1.2216991948608074
-0.78399979984992596
-0.5736205054615614
-0.86143365358439805
-0.86210949252785474
-0.91246058115215611
-0.89700864963603677
-1.2250745668351912
-0.43596766925096181
-0.58530442301466246
-0.6593056097769221
-0.68258433459351897
-0.65966922261458671
-0.7324273834779581
-0.93736455388887319
-0.93356913149950849
-0.86858211236885308
-0.31360176871706397
-0.42899068820850167
-0.37830931569127974
-0.4923146618458788
-0.8502600736145991
-0.8732458363641854
-0.8035629940064456
-0.62908758455210467
-0.83888707569162069
-0.72161752121967404
-0.64058309790337686
-0.53407529524188857
-0.62620770642697288
-0.90755046802965345
-0.60532344838259744
-0.87752838116784915
-0.75966136623342284
-0.50076643244461516
-0.52164972691981482
-0.90573799345504646
-0.66598316428826554
-0.41840229392537881
-0.70162085658236906
-0.74538923706367277
-0.73453028687040778
-0.59007757619062995
-0.45492311354574949
-0.60977528401146208
-0.88745322683120398
-0.58628608019846296
-0.9297369824308902
-0.096575973146744751
-0.57112804376139781
-0.82751241399432485
-0.13818861625662224
-0.83968509864303686
-0.83837954818916605
-0.84614231834257392
-0.44101396825575789
-0.63259240763331337
-0.25788254871998195
-0.64937102467390506
-0.70140837841874648
-0.27438834661229577
-0.41731414310243115
-0.57155641428784043
-0.89799563666669757
-0.40834391138558374
-0.79464420020772097
-0.61539751742451232
-0.32417545359012812
-0.67295550931516657
-0.84126210746959151
-0.90025870384299866
-0.4597166047568767
-0.44992697728117509
-0.82474888682167169
-0.73797840359081202
-0.26375057256272139
-0.56670031436403989
-0.8042162403463643
-0.64599683883959857
-0.60727625143855368
-0.55710433950379401
-0.39462685579600582
-0.008085851420385216
-0.39928027081738615
-0.43718490554562656
-0.25660863439811643
-0.60451449408941604
-0.27292969574807885
-0.66657564665551217
-0.33664247827297655
-0.48716361725285984
-0.65613121238876471
-0.42985452505825678
-0.49307931681316569
-0.61743102226603452
-0.34614583340728161
-0.78117932424540382
-0.53448377226103716
-0.30382796824165731
-0.73397280395002729
-1.0040707720071951
-0.57298423680008437
-0.42068284490221203
-0.63888009006129176
-0.55464335702130674
-0.56821887273818616
-0.75641279693797991
-0.43693131479567865
-0.51329079255099541
-0.78316808307818209
-0.33784042282165427
-0.33746620081243328
-0.25358346029658207
-0.82520052344803985
-0.54394513334616212
-0.23166027599563824
-0.36098553499705627
-0.75602755453999959
-0.58019657713000272
-0.29452437473389892
-0.40484129669520685
0.054257302022280213
-0.2505788369948857
-0.0082523009885066365
-0.49194202959346989
-0.74894061223579567
-0.18594889128214531
-0.16865877194843312
-0.4457938951449717
-0.17997376552601174
-0.28675249810495523
-0.59291843194070626
-0.52878425899298043
-0.27409723655591839
-0.39520054859701254
-0.421876092834859
-0.90777132359925639
-0.84375847288161276
-0.6682258077726364
-0.13958334705780753
-1.0603738511198553
-0.14803327693672899
-0.42891972777468867
-0.46034053566507543
-0.3382579795086389
-0.55515817262632239
-0.43326941016552839
-0.19988409038295724
-0.44638148324617327
-0.60294164776179293
-0.29015981524815293
-0.33686538805433108
-0.38927077612989519
-0.44839110676948452
-0.43355918517401443
-0.6363495010297987
-0.34467328067063097
-0.33807548368673729
-0.012094153645678779
-0.45918068296841025
-0.58869171099900297
-0.63620874107805681
-0.17121818287986779
-0.081460936145984195
-0.54807820727478274
-0.29150278728993351
-0.37849216643823386
-0.56960625002507725
-0.51158348096270423
-0.34822922431665365
-0.58329143694450813
-0.36029095778616721
-0.51255301527676844
-0.13794279128297424
-0.29551807177188166
-0.73078663392324239
-0.54169177784224831
-0.35831721341121764
-0.35295769538018085
-0.7770922528561498
-0.68433448189779533
-0.010350392577029091
-0.42284079286574139
-0.10809484060742111
-0.33368392204634928
-0.20527077814455966
-0.47093105933933177
-0.38882384587108432
-0.3079443573054681
-0.068547520275353435
-0.14338472839391733
-0.074405002401781356
-0.041550210894755871
-0.37625743315011162
-0.36047935611943999
-0.31157727252175743
-0.25305237024814353
-0.58970246937849546
-0.77582523170908824
-0.40145583367997995
-0.26881730012997956
-0.43947893361314333
-0.29257678971799322
-0.43523396334328496
-0.20189440120047561
-0.30325142520674059
-0.30842437396246097
-0.53096384706435285
-0.54637943714488313
-0.45654014621018885
-0.70881182261364106
-0.26328363291385859
-0.5709893869694449
-0.47027167092232236
-0.58042281627087089
-0.49296795220512712
-0.22927240886548741
-0.12897444898812213
-0.37060644752548855
-0.68516475276816635
-0.33944344022619199
-0.22903930548823626
-0.17257978981554423
-0.092887433091962263
-0.32793152721015079
-0.085806395919859169
-0.42894070442973325
-0.28009427440428902
-0.3778913206237991
-0.34311674001808196
-0.34573615659999657
0.038844942167627752
-0.25091760034653993
-0.53308951179738584
-0.25163685813903353
-0.30447714114482494
-0.42601491666884994
-0.18581985787659852
-0.49882930014552018
-0.40407001108886847
-0.22554594354785068
-0.16430845874270977
-0.11449939222518751
-0.23171993119619541
-0.24196643409642279
-0.18379249880531923
-0.13942077720947149
-0.2602874021006093
-0.15122119121401895
-0.03114726998180509
-0.60112605390980611
-0.2856232175928729
-0.13357536348906771
-0.23538916552163447
-0.092070597232146056
-0.24263111160919129
0.015186940787646416
-0.20709024483319838
-0.42849952846772937
0.019684861327245191
-0.16980208920568474
-0.40116283905780242
-0.24308343004157987
-0.11361713812471959
-0.18708844146543707
-0.15552033180611569
-0.23000487519809112
-0.33225795006129638
0.040346491206095597
-0.21943762710954734
0.033784312630064907
-0.24665071711342515
-0.15064963200530834
-0.17385152838918941
-0.41851034830092265
-0.14249177553993403
-0.055333611851733654
0.026326515803489575
-0.034917888848048334
0.036718601531204882
-0.25810688170997498
-0.030277769597291102
0.0058023008458583155
-0.50273899020243551
-0.003077234807792424
-0.36144088612428871
-0.27731591010848772
-0.0066360170549693105
-0.2001047095922831
-0.29940517637272041
0.042057260658140388
-0.41406569282552436
0.30087489923391653
0.05491414896902426
-0.1429169854437406
0.011781743836653055
-0.19348131151198777
0.095969104922495538
-0.055493939911678822
-0.062965217093811574
-0.68365917805157961
0.02530507362349264
0.077784639118125234
-0.31213787538827087
-0.51213002590502155
-0.20003643064428173
-0.44381780646367314
-0.20123150109070678
-0.27357084481846156
-0.43977673665436517
0.14023461433943976
-0.018099073499637255
-0.17981738127347532
0.25534752404037375
-0.17234846652978938
0.073579423598703772
0.061657089583308185
0.022500179824865758
0.045625163084639951
0.15590352288629056
-0.10992365406993197
-0.19165361912466133
-0.084072025263806374
0.26156790096894156
-0.10783546790253751
0.11091977541202958
0.15368714119555163
-0.099296923107495896
-0.0079233406128365342
0.10562932289018549
-0.25848108332668362
-0.1698740779749745
-0.10307083137308641
-0.22958480205215478
-0.32542883446547927
-0.359764912742496
0.17514931351591284
-0.080308597414679148
0.11016009416905363
0.13389264977568907
-0.13300361183584958
0.29691911069673377
-0.14396328937047517
-0.24409425632532922
-0.056429600882821597
0.30670605634755699
0.099758573694864974
-0.32762842323358543
0.054833119469265078
-0.04075948625729852
0.13818912125847049
-0.22624143635820521
0.13378634450685434
-0.17404523731833382
-0.030045387489166783
-0.2000353593519526
-0.030781375032173524
-0.41504292021741679
-0.44044873462218703
0.30236822577647243
-0.10580933560280827
0.061153288302717539
0.24812947058141696
0.0643873755893557
0.012564098213121036
0.19074369638017194
-0.23102673035325261
-0.31157297216133756
-0.37929566535979697
-0.13489648536335691
0.08196663944016773
-0.36271507016591015
-0.43196312915266494
-0.060181379950374439
-0.033595049646594544
-0.057458941480451858
0.21531902488249485
-0.22827685922637589
-0.19137054288507277
-0.2196383977507575
0.059223244312801494
0.11826835345288844
-0.10852618236470103
0.025291648116972675
0.099870435662945178
0.057549915683738052
0.09714484220449035
0.13077836249710822
-0.472547965119967
0.05687872953090517
-0.14717481809446389
0.22890277734130413
0.096698651251683435
0.088030289287110458
0.19387897275443378
-0.27398494544762486
-0.02116088451211276
0.37745540884854728
0.03273161571157221
0.042412866991847174
0.21357079588629119
-0.23962991061129105
-0.0380857335633666
0.032988613625085747
0.18581197375325656
-0.11295473477997291
-0.093889489237563239
-0.043730718892912773
0.07379091258205471
0.28208009462495176
0.36058979316755596
0.31705061513834265
-0.1340744995172527
-0.076054457992089555
-0.26690619044528779
-0.16452156909093202
0.29776727540167791
0.11226676036140225
0.36817322185434381
-0.16770275085997932
-0.31486186184295373
0.13096232437215696
7.6244170292605753e-06
0.1332282742620714
0.046107069339548626
-0.01577270318882484
0.18791079708663744
-0.038866307333739143
0.4241864112100755
0.28308191247498232
0.078507752295124258
0.071243058463502873
0.34979311341675517
-0.078899562787528008
-0.040479456404384689
0.11664268807634066
0.099544806602770208
0.28785662911252746
0.1853664668999345
-0.032597505352384981
0.1967828893648674
0.29320889812437795
0.23573236103306067
-0.010384954396788599
0.44953847987943185
0.069204068814715317
0.17349854582689142
0.32213452047340874
0.33472733962953183
0.37206461687309439
0.26836299946253939
0.18432447133559646
0.23754262294636755
0.31641605188786504
0.2188809109438713
0.1184202288621288
0.31907158516792916
-0.063510878999120418
0.092090578622178898
0.082884438962563103
0.5701547173821504
-0.15140334782219966
0.44928239213389015
0.26521645450558817
0.33237586573412681
0.18505182930523367
0.24427262738223324
0.24980871010532416
0.16589981378396526
0.006796389092783523
0.2401808148243933
0.050238526682331065
-0.12177826625118376
-0.078797762670387073
0.18672422393444818
0.34871088899544134
-0.075412212001788562
0.33005222331809658
0.14875264005185354
0.31642244611357573
0.071011985635503941
0.081150048353090171
0.31544875104783399
0.034225371160023908
0.12642176023518131
0.51737791541549183
0.47027674578265166
0.3238022515671482
0.086113542727773509
-0.11694665502956134
0.12110032274867499
0.34262343517047039
0.1223908739562211
0.33876317597695593
-0.031137020830374652
0.2420896559025095
0.43380918642837352
0.48994007704799808
0.23069478106462893
0.24543553875053215
0.38421018645680005
0.42077878682050446
0.39309519382227665
0.045924035302394403
0.46798401409720319
0.15586262485867808
0.28723703618846469
0.065628583731153448
0.10899820694823181
0.22968721920139351
0.26487258262757035
0.62052928109465022
0.30212491878195091
0.33826215740145221
0.4932873229796283
0.20728880580498832
0.13575878940354122
0.034248806934744677
0.22968665857209702
0.42164691262104775
0.17650094588219059
0.37312379168739612
0.36610529268104586
0.50636333319248372
0.15775346762292336
0.15851204368072208
0.14675795058115251
0.01032304691582568
0.35830131477406491
0.18461508981280297
0.37481019797450188
-0.1784122265371523
0.67775546493505656
0.72513638590475349
0.20625974364710661
0.44720858239846717
0.34997682701164923
0.27315895942070478
0.30278454755102213
0.52510071904226641
0.26272574508686358
0.40340897104301626
-0.050968348255486851
0.1221298155540676
0.45583892900841111
0.35663640962537269
0.25564057806229484
0.39546287409162301
0.66520310008401962
0.42072440576309267
0.70536818468862195
0.22268163659560569
0.31786790233770934
0.49556762814589156
0.75564975446589677
0.26607230144933097
0.40819918678820949
0.34906922777078492
0.3332415346617445
0.31250403816149869
0.57943153874538433
0.14028535791077587
0.62566672744789098
0.47172213388826673
0.3912813046599864
0.58117003049055005
0.2445100716838875
0.27302522113177913
0.49225892594682319
0.54867905849018928
0.28439962763188292
0.52878733500201047
0.33745681138020245
0.53216617690117629
0.48724296915937987
0.59776243628471148
0.29520303499266765
0.56786999739166621
0.28736982049685883
0.26669690627615045
0.39272832444931904
0.14017055783548155
0.7496695110757956
0.36423315541458662
0.15565882745341916
0.67729246741649796
0.42866655693453531
0.28721789681290072
0.29807268623044014
0.57030414487671388
0.52132224638540869
0.40302512949257507
0.64828357998397335
0.60729513470714491
0.57970754416283532
0.44309896501623824
0.082115953582691192
0.31900325270790947
0.70271915195643708
0.29361444493904432
0.3346890468471484
0.49421934784176286
0.28911868560483683
0.41044622306416223
0.62523138569259396
0.21115119124158432
0.55483775861657325
0.61090589423320529
0.56492541019382791
0.55395926374018378
0.52197283643261427
0.29206469641069444
0.51073262825915022
0.65220429376923061
0.33460385512695495
0.39665951514970621
0.73989116656238219
0.45897523470506696
0.63185004263553424
0.5728923253193281
0.79362101502861437
0.76897343002044982
0.58402096663647451
0.2861748761136671
0.70892728920332615
0.35977688461026164
0.37048313047905163
0.60860373129774481
0.22991109431514592
0.40176693367597671
0.24646223864182781
0.39171498066219834
0.44988426398819192
0.46970334606148578
0.39809713885882986
0.70626696238265618
0.42616927624760353
0.42119213420895757
0.3906815608725816
0.15639772521241271
0.42513298695772722
0.78794454287866289
0.74975838671987072
0.53146034056337843
0.50845796426586498
0.82589662688020538
0.87265116763971884
0.36803630855804936
0.46056815628629483
0.68331597395632793
0.31912277964591329
0.41670755990849778
1.0475607290687639
0.74350261904291037
0.79447656707256686
0.64768588747105948
0.3899945912642751
0.58108436059597646
0.4528950784615976
0.74095933371523082
0.76084990151256682
0.33998420145324515
0.67888650507959636
0.32982410789138944
0.38581404278374037
0.51782458004272036
1.0543801137531996
0.7781101881264173
0.25817621863673768
0.92651842626265102
0.86209956800866816
0.70693855821100915
0.54633142782704192
0.48013203389323866
0.6529564554680467
0.6709589141664607
0.46719443093352092
0.27903498281391886
0.47431899948350142
0.9015096258207852
0.65984727278559829
0.81927666125824072
0.73447012755582353
0.64720997855335594
0.40291396891299264
0.90961541425347581
0.25205376064098028
0.61081361269863543
0.5182697737630555
0.63265601578272868
0.79310210563606098
0.60981717097618637
0.81984698005853029
0.81041756624953498
1.0483684819461179
0.77763304170381109
0.62397515227114853
0.25699672250701577
0.81059467520042983
0.76173109915867809
0.63339990981247962
0.61711449836108934
0.52856498657813933
0.77827419822708432
0.67597205781723491
0.86074113432523958
0.97423636334985253
0.57716753187493819
0.63289901653860903
0.70327792431572933
0.66151105592275117
0.74154013229120397
0.65827352767608538
0.65041407019711373
0.64718780014569655
0.66316459973318087
0.64751595496288428
0.53792576660748037
0.69512681175293434
0.78464923183823709
0.64145508703830989
0.53855775954198215
0.81771340044574481
0.83538900797372961
1.007796364075483
0.60789688532058705
0.41974325249384781
0.46685479388290002
0.56769390265550279
0.60839188121834209
0.73153263533427326
0.19613492420682205
0.86320684902846034
0.60447068066165244
0.74760600431378754
0.58227655048243065
0.98530937702018495
0.81333787691703396
0.54828235911788303
0.505598507182344
0.64262361876879992
0.64991353595392065
0.73056082695209967
0.57069693155459567
0.49776455187335117
0.89364891787538692
0.9973522978971443
0.83503908349636013
0.90051180353348592
0.53569171291172535
0.90059642805644202
0.80893748313542313
0.84589498225316961
0.72989779117397935
0.84911534303717096
0.8638278572555711
0.95148638263411911
0.65821915230018058
0.91539546698834995
0.69751507424067893
0.98175730710793796
0.40751395999156181
0.70804184110151047
0.47717869398473078
0.52207142558374786
0.81141186341068272
0.80692041033381579
1.0010772459713233
0.88596265707403521
1.0323251234678936
0.92481226756639034
0.63611795018942174
0.64942490223588112
0.64416210670526752
1.0996791283100609
0.95817817174400499
1.0319647065309672
0.43385039120934071
0.94010587000510815
0.93850154204841618
0.80421629336957012
1.0686483006394063
0.94274444262812118
0.6732975004828462
0.70438400145945834
0.88438121106959011
1.2394654724842402
0.68616913971868621
0.71815527593560424
0.74987388467142879
0.80231644468756635
0.6648829486175668
0.66521882285528788
0.88604035891822586
0.42606569088768531
0.70167321527293558
0.64633294083665138
0.97964934621070054
0.81886793132772895
0.82178137750398561
0.78484774368476051
0.45563638044692367
0.82521413447841363
1.0068610702060647
0.99900458776220413
1.153270371630982
0.80812936623830878
1.1274135047878187
0.94286872890799667
0.4679371312754656
0.99658900226552594
1.0039652560226437
1.0260553625134168
0.7403589503934821
0.91642554260769493
0.93999124138728307
0.77555212328913248
0.77873778000877358
0.64810218905327888
0.81698773728145779
1.2675775960457711
0.80391555880308385
0.75612235746638812
0.7374775624404476
0.95227782584488874
0.51589171497377884
0.95691967776320197
1.3813272309753173
0.9943648630679659
0.93677871291856396
1.1816243686739787
0.92270487059574424
0.67890943495062051
0.61892168794621694
0.96706101747751327
1.1306238587030899
1.2878186990860865
0.77956677443859967
0.7106595166606019
0.69642616051847872
1.0055008231872802
0.68074370142046914
0.88195906267082869
0.7544717668923191
0.65829005249948014
0.87043123851617443
0.90661727657680502
0.93876597482107893
0.94382274489379658
0.99676097955790399
0.97973692661679512
0.8013788300425152
1.0779161745551669
0.83117500228129138
1.2389067664034994
0.75108772084653941
1.1010762467555315
0.66738880553514102
0.96667254689502258
0.9866687559546744
0.68539957977615029
1.0634916991024095
0.82475406911138949
0.8650712158272692
1.0917836237782632
0.84606981140811832
1.229546470454177
0.8931722322130653
0.61544121516358119
