-0.95405698731658095
-1.2616967277752984
-1.0120857668920613
-0.70363057306398535
-1.0859286205062293
-0.94292030563786855
-0.84717481678867956
-0.90712151886306414
-0.81920680405247959
-1.1950517445841375
-1.2223080233034898
-0.84903319686882306
-0.88250133906302652
-0.94321887982031172
-0.93342267783408206
-1.0514953388885204
-1.1466301665555949
-1.1984684316857328
-0.74092862536529736
-0.71870298007824207
-1.1617253987801972
-0.84750309579762828
-1.0131208699957179
-1.0014138606590597
-0.79450655967481831
-1.0603576382690096
-1.1299913437143061
-0.98609082967401196
-1.1135190638766248
-0.64324305943416815
-0.75585164305088914
-1.1439376459652069
-1.0518342003230758
-1.0103797416571429
-0.75137911188139384
-0.75619306393262808
-0.96568879922952366
-0.8528571127461313
-0.66915406636118868
-0.80135687413716072
-1.0101772739442139
-0.86994175392581174
-0.77698823895574987
-0.93588389088063118
-1.1467101122991037
-1.2657631582173459
-0.98478444870050075
-0.74620800420510236
-0.4740844967801992
-0.89676821375661331
-0.75378843415694419
-0.98847663120053109
-0.6430152917484272
-1.0032455425746212
-1.0603008872934885
-0.92526459781838799
-0.96867657951324282
-1.1366814408673203
-0.79155023942401193
-0.64151910614282626
-0.99676621583443992
-0.61964551141954405
-0.82335368083849203
-1.0243947510619504
-0.82473267342752554
-1.3683259180979255
-1.0096740490008091
-0.83993391130472517
-0.35494917120725217
-0.77068468133468127
-0.84120713094105448
-0.69745948307479577
-1.0026930042052853
-1.0398038913193461
-0.82724137516138807
-0.70689971578355371
-0.57138641501187493
-1.0205022387273095
-0.70683462615701365
-0.80059800490447119
-0.88392354773372117
-0.70422343187739522
-0.8020332793393824
-1.0835429285917613
-0.95285949037816731
-0.727201719860052
-0.80881022298967886
-0.80716472933969707
-0.55387203493075521
-0.78463715700255321
-0.85102653951609752
-0.71325484122470528
-1.0048062429609239
-0.81699929120142101
-1.0086168867161145
-0.87042350199064722
-0.45948038567909838
-0.8644358735607176
-1.0132193962968818
-0.51373648510803305
-0.59335867216615246
-0.62233465189494974
-1.0758833179225293
-0.63326268436952804
-0.70355054615282364
-0.93977775711918676
-0.66481200241640492
-0.9382117844124459
-0.72406093407483385
-0.73816138440883472
-1.1105431364330962
-1.3050971537994513
-0.7779507388803919
-0.5824517289571608
-0.74413239021323763
-0.84083943363442259
-0.93291500507302993
-0.64262575913495468
-0.55157219275058644
-0.74885525727174518
-0.61365913414611206
-0.72020256068013822
-0.73009832176084644
-0.46496327885190203
-0.74917214704462809
-0.51117788308012269
-0.61973094351194435
-0.51599675894724373
-0.56734024105092618
-0.65033408096114032
-0.82657784074547569
-0.84522065416767544
-0.50879371866635081
-0.67456899412160887
-0.72442651572107652
-0.64690946784483649
-0.87164442846707235
-0.34094396380032499
-0.49469588690851934
-0.71374383271064423
-0.81262934194253922
-0.93834752359050377
-0.63033723932677777
-0.68338060200981932
-0.73842720100596138
-0.70521345320078721
-0.63204842145638884
-0.56313024850378968
-0.9738542534493414
-0.73332583563101894
-0.58793944614046845
-0.73463790695810605
-0.5851633106288342
-1.0012437437444117
-0.86737003238950849
-0.76642064210976413
-0.77459612922956311
-0.65787236985474162
-0.97633148926953162
-0.62462067527826237
-0.63684385852730829
-0.34657897601395937
-0.66051646684435728
-0.7001366576918312
-0.78244242196170577
-0.89110109282748451
-0.62948729756705257
-0.61703382006747876
-0.97365233842118082
-0.72204876950845898
-0.60843990099510592
-0.59042225105076229
-0.3895759486143815
-0.81370164875596618
-0.66157049865550099
-0.71038529600570488
-0.69020158494449435
-0.50497181733181695
-0.63406447045046099
-0.76706315545127679
-0.46727392209552709
-0.76036585008290369
-0.43273626646360613
-0.60283902526617505
-0.33485756438747893
-0.62232843892891554
-0.46245120152907343
-0.88549787904464827
-0.94840979199803455
-0.65851629624764207
-0.77893985367522611
-0.69955184774136414
-0.81823909022432306
-0.48598627628317731
-0.77428870601908095
-0.69976633790179066
-0.53081440054435569
-0.6294685608446341
-0.83626383740028454
-0.78452526339129947
-0.64451255032478239
-0.34774235449777846
-0.59192598689329046
-0.35403396032148066
-0.65266856710848031
-0.99420488182918842
-0.47885786661229957
-0.68804871180443483
-0.67792782156484555
-0.46097589991485166
-0.82961255457301897
-0.66451923952700753
-0.58739029179700453
-0.35978746594254518
-0.43444994207683885
-0.40420262685376745
-0.7669614540175832
-0.58400049515425911
-0.61219293443081779
-0.51099166352814507
-0.39527949413720187
-0.60451019954975183
-0.56449222000116184
-0.37839176495537213
-0.78342500082426847
-0.73893125387881897
-0.78002653732416705
-0.39476873775344301
-0.24089497958054848
-0.56724661675528187
-0.3178211820520056
-0.61603304295966999
-0.45386386734322354
-0.42203016358233086
-0.3387176407340825
-0.57732183589741637
-0.39703847833908734
-0.70686063893616469
-0.81447124574724161
-0.41078883799165966
-0.39422948676368247
-0.84920233587418315
-0.55054709355933729
-0.16096446467244913
-0.58305927141281044
-0.44229761934463058
-0.59468743068900787
-0.41583517427497951
-0.16258949876597933
-0.6083664333332387
-0.36092801550208475
-0.61125354071826088
-0.45927293508680733
-0.77188866244740562
-0.41062137749293459
-0.47846593112865343
-0.40430418213436681
-0.36454995483419844
-0.27041456363834449
-0.42743507049349666
-0.61945052963819902
-0.65316823026713511
-0.34426065875561634
-0.59634178322180909
-0.49562194709444563
-0.78678651460736937
-0.16409855081322322
-0.52448076987179726
-0.39859262352322988
-0.26695268801838007
-0.35433671226986729
-0.47766906154409206
-0.67650463757189405
-0.54894699296732063
-0.48828532386925616
-0.25871265220852813
-0.27695118132149027
-0.55801038698819894
-0.35523923270724694
-0.15810759823052245
-0.1274826233355795
-0.30534680908587919
-0.45325343316520306
-0.38469162225220455
-0.62104191431187583
-0.45797906440095454
-0.36188653562165296
-0.6440840882875859
-0.52149721055818843
-0.38581206881344526
-0.56306454575471965
-0.41080524475387065
-0.67095678674237724
-0.58115866151168516
-0.50585050505957296
-0.56066540362566131
-0.53047708915009117
-0.33178748748665976
-0.61807649125847564
-0.19552117837450531
-0.52331836504945162
-0.26656579259510055
-0.67665074429574212
-0.50532335371119796
-0.35639105629382378
-0.61342868139750317
-0.59109440264210134
-0.24523237309999307
-0.47247282736310309
-0.39687917713535548
-0.55706881338922765
-0.40554762813769218
-0.31104491726639755
0.017290517157476953
-0.1927906825992835
-0.73123894028682856
-0.46026163946023724
-0.53297059489508225
-0.10619040679143414
-0.3929660796026383
-0.14531125217503321
-0.26928546724897379
-0.15103488869860884
-0.365836522698476
0.087270875192326264
-0.33382558575331234
-0.28581181580909443
-0.30722620579457671
-0.36992359459475482
-0.7085593659335705
-0.41847863565624432
-0.26610438216044235
-0.24477739768349058
-0.54778094553519385
-0.38332184890507842
-0.43555500721290336
-0.5159068431278746
-0.49057678081040473
-0.10271272169620571
-0.28784783536205705
-0.14943996861255707
-0.34383590630182648
-0.51180321215987967
-0.36179950665486543
-0.33742598016361219
-0.1112537289691706
-0.37380048407803629
-0.19991064551096058
0.12871994643656637
-0.2379071878062067
-0.23308162599814006
-0.18328235013102739
-0.19894792258220623
-0.24471154277058882
-0.44829301187820469
0.17643114721875883
-0.52157866396517838
-0.056548191898229107
-0.088297392500094593
-0.45086222600518855
-0.29669102054147978
-0.3828790066310902
-0.50597712970084585
-0.25948967377002918
-0.12674609284871585
-0.12225578407783635
-0.30192023008140512
-0.45884603548261216
-0.0081682147313906529
-0.38738441512053501
-0.033400900641993712
-0.17579637857217309
-0.088481234707772097
-0.26367504697322552
-0.33775823404791883
-0.47787468718259346
-0.30443981763155675
-0.55219432501605581
-0.39841666091875266
-0.49665425685148712
-0.23473580434042995
-0.61790811372002308
0.040113799700246817
-0.61772629998431261
-0.41932706930341179
-0.20647016714009511
-0.19665516042575368
-0.094694859190005129
-0.17869546073899178
-0.19679756582026772
-0.1773420296565496
-0.4286265326988089
0.019547861521741924
-0.0098134625555234053
-0.047170473187069857
-0.11261216867554687
-0.079311268974858573
-0.010138245588270955
-0.24732466238654013
-0.087989452430690909
-0.14164037740775162
-0.38339810853147299
0.062667965039338566
-0.11278992099309329
-0.30391800631979343
-0.24787578430679202
-0.13100111493015801
-0.085847984274693048
0.40193551300102176
-0.56845275883836555
-0.11194895797090082
-0.46381723374653566
-0.19425733858587577
-0.13789513595511005
-0.0086700295305597551
-0.049019633529145429
-0.1958725312616087
-0.36701935277023801
-0.1796389495633845
-0.1419384122529577
-0.21907316532413662
-0.14037554445953543
-0.094769665453488361
-0.22839228756971208
-0.18331141754159347
-0.49506012941742783
-0.022417643043401499
0.29372612012086546
0.00086323358566121585
-0.34598546864443924
-0.20603276758153574
0.082676835630455206
-0.24118985348722904
-0.036818161017699309
-0.28546777692471892
-0.13307076483580949
-0.1956936165000869
-0.20737672564748258
0.065593784649216114
-0.40355509743896212
-0.23128875818019518
-0.21915455584564342
-0.27600985092160968
-0.0046319678438675876
-0.24315630534081403
-0.27083204045180898
-0.3215498062561496
-0.20237163408541767
-0.27892749590527788
-0.16321990566367886
-0.40759337639321663
-0.086067727712829029
-0.14805706601229784
-0.2603490768888202
-0.17839831031547512
-0.13064409408203007
0.051301942116782032
-0.30563094966786564
-0.020894286014096052
0.32458292775352054
-0.4321404577504368
0.14814873670565637
-0.19742505557600887
-0.34202504820728358
-0.23839352280386711
0.063524037585002677
-0.14283000060053139
-0.34598269650986702
-0.071404458389376591
-0.19537301516074601
-0.20871005690307037
-0.065031739742307595
-0.15960038594813011
-0.14467468983540771
0.21339079589904419
-0.10673065990906522
-0.028599901218325643
-0.33739243280807907
-0.1236853900404707
0.065474247566273264
-0.2962514081193558
0.26451193467641637
-0.066087666848236637
-0.29993389624115391
0.2336408170055331
0.09699062922293554
-0.10413450066258063
0.33320528950306583
-0.084225475853153459
-0.1454814525927576
-0.14320530097281706
-0.13255024286484854
0.034258669324271053
0.11092996887923159
0.073664119535764461
0.0068799390681180831
-0.39438557541408548
0.053387784835405169
-0.027233273210401625
0.17855668306545547
0.20989794664127145
0.040571894997244118
-0.051081700156684298
-0.0087341284599713256
-0.082585172171413562
-0.33590771777004874
0.019448204986916972
0.34565596730886233
-0.062784535987106621
-0.022172308854645231
-0.13887025384401583
0.23956810523065594
-0.18291663169264161
0.14443290983764095
0.23345234504351356
-0.090642293847803035
-0.058739524224896505
0.072173575135584381
-0.063739056763880447
0.063302730257969994
0.29869212756398617
-0.0737855770211788
0.11323879927600131
0.15310778056234181
0.19615504288922103
0.27170381796320897
0.28683516180954727
-0.012480599215052873
-0.04741624428702948
0.16625516998069753
0.090045687483313167
-0.17936365015152858
0.29023097709559831
-0.10117144235895621
0.2187962325615643
-0.14730253427923024
-0.04621054518443557
0.037026943459748878
0.23862917843058587
-0.027900882549683474
0.048857282889972611
0.085233952962181087
-0.24967835707463099
0.041950990993629526
0.18865729525409505
-0.18116148308972818
0.1803801052247522
0.10760505834907311
0.31479574685730155
0.50458831165196583
-0.13412697967124435
0.5494452956926289
0.25027856599157988
0.011629869860143411
0.36150377875199458
0.19976514299765705
0.072524535022011463
0.060647095742727593
0.093376853740346155
0.30358559532083496
0.12484980559351075
-0.089076968214518187
0.021723261201111798
0.3109594904328763
-0.025379796419315526
-0.11812228576762666
0.2132564790495482
0.22081415591099562
0.24497296801075807
0.13669333194345612
0.1813895692659421
0.10234719760247001
-0.019122116057353596
0.14830486498012435
-0.067192178747160367
0.25559387733544159
-0.080809764372601289
0.31464275467404001
0.2105427958417212
0.10160702936819037
0.10354928301615844
0.27352410042180597
0.10524742477637196
0.21476028776015485
-0.014515212557215648
0.33890364855088773
0.090484419218446049
0.64283419877770276
0.30366190165232937
-0.060995194637487836
0.11489508749620446
0.18715441309171563
-0.071039878651676783
0.36248060555721606
-0.0070750171300328771
0.13324038745153105
0.31628591192620048
0.053331975561152552
0.22673465179461655
0.44904207481352693
0.062490537881337058
0.022755009083874948
0.036039503687875785
0.17858735989394392
0.397020991799519
0.31048178617681715
0.50692996149739833
0.4224975147375406
0.10306099179548993
0.14917502279237141
0.08106708742404542
0.41690064795334986
0.067006817923929457
0.1529327570149405
0.23671212008463713
0.19774078280987667
0.46375145571953008
0.33907180083973798
0.18417448026749006
0.25607056467368877
0.53336140707000901
0.39369479690885134
0.17168228486203516
0.35704040328761788
-0.010038663768152392
0.32785137018073907
0.1556034560926817
0.35843174139631151
0.47248136973060367
0.36323812076805512
0.50386422544149423
0.24037426470030118
0.082830215001865284
0.53515833112399502
0.26713540072472464
0.31116040656515248
0.10721277875011972
0.22357055434296524
0.62554528244207608
0.37265443595117409
0.2109437540958683
0.20823059531922514
0.072776708796975981
0.51486321513293976
0.38024804290249736
0.45392535507462206
0.45889997199897981
0.20647694515440243
0.41475636962000928
0.5578979179194069
0.58564867772678875
0.51997957993701449
0.27922757494628714
0.58475600557218532
0.17308083848581413
0.16906278320335433
0.44481447620386588
0.40321268741290583
0.30331817748381795
0.31061596619702481
0.00086173095548562726
0.38683751635997127
-0.017403903044105749
0.15560934034643356
0.46324750875429455
0.52752798356029462
0.52640636757764281
0.29860053486542404
0.27085086617555493
0.42541224323896082
0.11538221419406899
0.19568459978224867
0.45395119854632843
0.21641068444191355
0.45458975339687668
0.25386848214065549
0.37700127860483001
0.42888575980553995
0.37024957808438924
0.16567617869104825
0.45251628340317207
0.2861865083253623
0.2129656635602484
0.37369652408364551
0.18415395564388276
0.44436592239539513
0.3064386747772529
0.40370847217205402
0.58193649492752753
0.46125427337432029
0.16411259181586582
0.33496487672564462
0.55015666899565052
0.32213739082533094
0.084984460157038713
0.6213617069466818
0.16998663811968956
0.39140838041586595
0.4611161190817285
0.50991996223354341
0.3749293086296529
0.56965686117603009
0.69718432116761675
0.37247092217539091
0.22738350394791634
0.18762446130800556
0.66395027560072495
0.39383934129693932
0.27839288885969948
0.41974530233407431
0.87216547359520047
0.36725483716275042
0.75509362773572686
0.47095473459866188
0.58895887318660689
0.28869248557190796
0.49433572537397896
-0.085168250210242907
0.49741038034904744
0.38093397161086406
0.34265268978075797
0.37711268370452344
0.56001083089842185
0.49073693987467049
0.43219040144338328
0.16631444480868449
0.73899316189489783
0.47436130566895157
0.37473908938413636
0.55774533666128223
0.59821069868475973
0.23591118907847941
0.38411134931823127
0.49453258787095511
0.65307586634212678
0.22483453088960104
0.1467706810480805
0.81142924464376187
0.55989206052599938
0.89111212033613152
0.41094961434723604
0.29690369277163309
0.24134800340428472
0.52060037106857271
0.44774639430853441
0.69380370894466781
0.86082038361004265
0.89983626381728177
0.74861766847833455
0.41957388281599761
0.60447831247963446
0.6395670980578706
0.47095713028034963
0.81340429736190478
0.43566985221790983
0.65703265002843891
0.92994458573764438
0.45084536069957676
0.25763901809797424
0.78939827351124758
0.29686009066598584
0.5154326669731234
0.085131933069428831
0.56708756615729949
0.74640699432394364
0.58392655753730616
0.59749739181091754
0.63571028428172338
0.57981559979638841
0.60893527840634687
0.75546999834382211
0.47139606313674842
0.47429358557260287
0.57118940855789146
0.45017111048787045
0.59301506317093378
0.46444768855308977
0.90023472242157432
0.58262900814123753
0.44776287252014196
0.43264599092839434
0.48970134414467326
0.63250039498206867
0.5677789760352312
0.88552787890472506
0.36903838442579728
0.47420426935464532
0.55367013523228359
0.36873411629820851
0.28614364633449735
0.45885880155056941
0.40547040877650753
0.34978796411049279
0.78360793879039348
0.68726868610659964
0.62330059678380245
0.66887268373280329
0.80896778993320118
0.39264161728658575
0.53585363467235392
0.25199618098272231
0.47976568421422289
0.76795306161956911
0.5221175046835187
0.54315989171034207
0.79220215255159032
0.55243406101280434
1.0148835123280129
0.49720785436679671
0.54116081712426733
0.70596862523517534
0.48034894139059914
0.64126263124148586
0.5391692728175308
0.89095063452531242
0.56103399334179538
0.66448720205985334
0.58467101643756625
0.86223516000520861
0.69371055210623522
0.7412700378477417
0.27094831319108537
0.71112063679280058
0.82183191809105871
0.29280399089267029
1.0329227256456073
0.46132058730283576
1.0982156321644085
0.50700762523898379
0.64938166862066815
0.86212168653835675
0.67628698435129586
0.80139995086897275
0.61091688021668977
0.90914743167972467
0.81395347977808696
0.6131683472762216
0.9076106466268955
0.93497611081708021
0.72888784688665353
0.54596827950648574
0.76160287976946595
0.53720527385704286
0.61047957367049366
0.63731339098701745
0.66072980760235156
0.51903769494175178
0.39242722881724257
0.64636814695085532
0.62290992818279234
1.0377601606077567
0.78517652034859775
0.4483430662400697
0.53928370723593511
0.69900416416289823
1.1164396976832738
0.64045067150148138
0.79022256281540304
0.69155367946704038
0.70749919745164336
0.82963825043474049
0.52851030790622622
0.77029756402227834
0.70571139169293351
0.7690577964642118
0.71264584601813352
0.96605755221682643
0.50415117320238068
0.90580165193993156
0.30038117346800236
0.59367827055984046
0.76034015232562879
0.87831463538543031
0.43528901805130726
0.78647340684288602
0.67876975562886732
0.8098815540272265
0.67067212606139237
0.88572941773553648
0.77189523344198829
0.64345914244056657
0.8061569053745129
0.83461245896340852
1.054186881660055
0.64410239222899335
0.55242796107137893
0.42708797579182423
0.76436645511533552
0.83505350491695329
0.65869835148413602
0.61856946982546379
0.94620089679122665
1.0367496966658956
0.69141354054723325
0.99435271271015235
0.88879381467289842
0.98986459914702318
1.1289266712420873
0.60354998431352491
0.81084760775111386
0.8390659223786181
0.46731884137869106
0.87980332254444149
0.85065919321550854
0.5150379903481358
1.0076061827897378
1.0148707028202368
0.78056118724043966
0.94339872237479228
1.0732152834843653
1.0794800400765379
0.78998304212356174
0.89627173953808958
0.96374958439883041
0.91558549898334252
0.55286510226595897
0.91960807649069642
0.74661191402910776
0.78810607813481781
0.89621493263061003
0.81624380155390774
0.96051102258675525
1.0153330851169731
0.80148644731153995
0.75580681435902719
1.1392841980720729
0.73024790244959936
0.94177753572837219
0.68448707503355233
0.6682015821408962
0.85437698860082334
0.89425947013037577
1.2569044925461748
1.1281055228171601
0.95262893930592296
0.86336752567204678
0.59025469566451871
1.0015833033239427
0.96847502054818801
0.89851295026540812
1.0682056034038909
0.74245734790797624
0.94827159604724454
1.1908636821080503
0.93891724815951583
0.84272736958324301
0.64891973523323954
0.50349877562619716
0.66963662955705494
0.7061643312881879
0.84369880172335499
0.60351737860033117
0.68753515895307837
0.98927108566277755
1.0907436289032655
0.71278580535488301
1.1656798350143196
0.968077789701974
0.76249120811285731
0.86719975519777914
0.8798382349329712
0.74341280997733772
0.54856407830542753
0.82562864080255871
1.0254414088617987
0.92864974212050222
0.54442983974068671
0.85162605661288293
0.98757129752426953
0.83745590673740111
0.86654831049740322
0.93810600432403279
0.95165110975173628
1.2476574693259543
0.80247300270226729
1.4117650630566803
0.75612830636095263
0.971348896461662
1.1112081985653361
0.72988910503179427
0.8780259658541486
0.97211007874035149
1.0715948730913811
0.73296945046517215
1.0203919049487165
0.87936495095002576
0.99880722300476288
0.7325547515309333
1.2603045040687166
1.0434856599278013
1.3164498426515523
1.3288878615461763
0.9105599491964006
1.0323764558370305
0.81428085767280012
0.96658352124588587
1.2010263737596971
1.0507241780232077
1.3158350789261597
0.99623636523021419
