-0.89052870179514332
-0.97036960610500766
-0.85137465008900959
-1.2524843998004724
-1.1556862894220044
-1.2368025481475913
-0.94023953330289256
-0.76752421863969511
-1.1937508681267437
-1.1518822704671337
-1.0151197336372466
-0.84769848397836778
-0.9468002187888972
-0.98323896586343518
-1.159869098150766
-1.1557515505896798
-1.1444817107828276
-1.0433009811801459
-1.0036668246139879
-0.98270178855898238
-0.80605121875510177
-0.79985397018871474
-0.69934755801170723
-0.85239329027320421
-1.1377944207895729
-1.0448258914649637
-0.83322105806677293
-0.90680836804649667
-0.86584926479503355
-0.61110393074808722
-0.87587175906180059
-0.94098155632604541
-0.81884050501098771
-0.96542379320225524
-0.70767172750481877
-0.85587337280150944
-0.64702957616904255
-0.94425542599272949
-0.85521041774473527
-0.91682142996765914
-0.81319646392127565
-0.77640520917460953
-0.7662063740804832
-1.0007924389348695
-0.62346368099836613
-0.93539155488287018
-0.64294772122772437
-0.92276283614962851
-0.82528350035354436
-1.085441484810584
-0.67730651496684047
-0.85142522605705706
-0.96500721851966342
-0.60192595227914536
-0.97010706647789435
-0.78253026634399148
-1.0674070496811887
-1.0401926057591575
-0.73790735279901387
-0.9295489407938955
-0.69644155770865324
-0.67673884378007443
-0.77819547542126011
-1.149996756624496
-1.0151298475309822
-0.78143140675479028
-0.75959160099372869
-0.68296693266523945
-0.80369405981550845
-0.80005302007194845
-0.74048064567657557
-0.64652745726404137
-0.90862822102021734
-0.62090150268290578
-0.6771629854262643
-0.8777008295101435
-0.84280939076663397
-0.79787168772610073
-0.87725016370560849
-1.2487801408004937
-0.65557795824081955
-0.53342980380983052
-1.1373043049569747
-0.80423016496861655
-0.90305297207378876
-0.5901331144789379
-0.66138645911301985
-0.74323457292898432
-0.7412972730350732
-0.51597307413457649
-0.61228364148187275
-0.80980321767294283
-0.94068548095763949
-0.5207403200073516
-1.0773925938446538
-0.89526416766511885
-0.74170840117174608
-0.94337599802340288
-1.0590017355372825
-0.76330000422948519
-0.8361158344089541
-0.81106182096290391
-0.47938346160856926
-0.92645795760333582
-0.77886552821552058
-0.69462367454519502
-1.0339350257654307
-0.79777863171898122
-0.53060569247226952
-0.58866769284898779
-1.0340996986455169
-0.75786702286759633
-0.8225719456370566
-0.70816439296726741
-0.68474747142512782
-0.58197212372985685
-0.83783678032815267
-0.87063951640829784
-0.85370883169918133
-0.99227058977523031
-0.95332935431710275
-1.1872102952289312
-0.41988908573933059
-0.90565342425681727
-0.40190127809153975
-0.57042647197999663
-0.81830861493596851
-0.48763372527001764
-0.84163442937469746
-0.65062101480308265
-0.81541548688942711
-0.34306090935918121
-0.61971208941125677
-0.53014277790157649
-1.0643492215113237
-1.0124264779452381
-0.67001473971331127
-0.9211899238872775
-0.97855423851212608
-0.70188391125305105
-0.90344133051931785
-0.84563944214702536
-0.87372056444952884
-0.43860201941158705
-0.86161183829157018
-0.61527855366597006
-0.70514813760928385
-0.79404205051843402
-0.76834010867257252
-0.75640368149661952
-0.97105908089238413
-0.5255219389074246
-0.75355367473490076
-0.64346103065827343
-0.91404984891296692
-0.33775818986486644
-0.69394754821705396
-0.74023870355055332
-0.66276646634579994
-0.37894450221867582
-0.46900464591003521
-0.53904926095673744
-0.72718820772061588
-0.6647277059897313
-0.67715649872815376
-0.62180573629294811
-0.58446824063522251
-0.61623417739797315
-0.6990009667378676
-0.52043642351846953
-0.41927307765138083
-0.49330308884643453
-0.69514594515188666
-0.76427705258160328
-0.86552524625232297
-0.25554525392718014
-0.98085391386157539
-0.87600559034935088
-0.43096056337683963
-0.6902032575542435
-0.5808471363395602
-0.80301279016132809
-0.66329713255100797
-0.80322560090063466
-0.92712318407509797
-0.69809022462551029
-0.52334330112473781
-0.35245538484372946
-0.67395366983364002
-0.81844182425834933
-0.29887425009127178
-0.49481443677191406
-0.56175862898553786
-0.36394706272225535
-0.65309174847856155
-0.52845297760602883
-0.60072890937159262
-0.68231757072312749
-0.90335731533160613
-0.46327915420011045
-0.54617920269207187
-0.6093630276441715
-0.40572669313968573
-0.4529912451120931
-0.38951249933767457
-0.54432500407310724
-0.79922747179720077
-0.43168781570642045
-1.0095946985817061
-0.544397750193232
-0.65750203355436621
-0.41878194800966551
-0.56385111517341113
-0.59721341448948539
-0.65607672637715508
-0.68592759673501535
-0.40510567215797605
-0.8780716577399782
-0.7294511154361164
-0.19223719926720667
-0.53883084689620098
-0.83120387124485362
-0.46962301026303593
-0.83527453085397629
-0.50456771585559146
-0.81470250404869404
-0.92842683651296554
-0.41932460054520987
-1.0161068767444799
-0.33640942577145205
-0.5072015188579766
-0.70017636420249563
-0.21428356415050387
-0.57003332656020356
-0.8842638562324554
-0.88106335469035724
-0.57723582894550995
-0.59842856415180712
-0.38455720040289926
-0.36885803304372361
-0.62360731316978124
-0.49259764247487792
-0.41846429370044547
-0.53801193541895576
-0.547683548698226
-0.26181679965783677
-0.66926866636138216
-0.18498254436455733
-0.50666178964500108
-0.10801127117707901
-0.21349347839633434
-0.38193795179126144
-0.72425679600046577
-0.88529154109264796
-0.71821353402403076
-0.25367419667117302
-0.57192234603377645
-0.57609185003268892
-0.26737853817658891
-0.38238749036934017
-0.74886042023570243
-0.51828018895629646
-0.50786754564410297
-0.27783327343740838
-0.7881740244971438
-0.34499489505813602
-0.46378825732585705
-0.4902052216386405
-0.41910043576067402
-0.46672049023975948
-0.46845117394655195
-0.35680154504028566
-0.21086916323965618
-0.51195695322950108
-0.25500993280484446
-0.24891845592695885
-0.64217201169083127
-0.38928602192145889
-0.45680346786151027
-0.65581432567887232
-0.62779547575614736
-0.57302085065623953
-0.088399842142990279
-0.2837376699254579
-0.52808662552027363
-0.57634339905916798
-0.11346388620076708
-0.46356162308001653
-0.50353791937420433
-0.27872774359519581
-0.61841722446199487
-0.38657733735915534
-0.14214892018421588
-0.32344599598954216
-0.51541321591857159
-0.36108691862123593
-0.582307678792093
-0.29320075546092972
-0.25080015806286371
-0.68269156112592033
-0.54855782581835533
-0.05401503318287796
-0.51179092889990763
-0.089978825390071487
-0.49340148027022296
-0.55984142527576564
-0.2361678243507517
-0.53267761746198128
-0.38555404809190824
-0.24679064362850231
-0.13864682721727148
-0.40731498156457668
-0.63326317770957252
-0.65796162840932182
-0.44530793717821082
-0.0020711487702365495
-0.059032434863201588
-0.096588258590853446
-0.6494919465058373
-0.40843573001293387
-0.68180667046006826
-0.18158453742193348
-0.58537419634094756
-0.19021406126584051
-0.22725805571608623
-0.35142911521838072
-0.51014434652961516
-0.47367182199569607
-0.058700362926705718
-0.38695512145633265
-0.29304895239907403
-0.38584333333766313
-0.20413450062346036
-0.40270676247479226
-0.30630509798082078
-0.65933753211828283
-0.40211025808231032
-0.0203141935676464
-0.1797710038178281
-0.45238052405487145
-0.063365952268184214
-0.2543819572629859
0.044004017571572893
-0.077938108530257733
-0.33820484535652023
-0.59921224301133602
-0.32239784176270836
-0.12423984899715931
-0.45564849542262076
-0.25528036606018939
-0.52032760951070844
-0.38432087084622063
-0.58501356884836686
-0.42230528423620484
-0.025457585349914456
-0.28843441935862552
-0.27070016564237476
-0.22163062640370307
-0.35530840982227857
-0.21790711724997699
-0.20932856701329017
-0.0669868981065702
-0.48488962452121692
-0.50811786164039974
-0.21549439269638151
-0.32448636130674707
-0.46605142715210468
-0.60385384755751226
-0.074072672139942453
-0.27429099982615862
-0.1421354499993025
-0.39443144897343746
-0.20788669769916632
-0.16859546672193942
-0.261122922032342
-0.23652447054855197
-0.32538267557484996
-0.067951037167197609
-0.53607833098050339
-0.42193110680280166
-0.34204457988993248
-0.38790277794068467
-0.49776863092715395
-0.32110148508123271
-0.36522989442857545
-0.26824259306530357
-0.33772671839907159
-0.19599015580240037
-0.55801893522075707
-0.44934723158288331
0.19830162903434703
-0.085709788013397903
0.037741975450697136
-0.34277436515926435
-0.016614019394594046
-0.19071436503888528
-0.22670632237281566
-0.11289713423374875
-0.24734418379932294
-0.38624727065685988
-0.16440521275896131
-0.16670296433289572
-0.059310620403881166
-0.35519546281756076
-0.26278333742047016
0.18868896757221773
-0.33016363536520771
-0.07399360851548234
-0.45046737220641542
0.13651999524644165
-0.12580507340836619
-0.41406932757079096
-0.11103821143286018
-0.011546576257032573
-0.027102857523986359
-0.11792611045984054
-0.19709071470769837
-0.13755203861487092
-0.30079973256306258
-0.14740726553922195
-0.29426691999412147
0.20877892609017243
-0.19476967058440453
-0.16407811251772425
-0.057028559442633311
0.19895091844799728
-0.070922916806760786
-0.30501306185086896
-0.18427083795918409
0.054374971435694912
-0.39384502287032847
-0.60877975786949279
-0.13176897540450877
0.15918193447888535
-0.52892831024523301
-0.26027858322172676
-0.22659007882187074
-0.10338795213792668
-0.31879766036817653
-0.31203979734044274
-0.29037788778588353
-0.30880030878001552
-0.27139876125201684
-0.0065739576654526297
0.10279715466836761
-0.35554157572466055
-0.046659019184230793
-0.27049670131846598
0.029669875589178479
-0.23577401274233822
-0.25329908813721863
-0.21254846270517061
-0.28521393642144105
0.43990754547011152
-0.14533703752638286
-0.28942042654429478
0.015579995591019313
-0.22188787758449516
0.12570724446600851
0.011808074524105622
-0.025133295706090547
-0.15491142813479938
-0.093708995387154478
0.090714697159272537
-0.18114088656405339
-0.038738915963600996
-0.26272473780984928
0.23642580445904079
-0.06344324829365322
-0.18534768851113861
-0.11761088633752088
0.036822162210003444
-0.041713366914401938
0.028607091167149285
-0.2144827556658527
-0.27138098730007426
-0.28781542917224956
-0.57163966261148347
0.14383549443019863
-0.070112213183832817
-0.15745079328254932
-0.088794231991584621
-0.17454250860846374
-0.11281072984031526
-0.1394032546799851
-0.13784726575222428
0.11440777429761372
-0.018532343166621525
-0.36081208665011799
-0.54714696903429161
-0.020465597614751505
-0.2862575120296047
-0.25134828211706883
-0.020964049197480884
-0.016121408739737102
0.1072033821951982
-0.092383168076055039
-0.38810125034656007
0.10636066009845335
-0.40658881041662237
0.18261482709087631
-0.32117590441648775
-0.063775279078577288
-0.19495794919707649
-0.28101920766692079
0.13266768867067011
0.05800978407051921
0.015635017816558461
0.16761791139402765
0.081729354213447583
-0.096776780577188373
0.11508899832564176
0.19192227248349478
0.058513901553486757
-0.16105635552561409
0.16283263040501922
0.29389787022944086
0.3348283533096687
-0.02826959271811675
0.0088866332172943315
-0.13625315774386876
0.24392382865806192
0.0085765270764437667
0.15049668102056613
-0.13815418605517213
-0.057871087633121161
0.24361527760055557
0.47102960645738573
-0.11670422032603449
-0.02073448899467556
-0.068516569546718503
0.25985332029037156
0.22629922482594503
0.11005128238800882
-0.020280214610396339
0.13893368747975357
-0.084034384559425621
0.095416659160592873
0.022265307982520948
-0.071606492840223912
0.0047302120579353736
0.31979437232554864
0.032985593540340773
0.17189824673780976
0.1893889539809038
-0.016989329319515092
0.34063050237314296
0.047622825962049094
0.21309572408855512
0.12315675160468563
-0.035905079903709794
0.1303892885372136
0.42740427371807505
0.033262986134588619
0.19248966459799852
-0.098022909109293482
0.031847923945905209
0.14564088130120673
-0.057457456383428758
0.11734555817226149
0.28789619654546794
0.076038510800747403
0.065970002397112495
-0.017938314775564339
0.45878097163091114
0.077054671959394319
0.15817949491623193
0.40817616245646787
0.064207384213337201
0.22888388843587334
0.29141879597549003
0.27793725801927266
0.18428662228547607
0.091189268980864921
0.33647790292089169
0.030171594050195122
0.1375683063020342
0.10821927201448037
0.25691515629996986
0.2481409121296366
0.11701990714270444
0.14190713904395572
-0.022547623317173179
0.079113027046307585
0.37875192204666441
0.41897571117650445
0.040486722819344304
0.048695046722821454
0.47044289433985725
0.35222496827858912
0.50571301834408156
0.4733429755475364
0.21921562983325665
0.36558835146558316
0.064384648622307736
0.27174626078638231
0.18982136252515602
0.33763401720328295
0.055430157628056913
0.10536250479701202
0.27099878557344115
0.15505296968281493
0.15909773345932759
0.18753447225579764
0.0037624396239701523
0.30264959836421779
0.15661551457147443
0.62107775607370075
0.20551683911826607
0.27056993062697166
0.3512814304735819
-0.053508209825626901
0.036999301045004693
0.1885809547170626
0.14352462468761404
0.34029439798857558
0.43395462269759366
0.31154769453511361
-0.02796501228141432
0.11723588416990247
-0.065856029475028416
0.22544322456484364
0.10793885516194185
0.18485815871620026
0.087795958582346498
0.24245188147310934
0.042872453107471717
0.68338937153639767
0.6375022532282123
0.10811885912163961
0.095801056560896727
0.36601165718908407
0.22087560075906551
0.30316041157682605
0.61831722332728534
0.3936248922201262
0.31568391476364949
0.22106732438357674
0.48080910623994327
0.40175425121777197
0.43234571331151694
0.44218456235441611
0.69180314504151563
0.4853227103935312
-0.12023926340798546
0.11625778538376115
0.27683637008470502
0.065885265124810216
-0.051504795570978132
0.16890907017883836
0.4832547967163342
0.30783868208642978
-0.093284293378239999
0.26844836559970819
0.27219357956022927
0.089208108945537629
0.31678384381887642
0.26382517043353521
0.30303219941501586
0.24680444788492856
0.45204635564180334
0.3643553712806904
0.37900063259105393
0.31438732172648765
0.34529069698601672
0.56902375785192427
0.080836162991642521
0.089881972454617182
0.19582469391936747
0.53597593147692657
0.47316534333329802
0.4310431641828687
-0.1638870144444754
0.30990420612371083
0.56793419426527592
0.22826192624397063
0.32338538291704144
0.48412157198134009
0.32055444241422143
0.43329006348165588
0.50458564766960978
0.44145247082848682
0.44296858400846317
0.23607243057628832
0.41790595895274951
0.46079823329355035
0.27454715660596229
0.037769853726097841
0.24330348693654988
0.093052124758629159
0.56354566245250293
0.54962151721905239
0.031301864716359692
0.1882537994650364
0.45308582661541447
0.40763185323175571
0.41404052879146108
0.57321300074688253
0.29349587335193306
0.22383433630512245
0.38184727349295439
0.11129752221994901
0.76857857793187534
0.13467168121937395
0.55505554312205085
0.3575179611094888
0.11843422264889379
0.28816495659743108
0.10519499810507726
0.50550108042986508
0.43263225105008035
0.36708718078646524
0.4197842829699861
0.36074576208237219
0.4779189784605738
0.21814831838607091
0.39304882389880924
0.19853168705700827
0.14197914750230095
0.052067951614432055
0.48001196960942932
0.60068221851615999
0.53785208379719507
0.49965625381541157
0.3732874416805394
0.23202634254167009
0.44639756610201048
0.35009458989467629
0.25706289895659157
0.36947411064693098
0.71243896708564425
0.5628628090763419
0.67157288308699425
0.35641595864204267
0.56760814347007649
0.49532950785344271
0.46960348647846961
0.58756883516205705
0.25112798061650426
0.82347989997580795
0.41921746268509447
0.57808543194047068
0.6496739958054546
0.36604166401046967
0.67080667532682925
0.62997001728758062
0.64601716943988408
0.67222173412727115
0.35149508659879802
0.2887332259184528
0.57858332077302121
0.5866031656920152
0.69045385851864027
0.58651482713416303
0.070590345856459263
0.77572155194368242
0.64671925779048789
0.86703777208722832
0.5356848284272373
0.26338820429639964
0.63494971176030202
0.51536267623723109
0.58757439062686778
0.83902822007112188
0.88686471332223193
0.38539979804631874
0.27821015387595227
0.34728354099193959
0.15643251589361548
0.30107106170956027
0.51981953734796571
0.68316473837536074
0.2151091107556882
0.72791737969493064
0.38718791577074313
0.51498923169011168
0.9269277056140065
0.70542501991241879
0.6619024791789373
0.23427982381009646
0.62847234137811092
0.47584503106375087
0.39480607345829771
0.64310744671925102
0.095159199652865761
0.63989072267787761
0.51514178987071979
0.34255116383092782
0.53279318868532033
0.10485246838486359
0.54248196483245192
0.67229810275161073
0.36709187463789261
0.5620319098050397
0.76684166197524795
0.30258191953128194
0.40895650673584449
0.50372810709150018
0.51800751345249885
0.55238928109513874
0.3555085255843447
0.75449616037013723
0.74147278934422367
0.29740206143860848
0.51480671108143161
0.66492235530939425
0.72611939287881488
0.64182568986489907
0.98268799545298868
0.79602138865042327
1.0976874760399065
0.28248512369539264
0.60813801290496017
0.73037040796443131
0.93726954853894773
1.0232330533347316
0.58090121271173911
0.35176622686547221
1.0664273055462326
0.51624487125256102
0.50186839520785653
0.64834289253842925
0.57694218706608558
1.1247601200061168
0.64941621047532661
0.84702516276998918
0.57106991421238118
0.95740288355458547
0.64109321763274729
0.64693949166939502
0.63156013259759436
0.67985007972651679
0.63695367402298875
0.39094453322726241
0.61658731362362496
0.80041038828900857
0.52719002880077004
0.36484898274731975
0.74635491025248835
0.49060514507130759
0.61665268831427644
0.60458993903091651
0.54972154073244128
0.49220942192097084
0.55926538515658897
0.35876033975951133
0.7858889406247126
0.66614570147093666
0.56903283271495597
0.80562299741036147
0.94074679243042425
0.55441712103818996
0.67205908513300638
0.34477141520285648
0.68605837595332864
0.78128957758967787
0.7636207439315984
0.84550882853006382
0.89109060287034991
0.55795388317641448
0.75240899683899409
0.72077188429949424
0.77871675436319288
0.78097702295092075
0.73204885699319711
0.70478158662761825
0.65082704925003942
0.88132026102036765
0.98655250875480094
0.70659265238971403
0.64876367894789277
0.56841018851643765
1.0410532603646014
0.70367614447133708
0.73248070145717592
0.81131814628018162
0.92412770096948627
0.80614167226572964
0.92711368498545044
0.53317221757397493
0.52588017762975625
0.73559909624079756
0.90906872580856579
0.89727684460107993
0.664959330677099
0.87595492967069044
0.58934632799460152
0.81038717068639954
0.82308850386167143
1.1797648805650123
0.6572552310079115
0.82767146799819036
0.66979079886182991
0.98856595345919507
0.35998392380486383
0.92893712259922667
0.98807060894436904
1.2584423042688002
0.77049040376403477
0.95095776748371308
0.66243330003545797
0.88055802406607564
0.92419467487588791
0.66867788550904261
0.81541154319633313
0.90456275261350216
0.71596981893437739
0.59733172732180839
0.62592811026512785
1.0584445112636993
0.84106528927119784
0.71318611431320955
1.0234652937168462
0.65703893790443091
0.83088820907268357
1.0200820702430384
0.90789523000032657
0.98128757003942713
1.0598309437092499
0.83737893059841217
0.77068417873632267
0.6938723294496989
0.72166018635913276
0.48550735450936877
1.1904404684005812
0.63883505038972421
0.91660244323086937
1.1261314001715568
0.81914384620207803
0.60834460385673861
0.67539664469483818
1.142084044277655
0.75105193846132889
0.9302904902778939
0.9078699630796252
0.52097286989942126
0.63483210786197908
0.85948560794685536
0.82341548735584513
1.1092540242708333
0.85996515476654301
0.77424854037883073
0.81717850158177996
0.62870041352946837
0.78518673035031972
0.87223549208863871
0.74992387508007763
0.70433638611629856
0.98609488907206677
0.71172917470611652
0.99518062306844046
0.78428149337454567
0.7402284175755709
0.88147311718022192
0.82127316309608234
1.0625507822279399
0.78459095609600549
0.91356257817556608
0.96802984235551537
0.77835536949376483
0.94252986943452011
0.84688194700441677
0.95696807977687315
1.0641672412036884
0.41947576342859239
0.84947094445660998
0.79583643726878228
0.78677721276757895
0.91101533732949513
1.0894752759217705
1.1523291552092847
0.91105790868226688
0.69319714088204365
0.80483915375773918
1.0016135609811958
0.77239995883263579
0.90860070424582451
1.1282817607711018
0.95204533701153971
1.2562856002699394
1.1208864197300208
0.70435608789942483
0.58963524192074368
1.0990869214075925
0.85144793205890201
0.74707324453285662
0.41339800963453882
0.83735597385229399
0.89864510427855915
1.2435956519987152
0.82929261655566366
1.1228530405619792
0.9858919135713613
1.162498845873335
1.0738542013490406
0.94160078064266595
0.85434127311532515
1.233299321574771
0.90966751856151329
1.0749068192615612
