-0.89656218193129111
-0.9880736796569568
-0.85380115994211336
-1.2629873264487423
-1.1784482931209748
-1.2178498636462369
-0.92493880294752151
-0.77507916327402726
-1.1808290286008878
-1.1541560059956459
-1.0005053282063874
-0.84786237019156074
-0.94994647680437205
-0.99058036122319104
-1.1244862661446648
-1.15570967995192
-1.1446910019452678
-1.0597929226278024
-1.0235309817765874
-0.98864317146108183
-0.78906941062100122
-0.80649988653692606
-0.69138672538887502
-0.86168855164819802
-1.1341377163125017
-1.0452018866812376
-0.82602141728263045
-0.92613894893806004
-0.88724862089215584
-0.61176846877853719
-0.88643487825524081
-0.9686410564363036
-0.82142778224884805
-0.98623880956172727
-0.6919587490526603
-0.86556729349525463
-0.6432807542607426
-0.93770739720523599
-0.8620728390094502
-0.89502258492124309
-0.82140206116522441
-0.80070852292177708
-0.76181234693944777
-0.99578394415273819
-0.61235887803107902
-0.92538299615611264
-0.64027795178996338
-0.90317566704004959
-0.83048286642357849
-1.0813399139281086
-0.64626022987363929
-0.83706160212530267
-0.95006882203985354
-0.58385279730576223
-0.99834453390154687
-0.78343071832214095
-1.0614748199911213
-1.0370580252525869
-0.7417375362193227
-0.93115294026699713
-0.6919581740602595
-0.67458225215135692
-0.76819926089321433
-1.1707399398091209
-1.0049777741180377
-0.77055994651680371
-0.74882718799815895
-0.68225140115984151
-0.80929928376849569
-0.79677876412235826
-0.73788043486707167
-0.6451221313199702
-0.90279118091091692
-0.6391271250210202
-0.66695698127268332
-0.87465357027626023
-0.81612075146602214
-0.81165901793738948
-0.88233535392424667
-1.2519994919978585
-0.6462594488012896
-0.54341120606557614
-1.1754277698752928
-0.80340905868871615
-0.89031866399590154
-0.5821986743702916
-0.66346654049619302
-0.74222796334496954
-0.74139992806075128
-0.56313536383627727
-0.60106300502559196
-0.81069867910126747
-0.96030632745519162
-0.50663467532461548
-1.0804439457005941
-0.91996843700183351
-0.74870362143588487
-0.944659519281842
-1.0569214635282997
-0.76034215717008335
-0.84820561480925005
-0.79498461302358059
-0.49036553861170873
-0.92485917270170204
-0.78000068541238921
-0.67987854892567023
-1.0572262037160474
-0.78735236720814472
-0.54029060615927604
-0.58640279199888745
-1.0583294097924048
-0.77330623450770775
-0.82009748651992698
-0.69583002993347565
-0.68339560144785572
-0.56413863992782687
-0.83639974840611209
-0.87783181362886076
-0.84526289647548547
-0.99099117555714655
-0.94817857386010196
-1.1874819493209512
-0.47104288493645102
-0.88869944295700587
-0.41357870791296486
-0.57768855800784913
-0.81819422426223953
-0.47698137884676928
-0.85587529202317769
-0.64714639330638002
-0.80085275272889
-0.36304496644022094
-0.61966395670591357
-0.52162129626414377
-1.0839837642268411
-1.028346240315936
-0.67373825415702981
-0.89222882735273434
-0.97658670300435024
-0.7124432956433745
-0.90635901570005417
-0.85362995144962617
-0.88454514865201328
-0.42656178180956594
-0.8590801904520099
-0.60929597108242417
-0.70872955444614127
-0.78967927073137434
-0.76613451578203229
-0.74909503915068032
-0.97823467511001017
-0.51304405349739823
-0.73943601692812388
-0.65936713953811255
-0.92053149876275731
-0.3208439557565298
-0.71015930101384916
-0.72796919661008663
-0.66449862415630012
-0.38593318992393877
-0.4533910951118772
-0.53463369286034557
-0.72370063365155568
-0.66266357423824829
-0.69689013784773279
-0.61622447196605368
-0.58103555783725747
-0.6428949687546992
-0.70834099369502568
-0.52276371415904299
-0.41062663182837672
-0.48438442629988138
-0.7216784036707623
-0.7507176353446211
-0.87201772431019597
-0.26799467050709574
-0.98874141910375557
-0.86775427607073763
-0.42006058312708644
-0.67662336725678751
-0.55842158546970533
-0.82621314638345411
-0.66844658529028378
-0.81995608733200875
-0.93076613805262587
-0.72582752174687992
-0.51700955606790466
-0.34547827629109296
-0.68945250549861559
-0.80715975280524854
-0.30476941269956248
-0.50607492686954869
-0.58944172676972562
-0.3578262609114416
-0.65832156553518684
-0.52087685036710607
-0.60020347912350624
-0.66332729924242406
-0.92077227774912851
-0.4649597917900265
-0.55085703179302659
-0.5913601970661394
-0.41204611491418675
-0.43622397197643409
-0.37170584003971158
-0.51766066664206611
-0.8033934306781717
-0.43798751675522246
-1.013494610797598
-0.55733754500764998
-0.65069343652465328
-0.3998066406624402
-0.54633590113183328
-0.58674000251889025
-0.65122012914315064
-0.70014157322759041
-0.44335284037249717
-0.89448940210434313
-0.74510725636990027
-0.18487831440886127
-0.54314499735941679
-0.82788679819027755
-0.4599545130738899
-0.84938410578738177
-0.50629051429892502
-0.83722668429429348
-0.93140505547387642
-0.43594299395830016
-1.0031812139646623
-0.34723820876179773
-0.50506072679319958
-0.70154984292691258
-0.20888964251918127
-0.55041293925102597
-0.87606771630454172
-0.87595385715958618
-0.56337351790565227
-0.5754579516507069
-0.41627037906836262
-0.37199217003765028
-0.6016033536852462
-0.50666331953769084
-0.39737554101305222
-0.54538789336805815
-0.55818505118013495
-0.23090290360667923
-0.66447850234973382
-0.19870638586749956
-0.48845452077291174
-0.11098937611392873
-0.19543430276382046
-0.37814039021616097
-0.73098287900645975
-0.88366508202706906
-0.72536543631494566
-0.25247770940842801
-0.57750275138370011
-0.59013576289718517
-0.27610267485107587
-0.40240535620095907
-0.75387905379583919
-0.52092790855620008
-0.50244957302716065
-0.27227746482634468
-0.81378288466790871
-0.34561832513439844
-0.47012660553429886
-0.50234299734760512
-0.42307988134723451
-0.48192193364444957
-0.43856841344863889
-0.35312586786820099
-0.22938545607649172
-0.50004797926408795
-0.26326251387271848
-0.22338073711126985
-0.63356400117172829
-0.39400932086919677
-0.48127282379998826
-0.64532365944672998
-0.61708978868240449
-0.57008181701609761
-0.092425226143123679
-0.26982370508250814
-0.54173020457213206
-0.58097508767611039
-0.12951366866877667
-0.46439316421513238
-0.5181117799835705
-0.28238041772183325
-0.61635607948776416
-0.4103921176991413
-0.13208392735457472
-0.35699015278446578
-0.50612147483886505
-0.35119739680507239
-0.6020168700605808
-0.32798281988714878
-0.27272892497114498
-0.67197767410700537
-0.53699131712146231
-0.045748616282185024
-0.49117503585992928
-0.11021988985950697
-0.48159754265925248
-0.54829780523479299
-0.22550092797557172
-0.52001121772520964
-0.37092843198228026
-0.21910310213444345
-0.16666108246625994
-0.41955322892946523
-0.61938377578457171
-0.65049601918293098
-0.44967289640072816
-0.027463521845089406
-0.081411805585896252
-0.096456538727058116
-0.63349626502540723
-0.42491462450108791
-0.69692443670180815
-0.17880717843839816
-0.58412849853187965
-0.16696421047479604
-0.23821259057926725
-0.33827194700917718
-0.51225072385731019
-0.4505168062586466
-0.059938626949116107
-0.3765381813790577
-0.31107878944262435
-0.37219539469998841
-0.19299909125536899
-0.39201503549653965
-0.29947371290559988
-0.66764734009056415
-0.39333327164541043
-0.0076838422606378695
-0.19431331488008441
-0.44475573919465006
-0.07161881088396739
-0.26204847268889664
0.015283645577829555
-0.066122243858204768
-0.33517420867114894
-0.59561269656248739
-0.32946800715602353
-0.12189118954295756
-0.43790699758087998
-0.24401787538612946
-0.51296763302409698
-0.40023559270840048
-0.58719228010354618
-0.39982418810382103
-0.020489166459603643
-0.30246433626624342
-0.26258671698290331
-0.21310333278279797
-0.3719460552687614
-0.22842682413448517
-0.20754676637407896
-0.061315272635101468
-0.49076859232728393
-0.5213777075260112
-0.20234580028649998
-0.30947323295054613
-0.451298736161308
-0.60053739628436986
-0.069101523609940346
-0.27740197526238597
-0.11975345320678493
-0.4055836937978482
-0.19100669781811833
-0.15703691232629996
-0.27539429451999881
-0.26499879569754092
-0.3374113587051713
-0.079181395911358865
-0.52221627614441368
-0.4103456918838318
-0.32856453506595135
-0.41024260885018832
-0.48901296750691708
-0.34437180481523449
-0.34664415177854951
-0.26333265141817336
-0.33503548525789695
-0.22111422900689551
-0.56090526716146372
-0.4597096918903395
0.20251999736497686
-0.072947530693164994
0.038554573628253805
-0.35212425666172426
-0.030562401484478016
-0.20178849954561878
-0.20604648145924134
-0.095976979023017217
-0.24391851350596686
-0.37763829673914923
-0.15705691357062099
-0.16113496310423037
-0.046507558701985155
-0.33920679211516175
-0.21758273090846186
0.19660011941743719
-0.32190532491097684
-0.071101259300973677
-0.4268600855810149
0.14395357705609849
-0.11828151634602592
-0.4319305685593306
-0.097403224169789054
-0.010503256497275376
-0.0079021124935556054
-0.12204851971703003
-0.20072952409571035
-0.16126810201185901
-0.26460495458344113
-0.14758159337720028
-0.30296772717583215
0.21056961297597651
-0.18030334929450498
-0.17054261976781482
-0.03835355580019767
0.20077784407830365
-0.053582489106456389
-0.30924347925401291
-0.19997534141319107
0.034915352553099653
-0.39513183334385088
-0.58439064762088788
-0.11174369873937368
0.15301214812401709
-0.52023215681285928
-0.2200759402576295
-0.22824199505549425
-0.10108431086509935
-0.34050650099805196
-0.29057854738587691
-0.30520163817617185
-0.27606389902789641
-0.24819415357944258
-0.0019137527909633438
0.09110269050494349
-0.35700357172097164
-0.062433199313546558
-0.27122745529372311
0.038227356248612732
-0.24798806450678529
-0.25006679827544598
-0.21647611341763928
-0.26870582717837488
0.43552588397588077
-0.14516441232459729
-0.30782686230963296
0.029109803715456597
-0.19107364303314958
0.11838150661091276
0.046855055695363336
-0.031383783589588661
-0.16972577354750465
-0.081308027180427109
0.087930120082526347
-0.19515971667397661
-0.034793195189898984
-0.27440031340882465
0.23041633858208349
-0.047652057888030196
-0.19095318917447676
-0.088668236853961524
0.044657496549776209
-0.058849483379894513
0.03643465240147855
-0.21206005821263366
-0.24721596047082364
-0.29526307317478839
-0.57038068204258208
0.14972813803359472
-0.075889126647197505
-0.16912990461120467
-0.11483876170895434
-0.18330653453928011
-0.080151560802895844
-0.14926897574961687
-0.12060051708634603
0.095741862350418816
0.0021608851372842061
-0.34261513540894267
-0.54169950860804916
-0.027648129193931646
-0.26675921875563469
-0.24653846925972925
-0.036172191073014878
-0.024383542523218019
0.089537485345576096
-0.10582587833119267
-0.39040911817669888
0.11187675543786475
-0.40349688070564971
0.19684829661306333
-0.3251236304248597
-0.064602609362244323
-0.15919930717525071
-0.26681414599250536
0.13546763154346336
0.079928835852339883
0.021794295138725141
0.17744266283459265
0.087788896849573972
-0.10096566196062284
0.11901278122017191
0.19780102114047782
0.046312887355487685
-0.15097136984788292
0.15412050325767809
0.28560776707900459
0.34993895326536922
-0.019109509620579015
0.028676136643371434
-0.13270062552937101
0.23821869122455228
0.0051204924020271979
0.16479955820771372
-0.1453661165968656
-0.045201804977835582
0.2305094635936295
0.48894217907550813
-0.12814407753754842
-0.020265244716902421
-0.061989404269283684
0.27256535421214395
0.22272573910117177
0.096848807804724352
-0.017441631567414292
0.14929709281390274
-0.080588836751155246
0.12155068062541713
0.01364836656182941
-0.061589707172430057
0.026568618478951738
0.31878284344536106
0.015016912886586409
0.17032694252825242
0.19413917611780065
-0.013591359769902216
0.33770815651754249
0.018119753423299554
0.22888467876576463
0.10730928443590597
-0.022359774547925461
0.1300825422934675
0.43458062587597446
0.05463032561668707
0.19823371221771582
-0.076862945121459469
0.041804722406919965
0.15601166050582488
-0.041618110927104608
0.14231460213379185
0.28893074665374086
0.075157066441765299
0.050558062404837546
-0.012770440899055307
0.46284625632457199
0.084820603173539358
0.1621923671537521
0.38112455812932422
0.063551412769151633
0.2401598098883895
0.27395135427174705
0.28851003171624856
0.17453646317978652
0.090676765451134012
0.32421490426843252
0.048381886945796856
0.14933022605026353
0.094908639549882365
0.25010161494290956
0.23400603569656162
0.1121627203257984
0.15462385371044612
-0.034154752598411296
0.070946955749101315
0.36447981693005027
0.41084195721308786
0.043576386357273955
0.046180499719105754
0.47557335977194137
0.34522234085298592
0.51890663930450143
0.48566582237225614
0.21938721549497689
0.36361622181100428
0.083838882212967092
0.25993326877553496
0.21055270864749434
0.31993781927976933
0.065026573255780179
0.096433491869983914
0.2592297044323057
0.14335231030689619
0.16132477122240285
0.18293507952845989
-0.002294754131163923
0.29581742128329752
0.15400188915331528
0.62596452516860357
0.23216933677407189
0.27203505371541076
0.33822365137436017
-0.080468472588668488
0.038786434029331442
0.19364252480210156
0.1491547349164509
0.34777489326750666
0.42463376064528452
0.30269028305699169
-0.022425587273211114
0.097533780413882692
-0.063084830784970486
0.24824721093037791
0.10827038148639948
0.18652175545537233
0.078304856824971722
0.24615616025651718
0.057034290030293797
0.69270415949677977
0.6414048268420145
0.12478553943636229
0.07148460492873171
0.35220786949629568
0.21372173449856494
0.30701367883244335
0.58596216123850653
0.40716107777414812
0.30551365074622366
0.21629135027568272
0.51958601431247442
0.38961100226261874
0.43145858450896368
0.4130255642025652
0.71009573252380342
0.47685818913558065
-0.1197917164077891
0.11011105549433414
0.28938590653056329
0.057759167011135308
-0.054747173900317456
0.18038141195843144
0.4800114092807492
0.30885994130881067
-0.089573101071154695
0.25392842877062921
0.27632223902485853
0.085700523756084029
0.32683584501398033
0.26085863859915931
0.29671154236088793
0.2603352160781558
0.43247449398503462
0.36810683217949802
0.36264587599476683
0.32152464289144028
0.33847863278491486
0.58423086115545986
0.10772574560828967
0.065116532446148789
0.19975094602141905
0.54651363696018318
0.48077105511916013
0.44582179274135808
-0.14191287744959846
0.31830731543634172
0.54398212865139284
0.22147927387237268
0.33366823163652687
0.48201109058061697
0.33858366170958176
0.42480087787996457
0.51691414810926584
0.43714833733114677
0.42774588678916514
0.24072295505048352
0.41012408436907016
0.47123072973847918
0.26566572914850983
0.030083529369545635
0.2568624595015167
0.087821412754130052
0.57870478104423495
0.53779533767447307
0.03879369422199886
0.18420256811006425
0.44653984984244816
0.42394445261631791
0.39115359946235706
0.57615405088410054
0.29560857155110626
0.23057400772463349
0.37777480505004363
0.11125373271752349
0.77370248538136599
0.12523889777041891
0.57334954081685297
0.37728325213355995
0.1408545621896487
0.28427795801342298
0.11328514491555358
0.50662566546151522
0.41501447767326549
0.34463584312317019
0.42118825928879211
0.35780649098805917
0.48186616054014902
0.24619516481610682
0.39804273924754674
0.2021948506720416
0.16250603471654373
0.039746130913932913
0.48141389613922947
0.61293000711399948
0.54739898344437832
0.47496622191714982
0.38921337747576396
0.2280662719413957
0.43636298660363915
0.36661009965531771
0.24643586227821637
0.38338012275419076
0.71757378865045285
0.56660453027117452
0.67040137034482472
0.35707268398317427
0.56034052512885701
0.50182931123242935
0.47637442681594372
0.5860485748722688
0.25264187517777509
0.82945796602283139
0.41288319140777063
0.5732906745236731
0.66120572604711747
0.37160819918933985
0.68545928341510276
0.65001786036988296
0.64378582274509688
0.65296237711635141
0.36906323270961638
0.31799706433161595
0.58037138683375855
0.57768586735487815
0.69371805235815309
0.56978890349056543
0.085306939404516641
0.7777661763088507
0.64255000876071988
0.85987838618558221
0.51576389844799786
0.26864735957478203
0.63148574908323241
0.49362659979162943
0.57654086756660983
0.86025335777825906
0.87501163123226178
0.39299373405262206
0.29329621710464687
0.34581803468543665
0.16367608109322621
0.31645515772957244
0.51881361447138463
0.66860474633784206
0.24720927537651435
0.71830317014093092
0.39987042171944792
0.50702485271266029
0.95129893025730516
0.68632385533043649
0.66384530102068839
0.24199386065397663
0.59799578566944211
0.47425904431505223
0.40333398670856441
0.62388410933071425
0.095878446725451941
0.6381737499716662
0.53772414869639662
0.35585747769102283
0.53363750329236015
0.095689737970929251
0.52890882806369677
0.66723839721383416
0.37118510867613047
0.54236095163541176
0.748783488983078
0.30730249670715831
0.40514486518895504
0.53771811533853531
0.54337251910596496
0.54816961775069617
0.3714777400979144
0.79330804685578271
0.74768824910234433
0.29523007129926093
0.52305700333231009
0.65236574577948025
0.726371664751427
0.65195804944397895
0.96635451066383971
0.80286910046621129
1.0667079455601907
0.27371167509414102
0.61973460990066476
0.74543782737767572
0.9246021088029045
0.99709519726233109
0.55403409256930447
0.35707577235197613
1.0804162997717022
0.51641278483295217
0.51115521389919849
0.62537167763441492
0.57234416441328606
1.0987726059776179
0.65168164238170823
0.82611040592252161
0.5793144585875093
0.94537293675928213
0.65582940850723703
0.66076648561619489
0.61832299354259546
0.68264309375242038
0.6246384035953273
0.36720084875103837
0.62755753096984923
0.81349914369446497
0.52452014272849223
0.37449140556129246
0.75654256775492201
0.50198432397016668
0.63552329335751312
0.60041390755033464
0.54903542184674303
0.47627905841409696
0.58039627325021825
0.38507891797641269
0.78662063115956582
0.65813341485547494
0.55584780510540321
0.79181147124834406
0.94141148137312569
0.57185349580780032
0.69097999443561187
0.36306978678112106
0.69860040802675172
0.76810452186825007
0.7464223255781447
0.84214753198591163
0.87523655689087909
0.55738232150701839
0.73611801138375954
0.74077355870976214
0.78506700518419048
0.76252054611583198
0.72265019247292006
0.70788132442074914
0.636731019471381
0.8869346589253595
1.0007489566297347
0.70072574322184822
0.63455611045545912
0.57497141371597016
1.0509036856074601
0.70729486623536342
0.74176326185598684
0.80205167727510052
0.9170909134894456
0.78827216272410849
0.90269347552556167
0.53945135283130041
0.51157246685074786
0.72131895976100735
0.89243056992087155
0.88712578556841526
0.63745640854536667
0.88204718005118898
0.58824159022827083
0.79468996334664699
0.81108201531104518
1.1887075985316582
0.65341056593101254
0.82980992518032348
0.69411282899532445
0.9995935764997016
0.34820657443482717
0.92580963557993967
1.0056858796915342
1.2510932110986759
0.76654967257911888
0.9650520725136752
0.65511174130019745
0.86094899881069742
0.90491884497338748
0.64603000368588825
0.8326506689979809
0.91534857264256941
0.71442272750661751
0.59749568074174231
0.6174814050255325
1.0625190504436703
0.85754279547145684
0.71728215883669177
1.0204270458790254
0.68015859576560456
0.81816457179279634
1.0351618893986418
0.91141504102684878
1.0008097662434172
1.0883337466314729
0.82886852505728414
0.74874298561817632
0.65375043924011955
0.72683816662812784
0.5190436931090171
1.1833399012229886
0.6493484773501107
0.90907349365644385
1.1393444040932863
0.81548101173314125
0.59449994949782037
0.67990999885787629
1.1090190399022359
0.7457748057175575
0.91944473450764941
0.90179401605823606
0.5180488883329204
0.65361387333811427
0.86137561383923322
0.8156159400175822
1.1117742622600213
0.86420974654064564
0.77842400244809895
0.78698920416728879
0.63476594360003236
0.78066992847634153
0.87285258258130327
0.75426203453800822
0.6995072037885921
0.9889153665949173
0.72502969168533937
1.0052094033927457
0.78489583822986964
0.73725041090534782
0.87410652518349163
0.81930017559730128
1.0402842254037108
0.78399711861551269
0.91155417275399664
0.98011354622419222
0.77378136878111492
0.94517164692400613
0.84259429402474451
0.93811835717432313
1.0441412478132597
0.41946535990706124
0.86693804409393793
0.77735955177251537
0.79150931119107237
0.91172697425100746
1.1074843248733039
1.1359687009845354
0.91794840523586552
0.69194025769681089
0.81016578009573803
1.0031131076922533
0.78614158481715291
0.9130457181588254
1.1348695792322492
0.96876521499998902
1.2669911581289472
1.126393815952349
0.70759396892680748
0.62293670077415864
1.11330930719217
0.84293826248099413
0.7349497010801096
0.37694973935692838
0.84697560667510008
0.88225321365526144
1.2425089615878036
0.80658257605905248
1.1199386597389309
0.98801930544668681
1.1426722653432437
1.0820679502054213
0.9490796149866062
0.8506823930077021
1.2328461305778493
0.88067445039003822
1.0483390070269372
