-0.53916375673919059
-0.87941787151166695
-1.2585212336892355
-1.2222820240706576
-0.91836444464555766
-1.4291580892958262
-0.95051118719729166
-0.78232558389980933
-1.0567332497430575
-1.0752488903011412
-1.0341927924216003
-1.1760355726767493
-1.0791819165529055
-1.0287755030337402
-1.2225405623856
-1.0335915180482691
-1.0701946610789883
-0.90760270193550152
-0.85071345883099692
-0.58101193210152502
-0.77961556090335205
-1.0451420663930733
-0.8121839670232881
-0.75160343775124128
-0.95079146549073623
-0.93021738148263322
-1.0693227134040497
-1.2097639282966501
-0.75034605361752371
-0.62250639934950081
-0.67701001292060481
-0.90268021068108506
-1.2067188959097475
-1.0014506859551731
-1.3008614795776197
-1.1915716737633497
-1.0432437124482916
-0.74104373044457295
-0.80305122395743267
-0.8365446709477814
-0.95621083829024234
-0.74255950143498839
-0.77757136691070861
-1.0212633546960685
-1.1415356830992469
-0.59898007560438793
-0.62891825229587794
-1.0111302688159656
-1.0338047529768457
-0.9411211439435675
-0.8635087449912674
-1.0206064832008841
-0.74309296782861034
-0.85249675437716788
-0.84354960539718826
-0.71760905305343548
-1.006177516641227
-1.0158099602912207
-1.0157762732280404
-0.68416440585122051
-0.88213886567750832
-0.92658513303018597
-1.1017207935680027
-0.98779215420464106
-1.1132886909926367
-1.041902271680897
-0.74503916530716174
-1.1308374025065475
-1.0814507371719786
-0.72463365101356247
-0.68115068835784198
-0.67641944481799932
-0.79351043202202254
-1.0059147429715625
-0.94007893284875033
-0.83051187907980828
-1.0627931419694008
-0.86457797710576523
-0.49653324722636721
-0.84634653319614817
-0.92984142817052962
-0.71921433380806943
-1.0723589474800015
-0.88729549226446791
-0.97165767036067907
-1.234919293392684
-0.75761560943579398
-0.60288828613945022
-0.70402459902752479
-0.92087665656284101
-1.1755396176280271
-1.0620983288575241
-1.086940219096967
-0.62035069837886758
-0.6842700814617807
-0.87864078590514028
-0.86584674590379862
-1.1142323603878197
-0.63129025920722948
-0.63625941339831316
-0.87007496318197375
-0.49293649923251659
-1.100337648209353
-0.74827182125333513
-0.80336508673842821
-0.701488929722627
-0.71488101490213207
-0.78870667996471511
-0.4837964819374776
-0.72398993618169527
-1.018107325009999
-0.74468961708685
-0.85073089245317546
-1.0201827814101538
-0.76741025313872846
-0.91795886165910323
-0.6200505323070743
-0.51047783846540751
-0.6731420331924669
-0.56542047443867927
-0.71741955400389767
-0.71474590385065895
-0.76836784591469109
-0.67831623399355079
-0.80441547799466018
-0.82717365420603006
-0.67014215809269806
-0.77020702207022662
-0.98109213692537278
-0.58612481382246229
-0.5377024920038127
-0.50084399819660586
-0.61768852169389044
-0.7197873404018974
-0.9589494479733357
-0.77872265182973388
-0.60936612949070823
-0.19619868102824922
-0.65354785419862016
-0.74282927690725342
-0.65306230202020621
-0.52341162389010887
-0.49160551800936314
-0.4602493032618637
-0.47497384456965464
-0.53560754766876018
-0.60182700810699408
-0.89237409579865201
-0.84931030444469713
-0.50832249349626535
-0.89677435546281337
-1.0109682936363058
-0.6053235927512024
-0.33958891449964113
-0.55717163466731146
-0.59659142448300395
-0.47888541894279729
-0.37013925681926602
-0.50170538052682645
-0.74323263806379269
-0.73429691509351125
-1.1467564211368539
-0.8166803144130379
-0.8747944649633177
-0.68488289933055335
-0.80785183572732655
-0.61401390588549509
-0.98802355124217323
-0.89688724445764767
-0.51867916078717324
-0.62043348320577962
-0.60079040854633659
-0.5784692284811731
-0.48485009829259645
-0.51967921372230774
-0.72476835866638767
-0.70491480110337046
-0.51547699459684027
-0.819027908342435
-0.43347429485334299
-0.3754054330034553
-0.76041188863189513
-0.48236277029472291
-0.82958397557317776
-0.38336529774100025
-0.40490285985661428
-0.84073518618875809
-0.32858137539117721
-0.38088928395999433
-0.59861989212379041
-0.7572017277529024
-0.61992389305718965
-0.80458849201912264
-0.43082285817281013
-0.68493872197269834
-0.50963750679218489
-0.58405116852717176
-0.84680499880200555
-0.90961960491748328
-0.68740508689515112
-0.77594647858110977
-0.64942181416444233
-0.73014524622787003
-0.44535745423111134
-0.44189840151630372
-0.51872005648414488
-0.80908431517378709
-0.7736532341999649
-0.47607637034931377
-0.59295323472603145
-0.51006626460046045
-1.1825587384989784
-0.41379423469255949
-0.82178331783435432
-0.30371118058815894
-0.47606688056970786
-0.75700449607470766
-0.37843925770104453
-0.24956665219536833
-0.40036835358579825
-0.6276872559711445
-0.63155784025925787
-0.56132897385123381
-0.50720842870632654
-0.56636945320864607
-0.63231474580562341
-0.37005659217625936
-0.52616583600997746
-0.66217681581627652
-0.48485233189263971
0.0280233466072153
-0.50471494067722644
-0.31078078313611529
-0.7280898340494244
-0.51520796566841165
-0.41098387091337663
-0.44956079382156827
-0.85181803922361454
-0.4855009686100874
-0.57235787083667922
-0.4047498493624922
-0.35576721460302252
-0.70977793044778326
-0.8524113643606932
-0.54311211790454117
-0.6498702545348447
-0.63530538412958559
-1.1293324416074388
-0.43882137680207028
-0.57625192679638304
-0.39275054896288641
-0.53905476649331152
-0.8078262591716785
-0.57989309948563494
-0.45175906985939901
-0.43069353694262158
-0.7788268355345378
-0.53830683649146693
-0.90339584703375775
-0.64740949890540411
-0.50612025120011228
-0.40474679840414568
-0.21028084370322189
-0.57948404943831178
-0.74917432370257375
-0.38836733506280213
-0.63665966794074125
-1.1517265052042491
-0.52756147493635586
-0.42276182557599046
-0.60562355418546754
-0.39226790789138627
-0.53332626698362362
-0.32292050595064048
-0.56047214166373904
-0.5244652873310871
-0.15139489166245976
-0.6956800552357939
-0.5411811423115499
-0.38290441153472538
-0.57148197879572504
-0.025302815087340579
-0.1999916932818806
-0.41532715428043854
-0.1847441163795463
-0.37881672938917066
-0.11768053537039794
-0.082234732945829628
-0.30525796101260161
-0.24674764205717417
-0.21413272938990316
-0.13916970926647446
-0.16199888376673449
-0.23259652151151072
-0.38440220161091526
0.068402985451110246
-0.69265954138667563
-0.11421767182093326
-0.40698961919912191
-0.17512580568774189
-0.49777070602071399
-0.29329840900824411
-0.29932744808773476
-0.57178337442971772
-0.51691387930572275
-0.066641248439668066
-0.48830451583740442
-0.14826573129800338
-0.49998725400411131
-0.19051535230451758
-0.092341566054775309
-0.41545297002459447
-0.31056850966408034
0.059732016987531653
-0.24137040339341542
-0.38249811588734833
-0.5089115576176898
-0.2316587103378713
-0.48055813901332112
-0.21305937139204978
-0.097382240994427174
-0.13687992092521895
-0.4133293284609853
-0.5473174712841391
-0.34277738176570716
-0.3345930624449851
-0.16551267308703416
-0.43193506521898867
-0.15724234335704274
-0.2501566800938676
-0.29559831120755359
-0.22915240594101699
-0.3707943676344343
-0.39392877732392517
-0.34283397680748862
-0.3528548650680049
-0.42693847665148155
-0.16104194496813534
-0.40145152355651642
-0.54097067604523574
-0.29509030237701761
-0.33224683610123645
-0.13168747999348285
-0.47733092749560135
-0.68022014240520168
-0.29813937928189616
-0.36195022714827924
-0.21555650960990416
-0.28003557132825357
-0.33612289023002367
-0.38626731080940446
-0.44334743358105133
-0.5735485305316349
-0.37477068727038831
-0.08873482298566869
-0.31773894213773946
-0.067165719906543381
-0.41499487875669644
-0.52590325485949629
-0.47830245905948371
-0.50075444359028731
-0.38049609539626078
-0.39881788646198763
-0.59064799303839488
-0.16224765146128678
-0.88358919968799243
-0.23421550942180125
-0.28871554945933464
-0.46703210843485776
-0.041164793923546238
-0.47001393209207337
-0.24066425659389223
0.04506590743917329
-0.041734477173794596
-0.36024734483152743
0.07604385773220422
-0.39268723928449661
0.16584754973934823
-0.082770842483709556
-0.2945126239538769
-0.44688760158293356
-0.36347827868529603
0.0030625922596039805
-0.27708865545248157
-0.50788201134419342
-0.013436793141022675
-0.24153053122198165
-0.35854558131729686
0.067212219282803742
-0.0061391300357104021
0.1443884028801368
-0.16419336068154358
-0.27825513522873291
-0.72422003418697589
-0.16373412829641185
-0.066857839711938941
-0.36823106745897677
-0.21364427876891384
-0.3963827258003913
-0.014582510847104012
-0.17422441402243347
-0.12687721147335215
-0.35147549960241797
-0.13995392834457265
0.20093484320627991
-0.31052637867757427
-0.28626499607911265
-0.26028429293859506
-0.40933325050952502
-0.12305692763372407
0.1177703554928359
-0.67079480960287141
-0.2746923166696032
0.22214913880478221
-0.40410423831591613
-0.32849673611127767
-0.017403054743071432
-0.037863155100839027
-0.26241843124871095
-0.28943365285068678
0.35974246092185075
-0.43476295923327446
-0.31519957682834876
0.12001759069993106
-0.21375801022101479
-0.15155959997117407
-0.11763659155958962
-0.55175688686100599
0.043419066686879233
-0.12469033682393728
0.017212603279976858
-0.27317633994117335
-0.37918916868419916
-0.16674156828971551
0.40603450202076641
-0.049440566109501601
-0.12960154093589152
-0.46862352428780474
-0.23076471812616656
-0.15507523891357408
-0.32230693611031402
-0.029974580799014945
-0.1142957911122711
-0.39658355951119789
-0.060397816434362352
-0.0852542085278922
-0.30502153331650111
-0.40799765520423703
-0.11552453543328603
-0.42747989842021678
0.052943246112466785
-0.10287187302838463
0.10288159107176113
-0.35600521269948021
-0.090680629091704754
-0.041751312444782203
-0.31932522566595423
-0.36133248449403921
-0.23718588245106922
0.12454383506898706
-0.16556025813040967
0.08037898648768857
-0.15932590020816331
-0.36530834438085841
0.14436176546369384
-0.17936464363764509
-0.19219702202349048
-0.06961547356219433
0.039503479008209476
-0.024419081825037523
-0.14635455899445013
-0.085008128768394503
0.13692273898465535
-0.41783651847819009
-0.23786929196648576
-0.28774480037033923
-0.15646574058804089
-0.32664701177031247
-0.03367158839447032
-0.10809075120136809
-0.15409630302035315
-0.00040014220861732858
0.097652227960927651
0.28295282749112233
-0.051821760937740255
-0.23741645348076448
-0.28347565377820538
-0.12009672986283561
0.0043685348230983216
0.01631928610482165
0.10763846283827815
-0.2168790867667473
0.11359184087361514
0.016668729492672982
0.26659191557083273
-0.16823310315115197
-0.011091961357567652
-0.022372620137677064
0.20465688487077816
-0.2833579577717954
0.090582676254062744
0.37638168185130649
-0.25946383328648187
-0.20867025966206151
-0.023844916069578118
-0.30834907085729923
-0.19165428734584897
0.18952425010768581
0.30447200899134735
0.070618453199072492
-0.0094961609571232331
0.31055872548135061
-0.25687285539634835
-0.16641523748252332
0.20271372741754609
-0.12002606966832464
0.08139240861578903
-0.054589784079136415
0.13423229851215837
-0.13121927580954856
0.10766859785293596
0.22885247315615984
-0.13497031823886263
0.26590958955127464
0.061715766817599514
-0.19275954750060389
0.022319594385488181
0.18885438063096835
-0.023260805615451938
-0.16335595933429747
-0.11648556689084659
0.25105720308623708
-0.18330692137230012
-0.14766602467207962
0.030056992620445273
0.23692729810213911
0.2110998372215305
-0.15189218586672656
0.21713079809017652
0.014437332089267162
-0.027011415670024571
0.26855677457720184
0.11941484900604106
-0.091467058381398569
-0.22694918911555578
0.22647158133561254
0.14258860753735386
0.39034357000515985
-0.21872052716516072
0.061288667012681951
0.19537432520329881
0.23604101652242496
0.10492147711040054
0.078036708909084318
0.38167784545736433
0.18737611920722544
0.38738650419885473
6.2359546848733092e-06
0.13684202673450577
0.22531476081632174
0.10303662325273152
0.035188255434864681
0.087398117561721583
0.21826248361958492
-0.014450469320415308
0.19401796637039515
-0.097593030586238139
0.05388714519299069
0.071629542047433034
0.45699617855876101
0.44898815464777631
-0.22465812590582226
0.081591551807636165
0.043309009019431986
0.10445925373218475
-0.23478435509213785
0.20208423886313095
-0.046568670731186305
0.13919184791586664
0.22809613513947172
0.32973924979708724
-0.061641078596537356
0.32633176488930721
0.40757490951218894
0.11426710438533082
0.11344807066107192
0.11114062885709643
0.075522165698402768
0.35746684019350627
0.38630059113322956
0.31621412855589148
0.38586210594528547
0.19105467919018612
0.090995325176005545
0.39204677971381419
-0.31047762219463232
0.15178253530105859
0.23476068907644609
-0.19186601503392592
0.044702094696114178
0.58226073280020807
0.38381221312565722
-0.074347844720712389
0.55071868107065192
0.097902052124964972
-0.18894221455731883
-0.039465052400169238
-0.013790486377077934
0.030724205031720912
0.24188564423216261
0.55469387603166376
0.088637475695791751
0.28389993297916044
0.2777815945287338
-0.12998476202060072
0.41277805488664737
0.016513873254577104
0.20573649129145991
0.28668451197736106
0.53764975871533394
0.27732773888414602
0.2096285046378748
0.4693318963034831
0.37992771329764835
0.55436378673981046
0.28768871464041834
0.19855782493171015
0.20616205899486334
0.036373224926222039
0.003354112045140697
0.70576869793834462
0.15466658486830753
0.36919732255154913
0.59651019507035885
0.26948685014930673
0.53173757545979983
0.44605577079239211
0.23107253721412582
0.50484513693412347
0.34067186287552803
0.41953673295622468
0.13063843737777314
0.51244010534550055
0.65513489947212467
0.49396436189473186
0.41287525465383024
0.28584804911742251
0.26888201480064861
0.56871028821203007
0.43052323048584418
0.63963464234631051
0.34109006501941314
0.35674214042890018
0.30559173228730729
0.17761054956419414
0.22452424214696884
0.16379265737330634
0.16209755544551971
-0.066383622463682804
0.50819684068620363
0.52487659679870313
0.44613474100162059
0.49124413132434297
0.4433127867270959
0.47260745133192694
0.4073452933431011
0.36814660328743265
0.21254494616720918
0.48302367517586364
0.28219906215814855
0.22696596336359109
0.78243055389515348
0.60747597350481153
0.68532442660128357
0.30943431176119779
0.45580599438328129
-0.008243314446804588
0.22986634060309363
0.33358001058844833
0.24895777781317369
0.11295181241320189
0.39232672167110533
0.36550458436128896
0.34862885536110438
0.39397382074941334
0.65781489849343178
0.26369270269476608
0.12095383438278298
0.15347624804095161
0.30651562306958052
0.29165023329804657
0.29543354893716289
0.15693168787590789
0.24216046324626769
0.48295891694697374
0.013010462108598199
0.24559803185362503
0.50039171742122857
0.49582805534092417
0.17943043661076796
0.41436762712203223
0.28559877519150795
0.095569091433206091
0.44924487443427846
0.45423996425962909
0.57084412152693109
0.44604896366561853
0.2456595332490088
0.50825971018849159
0.072459994939621949
0.30757356989027262
0.48946272685920733
0.32316584459740044
0.56049982260085962
0.32303271736414968
0.42242959776449396
0.46810655745357771
0.46323792566803623
0.53412211598463322
0.45774539219556137
0.80824419508421708
0.55275138339576857
0.70508053754173006
0.58227146006388775
0.36418754778110246
0.201800936697967
0.53127056965629693
0.3833499029773878
0.66025771360932706
0.36366662336573402
0.38212666574199816
0.4114231659195472
0.49132767203422095
0.35905532481003755
0.38804536757436719
0.59998223519819815
0.5020626277579604
0.46798604590105508
0.26742344162049508
0.61883230438364101
0.54677764123878003
0.19990962900951131
0.53522687725005413
0.22970738039897284
0.5217701670355519
0.16790008091346309
0.5887644868887062
0.69713656991820006
0.50049039816019103
0.88640862627179229
0.41139604515103678
0.2738160448490653
0.49591400597353774
0.38786210765740026
0.13640367351851446
1.0317296726286251
0.54459611625245152
0.55178070985661798
0.83615523417593263
0.93353303179464997
0.50132821104275449
0.23740550425930887
0.61154596712301645
0.59958197407759584
0.22575905739912364
0.52777948289682886
0.8185542856567517
0.29706304201816602
0.5729517645629284
0.50678808706193235
0.58779944684368046
0.68030764321416703
0.19583789097015872
0.64244965740296456
0.71604664745010993
0.17181984677773385
0.56195846247806081
0.47393210837922917
0.68886192227694854
0.47767724482025781
0.44893808765329379
0.2903950266050318
0.31319216990983195
0.76834639989087783
0.90589771915353401
0.53901263066480298
0.81549546157877062
0.11288808858901314
0.6164436691896098
0.62596541572238329
0.4186010069401509
0.58576831530965179
0.50839653799366891
0.62651581722931338
0.63506967677025494
0.67459073379345491
0.54543370821236958
0.92280307047286536
0.90266943421600543
0.67365101548099504
0.56306703745820652
0.57050785233335555
0.93202740876673285
0.58691004914821043
0.82985522747687812
0.83312090077019929
0.45926627923826985
0.68987438400629231
0.16311536992841466
0.72368576323623912
0.63159639408159496
0.88474125113007351
0.88871551396220838
0.5990090476129114
0.92115992077836306
0.50082730279229148
0.53044042632789046
0.57820176996614769
0.65425695134941453
1.0260839850970942
0.63178876454011279
0.74629344266235365
0.69482646372953216
0.75318658184932352
0.57791434110487283
0.51733256565500108
0.40084345904091451
0.64213856953765935
0.86263107098166814
0.78073814739728731
0.31993828788273715
0.30509317469925629
0.83481267817909111
0.69772633774351378
1.1050416530285831
0.59015543095827627
0.74360033581326934
0.8088072770488306
0.83654677356486129
0.45441429281454121
0.82531388052501986
0.74210764311820243
0.4512149352510198
0.97256936081692946
0.80335291728975411
0.56911383811055727
0.58674113874408163
0.98379647109882185
0.7245538529074721
0.59334971089674982
0.75764900029726956
0.91257972773801499
0.95313550576548101
0.5166048978116845
0.5229866419312803
0.5874291095144677
0.71797032079330436
0.64652448138716845
0.94970752087443244
0.85444980761469924
0.85460433583296214
0.90175722238072209
0.67875525848203133
0.96530926637191627
0.93795112650218959
0.66239203967511928
0.79448714674256182
1.064363228393139
0.77646158640105778
0.73125399419938719
0.85759779773085221
0.59211848748968388
0.82873846419580044
0.6803801210271132
0.70620891305777767
0.82932934230548094
0.70370713162356446
0.66757352364018097
0.90000367156408134
0.91637600710999279
0.64255780280691699
1.0100236369095568
0.86308128926022554
0.49747397599542542
0.56734906930541984
0.69100098089531992
0.50062040271726427
0.85873599902541742
0.67828218869011181
0.61266758012699063
0.65528325047374569
0.89007021414528931
0.68840301374183288
0.66578914098131481
0.41018328370981355
0.82379590118559609
0.85639621063231197
0.7399477636659888
0.85495870199051505
0.7417506672962445
1.013357774137098
1.0864464902005533
0.9745482014915704
0.7740945263562099
0.7609346966382261
0.94195470616299903
0.58166045840689418
0.73090342618283211
1.004474975427657
0.73290357023031605
1.0292753804877979
0.95759306578975323
0.89011013403548767
1.0990243816815222
0.81763716316213697
1.0743383907346689
0.93724653527640511
0.85541402388786369
1.2173832996104497
0.7592992392415564
0.88232026534826957
0.67511234175195611
0.6692398909076801
1.3167635156819766
0.73689683093821723
0.51371210837486159
0.29921764064460882
0.80408876710099286
0.98373550509132246
0.81779588359840294
0.70818669228508013
0.91187861660726632
0.96548922888052191
0.78742115330503215
0.97648745316728069
0.78983120590135847
0.66614817428183692
1.0644844168996621
0.8755799640718066
1.0765133739205013
1.1478879573105474
0.97220044743386747
0.92524795344091781
0.74897557266470283
1.0092543173283284
0.72437332383966735
0.91371481720114278
1.0754375198989887
0.85119549420582252
1.1954254965078941
0.90957728192123544
0.89783166900534495
0.67549286277685272
0.78481729061291561
0.96731301219726751
0.56774810009834775
0.9893420057507547
0.82799589218523639
0.85620657840586301
0.78496451386251376
0.88161233278402462
0.85917292055554606
0.9828370542936492
0.89846866351465449
0.87758581802316382
0.87410214521453589
0.9247335067996747
0.84763767323022399
0.95947894466540606
0.79044682026295721
1.0736551749169487
0.94742863091524043
0.75417162597713594
0.90087538490071861
0.99404522211490143
1.2640893839773055
0.98364446748584711
1.1672710999375271
0.91289042862972014
0.99931441323693182
0.92370164694337975
0.9131338601771708
0.80888552668959024
0.95031015524086992
0.62688677328740916
0.62019937370911349
1.1882713857359835
0.930461054844965
1.146285923580932
0.61634966515862977
0.67531148714958267
0.84704500227656498
0.92754316965080885
1.1742398728566046
1.1316388772440868
0.92989733462906499
1.1473939587001096
1.1176734739852687
1.472333896094979
0.69626279766520871
