-1.1868340050366983
-1.1540842084490726
-1.2919164236616125
-1.106150001045882
-0.82927437107090163
-1.0441016232710782
-0.80530144878729959
-1.1308279930387592
-1.2353071468877181
-1.3693795887913491
-1.2089818212334098
-1.0484870421422177
-0.88340331493591162
-1.2653682789932135
-0.95385294419663003
-0.94123344972379785
-1.1990112552381187
-0.94074661542698435
-0.84834562640027167
-1.0132298112045759
-0.92252608718775375
-1.3861214587838981
-1.0447344233778937
-0.79283095045584429
-1.0931644110191681
-0.87877504301280551
-1.0589363738346755
-0.82055321741667331
-0.71188268984286018
-0.92409099224787239
-0.90995614768472566
-1.0151594690490138
-0.91798983340132811
-1.0110285990893875
-1.0243988141216367
-1.1248076938809504
-1.1596807615391973
-0.9716642107446285
-0.96709794569018859
-0.76293455672324895
-0.96655730009549257
-1.0444664757632418
-1.1229092657626178
-0.98125820005974573
-0.800567456117114
-1.0070523541120575
-0.82827326609615248
-0.70396108559745563
-1.1760265616161927
-0.88835027728774807
-1.0347165290887943
-1.138564604520814
-0.73577785638420001
-0.96252152223648602
-0.68779599735773522
-0.53251740938415293
-0.93420535916306113
-0.93452584047070741
-0.71987885061170553
-0.74549388099657277
-0.94117121515829083
-0.9236690628615678
-0.83097540742897036
-1.1883876528261297
-0.85731712307887653
-0.79165741272383805
-0.86296658787862524
-0.8540042997520868
-1.071839800507931
-0.90711191201636998
-0.83128998774865026
-0.62479146595538271
-0.93427846007836746
-1.0449875311703998
-1.1734922323097643
-0.93906256310224512
-0.95686402962326933
-0.93637903271827339
-0.74303079368909375
-0.83596348348323657
-0.81672405046031227
-0.4549794445351712
-0.71923233638163497
-0.52917836761383819
-0.91476842279293091
-0.79716481198804023
-0.82691276726020924
-0.89421200236201481
-1.0507854390433422
-1.1321702239077571
-0.78929373487126542
-1.0120859029350349
-0.74570407524503612
-0.72452097132431881
-0.81780446112242577
-0.68121275464219255
-0.95445082130951397
-0.79039594833030435
-0.88034157456266082
-0.5449295932251369
-0.68305046829445371
-0.75744080584727358
-0.93821534359169978
-0.78736978633909127
-0.54412949752856865
-0.84255948175729911
-1.1067228009558265
-0.75076580416594418
-1.0389136792951899
-0.78968170117350356
-0.89426916414061519
-0.90344738072700026
-1.2079696207301907
-0.50123924553148502
-0.52770093165177023
-1.0499449980259812
-0.85869860519371455
-0.70580659737994422
-1.1475717280181743
-0.40974463287815688
-0.90902372987394386
-0.85594473520807934
-0.91360639054188386
-0.82159874170207026
-0.59510209665911784
-0.84114023996140874
-0.85897669003062849
-1.0752296098619922
-0.83357664167854251
-0.5073285488218825
-0.5644847760003936
-0.82223783697576924
-0.84433758300174866
-0.70722456751360319
-0.60326321469288247
-0.71636243301075941
-0.49942588747100841
-0.76269029885161466
-0.89344900684297635
-0.74610706462961618
-0.80341370657354272
-0.50230929308613237
-0.83973044026643273
-0.77477391041754839
-0.77436117778839419
-0.9696285513208559
-0.9398215885100597
-0.72391670631533855
-0.59642568961867759
-0.54886632869751661
-0.89537238594558111
-0.66836859728163023
-0.76152725311771441
-0.67169171955452345
-0.43435254869749379
-0.60396606346227233
-0.43884227145290949
-0.29322413070383163
-0.66938223442466505
-0.47209120716911163
-0.53919100415766108
-0.81255842044109727
-0.64502685264107673
-0.81280161629263803
-0.641665614904252
-0.65906340152770293
-0.52602401807021615
-0.74143989571746105
-0.61283642991312715
-0.68037413215316112
-0.71929237973045945
-0.69829033231871351
-0.42800249032407661
-0.74429019718218015
-0.89500873654038882
-0.70589829393151315
-0.65054246602881438
-0.62139224868144971
-0.50633022767229563
-0.75945126067315516
-0.43920114592541371
-0.42751408000327762
-0.49036958666360014
-0.71753142024672256
-0.64877528501081649
-0.59620612390127103
-0.66198974245975417
-0.69277022521147302
-1.0848086856616261
-0.57931324757777203
-0.52606942093797904
-0.3938649492543233
-0.89156711895816632
-0.80770181214389147
-0.45558732449957823
-0.64411918238450772
-0.56514859469918521
-0.87312533781634361
-0.49104743484684904
-0.98796592778541392
-0.6367704152700856
-0.45518027203998879
-0.77020409079758978
-0.58879954660397216
-0.8842042374666238
-0.4786109150585191
-0.67307058378322593
-0.54203533016580574
-0.68956164880275261
-0.73626875142310866
-0.3925945404325894
-0.61604243952130111
-0.65860446836550735
-0.82785358763497974
-0.62699844688386175
-0.39577209824057447
-0.59590007972766967
-0.67940171199409016
-0.77584940851445083
-0.88019035639297649
-0.55441115225458104
-0.57266316240100423
-0.94205868513382929
-0.59927022132591179
-0.48662978278572078
-0.36968486388499788
-0.6021052669597956
-0.48793724046121811
-0.75452584015991586
-0.50763660171283487
-0.80940756391083424
-0.69367260086197358
-0.43971798877078666
-0.54410173950336993
-0.48229940958867007
-0.69898046269818126
-0.70895450670552906
-0.67777740557241462
-0.69634562982548276
-0.65783598370494656
-0.55815994827522419
-0.19123160166210756
-0.56447155694545281
-0.57001116656399398
-0.51037895043633019
-0.57764922897578541
-0.37885910699679581
-0.52735973656884849
-0.67407358238664439
-0.44077755633872723
-0.67361531129760466
-0.36549836618370163
-0.5968838736761648
-0.61321713246535392
-0.68190451588163503
-0.5127303301696553
-0.58554222396404743
-0.52661956731518822
-0.49291618843393725
-0.66521305797216723
-0.31643631249848136
-0.47708374902207734
-0.73307593035793728
-0.4063341306925079
-0.75785675943941899
-0.5146803052391058
-0.47674467930131509
-0.27222991387972173
-0.4871408027273984
-0.39812111687207508
-0.58066654387057914
-0.65812080255920924
-0.26445518279653141
-0.38534185992244691
-0.55762862942822822
-0.56955289078014659
-0.72207215630544574
-0.57707225418407881
-0.4884825538626642
-0.59117544015625489
-0.65867846382478967
-0.37102916864158592
-0.10202982777194113
-0.45287452539098633
-0.39677517300913251
-0.36999851161919362
-0.48293814092927212
-0.55378956076053143
0.04105493971596734
-0.46946436675452125
-0.35021848945456291
-0.51737844594963578
-0.64185504344327937
-0.36098743599730465
-0.33206850065021454
-0.1916712410613996
-0.4915543573017967
-0.3771534470614612
-0.80344746581795656
-0.23348608404525528
-0.24323675242681556
-0.59979943841518935
-0.59639785310748084
-0.60979020491162517
0.030329106600200322
-0.40541753036804873
-0.23806934596602378
-0.15762843863860435
-0.23744835748786422
-0.38462096812400037
-0.49920299135497237
-0.62988423768473856
-0.48632965644136772
-0.46633365927036707
-0.16817410656980597
-0.6064306590611207
-0.45628335329697367
-0.23814581675720783
-0.44812977528287867
-0.47207651837338577
-0.36701879122197451
-0.15440641391519463
-0.75077323313807431
-0.45747822644242281
-0.54574795172867141
-0.075745037051243691
-0.59670622324559319
-0.48815948520620933
-0.34186261686044606
-0.24579122482211238
-0.20508810172655564
-0.19031360854119247
-0.30643086738825953
-0.33066489957329442
-0.37908261701403323
-0.48755996392168449
-0.34746268492978655
-0.56575982236358957
-0.48117277466624764
-0.55890335468536334
-0.43027265443153578
-0.49446198800577185
-0.57075676596495106
-0.40657823525152259
-0.11290267042895819
-0.24588073520195183
-0.36680223104884557
-0.3650544915727012
-0.21133785237473898
-0.3475550098743852
-0.41267362852063161
-0.16909897382330633
-0.22002381399870993
-0.16177741775411209
-0.14472360015186486
-0.29290492250265443
-0.35520225468556671
-0.2686620616962011
-0.23115614730184883
-0.01157779883371788
-0.54841402101201453
-0.19720885647377268
-0.18765651447169812
-0.44036788852713388
-0.38074909512470284
-0.30770773369005405
-0.31871155837332998
-0.33458552374520933
-0.38913932233626719
0.002962138986698319
-0.36969190386879031
-0.31349653895499824
-0.32934250157344147
-0.36785794573551633
-0.30878394929053454
-0.31612328402834583
-0.2931042677243067
-0.32811036044932546
-0.19361702155543148
-0.023501980402112821
-0.22658343627678784
-0.45299038159167876
-0.40308780580145903
0.18673775327329864
-0.45909230240428611
-0.039835124464977202
-0.27430175455195471
-0.16446177498426262
-0.41913691239747547
-0.23929192385093845
-0.24214055787517288
-0.36665893036945457
-0.36057172249755742
0.11070384320923123
0.19014888228390323
-0.11597455039314113
-0.29515311051227144
-0.027477034803082938
-0.27135262491700535
-0.51249633063210809
0.020492305777287369
-0.083640750273729497
-0.018367797487949918
-0.25816562326048975
-0.3854964130361872
-0.19438753536049358
-0.2447665564274574
-0.079723830165895765
-0.18571457011525391
-0.088050291450426338
-0.44570256140054804
-0.063577909447042238
-0.040245395216494374
-0.089397580784332728
0.00030702271505898588
-0.48467875666905685
0.056417936948121923
-0.036781619446938467
-0.48411877966602451
0.10011314417363802
0.07773115810208385
0.052111859820040456
-0.15775413281348985
-0.095778100162859717
-0.53097865940539224
-0.61399487723429658
-0.10668908660770694
-0.089950773760123878
-0.16711827387925354
-0.0038174106511891476
-0.21926435024204119
-0.08675211956344385
-0.3595786249575712
-0.38971504916508559
-0.16499780030997904
0.028536977909842144
-0.078708452810904522
0.016296019833923852
-0.1423387014224943
0.092370742290573335
0.10866489504733311
-0.24479381431980979
-0.02650470499296782
-0.062059104133416546
-0.22569584105418644
-0.29537736238035789
-0.071164825564146481
-0.14988965989535924
-0.1002000839252673
0.080023561941520507
-0.14793649781961546
-0.030498966949356054
0.16406836904154221
-0.16557887299398144
-0.18642715286726658
-0.21927284731092461
-0.015688856921865623
-0.19246148533508972
-0.034647766614013593
0.070538117446065432
-0.094139096277075035
0.22541854295648561
0.2637504660697631
-0.43196241664598289
0.0032588648102341708
0.062738928964229251
-0.2722135080422482
-0.24297127484437991
-0.22062545346190693
-0.069780395913375537
0.060544888433955717
-0.30590931097978741
-0.285987858376199
-0.067438973939504765
-0.38076985272707548
0.022480505366646558
0.16029438662676296
0.022939975334518137
-0.031742608383493152
0.26058272772632618
-0.24495390282672028
0.0055991593838836291
-0.083174256857855289
0.097099644533568549
-0.16469217226106719
-0.18116748427327081
0.018598561629760701
0.0082096992489852031
-0.17781812343580983
-0.12030902254018423
-0.084958460349633808
0.10231963606373586
0.014370996202472171
0.055659701734884021
0.11756213551130611
-0.2522281978262591
-0.18610829752686642
-0.32002949499358835
-0.027187191692470122
-0.15716229845123719
0.12329338092770439
0.13939261658801275
-0.090891373254535959
-0.0144296114023982
-0.11480412156840782
0.100631680960705
-0.054730092388715373
-0.067773218251322098
-0.14638195276475821
0.27430146184528481
-0.077462381816045714
0.12424044634927629
-0.16413392802290475
0.080191365752675811
0.23281079440645652
-0.11070209620022285
0.16326252105212052
0.20464981766602075
0.12304947686095349
-0.010345909412286291
0.004829693696979746
-0.017270780120868991
0.22681393069287975
-0.090098684375252258
0.18060746122650845
0.19125658517526606
0.12635050465251838
0.17419981466899223
0.29625414306412728
-0.067255028904223038
0.049144009830498186
-0.16075202755567888
-0.08317312599601398
0.35287939933291873
0.27465785182439667
-0.31879377045443141
0.25445459029115375
-0.24819039356072667
0.14824387567843375
0.033455195256235311
0.021568467157019072
0.20585962812500552
-0.033569277075219221
-0.081089066665029311
-0.12007240928782721
-0.046629303262369276
0.13853069638520982
0.26085387350541256
0.1887261949617827
0.064506673722007038
0.17658696487403708
0.31452534957262318
-0.26057074844827649
0.25312440765744221
0.47064428194091135
0.10693783548492533
0.16433678344764327
0.50532274520314324
0.066106177555269069
0.19000266024970344
0.24838773584998347
-0.1372912178007489
0.11850752353280178
0.11095362184563881
0.29349634517641454
-0.12573871077580639
0.025871083964243608
0.22388715678488214
0.32352070877701194
0.47018395161222382
-0.13950366288616625
-0.040810085536489626
0.0094903245069816958
-0.12297358473254998
0.15049552057590573
0.20504630131882287
0.60540696009867778
0.25963323951415129
0.14712078193046826
0.23131650261677031
0.37527626466539699
0.24210782911065415
-0.10249008649082916
0.38073246247850318
0.23886475063349266
0.186578082241078
-0.17553010573937322
0.41380879581736035
0.090083407112482708
0.36086708490972791
0.49999328456938169
0.16756631985367171
0.21197326846149198
0.23772851470137579
0.47336532961752309
0.13779832281862234
0.30395180382441694
0.16452411500962391
0.27031574746541515
0.35152500107233575
0.2930804669623388
0.1953139093461069
0.50159736688995904
0.22189023585926648
-0.042758750732511668
0.12002591294309106
0.16990889474933499
0.33678096450766654
0.44511347947333141
0.33218907072761422
0.18679524006053386
0.1265600809498367
0.31558448181492021
0.48795928669345545
-0.079723483809077067
0.55236386950499661
0.0061986241266982021
0.3462146159190303
0.39197641960942725
0.33985465848651436
0.47700367313176839
0.35682402644579397
0.033381726381631185
0.36701294663077466
0.29282805427239178
0.48523939017466222
0.34476863385157447
0.18443287082217896
0.25194915129073137
0.2066647544753315
0.26810044893593266
0.40086650976958432
0.32182305415712403
0.51591477189866153
0.40173818062578792
0.22735113936205859
0.42268932013980659
0.42699391026637501
0.10959890175987586
0.40420898143564155
-0.068902253088017396
0.22403948818365382
0.28261886716453333
0.066805211461921074
0.47475379972784926
0.19437818429327533
0.1482987392572615
0.40971871480322797
0.29783007622245411
0.25109499038480909
0.10571571168211234
0.38934655394441114
0.69654788096392306
0.2465053974968211
0.086058370972213152
0.23959315709807033
0.26784324912204355
0.30051975735751241
0.52314018459566036
0.17314870497973806
0.5345692356481867
0.17309493602627735
0.53737993564187825
0.58580144976171633
0.41681734810711646
0.40171886310858257
0.32714980885547307
0.30459836229027715
0.37866296504110925
0.33826692476229825
0.21552175791664563
0.37745026101108731
0.29457425793012576
0.37355032275494815
0.34111704706650292
0.16387300914933375
0.29823392589225017
0.40010286699222636
0.030128160033160295
0.44919155940692518
-0.049506554096412914
0.014925446180088111
0.47263411710399
-0.017882164325471725
0.30179450489830173
0.51608740595303071
0.43938941338837534
0.67531672661180375
0.69043007005787005
0.48054507718115336
0.3248488530935153
0.62999688849980728
0.56197827892792229
0.50550926429095455
0.20506610873507175
0.15936407337769321
0.26661342062208088
0.28072746916481672
0.41472475525346841
0.28692872713216749
0.22321962937340675
0.51168440311861541
0.20384027073911534
0.40657790815396577
0.3145923433409914
0.62210635079820031
0.17679440878179209
0.33424502302981424
0.33321181592739385
0.34636248674535336
0.25178347362371972
-0.059491378391241523
0.40162259268313905
0.44449736293588349
0.20863882308775222
0.057682203850654944
0.31996325854627705
0.42724402042023707
0.49332999354115892
0.4043116851965563
0.55203486871917951
0.52670319148158351
0.16840676990119885
0.30833718849596364
0.11791281724001673
0.41879028012239977
0.31226307116231028
0.6616593502664152
0.45464211114488801
0.6882014262111289
0.42151203344268773
0.54001226157953119
0.30958778798862918
0.14850625604329967
0.69801581657621681
0.75476088373039962
0.35978387378461524
0.59035693628954666
0.36805810822779711
0.55895221340605072
0.19529804590854602
0.67141537648529581
0.89975816554037658
0.6455100243164027
0.63623903930846015
0.33486964216772103
0.47006493529808929
0.55007986390512109
0.41161160559396526
0.51931679826584842
0.62778643731198613
0.63030650169109559
0.57920240700480763
0.57275863095853974
0.61101548907204295
0.34274608345191254
0.54731241177092516
0.63653023809042231
0.21204811558402986
0.50294115422897789
0.94550019210802838
0.65540110757070391
0.54094617941310752
0.76137218480718594
0.61170591264380825
0.71894898654783013
0.50404917439502439
0.42040209438778708
0.67811986685513215
0.86852216080442446
0.45700361670081846
0.85065237978407282
0.59436208960954906
0.64625290709355654
0.57709329724533154
0.65638926226545335
0.75172516064804296
0.57280483308922581
0.68236792142030389
0.52923627712506682
0.45748190517637477
0.54080503999997698
0.50654225379067619
0.61764223233430393
0.55536411762618088
0.50921919169886465
0.61700206428837745
0.81431130396805562
0.53582894230852496
0.70303150497866418
0.50871538756081836
0.54298637776042402
0.48802890296359774
0.80348102082444217
0.6168601671457199
0.62380346481103321
0.716420199584479
0.62388336996663685
0.21561337907071543
0.78115255227558367
0.83780165860299805
0.61741447887802436
0.99852511926595355
0.44103932559081316
0.66769211569916509
0.5884806491803598
0.66474715529965223
0.55770866391108764
0.55630283379294554
0.4461813340072438
0.76426669004994219
0.80927121076696895
0.53496267792225238
0.84688005958084134
0.57563025104670673
0.79115701041144759
0.64438648067092918
0.63260906936581751
0.63324493910452162
0.59998091722126357
0.7995085791762363
0.99474093749752246
0.60076892684722316
0.62752863406839599
0.55735907397531514
0.71302809167271464
0.80163142661436926
0.79177804198767288
0.60328667139129655
0.56342345206324074
0.34234847183429867
0.91200756881055034
0.41271377770034329
0.64123752459520988
0.76600917325773621
1.1117825972513502
0.68339997620530069
0.7364860373256682
0.91088844777172728
0.65054730312427222
0.78741384040059514
0.74092300019182955
0.85173748100004409
0.81270517211060145
0.2615569221637688
0.39804638946386933
0.74097066134354761
0.90829937390960924
0.82543549392428484
0.71447209214040208
0.54277486561331467
0.88183432482159385
0.52568652982164654
1.035895384200245
0.38517937768935046
0.89317381823458186
0.83600477298287157
0.69265980102266811
0.59104318629267028
0.65504385702733903
0.395551047495798
0.63929267815602642
0.92661469078160863
0.67759579326225028
0.5165124859083331
0.80068326076429797
1.0837789870000356
0.76676395461546987
0.58095040597561964
0.66343762051783661
0.51918025348993357
0.80294489113380929
0.80039397864185124
0.83420699153296951
0.84170003468410604
0.74344388525495153
0.32410100482716847
0.81679410355972282
1.0702475226454882
0.55628407151664483
0.68873952321430743
0.88075301957338992
0.40988721515321452
0.94428740835242075
0.61054603083059122
0.68536397574670527
0.80635303630474753
1.0724341095454308
1.1267744961095751
0.82825355046869398
0.76530655956412641
0.94094622022414687
0.79479464986299964
1.1400407155513212
0.76475333867605055
0.77927080418439543
0.90545199890470862
0.84186161736788401
0.27047903830508191
0.72585393388045949
0.85701777706077586
0.60254040035261969
0.87551419724129587
0.60959104814726728
0.99399181382619928
0.96943607636536144
0.79297668873446636
0.65430018112105781
0.60802275042341203
1.0889580536842434
1.0227189514044777
0.91540027946148605
0.7272965238165805
0.54583315683112732
1.0620006779040885
0.74099025083490044
0.95084841702289624
0.98813626425567458
0.59611032879071635
1.043975917406502
1.012791162711586
0.83592416330734276
0.83311591465953294
0.67006081493933767
0.82541920630197285
0.90496291068650059
0.88273541241081732
0.97004546638321132
0.92717735163971782
0.64377249091541611
0.6416744184658657
0.579150404615977
0.88373607953238298
0.8486271761797739
1.0486107159145019
0.71179752267426977
0.94571016552575848
1.0708055297110428
0.888585116321707
1.0254163068851243
1.1573078496615867
0.81339743407082865
0.95243679098323686
1.2520804139462578
0.96945942835464471
0.79568172172995055
0.8796701892951323
0.75368936461425629
0.98389450200986051
0.78484784573526856
0.93551996292759076
1.0268460712526597
1.0353723145399132
0.9349291952202462
0.89846453938088533
0.92705557860788157
1.0672352759239123
1.1135218948521683
0.77409347588552679
0.8205497607861153
0.44065307799740216
0.66988149251530693
0.9405252124013066
1.0492096878382382
0.68379840513162471
1.0576440822381954
0.91316293814402072
1.0236123350987503
0.86000883288437091
0.8331429695292224
0.9990593420924766
1.0501055905693684
0.91024002707414209
0.79251650401994078
0.75111608671610508
1.0106903437420551
0.92594181961622146
1.1825895110588516
1.2465485277981223
0.87780105631060557
0.92050790914744651
0.73157851096349569
0.89955869159581037
0.64517651932310105
1.0428182930676326
1.0867474724029185
1.010311491554146
1.0050204389090966
0.91316482869255622
1.2406806024646593
0.89157561267350338
0.74092605819842461
1.1217864610266854
0.89085163247622412
1.0288370808352936
0.915126800377426
0.8872392235626545
1.0701077078568406
1.07210316325634
0.71889346928830022
