-0.7589244550133688
-0.77662901423591912
-1.0904762299991431
-0.77526007082012438
-1.20037388004548
-1.0320479446088595
-0.75054524285622681
-1.1447810394052909
-0.93426584349726705
-1.1331648507289438
-0.96021946345422504
-1.2341748441469054
-0.96481898848149916
-1.1623134334594105
-0.76725751020604926
-1.065780225450597
-0.93380127274115854
-0.89889122050415771
-0.85061976310000798
-0.74293766942802419
-0.93356736352390168
-1.1090136643120176
-0.96386207895361298
-0.82278301490155969
-0.69662399687965915
-1.116086385249349
-0.6266264865871497
-1.0386988995585245
-0.99956732369142076
-0.85907798874779007
-1.2690502836816413
-0.5513552054906582
-0.93135445467228906
-0.94974551205732649
-1.0052008383169664
-0.93666426486288656
-1.1175838979834112
-0.86956935091315524
-1.2267599455153233
-1.220928834895624
-1.0249545812080303
-0.90312122290661601
-0.81226952333945157
-0.88404778254067562
-0.99594437874038155
-1.036080776469738
-1.0199059908699013
-0.58456593536562096
-0.85002127310775655
-1.1922895113704179
-1.1321352946299146
-0.58758291922841765
-0.72630046776038748
-0.93381690594085642
-0.69084140710103292
-0.72737488282049556
-1.2507371434786212
-0.71076322923013324
-0.89633542830964219
-1.0010489764838357
-0.92501013611117966
-0.93048790142209692
-0.85758711107148855
-0.73711979028802932
-0.84539046758151815
-1.0718738535622439
-0.85687194925680321
-0.99779344168000617
-0.63925089581729611
-0.67161043580352398
-0.78017671145820044
-0.6377602887041206
-0.55703668982373367
-0.87368716501754151
-1.0048537323097924
-0.81687246840150574
-0.52708780506431252
-0.81130313125357489
-1.1356970706681104
-0.6788609996040611
-0.8177672683798729
-0.81504567521604787
-1.0293674658633509
-0.81612803104557918
-0.40660748811367275
-1.0341899272575421
-1.0470968899964646
-1.0171568090211416
-0.76081071980678305
-0.69518199501142852
-0.74762648548610156
-0.67164328492182324
-0.98276821433317818
-0.56828070664729224
-0.3519556769515822
-0.84826413739515549
-0.94319021904037748
-0.67302888964607577
-0.69854147508852227
-1.0429582030759776
-0.73421025926785943
-0.7658161360145378
-0.93145273632199477
-0.81173699163145963
-1.0117889064109811
-0.7502793784467181
-0.71138484122509582
-0.8746079526990389
-0.7828664780041692
-0.72269510998020248
-0.71304664336315315
-0.75077362069167786
-0.648498298214369
-0.67434903545608316
-0.84168775435076681
-0.82086800335805821
-1.1160874511891039
-0.50001610866549628
-0.51253498737738101
-0.85706101766849907
-0.8138701495851306
-0.86469367571171984
-1.0952206282444938
-0.618366731105638
-1.1169975596659791
-0.84540866847086271
-0.91637787989097352
-0.60362089479752778
-0.56066840153670994
-0.62016395224142573
-0.70558378851934977
-1.2204619717907672
-0.76990146228904788
-0.56056013194499621
-0.88419847064103718
-0.83959316526742966
-0.90017594324756389
-0.87436802235466982
-1.198709166233255
-0.42852720747516232
-0.56069595823236362
-0.67616245368066774
-0.69465554952463671
-0.68003862904194956
-0.744053057880811
-0.9154187313760479
-0.91041049350475733
-0.86845175635608673
-0.30731041017888361
-0.41386283888208603
-0.34677206774009833
-0.50390322568823753
-0.8326113922831464
-0.86265780588140817
-0.79656876558124923
-0.63140036548169598
-0.83156099813794515
-0.73480927066126833
-0.63416569222951624
-0.52845825055741336
-0.61954664710617335
-0.8728988905461017
-0.6030005438384487
-0.86093415253964367
-0.77309014160516476
-0.51257533211551198
-0.51194757433547255
-0.89825242328400978
-0.64214336347477652
-0.40607581580657603
-0.69272798479529929
-0.7609269079687393
-0.73696879168054885
-0.59604796755636913
-0.47264695517644523
-0.63966133223499888
-0.88471887800694093
-0.57859948585604881
-0.91993749949334935
-0.11342242605650937
-0.57026849569370297
-0.82401626190874966
-0.12857045187550617
-0.8443104606303643
-0.84779004200959684
-0.85657126918495508
-0.43491900821682528
-0.6203502464704489
-0.26169541494273491
-0.64875774913332029
-0.70087326947104356
-0.24599117312206373
-0.4239454311657565
-0.55474230021280257
-0.89346638743257911
-0.3879889081663338
-0.80648044858795453
-0.59650345615956357
-0.31798766776890208
-0.65327505009229869
-0.83764729483138034
-0.89268455265892865
-0.48187982912408001
-0.45321249422139182
-0.82541967740294542
-0.74227096955186678
-0.28043822589357453
-0.55944583231039324
-0.79338215356177377
-0.62689300166434203
-0.61530955298482437
-0.55650073210454132
-0.40534148673697989
0.014094509287696877
-0.42146830417954356
-0.46483368980061235
-0.27232374913878044
-0.60652350503911723
-0.27898819607374664
-0.67681235975802945
-0.35311621910522695
-0.50262270457164215
-0.64088237993411867
-0.45471481516474804
-0.49897236329858446
-0.64840665390859764
-0.3510132303747005
-0.7714662404332413
-0.55388283141995032
-0.32624391317107421
-0.73330844135270756
-0.99123330849322133
-0.56236258858261079
-0.41507468879149473
-0.63175266830090582
-0.54369705410865599
-0.57080123215405154
-0.74191262979423522
-0.4275477886393762
-0.50104409167019148
-0.80826276805672004
-0.32838964145649974
-0.31337524034520609
-0.25102301134078331
-0.82483336146793373
-0.54450234883154891
-0.23064474139754698
-0.34140983924934187
-0.76338494098267085
-0.57717906455001278
-0.30988842260194055
-0.38433692249980361
0.06929420416663315
-0.25472730198411503
0.0037938201565353635
-0.4951821008359874
-0.7301319961941124
-0.20176148270919791
-0.17267442994656484
-0.43259853363312029
-0.16847292012969073
-0.3062872095540265
-0.59529903407376927
-0.52036023424281297
-0.27005104539179053
-0.40559119131293198
-0.41783278850761718
-0.90513319444527651
-0.83170375327880908
-0.67062059218578129
-0.15331634737805924
-1.0453571338511491
-0.12024358758870152
-0.42281408077606714
-0.49424321660113485
-0.34219619097802434
-0.54276288699393815
-0.41704266459534667
-0.22169212073779801
-0.44325496547849758
-0.59996935404763829
-0.30297836360668251
-0.33386409221025209
-0.36900503818284214
-0.45135374277569845
-0.44264690173114513
-0.62557246917247988
-0.34918554416994629
-0.28081877386196769
-0.00041387240003624688
-0.48973256182608282
-0.59724735769549397
-0.64911533538945176
-0.20172870334673304
-0.10173651535392551
-0.53218415350240167
-0.3002630552776297
-0.38178174046605545
-0.57269266277979058
-0.53854782924224553
-0.34393841659675284
-0.5625104253589287
-0.36902726818217702
-0.53207934951325631
-0.11909080191311389
-0.28670796155302475
-0.75755338091188484
-0.52324621021090134
-0.35398603983440302
-0.36893697730335162
-0.77927054377024296
-0.67799566344054074
-0.0016589443641442934
-0.41686475101451137
-0.11537889429162539
-0.35299792541955083
-0.17993405521373662
-0.47984796825331
-0.40159626513673913
-0.33948827057854325
-0.076246339826803122
-0.1738213212885677
-0.079629795825200564
-0.026397872039633702
-0.38930797379949311
-0.36766290756105041
-0.28778122196035733
-0.23676186828256257
-0.6190216239129005
-0.77442815447842017
-0.4102792410037035
-0.28342077850446923
-0.42319994889353102
-0.30212999979874272
-0.42848067807294887
-0.18718106467240267
-0.3223626132095081
-0.30359347971614337
-0.52076971819199169
-0.54589516587084441
-0.45205768028046245
-0.72402617791419022
-0.25347375489492002
-0.5805313087314623
-0.4542953923533774
-0.60029578195637234
-0.49303703610869853
-0.22218628964901752
-0.1264993242993295
-0.37231845689784759
-0.70445201187460926
-0.34597374770786282
-0.22716475588584209
-0.18094167987172868
-0.11032742951651379
-0.33284471941948945
-0.080297124311230525
-0.44098335779511844
-0.30248918547826181
-0.37220160778897671
-0.33463766452930954
-0.35312566781293597
0.052514175947660342
-0.24391288112991408
-0.51729354504277292
-0.2423188405678873
-0.31453638572236081
-0.43579148478645852
-0.17823505574942788
-0.49582584295688203
-0.4121939571407226
-0.2257934604178615
-0.1821467522310326
-0.11421637491068165
-0.23062112645555677
-0.23636307931848979
-0.19182586780591235
-0.14794499554068521
-0.27787212584789783
-0.15464446919111186
-0.035597384839671342
-0.5975165394132621
-0.28151682210313894
-0.11980768146713913
-0.23525147756426884
-0.092867716982230827
-0.24355866032475551
-0.0018672206513033797
-0.21282430891222492
-0.43701755642665374
0.0052738511478412067
-0.144729560418738
-0.39839131758935042
-0.24572713441360097
-0.10929099187355271
-0.19389364614244364
-0.17113066445264288
-0.21858143077895298
-0.33040818116024745
0.019346506979504109
-0.2131268145610335
0.034327414542812955
-0.24067461342469057
-0.13750347822575418
-0.17885364666164846
-0.42388450611069894
-0.13823145311653656
-0.048058721630050955
0.01802772773810259
-0.039705516044004956
0.034848786531942205
-0.27700265565396609
-0.019962707645530587
0.0080379314551087214
-0.49277053040603785
0.00045040380602262732
-0.36211093297162578
-0.29389961347293747
0.0033953249405103115
-0.19400337264367259
-0.2855539085807588
0.046378286868810105
-0.39870007969258359
0.30119696364381249
0.038234160859640397
-0.14120326750906212
0.024952575743023678
-0.19682179664623686
0.091305489540148901
-0.06309460514346997
-0.072988307007210179
-0.6892483050972994
0.010263586228327615
0.071272040729895528
-0.31956107524250188
-0.49537296580508544
-0.23157780371328784
-0.45077870623271321
-0.16707572836042597
-0.27230266808544173
-0.45176613160950518
0.12792925608643421
-0.023588865778036539
-0.19003512566815051
0.25242678722167444
-0.1720289385861844
0.069508950815099044
0.055970792028109784
0.035969720564036724
0.034717884505818593
0.17715048487232754
-0.10407381958323937
-0.18018907353874597
-0.073637321970057651
0.26633377182612328
-0.12007292132324088
0.14815957437322508
0.15173383665284496
-0.10644372944363432
-0.007112164699611785
0.09376140751540854
-0.27370367458163813
-0.17280204768583687
-0.11414280268549773
-0.23494452618694292
-0.30406966647847672
-0.3718520225248298
0.17154076068584373
-0.089193374364560221
0.098538811627060754
0.14630974679642539
-0.1368166278547763
0.29381269053605108
-0.15275789912336829
-0.23472219529136509
-0.059437063918370683
0.31324801524404983
0.080505637693705195
-0.31378657472464494
0.038966939086669976
-0.015027567119324316
0.15815564096483842
-0.22722935640847128
0.14243927686801591
-0.18163708798229047
-0.059557712922513557
-0.18972125937642198
-0.026273713451848469
-0.41194037558890023
-0.44139187014020603
0.29676726905750744
-0.07604494453482194
0.061388449936371443
0.22346266206376228
0.04704643206414201
0.025510348910417792
0.18945100659876626
-0.22705311238799422
-0.3020720711649662
-0.37462249737038839
-0.16931340109411006
0.076285591186830204
-0.37140483762911292
-0.41666001671684139
-0.052890161464096787
-0.042044550354394493
-0.074303005624154109
0.22456145351878368
-0.22979976438950234
-0.17784758031378914
-0.22021992714026248
0.079498309557881661
0.11460193883148638
-0.095433705409213088
0.016012797157862232
0.096498982777768666
0.052253314248005465
0.083335799366678079
0.15004359117829227
-0.48251134468570189
0.086061210108221958
-0.12057054341866454
0.20710980408688753
0.081674501821810325
0.10274367141517676
0.22098037264307335
-0.26319306314047769
-0.036467901814531155
0.37051982429470315
0.037992972931657404
0.057707003285438964
0.23774860590178357
-0.25236610416556049
-0.045102407535498074
0.01822234659033755
0.14750932910773504
-0.1330846554676913
-0.083769307671387266
-0.056764456335459436
0.0750642897408966
0.26516164290322713
0.3674410010374366
0.31289686477870898
-0.14096221629817993
-0.076493685292006355
-0.26662063604842084
-0.15917989854244236
0.29558405348584355
0.11285609267406357
0.36588964397850288
-0.17351516190662739
-0.31182726026808383
0.127550388250708
0.0067497861290787475
0.1270040466333455
0.03895822703558588
0.010442601036505319
0.18469191815333041
-0.065085135325863283
0.42902524805838987
0.2854147430281932
0.073917268039912512
0.05083646471183171
0.34473368632372253
-0.088248767340954451
-0.047523947924406576
0.12995454391753894
0.096187300949136995
0.29022023723826135
0.17384091497981324
-0.02494827628200403
0.19646484378296
0.29434269403925228
0.2292973234834616
0.0099969298120147557
0.46038198220995424
0.071486656788654873
0.15945896040244995
0.32862650533481719
0.33290222198517011
0.37429010273391511
0.28152949868088484
0.15988327649612258
0.23352060354032625
0.32807921251165834
0.19340067887432719
0.12562386882309132
0.30472007757430225
-0.078842518230321998
0.078726965756751296
0.066828136999698029
0.57943610621536035
-0.14873943130244893
0.47506085049962532
0.26837814759295564
0.32392789828717566
0.18720103086719381
0.25438304113581062
0.26271912305644946
0.18064029045871532
0.010012915202855853
0.24689275867185009
0.060579450843971185
-0.12145192171590544
-0.071839913776514788
0.1879817618998339
0.3791696296213582
-0.074142182843050741
0.30644303666095785
0.1462676963756171
0.28405619525852061
0.088123646638519543
0.094715915192408018
0.32729865672982683
0.038455783535099305
0.11657830764888379
0.50772334699202137
0.48240029975318527
0.31173740472783973
0.10989559846631507
-0.11804010824195982
0.1248517994604412
0.35928976994680351
0.12870639115740565
0.32445592209299245
-0.036095827882693096
0.2298920110093538
0.44281743869358198
0.49427176978100135
0.2541597416584967
0.26569497205810272
0.40277169205636221
0.42664156680285964
0.40787379659271705
0.057950151175986057
0.47916605001226453
0.16149690590729276
0.26755684522567164
0.066643426248796808
0.11589040163315777
0.21928890284422992
0.2764828488132906
0.60030873446799216
0.32673529632557086
0.34521145541174197
0.51204631054686489
0.2118664158097642
0.11731162303575686
0.031941845174633478
0.21696690688717402
0.43256309197072612
0.19632209770390671
0.38238243986215609
0.35103327562878245
0.49825741268538687
0.15145452365128428
0.16529621491678589
0.14946736698535557
0.020497362734131854
0.33887654675578538
0.18026181455643336
0.37165576913903509
-0.16716393648576494
0.67807510329107168
0.69459272782718307
0.22979693292467579
0.44306285887231961
0.38285085429792898
0.28037208321709511
0.30740062835738446
0.52385205419583358
0.25599860056577983
0.4157590378887614
-0.06816095417694408
0.12029470186138218
0.44437672519145577
0.3762184388275075
0.26878399900689864
0.37507293701839811
0.65722536764148531
0.41681345428046773
0.71104910464484472
0.22753054545072765
0.31099805969848715
0.51580528855968999
0.74473333845760958
0.25210751980255297
0.39882814061185462
0.36526126513083951
0.31867970162535542
0.32194669360880884
0.62079719415191092
0.13896878158717255
0.6200844705950127
0.48819698603996159
0.40973083049715353
0.56687857564176236
0.27509080201583036
0.250340211922703
0.43986883769743068
0.53189142495749264
0.30008149868719425
0.52247348315117248
0.32975092759319924
0.54762730162267104
0.47074983279690158
0.60608733024399353
0.3224985776045366
0.58768583254723805
0.27442509552171795
0.24220414762408687
0.40451598658074939
0.14573789304166063
0.74737848666143003
0.35323376878284729
0.11558211194579772
0.66131283664405738
0.42692570019995363
0.30068100941580084
0.3163419446470459
0.56450358693699521
0.53250256161928788
0.40930231386440652
0.62673734329917019
0.60103932274322214
0.57110369137140859
0.45802273636526714
0.10373246168255605
0.30842534619229278
0.70692359612241984
0.29645265470188581
0.30507840163970878
0.47498071770907235
0.28295532610235774
0.40152496077285021
0.62898430661258475
0.20988154710567827
0.57789356379222234
0.62178510117239405
0.57016444190303228
0.54991714308185258
0.52072182498173303
0.27902549605257004
0.51926288427403233
0.63278252942764801
0.3371112806407871
0.38449199766450776
0.70994763240972047
0.48196327785611215
0.63860524147386766
0.59975713611548354
0.78806025167705296
0.74922998468176205
0.56166333304784188
0.29627742011540914
0.70486909626510064
0.37856709293131119
0.36705291239982119
0.58845937975881257
0.23283524872977662
0.41481562279490158
0.24030528312659724
0.41666222534162028
0.43229778275281289
0.49561151545613624
0.38990964516798665
0.67450928790684195
0.43260037710017168
0.41524441943196505
0.38399768182880184
0.15024725042166948
0.43040903894676169
0.78856377260739874
0.74752045337006023
0.55024507111007148
0.51116116776950293
0.84199194793242227
0.8660181575149799
0.34371089154781703
0.46934069425632968
0.67731239139274091
0.31409646136312713
0.42379157813847357
1.0338972493108831
0.75990880451382081
0.78203960328911781
0.66289272099855512
0.4078309098815795
0.57576015543457992
0.46846049777770876
0.73625334506703877
0.77294079687194817
0.35010609925401798
0.67888186563708319
0.35708880895404305
0.38988529939563998
0.52268999503816116
1.0404708221460537
0.77789295917380386
0.28621831544252996
0.92373338339093813
0.84007763935812441
0.69810908528329196
0.56351691142940874
0.47380306050823989
0.65677340978997567
0.67286568038647299
0.43607484356765158
0.27943285850633931
0.48116371531100177
0.88562084570623434
0.65791235379298885
0.80860666114520507
0.76060888341198718
0.61330909618132001
0.39647147494037971
0.89889715324886565
0.25878347728554257
0.59266411572081223
0.49170669041074072
0.62981339237682554
0.80227863524485721
0.6268552124342448
0.79437801954528553
0.80091793141373324
1.0477808755306568
0.75826471378948646
0.63629885547419496
0.24781182331362162
0.82232106175898056
0.77723943397173112
0.65516813689203035
0.64318601761290517
0.53531932382456038
0.79148584832831914
0.66698268015237805
0.83901169374507445
0.96087279386510482
0.5798818180052695
0.62131559943171355
0.68812864940662366
0.66781825622322744
0.76156367853428064
0.64824771524329605
0.64073115097017741
0.64874907069822185
0.67023986943958402
0.6625300994102058
0.53062867749557463
0.68706563512189855
0.78345693026329444
0.62912375305982471
0.5513990639043217
0.83832587978067097
0.83549261855615531
1.0199900280508662
0.60485022551580359
0.40705011446092493
0.50203952734608237
0.58586433623844514
0.61144857427722255
0.70692390246202952
0.17850757893791991
0.8384357566275995
0.59777361104198956
0.74324552125687771
0.57464897072236687
0.9867695907257118
0.79821684545848248
0.55858757290009475
0.49729322269866866
0.62554569395143433
0.64473063136775277
0.74405787115084454
0.5677794201024019
0.50934278612518225
0.86921266877337
0.99267435369114743
0.84542007241307837
0.89509577450196676
0.54355557497055818
0.904952521739396
0.78798144515961976
0.86131197307161422
0.74497770520546147
0.84949207262849891
0.84499514427893974
0.92783867000410047
0.66411326644525026
0.93084296980141557
0.72713364467200348
0.98014647691233103
0.41268579979456632
0.71197527957774331
0.46830902863164614
0.52754361043126452
0.82853396629233411
0.79287845580909211
1.0101357302610834
0.91801281089212361
1.0326769485403755
0.92673994046303743
0.63389315023790671
0.63580655783251716
0.65117670212665402
1.0899249784967553
0.93707658651765846
1.0441028634453327
0.44737429257087302
0.94252242138098541
0.92762648142864168
0.79894446526647378
1.0397830669550701
0.93506450508138295
0.71423773365345877
0.68653732702874348
0.89612306103414074
1.2309923783253856
0.67704345857404702
0.71686052018334445
0.7580856919612885
0.8208400952222944
0.67369965956100197
0.67359023882314817
0.89973630637238711
0.43726325022429169
0.71694755453548076
0.63167879229139634
0.95445182635151726
0.83591839483425068
0.8181198239099472
0.80862035618827832
0.46477888400788497
0.82501127416887776
0.97718368352798912
1.0227452989689516
1.1585978064395519
0.82180690708681459
1.1279672699381746
0.93853893660894527
0.48858600584075612
0.98527743839924453
1.0248592011272131
1.0486402562841819
0.73904346481669436
0.90107530595052843
0.93006551021694062
0.74358065238165927
0.75939053906675502
0.64850160901262877
0.79985514808350999
1.2725887835125882
0.80231995670413292
0.75629965588817316
0.72078307148975429
0.97371096140084501
0.49863859017431372
0.96168129883754927
1.4105633643210929
0.99449533270238877
0.92874021466027568
1.1827240277343363
0.93675121329611011
0.69942953249783935
0.63440750625704867
0.95398988606777479
1.1395444811686684
1.2953152597531159
0.78528299769476662
0.70284271470029203
0.69514425515988332
1.0046504993165566
0.67172641664746346
0.85740019100485299
0.74634586618287269
0.66129421192652682
0.85146563800954411
0.90953656084325385
0.93867094694971787
0.93092337321218765
0.98903054529949563
0.96798243826441766
0.8065274538743048
1.0811296582241952
0.8136246790161239
1.2788954581488683
0.74812936441050926
1.0944193169181677
0.66770388799196756
0.97069551044521385
0.96395807694341806
0.6879481653930829
1.0719289121638764
0.83015058303611811
0.89219909944322418
1.0753412524944561
0.85692360569156489
1.2452958437529955
0.89277328800594002
0.62997905113859276
