-0.89858575976715405
-0.98897517933706613
-0.86435520112691644
-1.2403855101171888
-1.1696344102361929
-1.2636865367073611
-0.92478096537214272
-0.7666067028671143
-1.1788353637723892
-1.1645176153671706
-0.98392135306287476
-0.82851713346846445
-0.94947970729056097
-0.98004061005574616
-1.1610146545282181
-1.1568461735960911
-1.1587022347785145
-1.0566866576554252
-1.0016221853867699
-0.97836146310552374
-0.78552037336868419
-0.79513154883174575
-0.70481290707585187
-0.85678083133866334
-1.1362893624346924
-1.057701524195366
-0.83884995039387333
-0.93476507610477599
-0.87565460969374875
-0.62095584694614647
-0.86343645697594174
-0.94835995229836112
-0.81690725295003475
-0.98194089439341492
-0.69933818774097567
-0.86243993141011965
-0.63078060242048906
-0.92639755024270731
-0.85995494425014596
-0.93675188569389989
-0.83548156773410764
-0.75830707211741566
-0.7666179488008118
-1.0112490315253777
-0.61590507014804718
-0.93911410276426721
-0.62769559045086176
-0.91644531345034896
-0.81095604477842564
-1.088759658208077
-0.67571504616773637
-0.83394420746985831
-0.94396518762823589
-0.59868952345069271
-1.0036142554503991
-0.79034581333080722
-1.0614487600927152
-1.0415226110994937
-0.72630742317285524
-0.92321744376705395
-0.68308396745179956
-0.65210524112210677
-0.77679346299080854
-1.1490345771619603
-1.0201502587907192
-0.76272619980476108
-0.77531786327476426
-0.67675336794117125
-0.80734091565919019
-0.79323864236920005
-0.76382689503241852
-0.64213599585678016
-0.91385542067626757
-0.60177143328109073
-0.67528968468990014
-0.87731128161508998
-0.80025753918677001
-0.80959944964637087
-0.89276838811185222
-1.2332306685445964
-0.66773096716957581
-0.53676416436752505
-1.1666856195862398
-0.80551119166280416
-0.89440688442241201
-0.5744112102009109
-0.67106788347288193
-0.76673982619500114
-0.73705749455623637
-0.52942993742653699
-0.60939097273662246
-0.81497400857633251
-0.96228118224403913
-0.52256560847532219
-1.0780158676990865
-0.9061219116248791
-0.73978882817778835
-0.95114754506302623
-1.0600967999714519
-0.77356278944822476
-0.82807334235858043
-0.80981458354646463
-0.47652320316260233
-0.93341637027780155
-0.7610008390538967
-0.68091736419711579
-1.0466381165870426
-0.77625029169653847
-0.54393903860572601
-0.59398364878303067
-1.0386787557902997
-0.77990287608307984
-0.82001250467212561
-0.71058123059795086
-0.68946272507594764
-0.56710463285655643
-0.85787634903828514
-0.89031157450768972
-0.83785517314536073
-1.0130060685878775
-0.9421644949223188
-1.1982358934090169
-0.46300278635865927
-0.91599665616323855
-0.42740308585122577
-0.56655670512098599
-0.83293648340351456
-0.48762415411287224
-0.85291385899798522
-0.65017827431988218
-0.80264642175972678
-0.33808489061396968
-0.60061027089112828
-0.5129329565809102
-1.054957507762071
-1.0249497516488135
-0.66822421791110298
-0.89876734363896726
-0.97741020501181486
-0.70835392214296189
-0.91743300977721909
-0.82997596573106391
-0.88049579665230759
-0.43520864216864191
-0.84999037676162714
-0.61156765225370424
-0.70233476430644382
-0.7950209393469525
-0.75437052441752417
-0.74842399895911826
-0.95195975641225417
-0.54063536049171668
-0.75578725296131799
-0.64137938473995404
-0.9322868740000837
-0.33054184561760236
-0.70496295735777836
-0.74391082219477656
-0.65293886349047026
-0.38945403970669945
-0.46084242469862902
-0.53695054201296455
-0.69281840658217386
-0.64898213805627392
-0.70031134780082471
-0.64096150512992667
-0.5815476009885876
-0.61866465413200167
-0.70340110818962132
-0.53559414502537761
-0.42682810296674634
-0.49883921134340159
-0.71805959517618201
-0.76198317016090755
-0.89576934109329098
-0.27877896390406143
-0.98785056733346766
-0.86280576497502759
-0.42805135191966825
-0.6656808990422306
-0.544143144750031
-0.80187449222404761
-0.70870254676244882
-0.80391683317431117
-0.90233733701607177
-0.69837313246638488
-0.5042233695530538
-0.35261290322219935
-0.67056615572202727
-0.78859151760976942
-0.29724604772866964
-0.49871919445626633
-0.58519597631849163
-0.35231905267328301
-0.64735214187882295
-0.54039859971752702
-0.59329962310060247
-0.66394388426677942
-0.90710403496937453
-0.45632667715245551
-0.55753274649239881
-0.59948843818933339
-0.41883908560021937
-0.46053812542128747
-0.38687183913389545
-0.52556792957596299
-0.79462215336319075
-0.45066595111451119
-1.0216764043349433
-0.55180595972565749
-0.63585117977102568
-0.41773788892077263
-0.52919091365773974
-0.58909669064704084
-0.66226823493554543
-0.6922394150917579
-0.42824188559358761
-0.87975874461026271
-0.73613460063637126
-0.19428788370459607
-0.54251939094172852
-0.82974159015550042
-0.47372304218266353
-0.86340226066322945
-0.52254455695547364
-0.82384849246905689
-0.92714546683555354
-0.41137582640704429
-0.99524984807471684
-0.35100939031961381
-0.51332473299719805
-0.69571902916401718
-0.23042801733453794
-0.57095355148167837
-0.88385461296167456
-0.87386416263243194
-0.57865408642397109
-0.60583719540143877
-0.38240534901341333
-0.35267188163626062
-0.61300916188839805
-0.49965216375849608
-0.37856182093906404
-0.53423948026523116
-0.56093795890696374
-0.23600520063086383
-0.68934359596166594
-0.19685817506893039
-0.48068157968476877
-0.11267329254840298
-0.20224696132163392
-0.38762387415977129
-0.73542547905812183
-0.86970361237762095
-0.73351296760350226
-0.25882211432514196
-0.59249870108764269
-0.57575995455390938
-0.26098038525107042
-0.40351355483972595
-0.75030223254449624
-0.52275080362044524
-0.52429602681940068
-0.28834247374602251
-0.80742243630818078
-0.3556707121212645
-0.46948943364857543
-0.46995226408569635
-0.41335777504939314
-0.4700099786042361
-0.46621101888578992
-0.36668006129620206
-0.2167919512540632
-0.52136602887666739
-0.26503232371835761
-0.22970687950764135
-0.63887559227553614
-0.38912518943188573
-0.48403828903091578
-0.63689020606963542
-0.61801043207432671
-0.57517163308736463
-0.085555943064509823
-0.28782084620729786
-0.52084648888011087
-0.58446420375629071
-0.11877937696215442
-0.45369076606040604
-0.49419526156046389
-0.29367258754377179
-0.60865907173884359
-0.37436564950427809
-0.13434429310790533
-0.32083552511326807
-0.48841852793094448
-0.3710074896790681
-0.56672359545214701
-0.29896940663464605
-0.26527785463608827
-0.67709979983550084
-0.54492671500873557
-0.057358809174195273
-0.50682926507169135
-0.091828919294855899
-0.47917749848358066
-0.55989016561826299
-0.23866918128833373
-0.52743083011898428
-0.36431534969306967
-0.22672447230115883
-0.13671470960245377
-0.38425166195702753
-0.63239867733047683
-0.65508832531972117
-0.44879176709049245
-0.021952198382959139
-0.059014156157883788
-0.097041203807618659
-0.63200953586010877
-0.43155933314965284
-0.68951452533021673
-0.16768798436771634
-0.58926503719859669
-0.1665072511212391
-0.23307628537985331
-0.32813604090234766
-0.49243738700133394
-0.46308869374158668
-0.06568305750317377
-0.39747477981862578
-0.31846993218534947
-0.37997622760561578
-0.19690443527221477
-0.40709602663771716
-0.31266715848803583
-0.66459044111040821
-0.4000405956592426
-0.03719979215682389
-0.16817898575054641
-0.45712054462349988
-0.069510357305367129
-0.27944836333311285
0.032457186077543297
-0.078490815964375904
-0.36186147432317523
-0.59857207231881415
-0.3052693419754306
-0.11298961085582371
-0.44747418731476668
-0.2631618097921215
-0.50644551742968358
-0.3740175605194222
-0.59604844548703406
-0.41723866576234392
-0.028754656779627803
-0.31044874870933198
-0.25233173315879265
-0.23856568112568749
-0.3576682319773658
-0.23417407855744657
-0.20671295118582056
-0.064785826407128599
-0.49404229131897059
-0.52594521426352392
-0.22301262904126246
-0.32498952636112088
-0.45501450483391959
-0.60489952809325143
-0.086973509791992532
-0.25141416624064306
-0.11617451134194688
-0.40495936285296419
-0.21304030114148356
-0.17933014918936016
-0.25637251114194015
-0.25440846183797966
-0.34253985344058724
-0.074581736348440369
-0.51633582142764956
-0.42164659294454759
-0.32266295481036472
-0.39857879896129778
-0.47169240532532797
-0.31653569843941198
-0.3557946634165744
-0.26323884294684097
-0.32505692205041409
-0.20196995774666759
-0.54194440955920209
-0.46875355537086583
0.19230888152398434
-0.060828794515928972
0.043096619163255072
-0.32531519620598864
-0.0068683125588393911
-0.18605770881948133
-0.23879438895789931
-0.10621525200326686
-0.24428651719669844
-0.35334864076040434
-0.1670986195167499
-0.1510220943952815
-0.068443351950664519
-0.33621154577878776
-0.24084143211643688
0.17662883675239374
-0.33114140108150919
-0.091825417003845902
-0.45953479303847128
0.13790468515669749
-0.11801584256787459
-0.40995525166227048
-0.085135815998742037
-0.008691179272568135
-0.011556087863220342
-0.1250397451497712
-0.16094423028740532
-0.15006437015654805
-0.27561057603816236
-0.16131570192788189
-0.29047886594188549
0.21021001682838461
-0.18468461423558524
-0.17261534516581081
-0.02631080279750082
0.20493675689163704
-0.074470492209716327
-0.30124511263016507
-0.17565847280142274
0.063008743817827118
-0.39255471174586826
-0.60297613574281161
-0.098920705998581882
0.15670055006463865
-0.5336252984922083
-0.24931144688462761
-0.22346648356865234
-0.10505278081848382
-0.3224457562363367
-0.31552386753185263
-0.29761051111992354
-0.2860216314478049
-0.26341517800623693
0.005233609830412031
0.075728891203758697
-0.34799064349989245
-0.052628335824651463
-0.2692482286918112
0.0061199670464082701
-0.25407738385458445
-0.24082786293701328
-0.20979819938920793
-0.29037069824066447
0.44347076194959117
-0.17308359118704805
-0.30578903947234343
0.015988935713643623
-0.20803822109585579
0.12839524179624548
0.048974468293448536
-0.047230219456827954
-0.15951351057886248
-0.077147083067759345
0.064352521435052337
-0.19465781097024143
-0.040676394698628542
-0.24570837733095699
0.23358586629806721
-0.04458631858632281
-0.18505369932118512
-0.10509350343567578
0.03470488884239295
-0.048570973881020822
0.045131049319612218
-0.22796596688027354
-0.27059199860914301
-0.30050131643852518
-0.56898601559963147
0.13961652824792659
-0.080609446162284909
-0.14969927371238922
-0.10541258414984069
-0.18234034329535229
-0.090851903753279672
-0.14249778475059047
-0.13040301869996451
0.11180978869502668
0.01313222932219347
-0.36178497853013952
-0.54538196721710674
-0.045349794635271598
-0.2967189690068292
-0.24471333649880134
-0.025643415602689373
-0.030191218887959104
0.086630107862112851
-0.084659133659705579
-0.39079990042551271
0.093039669447246856
-0.39874808321883665
0.18683018359122819
-0.31725285170018053
-0.089547593342281517
-0.18465874187940542
-0.30192868711034326
0.14034298947413965
0.070003610372905256
0.038263815641322675
0.16990715690861574
0.091204420531827007
-0.076445204243293138
0.11912796827081498
0.18244487952058305
0.050174119982413626
-0.14106662345403961
0.15781561412303918
0.28146673224577579
0.33063831739171601
-0.018915485735535149
0.028180219307825678
-0.12076587390470614
0.24687828422476335
0.018492609152711854
0.15534937420999043
-0.13880712518264918
-0.039483916052626883
0.22817607254038344
0.48634236134138115
-0.12256030797472145
0.0054086139884136231
-0.089478707637671864
0.277832005920638
0.2294364272411214
0.11759062827368286
-0.0017479793494002542
0.14485352590055772
-0.084769458285877175
0.0905949971233522
0.030830004471583083
-0.072392118939004019
0.0050386503708686557
0.3228824295552627
0.033374016599615641
0.1693254256360632
0.17816178081278766
-0.00080867429067452536
0.3150254603722501
0.049926701280620121
0.21857284327985749
0.13157393126895961
-0.056024119913411843
0.14713294446804445
0.41023722877544178
0.066758503103181821
0.19591299242920232
-0.077338168273806643
0.05851663076493039
0.14148776314788489
-0.032159438331186445
0.12878392804896316
0.29774709745594213
0.094707365692014434
0.045824782066235678
-0.039614133392866617
0.47032280049912345
0.097418576968897552
0.15538240848282694
0.39835728711170454
0.06343644423463457
0.22993014163968195
0.25873134057988312
0.30559604125255302
0.17727094586543346
0.090743453588762443
0.31501272170683603
0.044418174100088186
0.16472659765917941
0.086226814665364374
0.25187831050336179
0.24848688039404923
0.093621629359399924
0.14889286990303652
-0.028056909557309304
0.074390519456220994
0.35890068001053466
0.41172064229620459
0.033619280156927639
0.032625620551930135
0.47455043473943065
0.35329377590916633
0.52416348109850897
0.48237209229369998
0.21492691310383669
0.35758630918556411
0.079830383039142042
0.28754736194708491
0.17675208079180418
0.31091459375162256
0.060353102933210674
0.11139356232743564
0.26525405357277498
0.14805975752459477
0.14396888341485164
0.18093094016187961
0.0088667131817759572
0.30281253841839095
0.15582056376265563
0.62215036640711108
0.222093695726615
0.29717153617223496
0.35617385642244453
-0.064035187997635801
0.0041800992396450092
0.18765374187689618
0.13123355875433063
0.33278612828254983
0.42108927521082695
0.30691145790531577
-0.0073829402223801925
0.11312952840132026
-0.084774979382348015
0.24794839862306267
0.096006039869065959
0.19787749561905038
0.096174313338385747
0.25261300127466041
0.053459691999659713
0.68018952626182483
0.63271503073370516
0.1358144598631133
0.085629534469047364
0.36345677178877034
0.21587744371504985
0.29205906001396564
0.59524141529131458
0.3958092822942651
0.26152820491400308
0.2237222313986407
0.49862702350773541
0.40906355793823934
0.39003974406805247
0.43271379822548339
0.71133120684217899
0.50443216733376328
-0.1320309461932469
0.11295584920889133
0.29823201213017558
0.061578107079584027
-0.069095791438376811
0.17046549563251132
0.50363926367284628
0.2916927583322646
-0.097036587572370533
0.253405132096511
0.2865286241371755
0.071599523442219246
0.34045438740139961
0.24587770023525796
0.30460302351068935
0.25737228414484059
0.45780605642110134
0.36315098531608209
0.36895846722501957
0.30000311421189285
0.33548832702416864
0.57533899353605167
0.089017766571802687
0.089252858529550796
0.19424773462374123
0.55027021800783538
0.48619195226847683
0.4320624082036999
-0.15138664617632996
0.30464303058326747
0.55159687511335542
0.2132424556300565
0.33234895471547021
0.4846773128186676
0.32587367238055331
0.44014562742652613
0.51372563471442956
0.42612184810615245
0.46712726213466094
0.22387711409265415
0.40917771544506287
0.47503645613336348
0.28009833811698109
0.01785664833657433
0.22763614873464957
0.10293032535522031
0.59709102580471685
0.55459061612500582
0.038468028643894467
0.21643722918119734
0.45005418825075039
0.41262957897964553
0.3985922449769484
0.57771997023158916
0.30244103970343406
0.22011947136803303
0.37360438069241159
0.10737071962295713
0.76469435064195512
0.12874378865885983
0.57239819538601544
0.35575344640184786
0.14649247163002427
0.29504918456927065
0.12166241485640705
0.49900769664968359
0.42240434967547152
0.34320945207323855
0.41427291274336187
0.37943725804847178
0.48197078176218494
0.25227877769373908
0.3741353758382398
0.21188405846126945
0.14858544463450135
0.058454879474617943
0.47992075877812646
0.6079632559514665
0.52996860826697378
0.50387603303681894
0.39895982641972921
0.25241365541528704
0.43503114776294921
0.36068505021937664
0.24914494441316795
0.38573838288742807
0.71536618647728523
0.55083261361175306
0.6726522155786403
0.36247350223549857
0.55480940622555674
0.50576036901254551
0.4782197015502454
0.58499032554464714
0.24707553478920108
0.8241267588931539
0.4245922434271025
0.57261162363619345
0.66862158206073152
0.36646357345976288
0.67083858648331496
0.63448884545369477
0.64361496038351196
0.66208585624816896
0.36652568209425285
0.32176581167436241
0.58884261742391331
0.57357892676481748
0.65805530648716137
0.56782855778559993
0.072387566285420285
0.76979744556839735
0.66906674230719188
0.87959293419724993
0.52674252859499315
0.25707621264120145
0.63427366430197674
0.50921072709873505
0.58775948198656647
0.84731352629895773
0.8756759525713782
0.3885767355910224
0.28526769532693896
0.35021626167460901
0.16859934733633705
0.31594062775485887
0.51396217957106016
0.65743579745405545
0.25305252865099004
0.74053971891223203
0.40849011142265879
0.49366798251236044
0.94005970306860964
0.71153818128782376
0.66861192907352807
0.22753406417066185
0.62071033964231204
0.46814217663351326
0.40630177980159821
0.64539874272387188
0.10039215501317834
0.64671791509795129
0.54206006529904982
0.36943752608069874
0.52018705824436995
0.080370250599906282
0.52827646772663228
0.67023574905371874
0.37934417896070077
0.57698775888299692
0.75332408848477317
0.32807345371832419
0.41032129419812391
0.5332258591400808
0.5175224653621493
0.53646535400389705
0.36321838388200328
0.77941308136225229
0.72447381802360755
0.30118232834206521
0.50315779913982417
0.64882645839474906
0.74634835457182613
0.65845429336503636
0.95489728888130765
0.81942754620543778
1.0889228892873888
0.28166462598880787
0.60038247339922035
0.73154254186622492
0.92820346386403618
0.99742299701232939
0.56550241305708171
0.36808254001783963
1.0800413432531164
0.52459298052956083
0.52548045151161127
0.65629100439723809
0.56357059339574689
1.1048251035222607
0.65743978911984025
0.83437317600248173
0.55880303568784817
0.9477723241120688
0.64245643228449256
0.65924035126961311
0.63568186076297395
0.68719434545781954
0.64118756849228697
0.37424419960246452
0.59376823572851645
0.80854947962145218
0.51034424533191391
0.37425512207743905
0.74326134415959233
0.5055230694525964
0.63167828841280516
0.59675169469798128
0.53617427898965775
0.47368731944961712
0.57440243457045337
0.36049524245437276
0.78594551090123499
0.67913056130431027
0.56252384102335673
0.78731094879857955
0.9344943524609336
0.53153223767485946
0.69347574511855736
0.35852489523014641
0.67485135878240832
0.77283876124004769
0.73196794564356027
0.85241313362282178
0.8753213490784707
0.56097237253567267
0.75325520254571388
0.71872908231688193
0.76678835548627311
0.79258026917443947
0.72528479495059595
0.6937438564958387
0.67247365493263789
0.87414438513984793
1.0095654159292156
0.68798674030914198
0.63085532892500262
0.56062035334244142
1.0515432756004961
0.70248596013508458
0.72877986858163113
0.80617459812876602
0.93744080390887008
0.81189683808500157
0.94244678627230138
0.5334535679266269
0.50177316177528875
0.74640225787986547
0.91196533613847186
0.89340865440628348
0.64981483194971323
0.87338474373336528
0.60231182156242036
0.81214096028516081
0.81084986613361809
1.1852201042670629
0.65123744556211405
0.8268165960809768
0.67419845603624329
1.0012370528183052
0.36781741359692566
0.91784180947038496
1.0002944146972237
1.2623211527370251
0.74612327935243294
0.9867272457743762
0.64349860460124375
0.86130212802895212
0.92141036733508663
0.63969857979279632
0.82481662211188866
0.89937834309241182
0.68860115219136453
0.6046291055500701
0.6353529275727674
1.0689036199035038
0.84063872133430162
0.71154131892068173
1.007077736976532
0.66550695986373853
0.84059573482916283
1.0076949233824062
0.89708451436121239
0.99195903047302203
1.0843868594817436
0.81543403654591795
0.77145949971009609
0.67822572014298654
0.73420930184724897
0.51688185913950957
1.1760164590676083
0.61813845222650687
0.89702197732892996
1.134645733147726
0.81585453095571892
0.60399410068781934
0.66291870534661834
1.122583604161105
0.75233749768035307
0.92364354765812084
0.90189217314675429
0.52130746171963371
0.62930096464924767
0.89747074324927634
0.81981956203137674
1.104441922903016
0.86668894716712697
0.75791305584400415
0.80679055845793601
0.65532263399768587
0.78621761555037217
0.85042238752177057
0.73731927872293812
0.67574494696832021
0.97841132859879532
0.71748530573382696
0.99433380821730122
0.78503813237639886
0.73043246583388088
0.88217421626922543
0.82636842390400422
1.0830191792660349
0.76934471997188081
0.92139071846786091
0.97337133141287679
0.77862874746817456
0.95722971898487108
0.83015457150752026
0.94891352911749516
1.0528197329317928
0.43868213800237021
0.86134002836843548
0.77058523559945646
0.81749031821890084
0.9186557854555274
1.1139185691814464
1.1352508394500747
0.90731114921702172
0.68952972405841528
0.81243813352112493
1.0054111861279436
0.77315983040170411
0.90502879078502696
1.1355168965679046
0.9562906636852464
1.2518982790520412
1.1319653346480016
0.70670460635737475
0.59427793212619306
1.0891475826580348
0.84433454599452029
0.72959419680738979
0.39364340729666675
0.84552331859894803
0.89572001599549933
1.2466331982692089
0.81918037759561635
1.1296484621399929
0.98668428221820415
1.1467347310914642
1.1050233306877317
0.95636529886326138
0.84621484755947507
1.2267432237970697
0.90665092514580925
1.0694255993527633
