-1.1932265461137916
-1.1534843328433069
-1.266218023474182
-1.132019494720681
-0.83323381614181924
-1.0339125219673639
-0.83107746602708021
-1.1366624945630786
-1.2397975155882259
-1.3545962550042461
-1.2150316290272245
-1.0337031445447613
-0.87775130680882274
-1.2860010407470626
-0.94562938003100871
-0.9309197575145346
-1.1876393352670149
-0.94221225079966586
-0.8198773701112646
-1.0249037969835291
-0.92797360267852957
-1.3759366462962335
-1.0504598673463101
-0.80244632103555946
-1.1070265895716762
-0.88949792893640545
-1.0494560474653001
-0.8007126876466707
-0.71913194471431885
-0.92540683988001915
-0.91677411715727219
-1.0248441939092319
-0.91459183496728924
-1.0127991891582664
-0.99319709308935011
-1.089917641368902
-1.1575017571373309
-0.95874619518604753
-0.97181089236843332
-0.77438992079349789
-0.95484011743107422
-1.0270298170800916
-1.133616061982289
-0.96984905617368555
-0.78349526242241996
-1.0033143475345647
-0.81419692866652493
-0.72012758943280875
-1.1878883324579319
-0.89061197865571229
-1.0569608644203969
-1.134184264384934
-0.71124444526691832
-0.96360389728101892
-0.69903700606054608
-0.51224600951342192
-0.9271679109041423
-0.93711716693961999
-0.72536121490610439
-0.74057488384833348
-0.94370246324815665
-0.91910885646467
-0.83095659321011728
-1.1680494191693018
-0.86290255778863456
-0.80262961500893804
-0.88576063909719394
-0.8585984095699466
-1.0727232917254363
-0.91890564471947767
-0.83813528757683475
-0.6285906427795378
-0.91686189872362001
-1.0638830820215524
-1.1864913697569937
-0.93274082015793902
-0.95292978512566517
-0.93774779376688711
-0.77457507172897455
-0.85367211250410291
-0.81216540117462332
-0.43887877039790585
-0.6912097061210134
-0.53884502618605779
-0.91393907186269152
-0.80352395751044847
-0.8291540593739346
-0.918198941909532
-1.0626151904334185
-1.159713225989534
-0.77581805414173954
-1.0232062953822951
-0.71332099634553148
-0.73300578257688453
-0.82389815124046362
-0.68768676726285671
-0.96011425762091762
-0.80352674310879968
-0.86764384901921776
-0.53481552456312242
-0.67358033974531761
-0.75263792329934665
-0.94564415362809917
-0.79908811371766941
-0.53702565014722892
-0.84389750461402591
-1.1229587191519221
-0.75040089820350964
-1.0404704847026491
-0.79902172594141074
-0.89216330417044309
-0.88186375225178926
-1.1869710982001438
-0.519315492571232
-0.5315722169495557
-1.0584834718068006
-0.84402730679952831
-0.704682402742275
-1.1534869546888722
-0.41553925374105011
-0.89818012194936991
-0.87746459460586312
-0.90306725608032989
-0.82168314093146799
-0.60272110723975125
-0.83893902917760343
-0.86040223767964763
-1.0856570081273769
-0.82523302312437508
-0.48843940990912399
-0.5548242740263043
-0.81653077902664839
-0.86789311809751446
-0.73800431589519777
-0.6070069276564396
-0.72469093174823296
-0.5008325851946609
-0.7473083452769258
-0.86982810223135121
-0.73730502240544482
-0.81699777546539365
-0.50369459279493078
-0.85079349372174107
-0.78930080839795891
-0.77722745436827356
-0.96215437386725633
-0.9392477732895993
-0.7337183811453325
-0.56689061346118819
-0.54779174062343872
-0.88710091264520408
-0.66017834069837411
-0.76820836133677184
-0.69262418228413258
-0.43561023160214496
-0.63663408751947137
-0.40624507020567324
-0.27788006987662672
-0.66812089467672608
-0.46383178255852536
-0.52035009879384908
-0.8278244427774113
-0.64784615773472543
-0.83817915026509859
-0.6035508149653217
-0.68472857564348288
-0.51080383229023529
-0.74203666929714107
-0.61621091855897014
-0.6638448617132191
-0.73415405098339226
-0.72087209584126599
-0.43152470945049609
-0.74360830871377814
-0.88140776247373731
-0.72418178335402861
-0.66321130241923365
-0.6075546540602802
-0.48341411564999204
-0.74899872310879922
-0.42852528348277868
-0.41441210207382873
-0.48152589398913914
-0.70475899921819363
-0.66539139882294185
-0.60156147251897629
-0.6648911015158393
-0.69802824269923902
-1.101416677518563
-0.58057768109378527
-0.51932744334373981
-0.39731794860601805
-0.85582550127269674
-0.77983153863256593
-0.46084572889879077
-0.62969037571044728
-0.57346493920159813
-0.891882512504794
-0.49298665957583626
-0.98337476850089622
-0.63344828076685156
-0.45662115171640699
-0.77804834599417927
-0.58651944916897103
-0.89602490228883747
-0.49904906505252133
-0.68531657295667969
-0.5489161666625102
-0.68610895187294496
-0.7718486463308154
-0.37709674359911394
-0.6238003247912024
-0.66767877708596302
-0.82798016237707761
-0.62090090012499544
-0.3975025419158445
-0.60388498555734249
-0.66173951700878586
-0.77536946666413009
-0.88783202453143339
-0.55683125088565122
-0.57925270382045668
-0.93375801529731284
-0.59826872046642865
-0.47649652017776778
-0.37254305333263371
-0.59182328476452006
-0.47461340780984013
-0.75894821283343816
-0.5241689378973956
-0.8302466067987575
-0.66992588600391889
-0.46868018040495607
-0.50504286225622652
-0.49848099604002777
-0.7361899186130092
-0.67825704978087842
-0.6680008335026828
-0.70084638685510969
-0.64945317723849527
-0.58483008019928262
-0.20021089261809932
-0.53855828407967721
-0.57568098602270257
-0.50748496240914698
-0.5738283161972042
-0.40548718598466127
-0.51849864225982656
-0.66871210673087056
-0.43808814669294965
-0.64461183218896745
-0.34744600146951199
-0.62196297055359984
-0.62322138746110667
-0.67964771945502134
-0.51526691280493286
-0.58906320316127436
-0.54460688096140164
-0.46395134266227411
-0.68919517098009686
-0.29994507969437106
-0.5107026554913241
-0.72195170286185617
-0.41723268363103694
-0.76116235808279387
-0.5300469053651039
-0.49384069581992984
-0.28661828624650876
-0.46797725580472749
-0.41955401510603491
-0.58589900191896349
-0.65062563393818407
-0.27658885743846073
-0.40516486851625799
-0.54562241789963883
-0.59381955580383916
-0.7247735431802631
-0.58247654785081282
-0.49691099086350021
-0.60905439754385471
-0.64852191794455716
-0.38259920414460297
-0.12678935510408182
-0.47221402697923642
-0.39591576013311147
-0.35718679947876908
-0.46119957657497401
-0.55213059151229527
0.045474607501335439
-0.48522478082094883
-0.33848045661020382
-0.51734495713877804
-0.6317303959989462
-0.34804918972167515
-0.32921129403942195
-0.19475663337303223
-0.49916615067065512
-0.38369586054819288
-0.79644716675765626
-0.22643933923992124
-0.26352570979086071
-0.59761343926100985
-0.59745321669413654
-0.6199070090538582
0.0294946761087286
-0.38213999928071379
-0.21669323786031308
-0.14408822129476012
-0.23506667498553113
-0.39772600346052545
-0.5179700815006435
-0.63615354765486576
-0.47681195402168353
-0.46119191363115364
-0.16793823529044824
-0.61135459552506521
-0.45251265910766292
-0.24150082160025244
-0.42775226036052882
-0.47992861215433985
-0.37674228747745958
-0.14196875684468196
-0.73665989945206145
-0.45631070819827579
-0.54297166520850115
-0.073878217920329739
-0.5992082079411033
-0.48859466192561951
-0.36675320128144417
-0.25930986357165159
-0.18778748957855576
-0.1898668095148236
-0.31213108392854572
-0.31249192908688989
-0.36981424693126003
-0.51164743577538807
-0.367137519410633
-0.5549703479793241
-0.46865934285064781
-0.57506395963344836
-0.45244098167844882
-0.52423672080758377
-0.59624369703382674
-0.40246397951264579
-0.12115598008187464
-0.26571328048773191
-0.39491128866059499
-0.37303567915130009
-0.22706034279747681
-0.34974544604894364
-0.41695262558080415
-0.15654738963577264
-0.24950976880019848
-0.14533567279529205
-0.1307618983400072
-0.29783571208025605
-0.3543612791452132
-0.26753470324160333
-0.23705486275912316
-0.004878299850992621
-0.5778510868836475
-0.20126132656678286
-0.18144942050619353
-0.45475461641578363
-0.3592354778619069
-0.32443689008853854
-0.32965749727851407
-0.34443088613832407
-0.41377885434441009
0.00588558518683782
-0.38111266855711928
-0.32475039840050957
-0.31236329345380748
-0.36495149681638256
-0.33984562383088679
-0.34228549272972691
-0.30114797688088263
-0.31914547689553951
-0.19323203000745806
-0.021881730158429619
-0.25436536038656998
-0.45691674294490248
-0.42404952671721152
0.15720477254299658
-0.45923270569365249
-0.033824919755130835
-0.27423997667781858
-0.17204181541080135
-0.4294739980261898
-0.25551689213093659
-0.24785879208645478
-0.35063306856244653
-0.34837800933666574
0.11232505022091008
0.19510521234154043
-0.11403877661790501
-0.30704080298197428
-0.01487151209433199
-0.26443376095751725
-0.48856724363464127
0.031251416103181967
-0.079308592398997887
-0.034312254800934083
-0.26336896298805806
-0.39356946560745149
-0.19514512074485327
-0.23837963882256413
-0.079842172014035817
-0.19106142763331699
-0.079109763334483676
-0.44558726652406799
-0.061798442193092502
-0.032463957356590828
-0.083806356523007802
0.036072817947150726
-0.48707551515156533
0.044395616373798609
-0.05588725756330952
-0.48970587532793808
0.090154305992669659
0.10074602050398318
0.04936988384767714
-0.14818704749834558
-0.11476400682325456
-0.51122746259443286
-0.5873093925776991
-0.11990563529256883
-0.084115738470328244
-0.21199921993383977
-0.016123023975007703
-0.22663160679384201
-0.079030722594012032
-0.34636280274835518
-0.3997693981877567
-0.16438587369050292
0.013196634767162848
-0.079699161251867129
0.036954393033206245
-0.13705281698551572
0.10866384955040563
0.092350166649427107
-0.24914003275746743
-0.038730427395989302
-0.067471216775673679
-0.21093877450981344
-0.32500976330210696
-0.073549099960931077
-0.14997947764723379
-0.10885194477755593
0.10008596891604146
-0.15800585929291835
-0.029016241547801466
0.18906828875974871
-0.14551168391306743
-0.19340373634674321
-0.22612196130964241
0.0026120627811313511
-0.16348865195378937
-0.016618508982023633
0.07443880260671154
-0.093346772292149827
0.20748062984622917
0.2727349640510196
-0.43208731256557359
-0.020066362520464291
0.079364571921537133
-0.26762973230684134
-0.23875964703806685
-0.23398260946733132
-0.063409203555384541
0.06708144958822361
-0.31488251791604915
-0.28091914809148483
-0.060064911901095148
-0.36391036949501016
0.024907845708537088
0.17158503679339332
0.036469330518364936
-0.020236287523174017
0.28874907330306815
-0.2507779848114281
0.015421314822621992
-0.070270494207851114
0.09776643043359716
-0.16893669374721454
-0.18376686521366278
0.019047933773901963
0.045238136508113556
-0.18976771571686407
-0.11911506987981842
-0.088444280633070735
0.098635842575606092
0.028685716599670574
0.045277963507584111
0.13447591990287341
-0.25738008882843677
-0.19196546221408173
-0.32523543042458369
-0.0011335823479720186
-0.15575280118107462
0.14412262020265956
0.14350797692852846
-0.067024755581237286
-0.02323938314426419
-0.14224013061397967
0.10970240898574682
-0.062671316952740336
-0.07183948677089412
-0.15274613182469704
0.26171160598604387
-0.088798098143576559
0.1321515040603988
-0.16135455248507505
0.071313783896478078
0.22973844642506666
-0.12298627860658458
0.16572048275779475
0.208912087660103
0.14811842367684414
0.0094885299615180586
0.0091161499977136275
-0.033222876076263598
0.22300555415827364
-0.087484014193884657
0.17075838604281834
0.1784291374578639
0.14161627668440172
0.16524291030289148
0.29167317321198238
-0.070330892873260609
0.047595274237473305
-0.15340595728390374
-0.073337198111106325
0.33043768589419587
0.26121023358753254
-0.32779757265594478
0.26673841784607771
-0.2445636637202093
0.14486474882312286
0.018930044153133978
0.0032189453118144831
0.21088004129099575
0.0030674028531579075
-0.081659693671670433
-0.12195561089718061
-0.043060892680861954
0.13831616593995194
0.25363851527324521
0.19525058845825616
0.046265330498497077
0.18011871059502299
0.32300508579910192
-0.25722126981185628
0.25710013685306615
0.46700493273223381
0.094458350692195284
0.1858320708255142
0.52130797789174588
0.075310621859316168
0.16571455445803718
0.23328936155115576
-0.11460224946304268
0.10727415616667138
0.092289212105015339
0.31336238411957262
-0.15471082748848206
0.061528144733519273
0.21279382986290488
0.32099145769416798
0.47358592839417529
-0.15826744419716263
-0.051600397723433306
-0.0066477899571989844
-0.10959351724039264
0.14134312150309269
0.21343898540187003
0.6032983523429708
0.2801826683665446
0.11225030406248805
0.22469005453254759
0.39721231459302314
0.26024312209303724
-0.094609945636369291
0.3680247828723367
0.25033547273391821
0.16205275540714487
-0.15678393309787592
0.40750319929631429
0.11007805230646002
0.33736137077953099
0.51930313452708043
0.18050958721267052
0.18320323652386719
0.22043898575547027
0.47059285458811684
0.12832318791792779
0.31508885121640895
0.15445807606705669
0.2853767759252952
0.35825689939202993
0.28686699038449959
0.21378202373071487
0.48730218769448808
0.24646802923609565
-0.059252696373304665
0.10891081809814343
0.16893062200142209
0.30971455592175312
0.42342516707988748
0.31549838918115769
0.18148104343428922
0.12233496563804795
0.31583717583189413
0.5066508493648626
-0.077922819852950034
0.5682664897145977
0.00038059848230811663
0.33901080987833293
0.37969274323417979
0.32746257668983159
0.47721472614635213
0.35657318420952844
0.047967793644493738
0.34743168322189288
0.3166684335191684
0.47689823884087984
0.3382862985361651
0.17258658221183706
0.27309999071073837
0.19537467223516755
0.25005365180665096
0.38431113028873315
0.34007396304717891
0.53016081205399845
0.38688931425593687
0.22405735581170702
0.42302372740494004
0.43999763560813504
0.091045629787421256
0.41826888484167296
-0.060024236350800675
0.23305807421275121
0.29004120558490476
0.055964321064276977
0.49301224091024937
0.20318516869205819
0.1485027254663277
0.42049811156619532
0.32082292723915157
0.2643222219491892
0.12089259811591324
0.39566615277281614
0.69254939699096796
0.26828231991662915
0.087013416643170707
0.24225030820721621
0.27434190963093413
0.30997616937624778
0.51112722995277271
0.17809612469172428
0.5296164359669604
0.18479152280517164
0.52573842108192537
0.58610330352097584
0.44421360958637712
0.38876035386145408
0.35621125252725483
0.30891998657335651
0.39299614016845758
0.31941492575718067
0.2337749190584322
0.38006699360710638
0.30157838563819928
0.38174436829919001
0.34886998895311477
0.15813903313004973
0.31631541956062931
0.40621165564047523
0.01740822071607926
0.45328208593881897
-0.06443181461073999
0.0033180220799880009
0.46692620283479169
-0.045780194055424259
0.28940766541679763
0.49522839344663838
0.4440083620610259
0.67100067870272107
0.66098117277038382
0.47492299640194474
0.31652597273385308
0.6355872255110232
0.57079935050829333
0.53772899020941245
0.199883967462889
0.15854285164171039
0.26789654166535803
0.26959354557484944
0.37378085980350684
0.27407663642498714
0.23373586316355663
0.50987040379209225
0.19663711588999644
0.41072681897412189
0.29055523126651034
0.61342225324411981
0.15924668312758389
0.32789834918853444
0.34530845886559663
0.36235725397387747
0.25590509768910369
-0.065317925945020089
0.39955252800587943
0.43624421345049141
0.19280446297845241
0.09533770144463187
0.31992607198585055
0.4226863579474005
0.4881139768402854
0.41866749909993445
0.53164542374195667
0.53987276733478506
0.15424313228681755
0.30333217897600784
0.1137068330394724
0.41991755931579933
0.27952618886917407
0.6820669661033183
0.4351397440957715
0.69514792895224919
0.41726216390469129
0.55674218789113272
0.3066352555343691
0.13136237727057226
0.71964172418458539
0.70292688758787725
0.35323706378000197
0.56454538751445971
0.37453760755819021
0.54095376770908443
0.20392723198495119
0.65978509723131007
0.91110039424689171
0.65126912393350245
0.63515440395878242
0.31994256333076831
0.47397069723415092
0.55058711058332865
0.41163686671118277
0.52434814672146335
0.62871068208469172
0.63319657757134573
0.57250800300769278
0.56613967374895424
0.61095301666346535
0.34241677340039145
0.55035065173918452
0.65641334348748126
0.2044363604847525
0.51283515183940609
0.90887167480796993
0.64806457125440953
0.53771022563838855
0.76849913635644307
0.58993635553445911
0.71475926235352305
0.48972115165413743
0.39662240678372113
0.66444426845097782
0.87717628913543222
0.45262568517910912
0.84804347497667543
0.59123131740241197
0.62708230727076575
0.55420754092678159
0.65746658360761456
0.74450903800422152
0.5586371053202055
0.68967400765614206
0.52002958032557256
0.46581532292743866
0.54112068377027256
0.51698165670371843
0.60733777421991031
0.54696806769023454
0.51156059473146631
0.618867295380778
0.82117273636113874
0.553760978318112
0.69279975910100422
0.50909117617240207
0.52435501110916971
0.51977943090260281
0.80880175969587453
0.64333654818091368
0.61548847897216374
0.72368755040166877
0.63360870746783371
0.21375178555146057
0.78930947027614784
0.83625041189598892
0.61025161269229389
0.99792942945313512
0.44602734813834155
0.66087792457296357
0.59678276478169767
0.67442776383228042
0.56697036650820654
0.55931680073667744
0.45022448388329339
0.76473413882653851
0.78907849968511101
0.5319297305930718
0.85270082802275848
0.5951474279396205
0.81047841166692192
0.61568161238563379
0.65061740033244986
0.62304358668754511
0.58215364432109251
0.80574518449106769
0.96857623587686481
0.59206626304537391
0.62550260118962453
0.52869595385495904
0.70914768853622712
0.81047359260846519
0.83734524567323065
0.61119168435814097
0.55453966842940028
0.35342821373800637
0.91987711229778035
0.41498009406622732
0.64061252493669474
0.75072331023644223
1.1184118168636707
0.67514657837226755
0.73641198257376561
0.93163406551769445
0.6413840725174601
0.78463071218006719
0.74185677317276444
0.86881498155682324
0.81915284677901934
0.26065577250605265
0.42218070013992898
0.73248659086838952
0.91639492069325013
0.81496211980656352
0.70949934344784982
0.56166891016434828
0.87618480668243393
0.51125152971311139
1.0201663313460949
0.38467184691071216
0.89537089749304599
0.83809130747877647
0.71100603759717929
0.58785884939185673
0.64322490160061507
0.37943464173727615
0.66382676220697545
0.92090793095669077
0.68260872283247931
0.51708512070052004
0.80397366572135542
1.1043394236176514
0.78916597544128841
0.5721938814577503
0.67336009740572655
0.53320659847947705
0.78594450924592651
0.78523222979584695
0.8455541672948228
0.83768810206644351
0.75457070159972683
0.32995387913483176
0.81542457854439343
1.0761181745454365
0.56279498626804858
0.68037616524105027
0.92691352120531922
0.42455541325022883
0.96097869798289737
0.59754235561203273
0.70543758138148871
0.82433577522208301
1.0431173440505324
1.1178841041171905
0.82636407321043881
0.78634757979061365
0.93686020169886919
0.76024052390545072
1.1475660121500504
0.75295896489056846
0.75154625204346748
0.92722481212393681
0.83783386665647652
0.28209938157972242
0.72823845753014771
0.83775753421549892
0.59470209378586181
0.88251498810098317
0.61840982366198827
1.0265174584090684
0.95929100014431501
0.7844652896572949
0.66581016578772079
0.62548112785973942
1.086409858300021
1.0239971641351961
0.91245538948058325
0.71653255923008308
0.53331976584598795
1.0618277421903148
0.75828746085001297
0.93764966160652952
0.96284599768805312
0.59463229122775918
1.0482407951037376
1.0011552805166193
0.82698024147567184
0.81426107099607348
0.66936326224688347
0.83669468000480274
0.89122354080616151
0.86990931547013917
0.98554463371705803
0.91744499599703622
0.63821698002943206
0.62479605384423864
0.57706312098183943
0.86840611798739276
0.85957156996593898
1.0253064077281215
0.71424152768795079
0.96138760355320207
1.0630651607284269
0.88528582622203245
1.0158407887522376
1.1634034844056493
0.84527171892071162
0.95025635678906628
1.2304695665848706
0.96688510004224559
0.78700801535632436
0.91111165435881669
0.77901108571054689
0.98831580863897983
0.77824251890462026
0.92126361016574632
1.0275020250911737
1.015116380393676
0.93973909015294366
0.90281780727220173
0.92771819266223665
1.0553907889416201
1.0994662435410083
0.77667295590857865
0.82753141085421267
0.43203072890821825
0.67397444231651538
0.94256886052161282
1.064586879660143
0.68591803716363398
1.0403694491337403
0.90616677348321284
1.0408660426290697
0.84822115235810536
0.80942465459855872
1.002980975414647
1.0313986957540116
0.90533146509008888
0.78657824579474567
0.74754186049291715
1.001945395725359
0.93150774030612038
1.1723071352776258
1.2487822551868519
0.87367498334887017
0.88684185955780526
0.74916591975009061
0.9143626465020559
0.63618571352664999
1.050114420672752
1.1004646401158644
0.99082649329408556
0.98503778822222354
0.90999396007886368
1.2501733466921916
0.8855678370072213
0.75897486755913157
1.1081026826771452
0.89773198893166373
1.0157223392220482
0.91771437052232441
0.87850297329350369
1.0733990425006947
1.0662647100574527
0.7161985599830224
