-0.95474771470232678
-1.2527560818573393
-1.0189417960002851
-0.68903745554817619
-1.0891653952740312
-0.95414710548147275
-0.85729029034133675
-0.89187069415931075
-0.8271911446467819
-1.2104529908336801
-1.2312375544441516
-0.87183560330567156
-0.88698292169638215
-0.96012361933228907
-0.95237775230041422
-1.0569556595809628
-1.1681733364613383
-1.2021834150566091
-0.74329930869240179
-0.71077059220998395
-1.1657971412795005
-0.8444536895056417
-1.0142391770912416
-0.99727736130243749
-0.76926218451113304
-1.040497261008936
-1.0977418433861947
-0.97848842068676234
-1.1095264358554859
-0.63005044788706621
-0.76342500640635413
-1.1380569825238933
-1.0461558498565482
-1.0222606128624752
-0.75208528894149973
-0.77308148950644673
-0.98628933497901983
-0.85856651911939885
-0.68533978450158106
-0.79578181773410372
-1.0078346797483073
-0.85501696559003015
-0.76170292816790286
-0.95901143104518216
-1.1650935798788222
-1.2920444633283155
-0.97840485007291733
-0.77015799534685214
-0.47325350506109765
-0.93030287143769608
-0.76322726264119989
-1.0025713511399961
-0.61818024449941555
-1.0193158915166387
-1.1004421285242467
-0.93422056374740836
-0.95925083491127738
-1.1427829368959048
-0.79366883910459773
-0.67247085063295065
-1.0158626756343623
-0.61911493678724128
-0.80328067909190048
-1.0252889159619096
-0.83772165402286125
-1.373101922405237
-1.0270976420831652
-0.82341846600602897
-0.37386393112203459
-0.78534123301779579
-0.85204644460875467
-0.69275392379003675
-1.0103915316603043
-1.0432002167647398
-0.82299272978378357
-0.69396470488532369
-0.57922224285902302
-0.98924811969647397
-0.73705951878914988
-0.82487657241938594
-0.8853389036861492
-0.70059216549682324
-0.77551296635193623
-1.0718343356161302
-0.98049626677893742
-0.73080935579792183
-0.81272985355124028
-0.80223167740537882
-0.5736456018075311
-0.77726020340321478
-0.82655538688130581
-0.70174492868633265
-0.96505165139175952
-0.81118908602454631
-1.0140236439586945
-0.87113000127015383
-0.46177181639029352
-0.88075811974804041
-0.98748510885938101
-0.5059944264667886
-0.58520337596459859
-0.61351554944984521
-1.0658675361089724
-0.64202630969867325
-0.71046117048389967
-0.96913557836679542
-0.64126954260874602
-0.94387841035396025
-0.73492287227481057
-0.74156988914081556
-1.1061742486991131
-1.3108522457219178
-0.78678646800946606
-0.56411829910997435
-0.7350570711537826
-0.85054276836817622
-0.92281593999736466
-0.63539905638391692
-0.55124516482783747
-0.75960657307602852
-0.62911103066893781
-0.72081548183198996
-0.74022861236793813
-0.48934923474647291
-0.74889106614532441
-0.52099901593998943
-0.61387325715068741
-0.51524014999099133
-0.56490177609882264
-0.62848546317479503
-0.79901345033538096
-0.85306231128889398
-0.52246921284093539
-0.67661496455116821
-0.72305712526905763
-0.67654807671914807
-0.86629051605584695
-0.35028920830009169
-0.48163360885971551
-0.70624135552551637
-0.83063689919982819
-0.95114816147748371
-0.64232406662095998
-0.6847190276846612
-0.72844784972153298
-0.6963701570019083
-0.64361745859393438
-0.55687750482031328
-0.9940944505363366
-0.74768604945436345
-0.57984510812148737
-0.73931965617284245
-0.5854707494810607
-1.0237819241685178
-0.87255213178372171
-0.76543327860327548
-0.78084900567772264
-0.66734213135106668
-0.98810114453067399
-0.62211004963015581
-0.63408863268567472
-0.36930583848530352
-0.64392192746667265
-0.70079036744730006
-0.80835549891127167
-0.91688044142777192
-0.65847893469021912
-0.60890374530641067
-0.97424730375631496
-0.71218726986066316
-0.61262224352157102
-0.57381647512898037
-0.39940727065338127
-0.79591789367839572
-0.64343125445593963
-0.71461094072865772
-0.7051558926935243
-0.49285597940820425
-0.62582609563579839
-0.80488766590635219
-0.44618533114169645
-0.77695233999444091
-0.43575840953177003
-0.62745733124175629
-0.31191450308170282
-0.63542914116981741
-0.4613416681833869
-0.88667567862471652
-0.96318143724112293
-0.65288750714064581
-0.74035270850638657
-0.71093494270196855
-0.80416161216703008
-0.48301324314952709
-0.7895288764733861
-0.72963143269060926
-0.50897609076521855
-0.61821086528145097
-0.84177045113613946
-0.78770450461234098
-0.63605192261160592
-0.32228315350454395
-0.57905501583820096
-0.34612221680798705
-0.62576013654687845
-1.002729663159738
-0.46455522251619746
-0.66592790023537995
-0.68604435094375438
-0.47468637566935873
-0.85008437936630077
-0.64960873810701125
-0.59346570568142165
-0.37043520409956815
-0.41210794347130625
-0.39955949132392204
-0.7735901343040259
-0.5926280645206965
-0.61333887704393675
-0.49832766381316157
-0.397592394953316
-0.60197520478387134
-0.55441159845182653
-0.3989899309817454
-0.7898112295375963
-0.72525669178311569
-0.7599658838163178
-0.39421843169230703
-0.2371906769973629
-0.54901973803394399
-0.30697111507843955
-0.61001108424798978
-0.43530435920849869
-0.40095389206734217
-0.32770851336669293
-0.56147352810791507
-0.39770261272690877
-0.70839776744684957
-0.81515364746970609
-0.43119745635165879
-0.39457704100711044
-0.83794846543018819
-0.55350157570615954
-0.17921710095869198
-0.56368982943104062
-0.43347263844292233
-0.58254784264088666
-0.41782281317368281
-0.1552298592990359
-0.61873735988497547
-0.36350152914461731
-0.63422795564173551
-0.45483438287126365
-0.78310544512171787
-0.39930414010616788
-0.48950430629751679
-0.41332154839197649
-0.37114140019957076
-0.25983503946588432
-0.41110217596204723
-0.61668677468960398
-0.67689953791041535
-0.33770623967657837
-0.58752052167385027
-0.47397270068148595
-0.79132426305122805
-0.18386994244116109
-0.52348790926664746
-0.41047255838230345
-0.26012189418903198
-0.35203016891988248
-0.49753852474448368
-0.66339414212685333
-0.53872152116870653
-0.49239845999294046
-0.26015869725332996
-0.29174442425513264
-0.56088682283532942
-0.3749549855094878
-0.17577298771145836
-0.12210152329290365
-0.30686170890713838
-0.44593705013074575
-0.39668414643000321
-0.6181099390941871
-0.45045104809738207
-0.39579814847821609
-0.64436738498578794
-0.52852983306563084
-0.37204430761935003
-0.58690710542028357
-0.39064197276062324
-0.67726924047487047
-0.56710701026369992
-0.5132678241087254
-0.58005759963672821
-0.51622264366044845
-0.31961111789192598
-0.64042678586336166
-0.19602386326098539
-0.53508625309508584
-0.25314384885186247
-0.68670880642000465
-0.50445275673237133
-0.34246344904996118
-0.58874042664928861
-0.60650201837810991
-0.25791846684004655
-0.47861303754175588
-0.39775429505083743
-0.55482065083099108
-0.39822063933802904
-0.31834689142854433
0.006164219125335723
-0.19988839179246615
-0.71726656374015429
-0.46279232030912032
-0.53874887947586736
-0.093394447013008294
-0.40772603136445973
-0.13438512240787095
-0.26368611807263748
-0.1579935871764209
-0.3562726502543353
0.11026256376472536
-0.33618897834801409
-0.28000598236543806
-0.32282255422253414
-0.36980081585179092
-0.68066335923975285
-0.42488465343163861
-0.25776274317514924
-0.26765082674496377
-0.53975607624975341
-0.4138929787497061
-0.42177138450636675
-0.51466071622118492
-0.48923851217043546
-0.11258216903820407
-0.3048395739127282
-0.15996899267881529
-0.34377524667754444
-0.47364090285559807
-0.36149279194371614
-0.35872676716331531
-0.097349256516373175
-0.38412342095474883
-0.19359441667309463
0.12383906930457303
-0.24144620921457161
-0.23841913651805396
-0.18149374326493059
-0.19418503605872819
-0.2484733986065672
-0.43804145851507498
0.19766452070863108
-0.5247821201190902
-0.033429141093601407
-0.094886429747129478
-0.46173483793146064
-0.27997957618901775
-0.38039200599631484
-0.48085106241194947
-0.24472303400076265
-0.11804603551923037
-0.1170533802365559
-0.31721045962949485
-0.43611616440551315
-0.030180371513358371
-0.40279281609000489
-0.030810594001233645
-0.17241978394590809
-0.079917232552492071
-0.23881275096266086
-0.34258810502497278
-0.49009288846584881
-0.29179419936570244
-0.55488569316279279
-0.3696090798466416
-0.48420721016154766
-0.22398470709325313
-0.61530180441596194
0.05849755242303311
-0.58988470353688172
-0.41951575828259591
-0.21259992594959395
-0.21169074148918571
-0.090257472846470357
-0.18201601690286021
-0.21106156505967438
-0.17742857599465733
-0.40357266586739182
0.041372596288495801
0.0010376205196336316
-0.030995854550625253
-0.1176202291234064
-0.10190314397384434
-0.022163061672852785
-0.22113211657738735
-0.12029270808058376
-0.12052466460295531
-0.38211537470853052
0.035911010163169249
-0.11442848458432298
-0.30633103569317133
-0.26419824801710529
-0.12310119064730303
-0.076057660625083692
0.40282791505097637
-0.57476379262627586
-0.096159221073237378
-0.46429277705876382
-0.16594681983297224
-0.1420481258888667
0.012728532189234552
-0.055750347659643248
-0.18783772005469973
-0.35527784550111691
-0.19197932378243465
-0.15342133942615069
-0.20996121932045303
-0.15198674904342682
-0.12363665685197332
-0.22490799309165163
-0.18166236102735445
-0.49012478401276144
-0.038466307162280979
0.26754779794407968
-0.011280364426529058
-0.32616793327690241
-0.21858337295871824
0.069195822727015605
-0.24762234513733725
-0.054449393766818843
-0.31685841959391331
-0.13300046282117714
-0.19191526752892485
-0.18376290116553406
0.064431240745985205
-0.39569951634074602
-0.23298758934494868
-0.2174173880345017
-0.26587878376832569
-0.0056556697997437065
-0.23007258334017011
-0.28570127849626925
-0.34477912028965263
-0.1902439271846782
-0.26686554157157294
-0.15612671158447236
-0.40259899570855501
-0.12055359019368682
-0.13556271124240143
-0.25933227583240376
-0.17472598527586777
-0.1161964359743162
0.042624291756768122
-0.31653863664001131
-0.017206198115969545
0.30751132129620384
-0.41534814994626579
0.16472491123134084
-0.20048491473944297
-0.3149150710521178
-0.2244982933945564
0.059545941431927353
-0.14184220702949604
-0.35532437419907592
-0.086005957674873651
-0.20086210607697594
-0.19210318885686462
-0.049967869576435939
-0.18619340569441339
-0.14173737006370307
0.20027701085083871
-0.10156360457401713
-0.06834400881896209
-0.33605407135728743
-0.11733864291254605
0.048741138002666606
-0.28394578332874354
0.28321280745563182
-0.065892742832357354
-0.30226194752523977
0.21673527209558988
0.092665625270394653
-0.099824212360995077
0.31887838634893895
-0.096754487896498265
-0.14748907440209166
-0.16892464708724664
-0.12132697260870379
0.012080518675722086
0.11445935088321718
0.077848921344731356
0.0051177418279991947
-0.39117921538533817
0.04782357128935083
-0.029188016945627612
0.16833851968561611
0.19500319016267867
0.029420264906348702
-0.048443833931062004
-0.011895240781537416
-0.088188814595879239
-0.31445147878665691
0.015838908147143078
0.33827154107020496
-0.057265655492326026
-0.020778667508955687
-0.1525453758762052
0.20400794405118469
-0.20947923905404556
0.1489524769201323
0.25812407387545899
-0.10169393080297567
-0.060560871291682118
0.066360881702942534
-0.053952004385683719
0.058727353371122427
0.26706702925879122
-0.070791921606600791
0.12734017100301603
0.15851606701919951
0.18361214310515839
0.28792960312509691
0.2997631643321213
-0.013278329589675501
-0.043021811637322133
0.17039533530452081
0.098416856339707953
-0.20298098179186103
0.28114007880498376
-0.1006193824197239
0.23695773062935327
-0.12157205808387725
-0.053161005343014982
0.036338399559301043
0.2038204143602679
-0.0050855113803544051
0.021251491224329119
0.084517477303600541
-0.23570066876130141
0.026212600119776074
0.18601323430666436
-0.18138725989131135
0.18519607185098311
0.094890767896668671
0.30817092385735706
0.50053046377522059
-0.10506170570189473
0.54023912649378636
0.22616767574909996
-0.0068404489010986756
0.38411850536653019
0.20581465522558209
0.059422100131273602
0.06501360421887642
0.09471415303690936
0.27210719133071548
0.10134470372705828
-0.082038221785453252
0.012213661385710712
0.30868981775001159
0.00040884061064198868
-0.11963066779775733
0.19254511354128026
0.213527625611001
0.2139531043949634
0.11604722163594876
0.18727118389560268
0.095293295346059237
-0.034279391419754002
0.14941098264412533
-0.054922295962120359
0.22928605575268962
-0.092187088612217499
0.3136509023462849
0.1819018249771247
0.10978596640885151
0.11057774938002594
0.28860278521654176
0.10574927404173248
0.21261489614870566
-0.01268081059822887
0.31662289408581828
0.072413237880645021
0.64603684354968838
0.30857005797680465
-0.046862545596587424
0.11412241634329032
0.16862443521826181
-0.075876539455880049
0.35290210886496232
-0.021607920805227002
0.1497061155027635
0.31888699650410296
0.059198077491433708
0.23641986401506943
0.42893735533395966
0.058892184160983463
0.0040573157309081532
0.039034170064061645
0.15750667131470822
0.39137078223832394
0.29851366832062581
0.49162704641752814
0.3852894324375703
0.10265641446643817
0.1242771833989349
0.084639684428142153
0.43728070314287643
0.082874814143156797
0.14340381423462742
0.22004475018728828
0.19164034458247459
0.47323415198665236
0.32969911171928806
0.19583239173114167
0.24851801891822567
0.51924688191710067
0.39806556583626168
0.18432272729204935
0.3549790921244968
-0.0012324237080736486
0.33299062099621707
0.17982115095616014
0.35452590399756206
0.46942703430181959
0.37681363798910861
0.50372350551783296
0.25130259695288593
0.062882007657255559
0.52922818376678515
0.27319295257034626
0.32765942291931033
0.10827007798417293
0.2134191315884095
0.62274467719521365
0.36696682272129044
0.19886991763015877
0.21327838301349999
0.06780970192655604
0.54291966737828012
0.38336370164134248
0.4632329178340418
0.47173290351701763
0.22692115963395459
0.39998722995570068
0.54114623684434116
0.56265661161581981
0.51050226731397708
0.2577486557375383
0.59606438703329512
0.18014841301611706
0.15007993031100175
0.43627853985508425
0.42643218212014705
0.32957523252334103
0.30099904089173207
0.00100271373716814
0.37472901825101945
-0.015957658287869783
0.15944772371822363
0.44968200602339281
0.53435590164889168
0.51159420314036341
0.30284670247498091
0.28967074308334839
0.42686679694350599
0.099751555301405725
0.19792181049752253
0.45069417569708675
0.23193386717095826
0.43582371940141268
0.27310871143431642
0.37569624761009246
0.4423051531844488
0.3690217827763822
0.17376686212805414
0.47879893782891036
0.30738684691181817
0.21411577671783344
0.37952792870093588
0.17680182502876435
0.45019630167424052
0.31886738310956853
0.39602434495118355
0.58729780374294882
0.47501608885016894
0.16291061160536652
0.3335822859777321
0.52951032796167408
0.30555212398937975
0.10220902504613265
0.61539554432820243
0.18177014039316225
0.40406602198238684
0.47713923660404156
0.51957585968542874
0.34965564384808057
0.54222523622892405
0.68610447365673
0.38744972613026574
0.23572866995630107
0.18731084896188105
0.69177151257600744
0.40957537929280319
0.27098361613203842
0.43948398274770134
0.86127383269579438
0.34841429511733635
0.75022605859523817
0.48532437590393945
0.57729620089984324
0.28657144252155042
0.50602567498833895
-0.074576990239267685
0.50765594178251428
0.36641871294918038
0.34145677443999634
0.37233277266105358
0.54384699932217917
0.48970350875420171
0.41658355743620212
0.16329066160122041
0.73295877166556256
0.48807204353263989
0.35789296337668114
0.56227862968889497
0.59429633626940881
0.23998774451312946
0.37140182590614307
0.49798553322852585
0.65503168091169772
0.21790143955419419
0.13441764902191611
0.79506065792470693
0.57787299285144922
0.88192349423833372
0.43392168880864124
0.27827563413284273
0.26087693015074964
0.52557206011704938
0.44550145218735832
0.69386803053610424
0.86130430216076503
0.91005793369619459
0.74956284899199666
0.41712443657872006
0.6198618268248165
0.63556747592693885
0.46491123716102351
0.81421395899237281
0.42918050923668694
0.65618223241170881
0.94238698505402596
0.4786857320125355
0.27942478218114086
0.78090584455016931
0.31058993411086372
0.5178926666587037
0.083265363494186742
0.55068722785702129
0.76974296284739063
0.56739696213420143
0.60053919075159712
0.61667878671685328
0.58727338458779088
0.62736638354132424
0.74284403494363604
0.45568603173416289
0.48409678828889763
0.57805958704911353
0.42422076372192474
0.59876523176465135
0.46926180269240719
0.88956258963309243
0.58806567231728391
0.46025490418016968
0.41840424894983957
0.47819326481586599
0.64958666609123505
0.57243383785619695
0.91308792116934911
0.37497994145915065
0.50246158340805946
0.55256194283280524
0.37455234626811768
0.28015681606721471
0.43973304291494791
0.40791975379025985
0.36795078421819094
0.78218437657554241
0.68526405687684933
0.60457637474392378
0.67289329424959654
0.79952902381636404
0.39120651038186238
0.49934142916538049
0.23506913659747025
0.488187965489775
0.76167450802385028
0.51458656415201953
0.55347216379974096
0.78920026677728172
0.55730201959894665
1.0177466518720983
0.52613771117090458
0.54295628007345453
0.71828678161870718
0.47786211257500238
0.64544468205126682
0.5190281693628721
0.90302930529911796
0.55919973647050025
0.6532768468594039
0.58121440088084686
0.86572026374191335
0.68689488867490245
0.75843253429700141
0.30028803669058773
0.69473902509085561
0.81811064239041398
0.29059552391854609
1.0401191451771681
0.42378291182233702
1.0813832733042823
0.51690641881315091
0.63326695411226008
0.86096412630454311
0.64229003400452089
0.8062569502253778
0.61196161406863725
0.92108202942519801
0.82318128648484568
0.62164733332568733
0.90896404761877747
0.9223213367776455
0.72621100034344788
0.5209608326215307
0.76708772980401319
0.54220124158685901
0.62856555732664721
0.6441331081156163
0.64115577367300003
0.53157301736890217
0.39065627665988245
0.65860358246765693
0.62889554315125562
1.0463348322844936
0.7701799870315057
0.45253672352155161
0.53356195090579683
0.69130601138927983
1.1278518710820655
0.63706634423795017
0.81038148130485732
0.71346317965876349
0.68639696904015512
0.82299621259362632
0.52384409253904984
0.79351738692328755
0.69478966320765523
0.74346969000346308
0.71322802993603907
0.98098729866004908
0.48743609255854242
0.88616350049718362
0.30540230107469646
0.61080124477411979
0.74207926867064633
0.88509513631169268
0.45329713814526418
0.78848785735526017
0.68232135945334005
0.81060102389482735
0.6766956710766252
0.89282158395284139
0.78878820565780483
0.64910958858156531
0.81118264913423244
0.83456956051479303
1.0364954357873715
0.65731090495244726
0.53852017278835373
0.45281520290267852
0.7666020783741615
0.82753519116747276
0.62744106038019154
0.63587109066354197
0.94144297381529685
1.0287560545920629
0.70344663230418181
0.99970687192933705
0.89002021066477988
0.98619549318390232
1.1417894448206463
0.59525544247899431
0.80439963112013824
0.83374109015312581
0.47584169478763777
0.89520568009765722
0.85583604183113693
0.50840966057238313
0.98888419449982212
1.0288616867467069
0.76644742539483335
0.92778918332867844
1.0873750852015749
1.0435640405920876
0.7685278635887538
0.89297697039676782
0.95915294403364426
0.9148730514668979
0.55009846647532279
0.91805340299920024
0.76436209309610825
0.76498806139071773
0.91449935369804813
0.81621354826864057
0.98942434094403564
1.0017372042216373
0.76837794511365354
0.7693263761545831
1.1381720808521447
0.73729041406311224
0.91774077888363015
0.69878275423502756
0.6609880437361918
0.83241266064406549
0.90279111001379519
1.2406466684013979
1.1341557372266864
0.95114270502486598
0.8382972994982526
0.59845409837471342
0.99009591317589407
0.99010405650612443
0.91992987659470848
1.0560298997967537
0.76768982958921483
0.95406256192596395
1.1989553077943156
0.94809410616957135
0.83174443961664979
0.65623436879591857
0.49219149577646348
0.68878568421617214
0.74345114145523528
0.84430859112094681
0.5840845261715214
0.67841728059729856
0.99026365103361758
1.0888608039080441
0.72107716502829389
1.1600686628607413
0.98370905437799649
0.75963707508848166
0.87491715735795306
0.89940376850434955
0.72646803759749179
0.53533912482970003
0.84469846010037231
1.0224253976888209
0.91475254437763409
0.54719579572694621
0.86107939571933978
0.97728453956903938
0.85351261895300612
0.85303099153462636
0.92568004081815636
0.95528634610851426
1.248766767199305
0.79083991253728658
1.4053780225677754
0.75142057213959124
0.97156357652430547
1.1192506135277502
0.7361770548208536
0.87901160160818248
0.9827565380786214
1.0629470946834343
0.73713605641730229
1.0394325650967231
0.87610586089734011
0.99545115137217044
0.72550460816279538
1.2692045604600326
1.0393470332783774
1.3133282854234254
1.300880071941581
0.89803925393827
1.0265383463708351
0.80194663013092615
0.95807852758397061
1.1987261496191053
1.0496497572635104
1.309244880289655
1.0181734907597073
