-1.1903660020316
-1.157315961840951
-1.2905559596015541
-1.1190816739441511
-0.83597856065978193
-1.0387677073598154
-0.82999839360549954
-1.1119294161624547
-1.2352890978491549
-1.3569247988281272
-1.2067888920111143
-1.0476864263618251
-0.87159639737215144
-1.273757309502302
-0.95120473810425066
-0.91391398054936823
-1.2175104501960998
-0.93718624834069664
-0.84116391826090076
-1.0572972837922749
-0.92368281619526982
-1.3922412019964447
-1.0411878897724203
-0.79466154165989233
-1.1078145088695099
-0.91645185496305381
-1.0549969457999522
-0.81567614259894883
-0.69925023611676762
-0.91683431411065319
-0.89253286061967596
-1.0322555372887525
-0.89369968724775461
-1.0081855262650412
-1.0182626218471158
-1.104637392181445
-1.1189886282223618
-0.95995788609511346
-0.95078510246055747
-0.79663905521452805
-0.94344962196297311
-1.0106846622257528
-1.1340549183950239
-0.97128899581988737
-0.78815345323072605
-1.0068633843953416
-0.8221332809032853
-0.70493482607400926
-1.168519386598913
-0.90189297291451631
-1.0341034058553671
-1.1296224488448037
-0.73065977540562221
-0.96348210676759982
-0.69624571963720872
-0.51262460831089751
-0.94201575864610898
-0.93270822269790021
-0.71056476261857626
-0.74423147950217572
-0.94285767532312026
-0.94840241463521047
-0.79964309148003065
-1.1933400172996675
-0.85509605996135474
-0.78390825317590851
-0.84793286160638781
-0.85484807959244302
-1.0533876803359443
-0.92477070317411625
-0.85055009492343747
-0.63087714576034848
-0.92137634243164501
-1.0467568599399242
-1.1798007272388646
-0.96103151564035538
-0.9393244105328733
-0.90607399172152503
-0.74865312810526119
-0.8560976737472149
-0.82981175706755717
-0.40812777131009786
-0.72042969892190423
-0.53331959480724922
-0.89212066683671132
-0.79210499190843997
-0.82941391372924544
-0.91063502434798727
-1.055144466334424
-1.1618275754194227
-0.77023709406343277
-1.0246900357996473
-0.72023960726548808
-0.72909162768339308
-0.83519645146585464
-0.70929528829225108
-0.96029608761602281
-0.80564271846373148
-0.86925712705864788
-0.55106345884834751
-0.68187885725910002
-0.73873492026205989
-0.96541145873990353
-0.77877823057874163
-0.54752784079664063
-0.85601458988960999
-1.1119126743176926
-0.74197491825553552
-1.0344833445255888
-0.79785056893865192
-0.90628791543639931
-0.89573874870904779
-1.2168224154727565
-0.50904705616340939
-0.51658414489965598
-1.0853647725249418
-0.85150982493970329
-0.70872214246305187
-1.1559628647881204
-0.41740949115579562
-0.91356912941444157
-0.90304031816979424
-0.91287536768067201
-0.81372685450186211
-0.58656754145447665
-0.84007722367901427
-0.87933140207687122
-1.0960820347954066
-0.8400128692739407
-0.52047179352127504
-0.57446334093075779
-0.81508514298834245
-0.84185749148338462
-0.7346115043993614
-0.60586946072831893
-0.72264435027031981
-0.50520003757826548
-0.75975871657273919
-0.89074784357506021
-0.75467981291884534
-0.80075084688029829
-0.51521835060275922
-0.84671725451366142
-0.76698410179915211
-0.75830075638659455
-0.95234710382614807
-0.93056907097204744
-0.72110893346615146
-0.58667156004699228
-0.54926192392695572
-0.8814170937234469
-0.65529738737286691
-0.76839848896481111
-0.68509568864093084
-0.43363433967446674
-0.59723188617330625
-0.4022712675518646
-0.28295542555998493
-0.67467000410700406
-0.44431390723127456
-0.53007235889466653
-0.82296284541293951
-0.65127103871936964
-0.84448826976343871
-0.63878309139031553
-0.67485757014642245
-0.5129705241660083
-0.74214855701831428
-0.61886483363703448
-0.6623383924450329
-0.70511326943033825
-0.73435761381185916
-0.43967360003930478
-0.74694880990531443
-0.8770545320077715
-0.70653444846619162
-0.65832348338347768
-0.6245585856098278
-0.47863375723461787
-0.77405425047275012
-0.42465769099858713
-0.42609166435130091
-0.48409122866479121
-0.73763483656426809
-0.64874786754347213
-0.60285937652131205
-0.6587660623275754
-0.69564669304243321
-1.0768866686229475
-0.58151872946009808
-0.5169198654180599
-0.4058924671161197
-0.85331766464229064
-0.7947919160666016
-0.45380174796386263
-0.65446729291474814
-0.54535712997242181
-0.86553598250481378
-0.50033585129981895
-0.99438433519133984
-0.62231195972050757
-0.45133318713718984
-0.77465852419719572
-0.5916709656330349
-0.87857160245314203
-0.49550772783361918
-0.69214596359326708
-0.55330381616875968
-0.70282101248394535
-0.74442902315359827
-0.37614322061559929
-0.62743887613121008
-0.66800542940484209
-0.81450202531264637
-0.61365706357357686
-0.38606941343219592
-0.61902019273299225
-0.65962300476928137
-0.80065664252534996
-0.87007499955118373
-0.53969063478117618
-0.56453807204151252
-0.95228221776693567
-0.57809883559929243
-0.48035216487472027
-0.37843527255261794
-0.61009818999128174
-0.45462189726706725
-0.75491219328989356
-0.52390149921117335
-0.82216325122256084
-0.68139265628896906
-0.45143916015745733
-0.54607556926810696
-0.4987787131280485
-0.70522509545749257
-0.68643693438796005
-0.67765536840904583
-0.69574944515270631
-0.65501880753908526
-0.60492017180882862
-0.18129846760773918
-0.55838504894485175
-0.56604480340444274
-0.50517649635930717
-0.60547556594909113
-0.40109193447757846
-0.53005736291471295
-0.66094588411017197
-0.44894293505324434
-0.67191135654997558
-0.34909419165819372
-0.61581656395905848
-0.61687961841954353
-0.68624001756429542
-0.49843105998349019
-0.57226295635001434
-0.53247629332760604
-0.48342427069244975
-0.67048761067939711
-0.31781353065749968
-0.51370807306876232
-0.70689226127608973
-0.4018549454827699
-0.75498455721925084
-0.52898408433676958
-0.48490173496773536
-0.28362223385585045
-0.50129555897730915
-0.40413537783960257
-0.57643367011977054
-0.66523536958262353
-0.26683454902222542
-0.3930039460222331
-0.55342148386157686
-0.56886569794556041
-0.71695048420715779
-0.57677941913139141
-0.47961889267040686
-0.58992333267543828
-0.66692220293183158
-0.37120770852192736
-0.10859630336875722
-0.4445383180195826
-0.39705319372115161
-0.36793288050268785
-0.47657104961295749
-0.55102405674265309
0.021082194927671008
-0.4659547560290041
-0.33243214307159658
-0.49681824183934731
-0.61422729971169387
-0.35015204117851362
-0.33376351941015775
-0.19014583400170174
-0.49949147444783265
-0.38973587194970222
-0.80886834507419925
-0.25799945345621034
-0.27889025514579713
-0.6061495764124869
-0.56420823993073432
-0.63614329757890153
0.041989252822986413
-0.38603307329551023
-0.2367896142048716
-0.14987580810960524
-0.22997985441419677
-0.3858750057072321
-0.49987122438352966
-0.61680129192040234
-0.48313639343438775
-0.47223217358139707
-0.16148784423109902
-0.60788495679662313
-0.45053999194338984
-0.26350539231821907
-0.45079729193284895
-0.46710810840894551
-0.39181447381803591
-0.14859441142423876
-0.73712621345914786
-0.46061144261285175
-0.55600840800901186
-0.11074153418441735
-0.60639935662969502
-0.49843013922082574
-0.36130161944755651
-0.26728877377787291
-0.21974009936963448
-0.17145247604459937
-0.31104634905110545
-0.34381852273199204
-0.37084748624225833
-0.48871652464152215
-0.35039380472305864
-0.56479667447316684
-0.49403220513186874
-0.57901674661407865
-0.4352902911530534
-0.52564834534078442
-0.58275934359521941
-0.41509407527111519
-0.12807660322699149
-0.26510389854774885
-0.39285959656250574
-0.38755872900884242
-0.22419601593471772
-0.34400515186781189
-0.38723668170215669
-0.15146567657238125
-0.24651164589760449
-0.13666005621360994
-0.13515659272856415
-0.30517302816876796
-0.35472128931394564
-0.30747591882619296
-0.22621566643798266
-0.02067045116967341
-0.55975606571129521
-0.19875021631191916
-0.19423002121359575
-0.4481827139750354
-0.36088940903260847
-0.31792117161540234
-0.32347987457579458
-0.35738651777311037
-0.41354676474725877
-0.001747284705156387
-0.38534159020665476
-0.32316663482023117
-0.33242404935998732
-0.37521200160833651
-0.2975563213911514
-0.35384819885249641
-0.28593147972937127
-0.31021712450712796
-0.1916626954820396
-0.02498412739117516
-0.24529303533689242
-0.4428472587383096
-0.4040116123111504
0.17434810492855168
-0.44192408976507846
-0.016470890953149409
-0.25832472662763661
-0.17223971647025693
-0.43911519999844462
-0.24962189937415696
-0.26220973911950268
-0.35229046887273635
-0.3728445434373171
0.120321358941537
0.18135294770794461
-0.11914021038346517
-0.29346793043883407
-0.0047626853682809674
-0.2747197150965095
-0.49711511278959053
0.021766891506235661
-0.095063542254528871
-0.016699286031583219
-0.27484480800211691
-0.39962228288999496
-0.18087777775008454
-0.25393672826948194
-0.079159955035837309
-0.18685550545036614
-0.067806211481343123
-0.45244116302094461
-0.078038300712913497
-0.018635917223864994
-0.085769482012434131
0.0085059201002568498
-0.4738024525480995
0.046571877867850227
-0.047946150064418956
-0.48428883952814783
0.077948920174862837
0.10009554615141074
0.046826991132089497
-0.11612421544786446
-0.10003225525538138
-0.51761789326412766
-0.607098937239549
-0.11711757301428631
-0.064139035995136789
-0.18820634589629881
-0.017452683459414409
-0.22827552878712659
-0.080993705293885665
-0.34825123714908868
-0.40456645723032791
-0.16813395629222425
-0.00019276276849729788
-0.092100148119366496
0.053215451415055605
-0.1053025078282834
0.12920538209418275
0.098138076617983114
-0.24769290701688507
-0.033368475038661125
-0.078934017534827497
-0.22115942014409584
-0.32826855679917033
-0.070140140365462941
-0.1596332042615686
-0.12730314343846999
0.07642774559771795
-0.16984113942008114
-0.025787237043338077
0.17089314123689484
-0.12381526464826743
-0.19252128544445146
-0.20921341850798966
0.016325080283866811
-0.16447083705288626
-0.0071667958574573821
0.036257465910326629
-0.09868026719440405
0.22037774999333348
0.2652277814247011
-0.43797378467080916
-0.022280055135544919
0.058420275498777471
-0.2772004486968786
-0.22317618442493203
-0.21933022553664042
-0.064381063250593062
0.06074470059260037
-0.30130274254456396
-0.26564487671630344
-0.057760149282049665
-0.38827402867862398
0.041120669705295418
0.15681528612637824
0.0029195119994152698
-0.046773473017344094
0.25650346702217647
-0.24821588855289409
0.0099237869546560647
-0.080179909907027141
0.093721750930282677
-0.17328528543023172
-0.17134997133039448
-0.0010366191745913688
0.050463039806928005
-0.17299566098943658
-0.11612949753540065
-0.080974399769002628
0.11995909810372124
0.034591141353341924
0.051526370450829188
0.13244289811643226
-0.2449169438102286
-0.19563687034735827
-0.30471792367473982
-0.017713029090163129
-0.15825622152768345
0.13641791758740512
0.14664328301086402
-0.095131410838532701
-0.011348475538265346
-0.14154223830353593
0.10927130414879827
-0.067482130355198122
-0.05395237057768127
-0.15306594058952558
0.26857829612620654
-0.084204831754544518
0.11750079578120472
-0.16108276158155538
0.069581718337116655
0.23699510737290155
-0.11408790011356014
0.14921769144662589
0.19656858349997636
0.12893830094352471
0.019939157587065104
0.012727179049307083
-0.018717307676715179
0.21567597688655524
-0.095110483829180359
0.1916603242065163
0.17223405103375064
0.13705884864171053
0.18250745065882906
0.30978497882828132
-0.059653306425399892
0.037062274654724718
-0.18510315154679852
-0.087298035192353393
0.33700199023433597
0.26675012457533703
-0.33192251262748129
0.26768306160718441
-0.26409967291846365
0.16657811103355366
0.034006155268208056
0.0041443885931715368
0.2077505403842233
0.0014288395085758441
-0.1047807689949606
-0.12959989095782334
-0.033555335029920044
0.15330116027763271
0.25705729176953901
0.19515329810352891
0.05773741543544058
0.18496193171791267
0.30949930560360145
-0.26873226790097138
0.24077876055632727
0.4805265467106043
0.10558908715094932
0.17806619626006723
0.51607721597107847
0.058183638016940993
0.18153890144288748
0.24974127271363544
-0.12449953550247521
0.093828089156555064
0.11988886097421195
0.29626897191566115
-0.13449477677772018
0.060369809482383845
0.21063281178811272
0.314504829532612
0.45381281646399141
-0.14791101372808452
-0.018553701361221624
-0.0042665033574124699
-0.12683496861351914
0.13572505732186629
0.21213393119053164
0.60942568695239885
0.28559265893781183
0.10566149189107008
0.22141124119004355
0.38661058298083484
0.25547000122231561
-0.09303283160644478
0.38572528687877727
0.23565274759333626
0.17259285390893206
-0.18550473202203346
0.40942161604211252
0.10097626820963003
0.34886912199338527
0.5141349972036241
0.17291418916086981
0.19927129509669547
0.22727445738303542
0.46264158637729147
0.14300414135126813
0.31095558600592416
0.15900908304792427
0.2736406230630945
0.35199701658764276
0.286125618045737
0.21325624439447072
0.50064630999449766
0.25037844140601867
-0.055925103185583573
0.10350437418081371
0.19048098542886846
0.30905334099589282
0.43789848153130195
0.32719615186264672
0.19042405415840163
0.14198344618180433
0.30058848776880798
0.49276327517990592
-0.063905624973312439
0.58069220940125754
-0.0067649678526665096
0.3525923283205416
0.38528703810368398
0.31927960116172244
0.46310518322950589
0.36116833342325311
0.055639714565582116
0.33640435251459561
0.32597790682779015
0.50532024400830933
0.35373729207479632
0.17455681907161122
0.27820395063595349
0.18229286849939041
0.25076957455037791
0.38478641180287143
0.32134332963921758
0.53869782353127171
0.38523882733792975
0.23085776492215157
0.41767216755220454
0.43584924963351418
0.10031876461940308
0.41659194562334784
-0.03936427152599066
0.24001370985463205
0.28841455234867985
0.055398225014979784
0.48266823244197277
0.22984954277047434
0.143852600098965
0.39673519885786462
0.30798507873554259
0.26334818909031776
0.11850247928854243
0.36565159280278359
0.66975471538067077
0.23900091349255406
0.078488095661830876
0.22929287097201129
0.25677489807437903
0.32470214019588645
0.52611215461951866
0.19392522216195829
0.56163495591816004
0.17162555006911132
0.52319585595479867
0.61865758257463455
0.42160748823290362
0.39174560898896582
0.36141277040842118
0.31736016953655011
0.37672614899145379
0.34132912140561938
0.23444013847466821
0.37026108520533835
0.29911810021422647
0.34766160494870035
0.34770580475523538
0.1589551693380854
0.32951269273010619
0.43602320099933073
0.014062317751600094
0.46775761489979861
-0.060343317462550387
0.017872517398861729
0.48107287931939835
-0.025692144432417532
0.27357946013688922
0.49915304548516659
0.42568403846299091
0.6745181968663031
0.68919153968089741
0.4854920985053926
0.33087750886541983
0.63938876028339853
0.5556069096231705
0.52438331572578167
0.2006750504832038
0.18027622830560455
0.24541685547201122
0.25648520267453279
0.38775674495875373
0.25630494266416792
0.21478941409752234
0.50642718649378238
0.21057958821507849
0.40144262593023539
0.31535905435678402
0.58419898646890323
0.1917481363519318
0.31796356177621399
0.34523757991541687
0.34316006660438264
0.26081993295007438
-0.052324202428381615
0.4022304925482143
0.44033025487566146
0.19710034094540321
0.086752450643330925
0.3257476242384445
0.42017306575374291
0.48055273976404961
0.42779363376177149
0.52372651680272841
0.54447343562051354
0.14507402153124066
0.31047914418631034
0.1108083684302982
0.40259878431290708
0.30493265738265407
0.67503719139971596
0.42967890005562925
0.67510908583970142
0.41785696834786629
0.54696556836711874
0.29338010915232654
0.13947215050283251
0.72681201165569376
0.72242914978153072
0.38251182803430805
0.58837723451741453
0.37071243635181428
0.54061606361787784
0.19112523729161351
0.65999204311643178
0.89958070435553672
0.64241386464954131
0.64608638185942002
0.34279769236156848
0.49583665968440416
0.547502791469345
0.3935546076869384
0.50774866664678964
0.61459590105553008
0.62658210242242551
0.58325126366075775
0.56586728093362704
0.60158201289530278
0.31712405985228254
0.56792451652413223
0.66037293718117351
0.21723745004977912
0.52815516429500897
0.89646135948299344
0.65721229174430262
0.53206323788244581
0.76146177636097245
0.60540629126365153
0.70948961649784281
0.50343240284744539
0.38350951622940205
0.65206260893083567
0.84822228101619235
0.46292875685656937
0.83250107597233869
0.58533007609756837
0.64338409582515099
0.58045772262927919
0.67750496134260085
0.74105991241961133
0.55982799252022708
0.70284365581531638
0.51561581122792
0.47574086037724256
0.55945096905453251
0.49149793163139494
0.61305291488656422
0.58083173598433746
0.5318336936311272
0.60868912591172686
0.82545627427590962
0.55483301972336896
0.71624075816233856
0.53938281018358636
0.53303227873456083
0.49685698058880917
0.82882767401086621
0.62799868346043919
0.63184236688290674
0.733499793859406
0.64511861801451242
0.21785227665982443
0.79413943730698333
0.83683427683102662
0.60871282745068656
0.99705290476836039
0.44798951872397869
0.63121041827126612
0.58637740912055747
0.68911737970007048
0.56237912404551882
0.56994558759633296
0.45495048802763066
0.78218185575385268
0.80342053619995757
0.54941853710237654
0.85794017084953145
0.60546732204246767
0.81000140636830653
0.63157397335261578
0.63769838156525505
0.63997248363712333
0.57806542592498977
0.8063072820512186
0.97302869478998821
0.61906620646148258
0.63740814031519766
0.55992490112129034
0.73333140731025181
0.81485984290304037
0.80149344822825563
0.60400208307019565
0.5557431099428467
0.35567891685597192
0.9212563853197886
0.42364617851514064
0.64578608890104583
0.77013792533605852
1.1292243720809059
0.6898953939446284
0.74061158971056062
0.93004341578563321
0.65396696498070217
0.79437516141100095
0.73672022702358342
0.83945735792984799
0.81094464923408704
0.25830733859505561
0.40859283292633997
0.75299679892222071
0.92497163068620891
0.81185946973247125
0.71239534271360494
0.54284318823584321
0.88799290570395872
0.54779941976495361
1.0298880864496016
0.40256800341965016
0.86250173195204594
0.83135835177346706
0.70775563968197996
0.58132868207101906
0.64782445716353254
0.39532293900836918
0.66189071700964841
0.92092856984012028
0.67521149963113047
0.53287445322366245
0.79638097650547068
1.0882226039369689
0.76561165981839463
0.59069223499580181
0.65293700200598848
0.53545694983485337
0.8116223229279963
0.77430693785148441
0.84382990350499743
0.83840747355580703
0.75667322677898929
0.30120671563639645
0.79535352764437872
1.0735478190470535
0.54397678252636583
0.67539143831073112
0.92493720238886301
0.41015260427251377
0.9406684866751156
0.58533818806164029
0.69385713908767843
0.7999659428905499
1.0657165801068749
1.1063358599879316
0.84061479850803389
0.78856539084511912
0.92148834385549172
0.773673763703284
1.1454432291912651
0.73378388764297742
0.76464263493250284
0.92063600480573227
0.86068436829417305
0.27744630918646257
0.73281578899449018
0.83810614430586738
0.57510722379776946
0.86918958725544659
0.62080837760447449
1.0037453611247267
0.96670883818750974
0.77671945052163816
0.63787706154751733
0.60054240963908545
1.0859590729852047
1.0227531866768773
0.91597827509740737
0.72010595360109175
0.55221879540083951
1.079051914580597
0.73012384709552058
0.94280364074892031
0.97431726200432822
0.56811068568355816
1.0267705630029766
0.99583542497692346
0.80313334544861859
0.83006690306089448
0.68214054586734285
0.83466363442976188
0.92074653258948813
0.87854228480897478
0.97849467178301319
0.92720686257285478
0.65073061162091383
0.61209651778424579
0.56652720196915762
0.88333644556342961
0.86316594904030497
1.0374166937221254
0.70693168977405429
0.96161381210750674
1.0665929132698735
0.89627764862227444
1.005868999594461
1.185151854447658
0.80844725906300208
0.93997464841652922
1.2582684954778034
0.96756071364210261
0.77718725707887237
0.89127292230774402
0.74902150502233511
0.97188549493320198
0.7767724280733056
0.92219434531234545
1.0366676909333752
1.0243347778786882
0.92824262545156233
0.90566583686033142
0.91612561207478005
1.0470688017476837
1.1205480202924392
0.76459288533998671
0.81198707346071042
0.43631332085747854
0.67303871692322814
0.96104537639744825
1.0676340634097758
0.680138708785472
1.0488368414576374
0.92393060686964157
1.0290025523465491
0.86157523146249426
0.82929174612148249
1.0022600200289229
1.0280813074319457
0.89007026957752566
0.78847500465535314
0.75167555552714194
1.0175685121235365
0.93188981283932071
1.1772663385602145
1.2736581283429549
0.89016359921429011
0.90232274633587883
0.73734014159123773
0.92728353984937684
0.6408679782606781
1.05117388780843
1.0888253391736964
0.98238235039808364
0.99555307457223197
0.90656602805286224
1.2514078535059108
0.88482408469409779
0.74289406238753897
1.1155384201129659
0.89385932826814729
1.0385656772397218
0.93194220912699743
0.85844467847127193
1.0713721971771095
1.0750992746022796
0.7085903566326589
