-0.94757795519335997
-1.2517182114017202
-1.0355154057046188
-0.67640564944279213
-1.0746386426386065
-0.92402422229506176
-0.84523452380130815
-0.91672361910586642
-0.82820415892526555
-1.191233129558793
-1.2207000525309231
-0.86376816774617826
-0.88367877170143849
-0.96956013867851254
-0.94964902906462134
-1.0459222663305157
-1.1385934610743742
-1.2060274362618009
-0.72442516094459164
-0.71535108860062946
-1.1559332048294917
-0.84564400310450816
-1.0293797469499995
-1.0063543482439714
-0.78715631059031788
-1.0567812230979172
-1.1112589785704639
-0.96209588607545304
-1.1192192603330109
-0.63759854680972095
-0.75384604923135135
-1.1405252828555281
-1.0335869730935292
-1.0083746194883647
-0.76310683045846017
-0.73906552509458856
-0.96707752458438723
-0.87595612317981331
-0.67723285549193835
-0.7899171473486134
-1.0097757251293698
-0.85480401087861502
-0.77301232951835219
-0.94106529443811315
-1.1723194559325552
-1.2764742215953313
-0.98208891166269863
-0.76204249507208999
-0.46844589053104685
-0.9375018833863682
-0.75784973170470893
-0.99974321559097146
-0.63897858772485094
-1.0189380913316874
-1.0764697272188808
-0.92625408034597345
-0.9741075122394719
-1.1373481496986404
-0.77819521049638973
-0.6676935666979148
-1.0023195642621303
-0.61652884507518158
-0.81408024923506417
-1.0219561612425081
-0.82792715916650017
-1.3711803741269861
-1.0213402154776787
-0.8018710922600909
-0.3832851699278953
-0.77721680256719727
-0.85800831485731266
-0.6790025694640579
-1.019238442183674
-1.042060888981494
-0.81577050479634561
-0.71393782347625856
-0.57599078226974088
-1.0233304432370669
-0.72431694084522202
-0.83416300274963395
-0.87653188157033801
-0.70313158871715775
-0.79115351766878383
-1.0549849372543501
-0.96708755325076645
-0.73674046408234695
-0.80359960249934814
-0.80122424467933095
-0.55393059825085222
-0.77844194212080353
-0.82711611156928289
-0.72566913662586252
-0.982010944981759
-0.82532839807974878
-1.0329428898175637
-0.87829260147151411
-0.44089323058138402
-0.89081839845249677
-0.99135728180376159
-0.51585966021493701
-0.5974226532420055
-0.60472904828674923
-1.0606774000275052
-0.60184219712590425
-0.69172349526362309
-0.95511665441473881
-0.64547359375683322
-0.98396724550691317
-0.71844306819078818
-0.75313589352920107
-1.0854365385045721
-1.3236117799308766
-0.79671392989832435
-0.55850857996094605
-0.73053068242571084
-0.83843974274652211
-0.92132057107734833
-0.64983555367893098
-0.55775176868320575
-0.76129389677755233
-0.62472269381934709
-0.71547386712147065
-0.73808498049468363
-0.48508744360249162
-0.75527030294029063
-0.49381864587481922
-0.61774230559467036
-0.51984674757392979
-0.57044242930379363
-0.64720825897516365
-0.82819691224208425
-0.81889048610158832
-0.54225770335654444
-0.664705911185966
-0.7193052917279702
-0.69762602909057925
-0.86341062818467962
-0.34272915238894769
-0.47453509440486874
-0.70393687796214577
-0.81832326300328506
-0.94429293429769701
-0.62888782528048648
-0.68544738185626364
-0.75792523016273727
-0.71144821357849131
-0.61268471019501058
-0.54667551126473046
-0.99830767621695982
-0.72697712311632523
-0.58849693639767964
-0.7397190922181438
-0.58377383876864342
-0.99925144505394237
-0.87877467048312508
-0.76914920913675966
-0.76371420221848496
-0.6688245038737648
-0.9764478378551541
-0.6134848668942614
-0.64574376243657394
-0.36048508430117115
-0.63365976618346442
-0.70178958821366633
-0.7954412123083624
-0.91357588655176358
-0.63803266679442727
-0.62392334768467683
-0.98065057702817005
-0.71035691604932716
-0.59403006839609196
-0.59170192597106996
-0.40349914353862842
-0.78835428635318405
-0.65118263599767745
-0.714910574805805
-0.7130823126376169
-0.50736031540247983
-0.62925183473192481
-0.76548545066406992
-0.43622847288540123
-0.76728843967314342
-0.44272257717123664
-0.64783571194906997
-0.31605280372192718
-0.6265617595898999
-0.46793538188226697
-0.87510265407399579
-0.94701833571210459
-0.65845974798447193
-0.75531038200977585
-0.74127924236200649
-0.82921090952019316
-0.48046774720011665
-0.77648708732878835
-0.70437165929047851
-0.51683978888137017
-0.62903252726809233
-0.8420472642757808
-0.79153077429232188
-0.66534724835029757
-0.33435327057836056
-0.57514115576170921
-0.36356200766734209
-0.63262747257570062
-1.0082786505327745
-0.45624802607970405
-0.67526319141497015
-0.67569169890035163
-0.45880531284076453
-0.82943916648208216
-0.65273275946124354
-0.57272951970312713
-0.3600645817957025
-0.43230520861776395
-0.41469416428990474
-0.76036497845605999
-0.58163174554494335
-0.59924387864163386
-0.50986030330519305
-0.37940445343808826
-0.59123803130853048
-0.55046346540460389
-0.39488738157261544
-0.7799829431103098
-0.74244620967958663
-0.7665574778869404
-0.39217578639092443
-0.24344865801678783
-0.56511282851033018
-0.31772905122889089
-0.62674974090858315
-0.4357031799556999
-0.41873655593622972
-0.3309397620172797
-0.57952579609000543
-0.40020645172288816
-0.69990737952102855
-0.83517615091550546
-0.41095097606589642
-0.39089744384853664
-0.86286113778203566
-0.5540710098744932
-0.15341538033786487
-0.56416787661414824
-0.46134224202257024
-0.61537805393155487
-0.42093042010325682
-0.1618630329859464
-0.63561847236579827
-0.36161416917909139
-0.61772768347130202
-0.43951676651157551
-0.78430112611974889
-0.39997469030128885
-0.47302609523276068
-0.40615960710136162
-0.37299477845439755
-0.24897879249470681
-0.407856632788961
-0.62798436453355178
-0.66325845179909948
-0.36822186623398967
-0.56245565330108294
-0.46416611848357087
-0.7857581086571066
-0.16467091525204314
-0.50347060055333781
-0.4255422803217872
-0.2412497581040153
-0.3343456371112965
-0.48074611833041142
-0.66325501792658326
-0.52197711786297374
-0.49104176693775553
-0.25580564996432936
-0.28696934169129612
-0.55955965047444445
-0.36575029612814214
-0.17655092506093215
-0.094445333694324854
-0.29220241998451951
-0.43981368383551822
-0.39069608550727913
-0.637966892012645
-0.45615430554855796
-0.39552914577068959
-0.64483344868022685
-0.48906948712682308
-0.39475892238580207
-0.58545042893932364
-0.41077000528597463
-0.67972084078535344
-0.56492420845934466
-0.51268789976814944
-0.56412867108029763
-0.52324669123139
-0.32335974226882314
-0.6285831073694933
-0.21815231986690903
-0.53183132886929674
-0.2380012406835445
-0.6876738007160017
-0.50938299276503041
-0.3437483021398629
-0.60249434708924721
-0.60413984823318312
-0.24929264556903641
-0.46779866420638588
-0.38159736986962467
-0.56645579362434162
-0.42095439821192698
-0.31057278636522984
0.017831318983825103
-0.16938981233396119
-0.70416025317230679
-0.46071135289597615
-0.53911192526946283
-0.11306948332464911
-0.39040827566981784
-0.14554654435109982
-0.2698781531306999
-0.15608344707579458
-0.34189937081314159
0.090169940178183083
-0.32519705192334075
-0.28308975709885442
-0.33059967343150864
-0.36595385789712614
-0.69438548084347673
-0.41946541198347198
-0.24279275734773922
-0.25221755813980301
-0.54509873952348531
-0.40045756453306353
-0.43161248165761806
-0.52033964525072163
-0.49332889396009805
-0.095422637825490833
-0.29821875378793145
-0.16198418880286153
-0.36720160992046613
-0.52532614445387238
-0.34660328326195144
-0.3343966602222333
-0.11687904626262532
-0.36725146667379815
-0.19666363593657588
0.13468497271706292
-0.22828476319169821
-0.25580002588040845
-0.20211532166623974
-0.19615889412120879
-0.26354696625182333
-0.42225548456689121
0.19228333146158713
-0.50966057465381653
-0.052004920928765602
-0.080872247108670858
-0.46462772977414285
-0.27570046212167904
-0.367329557208803
-0.49224165524213337
-0.26026652393238425
-0.12754945161490136
-0.12965433510450228
-0.29369454415681384
-0.43558283755590532
-0.0077267724477902535
-0.39153275874641064
-0.037728932107489691
-0.1602442008127192
-0.088993225379959337
-0.25144597340491148
-0.33930800468011307
-0.49643487766332856
-0.29062672719745197
-0.55676737575364277
-0.3980697448880996
-0.48664356071792897
-0.23350267546786843
-0.61480981894558029
0.036175579043601643
-0.5924380908009661
-0.39920545664188567
-0.19849136168258968
-0.18963871759915213
-0.080021803369275946
-0.17047918225275618
-0.21693670876877597
-0.19752777851432024
-0.40390559082764343
0.026789176104516185
-0.0082253276097383997
-0.027666084708454847
-0.11038123064071341
-0.094061363324201369
-0.01732521793635888
-0.25097953462654332
-0.088740265821814976
-0.12669577841091229
-0.37186260522816211
0.047076921437570307
-0.10439329910956179
-0.30802876689259889
-0.26373927862193114
-0.13250950658857241
-0.077397785239238071
0.39949227008817373
-0.58139872571083828
-0.11194333097576227
-0.45107963942328921
-0.18567804227903975
-0.13835106484918075
-0.0011238710072680503
-0.070525958978151407
-0.1989470038880774
-0.35037085294511489
-0.19570090017247405
-0.13893621546206669
-0.19692308911462125
-0.16010220242323145
-0.12004230755991831
-0.23901464956607921
-0.17781189694967148
-0.49759843052268271
-0.02287529365314139
0.26485876235011363
-0.011597117415720695
-0.3389534714921244
-0.21313902590995482
0.07129439100538805
-0.25112027918242058
-0.041210601931648799
-0.28739439226365837
-0.1476529873822707
-0.1856539645551066
-0.22215550329599665
0.083122454973339852
-0.39173487832854903
-0.22419125270029214
-0.21012730464056548
-0.2727109679831401
-0.0094737462174552655
-0.21344860790537853
-0.26534234651828703
-0.33371674579616556
-0.18039729643005256
-0.28280406322596813
-0.15783642211584475
-0.38679977345592231
-0.096748740368450423
-0.15264603440398541
-0.24964805413424512
-0.18853919073433117
-0.13453554672924573
0.032692630923445286
-0.32247888014232345
-0.016177636951467345
0.33385603507165196
-0.41864639210968491
0.1613396284795304
-0.20037602837703208
-0.36543259236293846
-0.24399248909998109
0.060271978807152612
-0.15495071094654542
-0.34062113179484343
-0.091195462792985321
-0.19198098899915497
-0.17001322532438196
-0.050242992577968701
-0.16484420582095488
-0.12841625027962336
0.20677188336599639
-0.10900120568545879
-0.038737011366525929
-0.3411878295806513
-0.1184635509879029
0.049840688168114981
-0.29287017139173505
0.28059222895526742
-0.072029973851289245
-0.27955186210030741
0.23110139200325203
0.10757321410694143
-0.079303808724559111
0.31041214091884989
-0.10199464987546754
-0.14059372377852464
-0.13533983194617175
-0.11725184877672935
0.037752575850544826
0.11385377504188619
0.088817393754970664
0.0067358646256536646
-0.38064986041550208
0.060133564059864836
-0.037287954766639542
0.1710434513572229
0.18489763288909586
0.005054110051090098
-0.026690293569107463
-0.0049489747583066667
-0.092729674023322661
-0.32179880031729341
0.0171839414483584
0.33439665355266934
-0.025705177299496253
-0.033205895388960051
-0.16128382718175518
0.23184600437389447
-0.19842740456863103
0.17234159004074151
0.24360525400944508
-0.10872092756880818
-0.056381816172487921
0.072267879617712194
-0.053879706420033806
0.073662009335531423
0.3088831502391719
-0.067569673775423778
0.12061657199641487
0.15386522353680193
0.18881306505340964
0.27721820211433529
0.29845155552778402
-0.0036744139882327101
-0.03420465763850597
0.17663821190035853
0.075116812399997845
-0.20445495118480314
0.24339818963231794
-0.11167016561157886
0.23681065831682574
-0.13961601724737169
-0.069705488312256064
0.034849570247922429
0.22161308399038435
-0.026952064134642462
0.025034747642644243
0.073438118168685201
-0.25270441380585712
0.019592582304848481
0.16511440734867067
-0.17960923771179652
0.17999757178746614
0.086623318580596353
0.30103512593688025
0.4958419279311323
-0.12943735352739222
0.5465431660926876
0.23712672394662601
-0.018320990163941817
0.38358233971402605
0.17133964572654184
0.063691323287503737
0.057860128947892976
0.099962765618342192
0.29777736554591516
0.077713258376533229
-0.080933482105374197
0.0070814007237348211
0.30116480787302019
-0.014745546123563333
-0.10016207869223573
0.21660492937246717
0.21547232591292864
0.23935434299084724
0.13668579768188699
0.19874743532449687
0.10452391515841217
-0.028444282875063818
0.14591980338571364
-0.04892881986202411
0.24326961051991011
-0.091270513395474276
0.29602698604702826
0.18732311100505913
0.095034465370969032
0.11862683509640673
0.27704819591383534
0.096461733342884548
0.19072532433783296
0.0097770384905409013
0.32305266968007929
0.088734784263607355
0.65496337398283566
0.31804198240973242
-0.055093419430015639
0.1344864260034879
0.17153380720058872
-0.078354027462218645
0.38294006710800116
-0.012384743805813635
0.15367555768866523
0.31355738040528169
0.05921892135145717
0.22839508184845231
0.43224912294894974
0.063776804619656471
0.0080686909467234356
0.043906035171861091
0.19329533824166029
0.38593358591223303
0.29678273275459544
0.5178901370811887
0.39376370795187066
0.11495810506810478
0.13778743336627783
0.068126808869550123
0.47093601939392238
0.053754103061427555
0.18775986359700883
0.21432167013879802
0.19900343299540288
0.46481360095177132
0.3041529783193247
0.1872646784951682
0.24610562145293352
0.51961444787638034
0.3966781353548493
0.19075504778517943
0.3672738505577342
-0.0071127122426624329
0.3403574833695987
0.17339058157568224
0.36747498147528002
0.4885671878043964
0.37521509508897982
0.49799315868047767
0.27079654018742866
0.067352006535975117
0.54279488730880077
0.26852504777200464
0.32395754689964834
0.11411645765393973
0.20944543733131579
0.62152318086004388
0.3771416255865726
0.20730601611650665
0.21957796184196898
0.077457394711070743
0.52273439904859897
0.37309071645792657
0.46379035299490878
0.46520203168003105
0.20980297921226612
0.41501199475956591
0.54512741802998754
0.57024032691095417
0.47757339617783834
0.27398340948167155
0.59818316024663021
0.18837515132105651
0.17236765829792688
0.43823244003266049
0.40711794645114741
0.32520221329483423
0.31041935700634393
0.011791069406918544
0.39125009918647508
-0.01071378786448072
0.16189405193832901
0.46105974606950767
0.52214420082256063
0.51987386089019949
0.30711138639363017
0.28238004191931149
0.42143279277216605
0.092778334759287193
0.17723790839537754
0.42591623099785664
0.23697388841528289
0.43812795100126323
0.26910808730493729
0.37101649040895007
0.4091321332235302
0.36198563828967206
0.15142970696070904
0.47001311123914691
0.28479304766965668
0.22218489758931079
0.38878479733402188
0.19038541273445789
0.45473473052671548
0.30524790286520098
0.38130529702536264
0.5666661482716131
0.46630611632491609
0.16224234270768831
0.34140682435287906
0.55358824752736047
0.32057884617223231
0.10211230216450606
0.62559582693584859
0.18535289572397831
0.39640403092009258
0.48156673745410933
0.49949327396626436
0.36121871909221442
0.55210375314828197
0.69796696386956181
0.37347465558528886
0.22015764129808663
0.18071194232839466
0.66721534052423981
0.39274788179069137
0.27849252328033952
0.43170127079848869
0.87043134907719599
0.34001722592652156
0.76593655508780156
0.48027050449851061
0.59834838918429345
0.28547261988118428
0.50668541482433715
-0.077555886412262076
0.51280429505781622
0.37636850820800305
0.34933750464571894
0.38149613085174416
0.55703088853801097
0.4724920999041371
0.43112697645101183
0.1724803779574472
0.74869472027685702
0.48227146135981253
0.36770100418689144
0.56048129606629249
0.60603737276314695
0.23369560442639897
0.3673516840442923
0.50581668967596694
0.62103305360358985
0.2148763693115199
0.1259670032190584
0.81248902249467936
0.56912542412152822
0.87563080109640656
0.42701234693613477
0.30094914609970147
0.24037224808607138
0.53827715625034667
0.44781333345420316
0.69548708323097519
0.87079385726043668
0.88774798737819971
0.72579086044873031
0.40194615367861014
0.5921701075028305
0.63351321060844334
0.46811560649054096
0.81967318699832525
0.44341770257852098
0.6562265675887653
0.93642501634874831
0.48206590611470573
0.24544779605192016
0.7668208834046476
0.30633959842304725
0.49608101764182377
0.094600286454797011
0.56003593156611275
0.75720244204927123
0.5974822841989772
0.60955155515486259
0.62816428529185819
0.58577885373108718
0.59066448741729272
0.76973016485734613
0.4611945622498641
0.47894534471793104
0.58125837229262833
0.42714670094271762
0.58890646712026351
0.47803217883322641
0.89436864689485041
0.58312234871868496
0.4504534615348188
0.42634756587939476
0.49424593618941215
0.63315446267770992
0.56281592619267451
0.90430011728149029
0.37701593412135115
0.48875287307288484
0.54641137358877268
0.36854082464968124
0.29174476987454256
0.43748691425554337
0.42355185585347649
0.36249986574273568
0.78844706135750597
0.68017809744034663
0.62110578080704693
0.66905711181097871
0.81153220661948255
0.39339600338227487
0.52965092553886695
0.24412635427914703
0.4642412737444484
0.75777857916340652
0.49093240791849524
0.54904060985628322
0.79952622892118574
0.5442601418296974
1.0183763030260171
0.5149256022591846
0.53088829032929086
0.69608868070428576
0.48766978298434266
0.6729438880092905
0.53586846374358188
0.88824757211488525
0.55476913112749815
0.65703656078314643
0.59631055642876907
0.87165166245652914
0.68314555013227696
0.75136572717422279
0.29547206810703225
0.68426560477589882
0.80878491839680522
0.3052290965974917
1.0372410059613963
0.44546939901041799
1.0875221654512321
0.49524164101223689
0.63054689272437869
0.85688278187950795
0.65586873178874483
0.77802912064339391
0.61554542379462118
0.89629979185612696
0.82525638884569885
0.61844995440753958
0.92848302789156445
0.92692546016779509
0.72462879187559648
0.54343875973374345
0.7816379831060235
0.55433252177185233
0.61666894411967321
0.65857825204680587
0.63698379950490636
0.52843584807201416
0.40056608279757439
0.65189607669624894
0.62197367115687874
1.0268587750975298
0.78571134153887212
0.42954479659640676
0.53476681177669927
0.68669670823969609
1.1092264442682414
0.65904898319864968
0.7950337563019324
0.70564799878064877
0.7120290840642961
0.82344491951683141
0.52345555501505758
0.78711811707472301
0.68956261767081106
0.74303693647456603
0.71939836414983083
0.98620731937088735
0.4963503478348627
0.91109384227059897
0.30077453323746495
0.59172309272211088
0.76630504372774111
0.87021560896448646
0.44903855757092048
0.79574463870755197
0.6635081897970061
0.83415929763477559
0.65160268263479104
0.89690019718809588
0.7936120654369444
0.64874495658204512
0.82381804175622975
0.81975905524406822
1.0432187285356185
0.63094772273656297
0.53632975782277503
0.44846210726787272
0.76954915949008662
0.80970483426322892
0.64878851846188745
0.62750343126449504
0.94282465641347646
1.0242741194224609
0.68217076876458194
1.0073452747246665
0.88137545201042522
0.98540452663773437
1.1572921218518648
0.58726937261986079
0.79320143836701684
0.83544247078369016
0.49610273324890214
0.88872749374226867
0.8422914521005116
0.52606999069068161
0.99412396613540066
1.0275400198413354
0.77351446915315059
0.93789327808511824
1.0696831966891089
1.0680704137535089
0.77516931612620577
0.8989154875870583
0.97036028828706411
0.9360558147495549
0.56035108282759072
0.91687092567411055
0.75617367781864053
0.75504457943639891
0.8942288915736134
0.82321594930472042
0.97363898715993658
1.0255232254115227
0.79971285366465517
0.75402956335357796
1.1407778275570837
0.73475786628828288
0.94249612625666679
0.68974905815004417
0.66128788534933469
0.86165638428371294
0.90073020189930875
1.2491917216112993
1.121972371714596
0.96946821718097109
0.85529623353170636
0.6139353206846867
1.0050411025721995
0.97374305855259868
0.89977369256647055
1.0624927764082959
0.75694152526442038
0.93882944479453645
1.2028764243456826
0.94355924554482062
0.84124800580204162
0.64402780765259315
0.51448410249590237
0.68261483806732615
0.72518456361414385
0.84963884662905331
0.60528165723350225
0.70350214824243018
1.0004877751604191
1.0882313679782034
0.72263562454760644
1.1617471459367299
0.98696466057685572
0.75874145655081016
0.86247824883135549
0.86923382784926029
0.72983258318083344
0.52009175722508583
0.80056313874739571
1.0135743029124415
0.92548365811430389
0.56012546836395882
0.84330898929305997
0.99228972391126491
0.85806820428940045
0.84341445778367752
0.93749570688606365
0.96033026409910038
1.2443061922170655
0.79854200532020414
1.4139430382881757
0.76455405559077494
0.94121195136360125
1.1065097166549178
0.73669461790439694
0.87559556631972701
0.97058533817420933
1.0573870122410978
0.75269708388543777
1.0279819372669468
0.89342689744042481
0.98913729873158562
0.73069489493713158
1.2757479659652846
1.0198478389279628
1.3016716813917888
1.3250689390543611
0.90136861649833666
1.0561031930739273
0.81520580039611545
0.94096510915802334
1.2032151160303115
1.050290714979891
1.3146355886864769
1.0075364164428928
