-0.89204881204202302
-0.98750674786442516
-0.8583993447146977
-1.2595445092084521
-1.1842541842634067
-1.2443629074520404
-0.93914513292929847
-0.76598210956680912
-1.1950906444536806
-1.1634976441817129
-0.99096608460184665
-0.82546633456268437
-0.95858241208939721
-0.96627155318571267
-1.1493009464990371
-1.164132004889628
-1.1404951407773671
-1.0653919924363946
-1.0108246032609882
-0.98455916938496235
-0.8023559009816531
-0.81088318022690964
-0.71355415951884127
-0.86588029761723939
-1.1385266858139889
-1.031021373360643
-0.83483886328420065
-0.91782332456741655
-0.86998919433985467
-0.61841610383351953
-0.89414753567529648
-0.946209180747135
-0.83720299676903587
-0.98513165952930692
-0.70917053907947658
-0.84700399981255947
-0.63833878506896924
-0.94508861996109317
-0.87051185116375795
-0.91527042200734465
-0.81006703309800887
-0.77522024328729355
-0.75329858564045427
-1.0215378537585738
-0.60448416714515252
-0.9278205702283443
-0.62598379823871186
-0.91390088433079519
-0.8200235149075954
-1.1166659933992988
-0.65501557109113373
-0.82716472578263966
-0.94494212502657515
-0.60544428367201075
-0.97993118849089356
-0.78243318221653546
-1.0742676339375601
-1.0483424722193504
-0.72728259898388026
-0.90752829539212176
-0.68571209708227232
-0.67230257210236422
-0.76521835533430027
-1.1442986975602942
-1.0062335471742274
-0.77777094360375487
-0.76978136444264145
-0.69316545237619454
-0.81805376979034294
-0.7817966857108386
-0.73833512226284426
-0.63069403898270915
-0.90869043191868804
-0.62570199883400535
-0.6942087843505842
-0.87366976433770005
-0.80176115037313489
-0.81307214999642796
-0.89140460588839432
-1.2467659912223117
-0.63315376729953687
-0.52323841020573136
-1.1468621923685078
-0.81377481557631093
-0.88434501972689128
-0.5795262903426236
-0.67267258730356183
-0.75627158967215846
-0.73903834728242823
-0.54349087749475622
-0.60015856250697119
-0.80887782880400538
-0.96135645140782422
-0.51257112483017631
-1.0923097263603583
-0.91139748022870082
-0.73385325603292784
-0.94665841195088207
-1.060474884062504
-0.76676973248765734
-0.83695042254505758
-0.82294014085114753
-0.49881916230607709
-0.92060225463601442
-0.75184621435356047
-0.67309044662263839
-1.0311500147408021
-0.76233107510566189
-0.54289693222654734
-0.59258624617766997
-1.0292752624621611
-0.77373604855456501
-0.8117801114524712
-0.71625187937150236
-0.70183525722269191
-0.55951007864245805
-0.84089968280324467
-0.8976407117022015
-0.87367439952537729
-1.0003892183962464
-0.93705834342368211
-1.1690422684605215
-0.45836969231612712
-0.90472481788656056
-0.40776634351348789
-0.57276976208390351
-0.83476190948916873
-0.48333431763829393
-0.85713470408065673
-0.6515778146737462
-0.79691607981698276
-0.35398021654399153
-0.59730078436678635
-0.5283777709111378
-1.0757014869520443
-1.0314559886595593
-0.68795795994337294
-0.90675595020200717
-0.95283527419282754
-0.69462440954398208
-0.90723437386656347
-0.8347887936372671
-0.89061189103231764
-0.43379748416995878
-0.85244291019829355
-0.60171727673769815
-0.69634094834694216
-0.81573501246181512
-0.78759909748470858
-0.72566044310938105
-0.97650883223015528
-0.53067130532814721
-0.74848797044054483
-0.64159017033863308
-0.92805658256256784
-0.33195138452613937
-0.71485367552610424
-0.74169800419682608
-0.67485029864537738
-0.37381241335252674
-0.45124070739832717
-0.51590679076251411
-0.70028417711753721
-0.67299740990312074
-0.69341040155111833
-0.62425306985501283
-0.56831740146216458
-0.60603034263472055
-0.71012705327500669
-0.53705151569492815
-0.41404909383749888
-0.49321730719075046
-0.72013279568585298
-0.76449058640402823
-0.88804428690228232
-0.26286669044690997
-0.97576834820216074
-0.87770256599161045
-0.42891158117804545
-0.69162402091216557
-0.56925117477952181
-0.8069931873158448
-0.67683675767607332
-0.81647229661503073
-0.92661379193658866
-0.69333095245828302
-0.50707530765243414
-0.35746308116311509
-0.67794135417851042
-0.79707008446210903
-0.30784426513597873
-0.49459044622360543
-0.58082077931265108
-0.34811550477863101
-0.6493864255981564
-0.52286024396780162
-0.59403329604259159
-0.67059482820260907
-0.91480471294382559
-0.45498487635814011
-0.54104469247117859
-0.59646112522201244
-0.41163448304345318
-0.44306647138887828
-0.37325079441241926
-0.52853943683219462
-0.79885402798184235
-0.44868848710168396
-0.99591881001805216
-0.56338006594695744
-0.63586827705957505
-0.40667289895193703
-0.52615316402718659
-0.58346845230210598
-0.66079400815023526
-0.71002077753842074
-0.43364768388909958
-0.87841613906416627
-0.71534477800132534
-0.19180176491418244
-0.54532789942662885
-0.82383924959693411
-0.46180403166538114
-0.85630029303186195
-0.50614693605585548
-0.83988300392533988
-0.93294631078689516
-0.41663675043156345
-1.0185593599918437
-0.38377942914395413
-0.52638821730225438
-0.70421368843648424
-0.21604335175141029
-0.55885387005425824
-0.88350334158734001
-0.8943892561847081
-0.59030313521020228
-0.60779501732651842
-0.36472930028566769
-0.36917310285297145
-0.62857951606243867
-0.51069234430855914
-0.41377425719214372
-0.54162309442238254
-0.54995737725911664
-0.2489735396297526
-0.6776781453608558
-0.1856229503983205
-0.46767450154352308
-0.10258080474984249
-0.20993469892074623
-0.36802500343635941
-0.74507783726928234
-0.86426590923110536
-0.72405792930278212
-0.25134238574609258
-0.60379688819173749
-0.55646205029752915
-0.26755931121625326
-0.39166485318475497
-0.75367325610112768
-0.50576461215975022
-0.52804229097065436
-0.27777941293126684
-0.80752520385315663
-0.35206747465834204
-0.46168256151287806
-0.50011975495128658
-0.40137833711476162
-0.44926781406006644
-0.43034471578373551
-0.37397588989732883
-0.23740014858359931
-0.50954565927769513
-0.25929532640761221
-0.24236862965867695
-0.62500259605761377
-0.3994611319246178
-0.45359426404757669
-0.6221864029492602
-0.62751922638942692
-0.57528838368665247
-0.075783619535122901
-0.29216182894641934
-0.53048473343014257
-0.58488906693576181
-0.12931946127880303
-0.47613735220094944
-0.53053776114646012
-0.29580824673216505
-0.60340737569527036
-0.38413810044951074
-0.15872743220047222
-0.33608964038845918
-0.52186954769971061
-0.36215530806816965
-0.59579567579000137
-0.29248172679493578
-0.25268770309544869
-0.67904608092063823
-0.53660547232648004
-0.046355367495923588
-0.50566168503677034
-0.087888839811322728
-0.47903451024448979
-0.55515557219820955
-0.25269894468958709
-0.53363766289797188
-0.37901756480624416
-0.23791663611328454
-0.13988074447791574
-0.40051628795476207
-0.61814564267494787
-0.65188413428337599
-0.46713531007339548
-0.0061607641894238594
-0.057876349884034846
-0.11471140274060157
-0.62375150668049173
-0.41564593451040605
-0.67925193181628585
-0.18626820844367664
-0.56762595099178736
-0.17243012259113369
-0.23351705013619739
-0.34326991353342395
-0.50164908201628089
-0.49380121421604939
-0.042509529482579592
-0.39512890371262188
-0.28772568972532447
-0.40506192373279226
-0.20822662691381541
-0.39245999126716874
-0.30488253723703718
-0.66973362038122042
-0.39838274966702469
-0.02158341026967488
-0.1782772703421536
-0.459416240104006
-0.060176208504525458
-0.25831148422055206
0.046823249143791067
-0.074856313301901525
-0.34474869347985637
-0.59288290145893519
-0.32590364852942694
-0.11957973486181153
-0.47082232893034254
-0.23862733221418383
-0.52280198331899641
-0.40605432045898088
-0.60965503445067049
-0.43608275700286331
-0.024945662510103248
-0.30138083313361352
-0.26172966564910882
-0.21082340432611077
-0.36378665387233988
-0.23001986038193492
-0.20445797755517406
-0.07187858401878347
-0.50224584746921297
-0.53440141014263753
-0.21375642306540193
-0.29708883085833809
-0.47841935840414124
-0.59820140036808978
-0.064035533008347356
-0.27443956611116965
-0.12597868467560733
-0.40117335943097554
-0.21685961788604471
-0.18775239754167081
-0.26543426357843408
-0.25896684958036503
-0.346440047738795
-0.062825368136287876
-0.52932307338334461
-0.43708411812400555
-0.33142421002849259
-0.38242489330819313
-0.47414270021603716
-0.34228916975131962
-0.34597035531533865
-0.25431778538844985
-0.33114145338577233
-0.20213883079690284
-0.52779897316873048
-0.45510382596050236
0.18074012500778219
-0.077442824698944368
0.049987878655228836
-0.36673746320229728
-0.012676334372323487
-0.19480237788495702
-0.22842207480011631
-0.11328095956784562
-0.23885798028838978
-0.3740341712919808
-0.16115686846013194
-0.1557894821214309
-0.065545498927235601
-0.35626966983386382
-0.23343577413456804
0.18753667089009665
-0.31404509071717396
-0.080009250538844959
-0.45448406075729503
0.16271069280889158
-0.12452678747580642
-0.41957908405465716
-0.095299239784656015
0.013178288824270318
-0.017516833096912536
-0.12834267718504591
-0.18060554508929386
-0.14011308814218967
-0.28420374258093994
-0.14901168511606724
-0.26575458998903045
0.20746580472530005
-0.19159268891785561
-0.16138822984373874
-0.050718756478369306
0.20459088765103545
-0.073065478379080909
-0.32090802093610316
-0.19784225225437563
0.037377873571069933
-0.40232293866445579
-0.58357977541527217
-0.10304885426797664
0.15951557074343461
-0.5217270596704946
-0.23321963810798543
-0.23001475420875586
-0.068284275716379572
-0.33077063534812945
-0.29311254220462213
-0.29672363380048739
-0.27645867500516957
-0.25853090689789626
0.010876313557643446
0.080158648057809034
-0.35305632781161611
-0.043496376305711758
-0.27104748616842134
0.024232836406470989
-0.26003960911237328
-0.24726236974732252
-0.20658685101167787
-0.27730827201415909
0.46374113418197682
-0.17255996075804059
-0.28634700965419285
0.0028931250336820817
-0.20946674342500443
0.11791967862859758
0.037073737457871479
-0.027608413147797613
-0.16232046435429148
-0.076281259460135961
0.069251779602628127
-0.20270959788923851
-0.04838941722523836
-0.25102200928884572
0.23678882972058626
-0.064395008727202441
-0.18591414483475197
-0.11585481681165585
0.029588397816930765
-0.055375620661296046
0.02710564504905694
-0.24581497130303681
-0.25132068579589079
-0.28871632245691342
-0.56641014229793585
0.14173818036786376
-0.091484769539616775
-0.1627535090560171
-0.092915846710294958
-0.17769208913784187
-0.089994018929106481
-0.13392221554566525
-0.12681528720592647
0.11663879515388567
0.0066181184080058939
-0.36014588473278697
-0.55630089765076129
-0.044330667586005963
-0.29224717285624541
-0.23686185113742836
-0.027973435365729958
-0.041179012816096677
0.11209936535025102
-0.070764136658491378
-0.39462790386047736
0.10431387781696184
-0.38206191747522367
0.20705313370992287
-0.32657312556916684
-0.077751399855657627
-0.18911675501528805
-0.28477586571277819
0.14818340774154498
0.07637048015310649
0.032156194698230951
0.16715096709097774
0.079961382965024905
-0.08044926616564288
0.11811806403466919
0.1841303239735039
0.073255919300575123
-0.14953515912209644
0.1517141086219711
0.2811108569820166
0.3391363632237665
-0.034496675897466682
0.010066385119587472
-0.13947368817982422
0.24229114231802226
0.0290812101073008
0.14501037821106658
-0.14113103848352893
-0.04297178421497104
0.21333162266173633
0.47269046934224329
-0.12867676523968233
-0.022240767240618367
-0.074683790571157496
0.28239423642974903
0.23750649548183606
0.12047043737477674
-0.0035669898005078267
0.14775769778541972
-0.068324536705615224
0.082209171491210056
0.0038652579364956085
-0.07029279901170174
0.013837782858743654
0.31119761232609605
0.03047602290308259
0.1799211941944098
0.18574486838213353
-0.02480552177472584
0.3220250130994376
0.017349136662274601
0.21795011576235829
0.11270122564056258
-0.042548002411018727
0.13189726216084444
0.43193280413496443
0.051794908187284709
0.22753659263153417
-0.081604284653181092
0.040737418127451352
0.14721969241517135
-0.039554613618411796
0.12281459668597487
0.2825534075256429
0.081511313080590661
0.057874631293229471
-0.0062581021056704461
0.47546359653807752
0.074924176540954096
0.12063935776129202
0.37624719247754479
0.051724790551685683
0.22678662684889128
0.27919486636784896
0.28376050808172654
0.16324442706678741
0.086805614420413874
0.34875154559384497
0.034845183262799985
0.13750574520281506
0.10099148075177197
0.25916790102567816
0.24944021544373268
0.089284017025631615
0.14620012866034651
-0.030241702872204481
0.073171249705852315
0.36725426319127791
0.42355136407485439
0.052200625576451935
0.032846614883927552
0.46718256184768764
0.35508652605337343
0.54095786519242939
0.46601913894294295
0.21922248671417413
0.36095660942538277
0.067199434332707614
0.26033957979890215
0.2000284126115848
0.33696836510736267
0.074045744124787469
0.095716160428493555
0.28730548860231003
0.13223787268305509
0.17264376902935197
0.20642796947589703
0.0037609931603269282
0.2893268519161728
0.17165981400750296
0.62365001751697979
0.23581263768886748
0.28915323880841282
0.35853459230507473
-0.07897852278013337
0.029228325509501111
0.18545064813897247
0.15502831946930845
0.35685271259413093
0.41235836304205153
0.31164862686328393
-0.018986795424059722
0.091644098240227789
-0.077068884558861864
0.22666498550401423
0.10413694277297417
0.19011776938029337
0.079045920654978938
0.24919658729745542
0.05893464157531824
0.69623190505356947
0.61873267131731857
0.12020030000449355
0.078231760486934143
0.3703203972604272
0.20258522830519585
0.29035801141214101
0.61465289590238337
0.39748722734590136
0.28228204181927163
0.2630067310203178
0.49514343165338492
0.37972236739505089
0.418531011433044
0.43027875963749307
0.7045709636298072
0.47366452404069415
-0.12639400806204082
0.10577089088646838
0.28770154539852438
0.081617982754947041
-0.053547107666515027
0.17687357152822986
0.48006778159581404
0.31598624782339252
-0.081909706123977966
0.25884850582923641
0.28200981426356192
0.08343276096160826
0.3236838502350054
0.25696803457894346
0.3071858599175098
0.2590596378236939
0.44792250013159901
0.38522147644025539
0.37143945051748839
0.30311187435976122
0.3443756506469634
0.54911886514566599
0.11698643976508978
0.068243817530478257
0.19201667237535985
0.55195010641472442
0.46940907974030061
0.42745374364835287
-0.13907707851991011
0.31286901381876331
0.55457296674678724
0.24565383623985632
0.33512742171056259
0.49080450131064407
0.31452972892707159
0.41797124551147491
0.51302602655401031
0.4448568673637785
0.4287602210374109
0.23603880811811911
0.41458006784008966
0.48598487967751314
0.26062977637054097
0.025452057919786126
0.22281493439578731
0.088153916141555655
0.57255822907447462
0.55292588483997895
0.035219813993987423
0.18988346645066548
0.42953341961411795
0.43025790915913381
0.40269324337094448
0.57487103722750554
0.28831467070166633
0.2307486291857376
0.375180371907396
0.1191153768704481
0.75280834358759652
0.13273791437838892
0.55847865997989654
0.35878137914081054
0.13395362932852367
0.29808053092687065
0.089669062142035516
0.49688704878858364
0.42119555343265219
0.33174269508848236
0.42707599028515936
0.37966780127097316
0.49045200094574526
0.24152170671655865
0.39273084244469186
0.21012076340003841
0.14045497762135958
0.043853417936789429
0.48986698610466234
0.61928964508364859
0.54943605578873478
0.51387496506549346
0.37249599442640946
0.23395093981431711
0.44380067984950833
0.36226317758066678
0.25774613659448875
0.38226074571468754
0.72383524810588962
0.54599859716738619
0.66716853201002035
0.34988557035976753
0.57939182851172399
0.50931345118932247
0.48095153764094201
0.58168899908583815
0.24941058500860108
0.81988993040760083
0.41072617159744368
0.56528710057620457
0.65152102275711254
0.38182786651292094
0.67841361218652485
0.61288529030448591
0.67430500667619531
0.66080798947543207
0.35202073981810156
0.32323640927150465
0.58464234045083874
0.56595895503319604
0.6725615306725351
0.57763877743588421
0.069500578064504173
0.7667490154518033
0.65257691736330603
0.87977519083822309
0.53421947247438262
0.2650150112438171
0.62261363773235734
0.52486928859758408
0.5795104732629861
0.86262499186742869
0.87684641032157995
0.40154911224568168
0.27185446379985478
0.33578051119812735
0.16444736086771242
0.3041757740089055
0.50832305489006657
0.67037479695507995
0.21617649514151357
0.73048889784254523
0.41155795846405269
0.50051845394740868
0.94840233250361006
0.71452169698476609
0.68495607863110852
0.22590012616472596
0.62716271377918709
0.47770961898320946
0.41329429591977296
0.6606671279971611
0.091106705920846701
0.66326227746020794
0.54445920165754957
0.35728563332074015
0.55431897418291487
0.075393981755965261
0.53877551308923066
0.66219194461095143
0.39284943425409502
0.5792257596337369
0.76893739510343073
0.31452416609525979
0.40651000821397187
0.50775086691468552
0.52365667462755838
0.54565322086176438
0.36306578832527475
0.76552688244435618
0.74458566064148712
0.30103272875236581
0.50316830884256991
0.64181386229179038
0.73094605417638236
0.66282414117063282
0.97924326695115071
0.83016552767869645
1.0911735956170545
0.28388302898818735
0.59584761832451782
0.73268949801516703
0.94005748150597779
0.98950045691322996
0.57092478112993517
0.36989368965040359
1.0855720155021293
0.51574307382247342
0.50088524653073674
0.61472673524673416
0.57074338944255931
1.1057229856316313
0.66563754050474988
0.83553690461513175
0.56200914265659074
0.94950158633801696
0.65105842345334519
0.66556216153242764
0.62577203464924958
0.67423380354976714
0.62780510904454689
0.37129561243255987
0.62110966267544099
0.8025494203828959
0.53762270103060317
0.38032124584055943
0.73433125212777783
0.48845159396761334
0.62391401711603134
0.60068097313651148
0.52777377631277034
0.47182895503760058
0.5770383429561563
0.36762955429145444
0.76283473971353888
0.66480688662935294
0.56323241249937528
0.77726980637115284
0.93038827848541317
0.54612694167793463
0.70521391857329707
0.34015839859241859
0.69617645000387629
0.76333722788036018
0.74185657497917168
0.84734171957776594
0.89587765466416736
0.57451474287207793
0.75674651409935778
0.71344632176671141
0.75420689490795367
0.78951281676184093
0.71493980967433746
0.71724985060082369
0.64826056617142525
0.88262845759210262
0.9938192438473451
0.68527171468009562
0.66054465015070507
0.58937580880323948
1.0442004478578035
0.69372264812564033
0.72669263401429107
0.82392268147925141
0.93801250468812303
0.81597636747677604
0.91626200722158113
0.54361515281850248
0.5114088418949635
0.75670510079100994
0.88489572855678666
0.89662537853104729
0.66213983031459211
0.87684300671736204
0.62051713740316017
0.80445900293530848
0.80709627568012154
1.1979742800194393
0.66975296677785012
0.80985897884848201
0.65390712194242939
1.019636417937869
0.36372057312236472
0.91578141093296861
1.0172832171801687
1.2654972771703632
0.76439265237454401
0.96469239975984278
0.65841021081798634
0.8690837088038107
0.91092947990472617
0.64515324322282486
0.82457328855670042
0.9194247264243266
0.72291764722026841
0.5901083084135289
0.61572120664462604
1.0644469050267329
0.85377382977351601
0.70854790078843544
1.0091553213631674
0.67350375535906037
0.83141031807465493
1.0179463140278564
0.90682167826062754
1.0127264378665188
1.0742774792547367
0.83340732293597131
0.76155034899017382
0.66308452942189955
0.72626185003341615
0.49661398787442634
1.1855782461129447
0.64330924642267684
0.88660958244373433
1.1210169831817365
0.81149831036007702
0.61906435971434925
0.67959668306890286
1.1335095414058347
0.74811642474834406
0.94500378673621555
0.88733111566591472
0.52456809839131935
0.64104793843351504
0.87761417676805975
0.81469081918855757
1.1130024227613029
0.87357864095763993
0.77650893936073495
0.80755237860414042
0.66297616296458928
0.77825892560253906
0.87222516756977631
0.73673638126409791
0.68338810064891398
0.95461691935483906
0.71814665863857496
1.0163806123135999
0.77094322660814263
0.74832545044990184
0.8810819574268528
0.83975454078450551
1.0587775547704796
0.77073340142837454
0.91334365962745645
0.95782279105268509
0.77156326155217503
0.95492064794034692
0.84357591879936644
0.96000343386111386
1.0504281507496684
0.40283766445450858
0.84803516959228487
0.80020801753068016
0.81377479600179359
0.92415658230832376
1.0988123720904612
1.138755745941624
0.93303187305269086
0.69811047631191503
0.82333705200357643
1.0173479880926222
0.78811860264884726
0.90930555794419965
1.1323139012672812
0.94507400027964084
1.2678222729271726
1.1183788076870198
0.71806067956791975
0.60388517500176864
1.0837424457791676
0.82628563657899201
0.73072764501166643
0.40206118741768437
0.84467535698513596
0.90955505461519071
1.2487855336752234
0.81833943882193128
1.1380077782486824
0.992466528935248
1.1387149687479901
1.0779093786228664
0.95404055785497766
0.8488887491717092
1.2213508296555464
0.90996459515026551
1.0434261072913318
