-0.53339838904365489
-0.89331969033509029
-1.243423625950828
-1.2073915809423035
-0.9316046568666051
-1.4357980710125873
-0.95015351402947956
-0.79434206628433368
-1.0581726646133911
-1.0617984639553453
-1.0350837555254151
-1.1596027432627056
-1.0923099518580437
-1.0625827881803112
-1.2308507166226375
-0.99047060346994653
-1.0591919605737927
-0.91605353361555286
-0.83911490436489355
-0.55503977696267937
-0.79414201129865214
-1.0256451877627655
-0.80394032344944621
-0.73166838152882785
-0.98040786193439744
-0.92875930700742004
-1.05635428427077
-1.2066512145607045
-0.75655012745207362
-0.59322113399369214
-0.66008173226682221
-0.91229109949618492
-1.2064615665653409
-1.0025710002287054
-1.3194791897837039
-1.2035523907961783
-1.0795089895878771
-0.74912848712523972
-0.82105457086348199
-0.84183852729070674
-0.94706192575677206
-0.7600383741790282
-0.77605884163208194
-1.0309398933822462
-1.1732105180021104
-0.60445701643327021
-0.61653043173894795
-1.0266507783871461
-1.0169838864965122
-0.96626629178061196
-0.85540644493893925
-1.0096544529978062
-0.739711636570626
-0.86576927288551642
-0.84954606091304496
-0.70742257146636911
-1.0296253222265999
-1.0049019650407653
-1.0224908246695517
-0.68867151139653859
-0.8566234685288866
-0.91942734263439785
-1.0622742917931494
-0.97942812960017545
-1.1014057315107653
-1.058174385490747
-0.73614810247156726
-1.1486189962651192
-1.0749845357829579
-0.71145029527037329
-0.67260787095660712
-0.67532516341628812
-0.78648320313366993
-0.95484041268930286
-0.92187935564498891
-0.81403199565388884
-1.04931493554755
-0.85947609568972072
-0.49081921159658404
-0.85465337491619986
-0.93028969575667941
-0.727976459499592
-1.0935032077611679
-0.86319189887530723
-0.96074636255728707
-1.2276261059402684
-0.75387096114342722
-0.61802142648741798
-0.72770927438408373
-0.9007629337654276
-1.1778568779994267
-1.0461182374565456
-1.1005901461655865
-0.60715728639950139
-0.67744721103094785
-0.8741004525028504
-0.88610850390313167
-1.118141768939884
-0.64360635474925465
-0.64199541631895984
-0.86213393582024145
-0.47507982970379958
-1.0861664668909672
-0.74264756227437689
-0.79651790000131639
-0.70473766459681497
-0.69716875276654644
-0.7746768056337211
-0.49736451600785908
-0.74046186956672988
-1.019204348631338
-0.7652592598459399
-0.83655999726809749
-1.0375819350173248
-0.77677727397940144
-0.92421163976586163
-0.63297390546428134
-0.50618011807645635
-0.66405242219569205
-0.57680534501425784
-0.71923840465520028
-0.70642044303119478
-0.77370442691740127
-0.67115218546659228
-0.81040148084150465
-0.82040201003241853
-0.64742130481426541
-0.76835102727788895
-0.9561732875583987
-0.61025280354435019
-0.55839618537075708
-0.50975465832174582
-0.64165481645189071
-0.71069311960258108
-0.93775553798378031
-0.79852481540130471
-0.60687143686828693
-0.19775119173366065
-0.65893905982933465
-0.75791589988697716
-0.66621763175788429
-0.54908857949996337
-0.47504567339993997
-0.47278485483129656
-0.46055530544658052
-0.53273704102278663
-0.59162528898755196
-0.88855541354925116
-0.85917749734696502
-0.52393439903768568
-0.8883703113398399
-0.99116021563883205
-0.62189480653988694
-0.34288502894985717
-0.56651089378959307
-0.59099741272095918
-0.46984983342876696
-0.37355075971780383
-0.47704820944242582
-0.7309589128166154
-0.73403411330422275
-1.1453778296593138
-0.81628299589584441
-0.9032362682890599
-0.66811547041208497
-0.80684477879316008
-0.62324459344290217
-0.98020414123263111
-0.8613852119607035
-0.50148621803537308
-0.62433951946285693
-0.60364937886126302
-0.57319021831011319
-0.49543072037604458
-0.53736711377253255
-0.72198594340193578
-0.68975612259009078
-0.49015987481639151
-0.84820015945943061
-0.41911747853758585
-0.36349246241813798
-0.79820985734033456
-0.51253307918152047
-0.83162998909371877
-0.37917340489500506
-0.39598437417551852
-0.83752927130951449
-0.31527389774583636
-0.40446875286969458
-0.5815281381992421
-0.72255371110758426
-0.60906789942744333
-0.8110414685485936
-0.42198412945754155
-0.68637163777235499
-0.49057553641972917
-0.5832577698218494
-0.85742023902445819
-0.89968889907889327
-0.71440711025549797
-0.7839879833938127
-0.62968019916491369
-0.73384347056247645
-0.45024025238294513
-0.43380346335180697
-0.50755059049412554
-0.80478582283819389
-0.79186828246842389
-0.47249839446208819
-0.61308634679304885
-0.5119421420896183
-1.1845439720238649
-0.39530015093669241
-0.80360407356964525
-0.36574092922731088
-0.50348229800809963
-0.75805569578126586
-0.38063499471879636
-0.25901919431225962
-0.39548099583022617
-0.61327563074586711
-0.62046629820687671
-0.56140597042771678
-0.51567438957629386
-0.55767537755947005
-0.6315615914639402
-0.36205745833053343
-0.52297176655771171
-0.65372283029598999
-0.45462364899426244
0.036255422783459251
-0.51992504428887665
-0.30718315334749585
-0.72093174830468121
-0.498269327929174
-0.43585409938005193
-0.44625680450704142
-0.86792414100297877
-0.47828857098621974
-0.55120880683150075
-0.41257810547250617
-0.35068213240968882
-0.7185358791293005
-0.8624302170665088
-0.55311761382004443
-0.65070181784081904
-0.64120853905929354
-1.1397574717926831
-0.43890518608831969
-0.55187476104031841
-0.39075497573052526
-0.53749263392263058
-0.809806338941231
-0.56978736856102774
-0.46079153584970334
-0.43364241996666864
-0.76223184921622866
-0.5467618575530907
-0.89125329623084137
-0.67510477795845014
-0.52999407432359735
-0.42275575182128394
-0.21054805204534799
-0.55994122879695329
-0.71235709540545711
-0.38439111985601176
-0.64914199103632553
-1.1329518275282375
-0.52113539173042756
-0.40457088552997883
-0.59492858603267373
-0.42170893172308754
-0.5365492668017422
-0.34404819417705812
-0.5464903635539583
-0.52709946074449143
-0.14297076689818117
-0.68551904301958799
-0.54962303444798188
-0.38398186631124687
-0.58704661479883358
-0.033396438893632772
-0.20334791279169384
-0.42416675102851281
-0.19092686510930479
-0.39090519189978012
-0.10874329366203628
-0.095375126667041538
-0.31024213004565221
-0.23022068584453284
-0.22435308979491661
-0.13194210947118909
-0.16717982279289242
-0.2342359861913397
-0.39052240223018436
0.050175578186369731
-0.67956031172784837
-0.11406755112927348
-0.4206430413846014
-0.19395462795713941
-0.48397566740166659
-0.28171585123260778
-0.2922118058859326
-0.55904262899871449
-0.50757486390793616
-0.087108306654024512
-0.48159818571604174
-0.1415671576469946
-0.52907369992058983
-0.19241527710518261
-0.10340105301188801
-0.40181882274513836
-0.32803838384569761
0.06994340513617002
-0.23876217297881891
-0.36945468569561862
-0.49729056011999689
-0.21363798802946171
-0.48230938368274934
-0.20505968408708944
-0.11224572649433343
-0.12588251572603656
-0.40951340347899018
-0.53711569059202713
-0.33754311948817989
-0.32948634859214171
-0.17149658126463369
-0.41551987892683367
-0.14441864056911694
-0.22334255756345411
-0.29487170551131975
-0.23205170222040036
-0.37940728913845501
-0.41482712395283433
-0.33408013329250397
-0.34728954066383483
-0.44351963545604278
-0.14591990962892837
-0.4078278986326761
-0.54654611904047679
-0.30004528239633582
-0.32828192381231214
-0.15158863243768417
-0.48330675375322729
-0.67369143100594298
-0.31850812138399043
-0.38195436427295038
-0.2105890473079563
-0.27665082288626808
-0.36899799599363742
-0.36296404984174135
-0.43301329393712173
-0.55938142329002416
-0.358660923093718
-0.09682870813314004
-0.31800027542763903
-0.072673437235864571
-0.41449938635797601
-0.54236667973582342
-0.50445477655798898
-0.47504216681305805
-0.40078583058111328
-0.38127356158383618
-0.62277280333279605
-0.16916031096732886
-0.89450637504927366
-0.26733796604806298
-0.30279173926200353
-0.45067721906788166
-0.052720994797511772
-0.47969825439383679
-0.21931820284991491
0.031520105765502744
-0.047102875113204892
-0.3546703702711011
0.085019575600035938
-0.3998341829843004
0.16061844365095834
-0.098423066729328934
-0.30442226075939549
-0.4575094279655203
-0.36362256366034279
0.019636504624031544
-0.30406242623989482
-0.53196283600151595
-0.028516678516716382
-0.22718477332188208
-0.36267138140079763
0.059730849975455753
0.016767293787181836
0.14176952595177217
-0.16599533253046814
-0.26242748059802196
-0.72397554400010367
-0.16978106798957546
-0.093414063828170774
-0.35048065498739456
-0.19194810296616047
-0.41662276822736943
0.0034082653456448606
-0.18435620596249108
-0.11315530066994461
-0.34434591418431337
-0.14986325740912249
0.1718448899646437
-0.29161608368260922
-0.31151555406560905
-0.26490984273004065
-0.40390960921179164
-0.13004876603102683
0.093598327973666753
-0.68118407274921577
-0.26368536321894737
0.20299899808233524
-0.41477535339706983
-0.33710122431219453
-0.024886659943685226
-0.046542716440981832
-0.26312731577376447
-0.27975160955940204
0.36199044278002723
-0.43167056917628699
-0.30973614208201633
0.10254361260747286
-0.22362824521515717
-0.13671431977353732
-0.1397204636413015
-0.52552372552368065
0.050238758262132942
-0.12613409925828981
0.0097639520329273963
-0.25709841217615154
-0.38397646901882027
-0.15006572223573161
0.41498155974997203
-0.062146960886795576
-0.12322416743458024
-0.45479321553174801
-0.23750243568500654
-0.15957033870046083
-0.27553310587164365
-0.030063422791963373
-0.089590241167407186
-0.38518535556916905
-0.083854452178300107
-0.082116511338550885
-0.28877294126295316
-0.38485681241391212
-0.091254116175591524
-0.42161524032413855
0.026322024842579835
-0.094383545421672724
0.10924268313153104
-0.34246392936831138
-0.11453334277986991
-0.035764292971429433
-0.28041474528705534
-0.35713741183337039
-0.2546155883611993
0.13113696015522031
-0.18313072229020183
0.11452691319777179
-0.16372320551307032
-0.35164157601050466
0.16082760241806773
-0.1565497105158071
-0.21723274372002124
-0.0855457623766437
0.043006537133210808
-0.026904062275561285
-0.15930403339338203
-0.066029654200619473
0.14174428533639802
-0.41750054053237307
-0.22555881699620084
-0.30093363690835617
-0.15553609608695407
-0.32507020966326983
-0.0096252356928991298
-0.076209735987471244
-0.15674954344136205
-0.0013069043435849428
0.089237015383983612
0.27605873646899198
-0.053767042663273992
-0.24182687253508114
-0.31133334095172932
-0.12754470443015692
0.024677441852008139
0.011099372488912278
0.13413802390974677
-0.21180258069276678
0.10439048633252404
0.0081428815634483533
0.26525299729566232
-0.18985011156824588
-0.0043072054563024539
-0.02765876579748654
0.17680312976265261
-0.29835816916526237
0.072137746563971636
0.38184746129999148
-0.28848779581421352
-0.21347655168415572
-0.020933511347187423
-0.31009061334963717
-0.20245888262264441
0.18169902736630994
0.31366059850612249
0.063442848190161633
-0.026194296913685172
0.2978673270778322
-0.23647260920829302
-0.17502154817681748
0.21509117489939902
-0.11532148126219012
0.088315050454435315
-0.053600260469519434
0.12641607896833584
-0.1284086109407902
0.10673695371280949
0.24729227502983708
-0.13022357402470272
0.26632410232199838
0.063597926167746344
-0.18110111539350801
0.029572854228734506
0.19950142866965781
-0.0042843002013537631
-0.14816409330676142
-0.093875302931180321
0.25893014256906727
-0.2027630540777815
-0.15502697916328251
0.036304682061589988
0.25183955610318826
0.20405281673490944
-0.15431686026814778
0.2421590756118136
0.067594124309818981
-0.029449271417487488
0.27157005179892457
0.13474002653649839
-0.073616718846590434
-0.21764789294858819
0.23452194569530474
0.13429150670030132
0.37690353606438742
-0.20076505861072877
0.079452690448171243
0.20532150171330782
0.21449072223646129
0.1022840377637151
0.10606414897852234
0.38417436266102351
0.18895530515202372
0.39612164239470982
-0.0035317343636643711
0.12084206023519163
0.23847728450906977
0.13480626759884873
0.04361060987968271
0.069469966195994312
0.22183534618816997
-0.011810113703068989
0.18964184240800655
-0.091902490972940398
0.057956972564687938
0.092097695650395828
0.45858891413779018
0.43677615202295067
-0.24474803145156757
0.077589113906706433
0.04686135153133638
0.11684652181366476
-0.23606890809817022
0.2098439401030715
-0.061961102431915667
0.13472210505038715
0.23211530503846067
0.31410867864060799
-0.086561465890253958
0.34537540124748323
0.42585858303474095
0.12689370864861094
0.1356890281240565
0.11332078043473663
0.087391190269607122
0.37977703796360457
0.36650844526421045
0.2855931546513587
0.39468578990603687
0.18376672332992575
0.088677892572889841
0.40411643842331385
-0.34095634099042782
0.16605063663769667
0.19886447555797043
-0.19203602065921538
0.030498728527111628
0.57007180261709589
0.38093524169431925
-0.069365383325867752
0.54902632447567556
0.078140204397355195
-0.19099484125839056
-0.035728151270798959
-0.053481644607888089
0.041716711464334241
0.23965219540724289
0.53942100376521596
0.092320604268505219
0.27443496412204782
0.29127291665881921
-0.090830200948113324
0.39436002840141354
0.014346132935402184
0.20982053036423809
0.27299181143512163
0.54893677955292253
0.28043461252395002
0.21361535521843744
0.48287058966071517
0.3891184307649882
0.60665392036972998
0.26950252172698214
0.1777727232083314
0.21788502846959917
0.045485453975457481
0.002289532157301215
0.70221268301916517
0.14147463897519796
0.36866240362430053
0.57685667855148814
0.27068375158745095
0.53501802027792456
0.45415851513228689
0.24896110516742936
0.48433146712133884
0.34662364685580205
0.42362130613732879
0.12756739341700896
0.4966777982528241
0.651740799973897
0.49986417123276067
0.41228655609665976
0.28941216894299826
0.26761557122062229
0.55620768470637438
0.44004300905855354
0.6335488246327039
0.33654285498586262
0.33723616033535209
0.3114444980040037
0.17305296043843341
0.23375015649128433
0.17822321983021311
0.1522215843852612
-0.075234602160938344
0.4974665071705533
0.55788072807138633
0.44088178662494382
0.51217294288828663
0.45012094138265651
0.47424873957532526
0.42692781430041354
0.35076366775781459
0.23000355075844836
0.48334439551654329
0.28162348854931285
0.2190552712352799
0.77886342502436257
0.56675927398148107
0.71803601361122349
0.27922576923809356
0.44980763375580785
-0.014970803519200011
0.22258779823553185
0.32170529574635481
0.24674511749184644
0.10040147156740171
0.39955368781553513
0.35084760930108905
0.3366770253978425
0.41202655402877991
0.66671124052254338
0.27293863663336543
0.11577135442231457
0.16809233812979743
0.2975635496214159
0.30564640664723086
0.29291797887217497
0.16098719888347815
0.21755445102451976
0.51401298204691825
0.0068392331929336882
0.22010507697694975
0.49696767826491323
0.51214845571202061
0.19919311170710396
0.39558752012281911
0.28969171901103152
0.072097986268383638
0.46673791850038271
0.46694385367795993
0.58072942769607794
0.46055073310477312
0.23753806135725208
0.5063531495122352
0.072013383497156289
0.2867992703435539
0.49487723903064995
0.28812933437259614
0.5620641826027547
0.31489536306421162
0.40205838463621729
0.45211115977220251
0.47325486834021652
0.51043468934674896
0.47911548007635557
0.80409311396560057
0.53775274749657931
0.70436199188821536
0.59175442131238998
0.35592134455880425
0.20441849815746796
0.5241420251178821
0.3961972488504521
0.66007874708354541
0.36355568656929343
0.38858390178803959
0.41230338124837723
0.4940927246470867
0.36645938958110447
0.38417358073747776
0.58042037769181665
0.5028488279094101
0.46858852180868038
0.26377884148802044
0.60546562746244192
0.56359979352032352
0.20313269661750763
0.51927608592994168
0.22542067727428344
0.54217758405994931
0.17675427849080072
0.60084633179083347
0.68669839452230974
0.48351387352973907
0.86558759139656438
0.39043264509146575
0.27566712627785511
0.50431114589253268
0.43820827254851125
0.099370424288766454
1.0204580938257766
0.54412465853562864
0.54623891414284631
0.8601744911673862
0.94573712627040374
0.52072818374382046
0.23895032518165224
0.61577658665155921
0.60878143572175181
0.2222476801712987
0.55611918570231555
0.82606465117725514
0.29121892557910323
0.58492762407929433
0.50670574290706538
0.58476117736867772
0.70716838770066104
0.19551322656170489
0.64787435593880394
0.70851759248786839
0.16430372732792206
0.57210914247604339
0.49511488434685369
0.68979516009217701
0.45742212429852219
0.46023675264469327
0.28219027833857241
0.30949563882385261
0.76878913173880514
0.90528944425902202
0.50989420864020041
0.81372175821510762
0.10444158599269608
0.59288299063701655
0.5906955649539809
0.41260706730084284
0.58943204075415501
0.52114673987841842
0.63938477566806695
0.65282822994533107
0.67650067722705731
0.55813249602947945
0.93796295418964026
0.91896429441018723
0.65558586667133889
0.55909387661595711
0.54693310391089245
0.91489416926067191
0.58058802832234524
0.83164354949315866
0.8431770537521478
0.48273488165835576
0.68600648013141841
0.14721678954892106
0.70760628513292012
0.62917435696133028
0.87779165694025318
0.88660515341186819
0.60778718940977572
0.9318497913271625
0.52395658743962759
0.54869098128363503
0.56678403034483182
0.63196588740392634
1.0399563122958175
0.61912936440275279
0.73503899685808793
0.69388984389128538
0.74888591780197045
0.5961324408947436
0.53443512424183826
0.38524849143190837
0.64503125757477253
0.85970775657219745
0.77825283012846624
0.32498423306222579
0.29922046621122073
0.819981361787533
0.68260304365748192
1.1074697567196723
0.58430786623274444
0.76278285192907302
0.7962632960464735
0.81879138989182798
0.45428539524323841
0.79310489009395158
0.73229851514075195
0.44617304147912584
0.96642985272557569
0.80353287152403463
0.55232089421531272
0.60102013464862469
0.98559137665711627
0.71903162240573981
0.56927177564600717
0.77289744206534994
0.90489876275312164
0.94944122272001175
0.53504760489101777
0.50769835675574726
0.57541493800422405
0.71758612650771425
0.62451733817935884
0.96783138044932315
0.87706874047170336
0.84740832686809531
0.90305189197100266
0.67721713023209618
0.96523884850224495
0.93901220009418218
0.66478781376749441
0.77893334378111267
1.0945228089444332
0.76821117067375544
0.73469978798605073
0.87121894604876648
0.59180296940292287
0.81056682160506399
0.66998714570082141
0.70821558139167573
0.83446924503999675
0.72015488674885908
0.65852270907492838
0.92252221407126034
0.91524565009587033
0.62770815356153598
0.99439811884340878
0.85803329364434877
0.50207296082457176
0.58417214663688255
0.67303460430401896
0.49665343954095031
0.8809374621790953
0.69485737159578564
0.59149023977713278
0.65425327414264878
0.88596919614542469
0.6742591780590198
0.67366731986704853
0.43143995532683654
0.81353503058264143
0.8570160521754947
0.75159094630454437
0.87863721011542861
0.74705977680415903
1.0119366614731378
1.0796295896826849
0.97070245519793208
0.76990116661124863
0.77446551897580251
0.93776589345645522
0.58085354050811455
0.72935700102465773
1.0174972186669391
0.72447430229801746
1.0229502044425163
0.95846329033128641
0.90691922408757009
1.1019152532247734
0.83309875460949012
1.085070908506147
0.92710422048279928
0.868014354297581
1.2042599819838484
0.78164525012187491
0.88262021669890645
0.68992389967920842
0.65265315537387414
1.3416810145143401
0.74367202291249224
0.49824463984894057
0.31496705450053536
0.81190977454505942
0.99771555222507891
0.80098242440769851
0.72763711047030133
0.90704413529841244
0.93428540253646797
0.7660074072911951
0.99162052692156077
0.82388268597518044
0.67964434288144826
1.0651298879710833
0.86903799717592922
1.0694509294226138
1.1398141400488773
0.93687671777107995
0.93064475855970608
0.75326692323529409
1.0176478756012872
0.72990325289812874
0.9157750502927301
1.0655156339101255
0.85905103180285014
1.2042728127232538
0.92816550410683374
0.90782125551910442
0.67299397284947915
0.80968190477000734
0.98398701845252345
0.59270287862812077
1.0183662026926035
0.8416300849383429
0.86180234621629337
0.76439630987933893
0.86855332058470103
0.86486998229591971
0.96784103326452553
0.9164893794209481
0.89674073216771633
0.88626076300659962
0.91803877402883027
0.85337975372386887
0.96612690109243404
0.8050661878919193
1.0786811606776403
0.97193562615469642
0.74923108555344897
0.87335515934026331
0.97186769135864493
1.2598903244141695
0.96860796430781226
1.1833447216675623
0.92122688325669744
0.98604695429538802
0.94386239325127053
0.91292621784428385
0.78433613822397319
0.94961048218333677
0.61314370846536248
0.63414066756505849
1.2173653240210307
0.9340683010877403
1.1508647846349147
0.59370175890057819
0.68544641904350989
0.83712944664861522
0.94193661939402751
1.1555477554566176
1.0996501386297211
0.94218170439011739
1.1361071140356358
1.1150832763845164
1.4884232258434562
0.68785882965418632
