-0.54437681794000592
-0.87606049158111898
-1.2598060090130365
-1.2065874486597024
-0.90353608946848041
-1.4233236711645296
-0.95580781169273243
-0.76300670999209186
-1.0622008393438414
-1.0669216089269375
-1.0459036298148834
-1.1763248073073751
-1.088580448421606
-1.0388299970867805
-1.2265296822075618
-1.0093269082014056
-1.0643186121211594
-0.90686719793128401
-0.86668268584914643
-0.55674625634624153
-0.79012235340769754
-1.0433100177658097
-0.80675979498960637
-0.75352642459751973
-0.94787273675924244
-0.95165871129158219
-1.0714047887948537
-1.2135687925059822
-0.76241481549588519
-0.61324739819636753
-0.67350246375257372
-0.90247238170993294
-1.2124350690799519
-1.0080953269496566
-1.3353799770440637
-1.199133488298658
-1.0503536579863462
-0.76710667722269388
-0.80982609915816106
-0.81585660403616944
-0.94862127396928786
-0.74077800462729348
-0.77212295754485971
-1.0223409145374529
-1.1727826181808294
-0.60412274515399034
-0.62816176642390065
-1.0062646329784866
-1.0365886693571118
-0.96115492204679265
-0.87309938318935143
-1.004413444813143
-0.75063697928483963
-0.86646776533869618
-0.8364892956484058
-0.71096641496233381
-1.0357826690914023
-1.0215624067435691
-1.0129316585531871
-0.67830482454784369
-0.86958936741490767
-0.9290869671242955
-1.0770959043107329
-1.0088944388068011
-1.0950656804261956
-1.0556029426643754
-0.76685126027680772
-1.1406759759003928
-1.0949560210487892
-0.71966579213643311
-0.69556692295288725
-0.67544737972183388
-0.80161589509641074
-0.98591833179666755
-0.91027407274489835
-0.81383475507994618
-1.061052688898283
-0.85304682687739475
-0.47922694003184835
-0.8332905639693261
-0.92331604630205655
-0.71412618443930931
-1.0772079059850999
-0.86685234615321116
-0.98780090291565004
-1.2368882903846212
-0.75926070491243713
-0.61216157143466343
-0.69095555554419663
-0.92352929084586599
-1.172370224820094
-1.0505046674077305
-1.0846289654994403
-0.61955005447181599
-0.68797130169244725
-0.87926453233739177
-0.88101624001419099
-1.1179126123954848
-0.61734763710178231
-0.6461539023407189
-0.86587218815292932
-0.45984100673149048
-1.0814294234636275
-0.74203200186427065
-0.82079443590723455
-0.70120022998084308
-0.69655504845726957
-0.77358817086387011
-0.50917420632505295
-0.72259918636978826
-1.0263249879949357
-0.75741106410649151
-0.83741353968503562
-1.040065961780591
-0.76613347010173505
-0.93988011674016936
-0.59462660529538236
-0.49843277313882173
-0.66763198511604038
-0.58908223906270463
-0.69653096289775296
-0.736635633241568
-0.77474007693447777
-0.68683424169970209
-0.83081939395719751
-0.82798243457820608
-0.66626352695936442
-0.78268463356491857
-0.95269471463383293
-0.60922432684195837
-0.54474512328862434
-0.48399278227891579
-0.63202311942226186
-0.72490111225650389
-0.96081114337189522
-0.77512396343492218
-0.59375781673013961
-0.19210160098751339
-0.67604239514037434
-0.7584315694358128
-0.66192284989387096
-0.56004658289424369
-0.49006534548277764
-0.46788224587259025
-0.45995482619980682
-0.53881955741500853
-0.59742270621520388
-0.87761612310313586
-0.87298208714752978
-0.53187817396918535
-0.8741932700101448
-0.99359800840196866
-0.61345127357963958
-0.33895424026827942
-0.57838124406637537
-0.57759791276721417
-0.45625605243735834
-0.37983693533828844
-0.47885466176354768
-0.76476380557686985
-0.72587997400517024
-1.1608442951338003
-0.82203571200482461
-0.88244686425503915
-0.64759542578579321
-0.8210779432173968
-0.61718804069724964
-0.97748738693451986
-0.88936642277387479
-0.49619280190872633
-0.61790732062070797
-0.61293170316992929
-0.57884517678868397
-0.47705518566843297
-0.52585717094701867
-0.73699046866323137
-0.68359269897326691
-0.51453578541765332
-0.83520837565393014
-0.42800256624647331
-0.36135292791078039
-0.78558634801387717
-0.50776084845931502
-0.81152179658727153
-0.37428414957544071
-0.38527963999903603
-0.83331061331803213
-0.32635829916069381
-0.383860026123644
-0.57051921875995149
-0.73014334350572985
-0.59969736441905552
-0.80661829069049873
-0.4274769761463757
-0.67682760311753642
-0.50973065064028766
-0.57544428083060084
-0.85951543387179186
-0.91122492494273044
-0.68913908487504083
-0.78472564875761075
-0.63242854516483793
-0.73308250142418097
-0.47650732693495673
-0.45850324687470034
-0.51552778683318912
-0.80684944512980084
-0.81666550123080917
-0.48120626962826824
-0.61262059508859901
-0.49541397805072868
-1.1602197454193171
-0.3938304512605687
-0.81305866227147272
-0.33080054559360073
-0.49126804532093332
-0.74201311304360873
-0.35161739744543657
-0.25801634339357032
-0.38200588939698754
-0.60700827971578819
-0.62257918506077004
-0.53987581064054524
-0.50552183558944985
-0.54998690434119302
-0.63132034918972513
-0.38210588492414077
-0.52752878806085068
-0.66329101613268682
-0.47565347419242771
0.033725970838282882
-0.49432611380708863
-0.30232813526475216
-0.73106846675957504
-0.51091313723706
-0.43395257781952717
-0.43363757079484389
-0.84962206535835794
-0.47569845543541739
-0.56908281201503619
-0.4110144216301953
-0.36032557413075439
-0.71881101321896501
-0.86287645368877686
-0.5231569782205906
-0.64037038709205396
-0.67437146951144511
-1.1223476923869862
-0.45045877507053989
-0.57899685296254499
-0.39575080986975697
-0.52763730168160516
-0.80412690949235577
-0.58362266065715518
-0.45114300579057015
-0.41251786144171027
-0.76816054765499531
-0.53820607541350507
-0.91285299682816934
-0.67213002795906618
-0.51727527699327336
-0.39142558171890374
-0.20300408811256354
-0.57310192071091914
-0.7250799628965493
-0.39786101038328359
-0.63775916287774836
-1.1342683272143685
-0.50633070683343528
-0.43618126249437877
-0.57849174155076566
-0.4120939946831419
-0.54114407396961695
-0.32700436149636264
-0.56131770444912277
-0.51615418871631735
-0.14445730401415635
-0.68907707825084286
-0.5457000416803337
-0.39404443932722555
-0.59338976877972316
-0.015377086985346424
-0.21873374537517745
-0.39626969971450393
-0.20851367109435393
-0.3715005861283332
-0.12111558422918227
-0.08529207326936801
-0.32861659956228118
-0.25101016758544437
-0.212397235617903
-0.14129949437392481
-0.16404175591594788
-0.21949695498733124
-0.39785835915061091
0.051527229009067317
-0.65764874982537269
-0.10236471731656885
-0.40027561894427072
-0.18003012424581682
-0.4720505109114701
-0.2744463452915003
-0.28297455987389331
-0.56452162882902435
-0.49796965216112893
-0.060078796934575109
-0.48371126282290339
-0.13159635231132905
-0.5202225675023372
-0.20259893064579737
-0.097994268671798529
-0.38958148920060048
-0.29901675776927833
0.053065083521448633
-0.24010784691556511
-0.38577303088547599
-0.50447987613983303
-0.23520081695133122
-0.50072023453828718
-0.19985177330010626
-0.10235370859416612
-0.11244744849219146
-0.40732398336963377
-0.54113949250306814
-0.37127515305446912
-0.34801678265992142
-0.15590788725545418
-0.4173102743974304
-0.14532813702463018
-0.23429731595668643
-0.32131990187839699
-0.23143435315319927
-0.39178932812547818
-0.40451666190258562
-0.33450508303516235
-0.34193376934290942
-0.45261205923473508
-0.16471775417278237
-0.40301043341723297
-0.55178186414249752
-0.29500940074198412
-0.32629978241837093
-0.15399159174228749
-0.47729154304080074
-0.6682489023268896
-0.29729746975282206
-0.37369923716357101
-0.20435033187012686
-0.28162729213111604
-0.33279139850157674
-0.37932479740440878
-0.44942927056517595
-0.57292186516401589
-0.35384614322397973
-0.087947868802156257
-0.32443091420583642
-0.077137347976039036
-0.43821630855657684
-0.49678865349417434
-0.49658532196947747
-0.48065057784492582
-0.40637509193983024
-0.37535558248795281
-0.61893931336446228
-0.17663356926415089
-0.87803877856260315
-0.26416278634012186
-0.30238683683183831
-0.46710428631216483
-0.070855306377771224
-0.48006712694392156
-0.22014299575559976
0.031576441591656818
-0.048349445357274985
-0.37106420913748633
0.091477451860778186
-0.40753415583558567
0.15298860779257209
-0.092576520724607536
-0.29762918172251451
-0.45037121569744648
-0.36056793338739701
0.012999235471485187
-0.28901668544633208
-0.50979194890221236
-0.02010798739110279
-0.24537190380709187
-0.34110892552255562
0.057691917701470009
0.013776652209401434
0.15668961874579496
-0.16985406861540858
-0.28580366119552691
-0.69618610010322324
-0.15753302090383325
-0.087126997757514701
-0.35443134062476511
-0.19606496386398617
-0.40983355124736981
-0.0064293940531941797
-0.16695735801790001
-0.13221721612401047
-0.33977324593841568
-0.13546435115524158
0.18180523310256155
-0.29141400021833486
-0.29410179230929173
-0.24601604569137267
-0.39038652402875645
-0.13331382419365359
0.089282890281442401
-0.67497006632233136
-0.25667444766875247
0.20921722047078481
-0.41536792804489564
-0.32541509203364094
-0.0025241224259092338
-0.031008816086476595
-0.24894953883322182
-0.2877023391775137
0.34160916856011503
-0.44398813240732926
-0.30624593474808298
0.089816056164895047
-0.22161700503904017
-0.17314222257437942
-0.12718469113585942
-0.53145970787132291
0.029582359717986499
-0.12509982562610086
-0.0045514165564066542
-0.25060074059794762
-0.38749001788548454
-0.15386911411990958
0.40929118433321116
-0.054775274444209238
-0.1292039977762966
-0.46069636310940232
-0.2303124290569328
-0.15250565959156878
-0.30226054851452916
-0.042756097356801005
-0.1059245727850372
-0.40812286729298336
-0.074350903535063004
-0.078865627597850485
-0.29093623284442705
-0.38703781232781692
-0.087765651439179068
-0.4278675478733287
0.058653541778600854
-0.086373958042396656
0.10542424933674721
-0.34110252573872224
-0.085921286039141911
-0.032841337215575368
-0.29138312204595029
-0.35466760703967787
-0.25890379071732395
0.11520527892806356
-0.18598045620463632
0.12079257093211568
-0.16992293784460194
-0.34243621881892589
0.15121827201472859
-0.17878153220334209
-0.20647338432900955
-0.064215451630608503
0.040162775205776699
-0.030994570020051859
-0.16326175993183789
-0.08687567015113401
0.1607260359100515
-0.42280250335725211
-0.23374262183520253
-0.30864008943261906
-0.16273339926505859
-0.32612220260863378
-0.0054163364697378284
-0.10322053122414028
-0.16504484543628264
-0.00033309365690091264
0.085154951446728605
0.27706870951803919
-0.056853913738579169
-0.24145833378592457
-0.29023723012767089
-0.12351490025474168
0.025353960211022916
0.021769603426528953
0.11269200035108753
-0.21143980942563786
0.11074079820751549
0.017635445484469402
0.27271726516023859
-0.18564821171131216
-0.00093422397994854731
-0.039045202062769527
0.19047619272225713
-0.28809854161260012
0.094890009792325675
0.3746815425294171
-0.2856469808315118
-0.21968631975260453
-0.013786367163702564
-0.32351143827752005
-0.1984042182960766
0.18669568703607148
0.30749038727264749
0.075097205127912847
0.007911643471410287
0.29396256083652039
-0.24248614256939799
-0.16752543259779901
0.18651049637422329
-0.12299947326720209
0.062585333176554792
-0.045896922879281696
0.12003066988800361
-0.12499147615334422
0.11842328698710294
0.25886081913548392
-0.13967938807062208
0.25085253809311431
0.073565708273126834
-0.2021585909371289
0.038281882918448244
0.19882883850626104
-0.00082110299454736567
-0.15594912648069822
-0.10399503567755501
0.26434268764555596
-0.19792804459844179
-0.14482185448252516
0.037926117601928315
0.24836208105160856
0.21094599407594661
-0.15576003020985849
0.25185036821975226
0.057635153781491567
-0.028717492600023726
0.25823023754660668
0.13456508720033095
-0.095523037261723107
-0.23286178274218547
0.23447122057596745
0.14478481181392214
0.36854082218503859
-0.20161210017805933
0.051509189709108463
0.20237071124547731
0.20928565906613242
0.11309150598737246
0.10940656130093487
0.37991726436999634
0.19022587172446556
0.38219210810946391
-0.010374835754128816
0.10654118498691624
0.23740578383872127
0.11393750501970858
0.059492802049518699
0.08138337678786603
0.22549704233602338
-0.017301183262716076
0.18208221934660698
-0.086921027999921754
0.069680917168710887
0.087519418203757818
0.46998240627299953
0.40731872603189229
-0.22152819899240317
0.090955792514836251
0.054404424995095776
0.10895315511832482
-0.2485123342493431
0.21564964374748277
-0.059927160874374608
0.15610795241073544
0.22576892446886013
0.322737948474077
-0.081784177221350909
0.33859576581260126
0.41733896437686369
0.12992429137216269
0.13941595762600698
0.095574996129406703
0.077482192825883422
0.36149442932376624
0.38159014127263985
0.28946476478309652
0.38349785102616923
0.20213159965457464
0.10634773885921915
0.38209105016725281
-0.31530253130615538
0.15601513170288989
0.222956038879979
-0.19103789223401191
0.020568885752861126
0.57010986191299784
0.38170766325929101
-0.050072072080798939
0.55044991376321928
0.091204529411995833
-0.18676757044095554
-0.048938373485735473
-0.033636130487750861
0.035319648336181668
0.23248977562124387
0.55718534915000451
0.089465970084450272
0.26628468186049009
0.28495406023673481
-0.10473889120828768
0.39881987823009957
0.015422473999769903
0.22631036625293088
0.30059317250691392
0.55837025489040437
0.27057690701266968
0.20556683342217061
0.47588514612730459
0.38397788963737817
0.60952082519215189
0.27853609576282229
0.18747667694525344
0.19632307125020049
0.030415709464104903
-0.0097058141859031853
0.69160616368569772
0.14441615709428529
0.37940237470118388
0.59386454396434596
0.27137697058825633
0.5308418721796615
0.45041792446187573
0.22773476925310582
0.50341026525497679
0.35778936070215284
0.41272136488318822
0.13000303589995127
0.51936606237902172
0.64568589094111895
0.50974014271241297
0.40111762055698191
0.29181271607954345
0.27245297082378994
0.55841996094997737
0.42405434391131108
0.622688112442213
0.35820242263585139
0.32558846290738919
0.32704330253801717
0.18280799361820008
0.24093212101861278
0.17865593238016686
0.15960055634105691
-0.080281371016931502
0.5119124714648372
0.54769110954141842
0.43028085731010363
0.51941186644765314
0.42492141949186646
0.46362205658669764
0.41306347751059591
0.36243490710633131
0.21467576771853339
0.46012109750946778
0.28567744454559207
0.20473466243419416
0.79708512909287788
0.57209582997840724
0.6965838488291306
0.29368578250701971
0.46016251893332688
-0.017767393659634166
0.22863131370364331
0.33432004298014234
0.24724770236665408
0.10186743268899844
0.40336866993245502
0.352046700491427
0.33746331219372416
0.40096819972893594
0.6724461099533483
0.26905491713287605
0.12026705414044815
0.16901447181620871
0.29979398732127038
0.28650974444334493
0.28740065077973209
0.15949672573688956
0.22375401101239756
0.51732906361437747
0.01476139648706995
0.22959107577592297
0.49120125017516769
0.52137195520567114
0.19689032651902671
0.40294257837164532
0.29015706756183879
0.072373085527693989
0.46378064493596882
0.45059798083594593
0.55017007311138455
0.45464537285478973
0.22545361704855327
0.50944117697784574
0.069918139524739978
0.27600495880804021
0.50478444106644105
0.30229170438711916
0.55655430313934262
0.31148026239101434
0.43407978898434041
0.46218772189271562
0.4693093843858776
0.52490549658671337
0.46053207933152668
0.81437301399040241
0.54785354578671097
0.70072000220912156
0.59875952209817129
0.35581568494076488
0.21779662252258064
0.5264965004752169
0.38856669205262195
0.63885488765103737
0.36374108751919165
0.37588669209622139
0.41590352306624712
0.48999274971964812
0.34956039091552349
0.37713982662064005
0.60949904207893546
0.50225309466375356
0.47249095441924432
0.2703834436897754
0.62682564897073434
0.54196551194358633
0.19703497886950544
0.52059561205568261
0.21620644826801794
0.54439514147184498
0.15945949810582752
0.60076555174123014
0.70865505650711169
0.47734528577034119
0.8829717995531241
0.39811910724330951
0.26900069267292087
0.52129940577451439
0.40980857005656501
0.12145015721796255
1.044853034828902
0.52321308870458294
0.55289075188268244
0.84237939525493222
0.95374260244126152
0.49381313141933314
0.24352874868849306
0.60332428801934657
0.62695329608198691
0.23768841578376523
0.53355650131139232
0.82793062238860282
0.30290516219511426
0.56354517172824858
0.51185813200639252
0.5926845075274183
0.69216777348756353
0.217254288325397
0.64441095589817199
0.70984668678980445
0.16818621379083554
0.58997496239217206
0.47981866783322802
0.71615001522775545
0.45089329327939998
0.45152974917746297
0.28562379641596591
0.30740980313501298
0.78491679306396611
0.93100922332409342
0.53067498405831803
0.81656760814013596
0.10185367479202556
0.61814861691975775
0.59496324838396608
0.41174875312459552
0.5986041305527906
0.51651425062544154
0.63562472328714315
0.63444704151720244
0.681170886390145
0.5462203811110502
0.9228708661586037
0.90885972672182436
0.66294017184564913
0.56746775838461272
0.56138026285017195
0.92582453108790286
0.56660946340177021
0.82854945397110402
0.84271138433754844
0.47846237569127331
0.702465899805094
0.14978951864600468
0.71403799169785898
0.64166115666558876
0.86819169610970504
0.89891052435821894
0.59596067098200201
0.90509527708804338
0.51716244700119074
0.52687688036584468
0.58212489956855784
0.64941020109360603
1.0398058835473676
0.61196686668856892
0.73471941985495759
0.69055528165203384
0.73622598442017395
0.59340223766027222
0.5144610293021733
0.41285117556204459
0.64564403057112685
0.86696354307168977
0.7763213046138433
0.3311808209630992
0.29448912731047244
0.81489794804795224
0.70354580053484161
1.0943963568297634
0.57641923861955269
0.76451970972417049
0.80409237158969549
0.82503724456643257
0.45084934574270785
0.80343766655105753
0.72863096956039031
0.47667161383462209
0.98952853792760564
0.81368227553379091
0.55936459583479869
0.61171889659383405
0.95683435123338267
0.73522110672136542
0.59389073745421128
0.75569538581548934
0.91751628366581062
0.94141894768450918
0.53384663695546808
0.4983301215246761
0.59530173755711868
0.72776054877772101
0.628610328213143
0.95622918848097049
0.85535903375295619
0.84958537856567784
0.89982974380435776
0.67592456218630914
0.96631965056882896
0.92992089383665721
0.6882210398938059
0.80343326211714505
1.0770079102814456
0.77204829187686552
0.7107190315193268
0.85517520946047343
0.6020052162233176
0.82714551289292382
0.69423717855980793
0.72040203243352019
0.82438883060038293
0.70138538104271742
0.65346563593055362
0.91891125858332934
0.92096089184304664
0.62544456745383459
0.98528710894610216
0.87460868258049895
0.50928468229624047
0.57078114411495573
0.67562255551374584
0.49211363970657324
0.85946208048692385
0.70045419637699236
0.60818951898743401
0.66062181234359396
0.8900435356502574
0.68393522871480494
0.67381761364598181
0.43161791707834962
0.8475439567646339
0.86493943825660791
0.74049866482618965
0.85025694540543839
0.7470606915410436
1.0016134681416544
1.0633001489626259
0.97385182577207008
0.78074257410187131
0.76871372803625793
0.92860433894139771
0.5860426250968187
0.72076923330737463
1.0196108618281745
0.75675264388139662
1.0192073292516242
0.95785322461364686
0.90602440400644291
1.1095199927946584
0.82828712895333778
1.0849140581178616
0.93308646020323383
0.86525147684856329
1.2157048704007307
0.75214737091978279
0.88587291645082233
0.67112999749493885
0.66657431203095885
1.3481911121619239
0.74035140586513393
0.50152436693671565
0.31900798082654397
0.80697812940008995
0.98282530398150481
0.81667806100240048
0.72365076386746929
0.90746008851043358
0.96826622519474037
0.78606474191210007
1.0001422002996634
0.82519016897678377
0.66221091229837425
1.0414131994704534
0.87545860572948531
1.0762873210265353
1.1543212013418407
0.9418212164967259
0.92137506393811175
0.7445022743828299
1.0231253625882923
0.71204401813362395
0.91668442443970455
1.0648775781565079
0.84928374857066347
1.186696398044164
0.92463119853460196
0.92194043508642576
0.67918775120088049
0.80255509261202462
0.96499029940011949
0.5892867274208281
0.99325891037495295
0.83145500174567299
0.83357435388021828
0.77209548424326147
0.85737724021948292
0.85894922594472345
0.98945046181651297
0.90685271434014003
0.8947397731668999
0.87407035787694576
0.93362072647911187
0.85444340511371264
0.96737537311953925
0.81359463800903209
1.0734021907773315
0.95836350200437848
0.7405404800125539
0.87637718139386556
0.98120690552659628
1.2495593188144791
0.9611910413636412
1.1629151454662843
0.89864698730468484
0.97279667186141483
0.94116748602388833
0.91754476089220338
0.79773752557034594
0.96703009152496333
0.61883792228396495
0.63813878285280456
1.1862107053558377
0.92438206115688448
1.1525742841801503
0.60441530744345218
0.69617488497106772
0.84427616004917239
0.9577711465218276
1.1659047101757718
1.1169229620384016
0.93128756697755244
1.1233838757517725
1.1041805984133206
1.4939688942572305
0.6920739607497588
