-0.95070602876451338
-1.2617491149872808
-1.0350364698342733
-0.70872015189714521
-1.100822977255923
-0.9308588905893197
-0.85884371478243249
-0.92121617517015497
-0.83138614972276781
-1.2070958343399303
-1.2237175825364364
-0.85904699316405309
-0.88475624333436853
-0.94588467293410305
-0.9332367615366135
-1.0492961583551264
-1.1508222514860666
-1.2030273848960145
-0.7173776468100892
-0.70664932314341034
-1.1469235873220391
-0.86256355030445075
-1.0253419076167993
-1.0106460455542376
-0.79646488873860677
-1.0651982472753991
-1.1051101648816064
-0.95367369896258181
-1.1203125509057794
-0.64779614968520982
-0.75216760725394383
-1.1267384270565599
-1.0612181644292278
-1.0154395530208122
-0.76445499046797671
-0.7602606444764991
-0.97397283245646826
-0.84242740168323871
-0.67882267868966206
-0.79008603915436404
-1.0290946563924073
-0.86820752909260879
-0.76222345637086242
-0.95792390889539292
-1.1732906591540724
-1.2848143074997238
-0.9619300515041922
-0.77775297211348926
-0.47285222238727453
-0.91682074315068329
-0.7586285138963037
-1.0085833562476019
-0.64167947390502467
-1.0237384930817055
-1.0852988722901762
-0.9374083070132907
-0.96004121153492183
-1.1267975954377396
-0.78906850787347049
-0.63430069893594199
-1.0166708668907869
-0.60386077851321618
-0.79239871797714145
-1.0417841035077624
-0.83161118674794321
-1.3625339989632903
-1.0123765115804035
-0.82316313749890246
-0.37750723798080271
-0.77813220018296647
-0.84621508833203851
-0.68020982041695921
-1.0162941679619943
-1.0543156896379295
-0.80445346623014968
-0.69709028147277707
-0.59043830593422286
-1.0139583706494042
-0.72448679221957613
-0.80868583706502617
-0.86079573314425639
-0.71297088799027075
-0.80100752473159187
-1.0666201170819252
-0.95243600845593357
-0.72328101115710131
-0.81811458250689018
-0.80846136580371142
-0.56209232267762366
-0.77742376817685144
-0.83474311930820089
-0.74487580750045046
-0.97946241742086781
-0.80588753847967576
-1.0186446900878252
-0.86566911448861006
-0.44012141956442236
-0.88226859897445886
-0.9845607055786989
-0.49361862106503612
-0.60437914112856206
-0.62090851040127759
-1.05989703129723
-0.63465309308865836
-0.70836675823263773
-0.95250423350592917
-0.65611801934624925
-0.95217426932847427
-0.70390860970661351
-0.76436860277608065
-1.1034869735100798
-1.3199796561349519
-0.78532871379070945
-0.56838355596922485
-0.76109493371478976
-0.85663786143227272
-0.94835358971786254
-0.65313164059174078
-0.562335898166201
-0.7520647505932333
-0.61502163917056074
-0.70282433943665745
-0.73465037372466502
-0.47184645105811307
-0.72968098101542755
-0.5067305173826121
-0.62794758143638463
-0.5226304318549021
-0.57059006810219459
-0.65215673549426256
-0.82240067345284162
-0.84359271660541146
-0.53635194846879719
-0.67449232969602269
-0.72747953776209084
-0.68247256728007588
-0.86897652780583068
-0.35032979952600218
-0.50311245522068326
-0.71661183496095626
-0.81346277291608116
-0.93236598651971947
-0.63244151237008939
-0.68199625191169577
-0.75582752630735728
-0.70819514017580565
-0.64110093165386373
-0.56984819596535785
-0.9894481377878479
-0.75103406576372966
-0.5763575120610559
-0.73893336282889366
-0.57743854379199633
-1.0023675928374911
-0.87222730386787906
-0.76592743158202536
-0.77242382149803768
-0.6536613264961203
-0.99552220573897154
-0.63797092534764055
-0.64711119183366084
-0.35616120706529175
-0.63622099809100185
-0.6811812532896161
-0.79949239484852441
-0.90963610648600324
-0.64718999696439827
-0.63172652536848051
-1.0028465428040589
-0.68850054626323476
-0.62237656777135497
-0.57379662483437099
-0.39810050432561522
-0.80208139991085559
-0.66148468491494183
-0.71574681448506705
-0.72159424112137482
-0.51930131623431808
-0.61808321890132356
-0.79676460405951366
-0.45277584822694955
-0.77139903448375902
-0.43152662374518619
-0.62281538177664231
-0.33759061137965551
-0.60326049311260332
-0.47144203902831111
-0.87698860037901916
-0.95130743648257776
-0.66479108027834477
-0.76558787174703291
-0.72696774619645921
-0.83067507872437552
-0.47741526559066205
-0.78508239532308388
-0.69942600090580798
-0.52329149992297996
-0.62926724146675495
-0.8520301026777708
-0.77777699403794909
-0.66019241775820547
-0.33030474025839857
-0.57843866460739302
-0.36711641903850423
-0.63340563924245019
-0.99545423669459243
-0.46982515066970865
-0.69310859929009583
-0.67567639048891726
-0.45565038017630499
-0.85458531724800635
-0.67172041140297079
-0.5815496680634048
-0.36029497400205635
-0.43435968476325809
-0.40489008202271337
-0.77232721832189821
-0.5835268913061431
-0.62157085771462572
-0.508151590841045
-0.40449950815951097
-0.58727631063761176
-0.57796645612723729
-0.38426251543529738
-0.7586418675226051
-0.72983571105475564
-0.77661331903352449
-0.39024141089424086
-0.255206622907243
-0.58200742178749765
-0.33059673693383762
-0.61530644131705892
-0.43442718036514316
-0.40739639613901674
-0.32634035217735402
-0.5741413185939237
-0.41123982438697454
-0.72125038324435464
-0.82082947153446884
-0.41222400757643546
-0.40804260431999961
-0.87468638949120869
-0.55040032774439729
-0.14833962160381722
-0.56536392662182711
-0.45559530711831697
-0.61346797900217553
-0.404846651018959
-0.13963944936844669
-0.59262637780377947
-0.36882161129017738
-0.60587511086425294
-0.44239440873970215
-0.78891699377157987
-0.39650882909614488
-0.49214340024533282
-0.38978849350327938
-0.36704921772718718
-0.27628046265751105
-0.40824619109678939
-0.63061784900882545
-0.67708226192780263
-0.34764918366127096
-0.57239499137347605
-0.44993772860806286
-0.79595381202205095
-0.16764407235768533
-0.51746111162423525
-0.42431874557332799
-0.24753635137534033
-0.35024202365267104
-0.4857245914015425
-0.66350796058751516
-0.55333134687113339
-0.50649147674822637
-0.257316487677543
-0.29472188597616278
-0.57197084185100955
-0.36760668659572321
-0.17150954119403075
-0.12397705303135814
-0.30093548365894274
-0.44806132237152635
-0.41110686590866852
-0.62198282266112603
-0.4426749512199889
-0.41794957290649509
-0.64108585095108073
-0.51694415997486787
-0.39435294022038125
-0.58072597728191444
-0.40341815754805188
-0.67829034054452308
-0.55006186959481229
-0.50263042198331331
-0.57755702488825389
-0.54655314295611734
-0.33004663746156637
-0.64162824268218643
-0.2173960235976623
-0.54077605482951963
-0.23834387363588494
-0.7082806937131646
-0.49327399234493136
-0.35287935481279192
-0.58933525470581416
-0.60482963056964012
-0.24927660489380282
-0.47552293521360012
-0.38578380128011014
-0.55735201905851128
-0.39090190751513765
-0.31722153282080473
0.021640896402995286
-0.18805257096021458
-0.73704333355735396
-0.48283429054506366
-0.54070136196590779
-0.11575582499293528
-0.38450662289477461
-0.14164092568081441
-0.27178802403129187
-0.17055412939678111
-0.35096293923210092
0.088522125803765228
-0.34240195825487391
-0.27099375426365085
-0.32220954994481199
-0.36490306433245906
-0.69757284681180221
-0.42448518053490958
-0.25496816744057238
-0.24647954642046405
-0.53331864356620473
-0.39223085324600176
-0.42117896879918221
-0.51917956871819682
-0.48966150524647833
-0.098692746497851536
-0.29485263041039794
-0.15448237188132508
-0.34750804205541103
-0.50929594744014584
-0.35452774022549227
-0.35000229521454862
-0.097747962717648726
-0.36614909438989812
-0.17887746963987552
0.12110682878579024
-0.203472441390181
-0.2507445991611264
-0.19968904362883735
-0.18899938748106576
-0.25727608022113757
-0.44705827248374114
0.18809170532091951
-0.53398598343735837
-0.055507987580715235
-0.087769178118295793
-0.45316432501066617
-0.29367205149865477
-0.38548774480176135
-0.49066929036748264
-0.2563515396239105
-0.12852903638783642
-0.12271460777331522
-0.31323651927988444
-0.45158875795738329
-0.031779100095360141
-0.4006809974760594
-0.028289275061354934
-0.17402520836373997
-0.081272685195262317
-0.23788720600399008
-0.34523581315263763
-0.47343106441163163
-0.29028259085568869
-0.53472726391163716
-0.36928572167264134
-0.50299351989088437
-0.23500027419536884
-0.58920655098432984
0.044240252274118312
-0.60066618810443495
-0.39725448372624894
-0.21840261195606303
-0.19907758722077953
-0.11231180665824936
-0.17867550776860411
-0.19610524804484897
-0.18022456176336193
-0.39226946321942613
0.029638009154666783
-0.025825761766468513
-0.029009141073367998
-0.14205846713379083
-0.077100685343586453
-0.020214720681020905
-0.26077636875605958
-0.089832712595987727
-0.11231133557674945
-0.37887419376901627
0.038641872692016119
-0.10289111592261045
-0.30315484806506549
-0.24927756593078829
-0.15798755949634583
-0.085990130436803827
0.39087864262243355
-0.5731210526452829
-0.10731403617812413
-0.47247743386144275
-0.17974606012563354
-0.13420900081606799
0.0061466541402007161
-0.066615018062929771
-0.15934132405064128
-0.36053101346222327
-0.20133827137615376
-0.15927859695942642
-0.21945264549226079
-0.14988423563150322
-0.12225564017389362
-0.21146765264230932
-0.17155431669589535
-0.50954365150812675
-0.019518421802859766
0.28027748743853431
-0.0066573195113308866
-0.34554789274800485
-0.20476362003614779
0.097798877445469903
-0.24891534559910594
-0.052630851866325434
-0.30835645470760187
-0.15049552721524648
-0.20076077872503267
-0.21570427202240408
0.10401674636940272
-0.40905631780258705
-0.22703607247173549
-0.21462629033706407
-0.26459935999028394
-0.010479032702067941
-0.2323067136884667
-0.27144107863286449
-0.31856452739063135
-0.21572102251060113
-0.27917800535307113
-0.17351449373470759
-0.41772059003086665
-0.084175065665197044
-0.13866182360173823
-0.27414858946824078
-0.19545666574826193
-0.10992384650094392
0.050117409119690599
-0.30336507598337409
-0.019926154258991729
0.30234122692325699
-0.43554283526958842
0.18447665502331545
-0.19760781632970659
-0.33483327929170537
-0.23755247591132639
0.073098070448434693
-0.16766060192660465
-0.3447970669287167
-0.075977948559911815
-0.17889106532422308
-0.18910609862289068
-0.059119411573616998
-0.17586528996435977
-0.15335361163726882
0.18180086165414713
-0.086350223062781756
-0.038012876293093127
-0.32518797509983383
-0.11861735869307004
0.062295665238703751
-0.29017470333137502
0.29130652046528749
-0.077168740053487075
-0.30097282123662866
0.23072930514224438
0.13033134525431228
-0.11616672294392939
0.32038915400067697
-0.071970719472096767
-0.1358332106148149
-0.17856085750856507
-0.12090277860046478
0.045424198914303798
0.11168160300782257
0.076230435345100184
0.0190834783695513
-0.38392484417585476
0.055345253904377473
-0.022269744263530091
0.1679996768770638
0.1897464132411727
0.027363188324525028
-0.049239050642922638
-0.014086930345971983
-0.066869340287415424
-0.31343155955089697
0.037638309569451182
0.34171912295541668
-0.053326650293076837
-0.047706163197518935
-0.12636112019787801
0.23676564087459415
-0.18402003197676456
0.15519192344262045
0.24541309087195734
-0.083349660769491227
-0.04361208965961251
0.074405117018582781
-0.070943276266538818
0.060464127871196316
0.27376216571597306
-0.058668560210504102
0.13231526863770196
0.16127903942808677
0.20166027426243277
0.28785827446208118
0.29788470504390269
-0.016041861551932383
-0.025839840155855255
0.16837572093823072
0.080251579255161229
-0.2098907104694028
0.29375533998058523
-0.101474674070721
0.24055817157072842
-0.11554950599045018
-0.060324201104303067
0.02183441307898943
0.22883353886144953
-0.025201467594871896
0.024868227688481823
0.098678573552935744
-0.23186916594193341
0.041902982217919153
0.17705250201200817
-0.17276069241708605
0.20399579261267828
0.087187743444275809
0.28477962953443164
0.49584155761396093
-0.13863586671995987
0.57005587511897238
0.22245852752211462
-0.0081867977825202942
0.37162638546405657
0.2031459267688589
0.052143810067236236
0.080003971657585604
0.09310958370856609
0.29773419386293509
0.11717843323416649
-0.085633365467212938
0.010909522146889615
0.31028891262915648
-0.0099828873522692183
-0.11426736939819103
0.18551911526109124
0.21843487816663304
0.24260963044130382
0.1262077184115537
0.17598444824415166
0.089880650574832507
-0.0080312570084315974
0.17002699219152248
-0.062305878126343431
0.23279270403178945
-0.080117375585083542
0.29756470553599373
0.2087563377460446
0.116348619004029
0.10850894900427481
0.27065813863315291
0.10812033947116867
0.23364319866063279
0.013069949857433167
0.34032674415978054
0.073683621295769289
0.65701853681667022
0.32200733311531171
-0.069446770482890829
0.13106879949561256
0.16013136494469954
-0.08162146633329842
0.37247822782751872
0.0065445211418367726
0.12199447321266929
0.31270617047077665
0.052669531388264211
0.21633001977679703
0.44642682097748426
0.068192002030868615
0.014373586237802889
0.039652233882140321
0.16591245838893998
0.39314822427872187
0.30606522120857532
0.50030690043411075
0.39013823906631784
0.088645586072901669
0.14136042782200473
0.074014458329802441
0.44164963749385627
0.068396776920928853
0.18439526697206599
0.22166082392466113
0.1916409852875722
0.48338128331381602
0.31357481590326231
0.17310913023872593
0.25051321227547879
0.51954696199788941
0.3921796732258585
0.18613568241033746
0.34164876641751224
-0.040186348075314807
0.3133567274301553
0.16688688666916704
0.34342608140439707
0.46631623751617962
0.37593514555562291
0.51359414474197818
0.25394727577530557
0.059113777088706833
0.55624318451218879
0.26728353244327197
0.33058410623230083
0.11073910231749376
0.19809546621005369
0.60926423961484577
0.39624994010766595
0.20618419221261602
0.23046582025904747
0.08026169089712272
0.51351619076112953
0.3887420208641737
0.45435013073724995
0.46192266909766799
0.19849120960433009
0.39927882752535182
0.55260959345835403
0.58592019161443687
0.51096105626200439
0.28477502234031521
0.60653222886104063
0.16665677507771226
0.16774387570948437
0.45681027788268164
0.42047040694220977
0.31311273590815625
0.31469244496869447
0.016257589449647673
0.38475601778779067
-0.03126389819434728
0.16532313420504072
0.46801134245264475
0.52684644009482751
0.52611052609625797
0.33889671648675768
0.27744365711897712
0.42037875630343219
0.097769273677286245
0.18210401783504634
0.45121110398855813
0.21246516239954569
0.44942318785646651
0.26274173437782355
0.37825232479581339
0.4310046215893214
0.36817233256624987
0.17719463891774115
0.47842118205053719
0.27878652950969296
0.23304537562679173
0.4017245056538834
0.16387124885996038
0.43258055890410252
0.32490756694163242
0.39780738841552976
0.56937004713228034
0.45315480378948036
0.16332709465818993
0.32550994213789758
0.55849129047889334
0.33182396939984443
0.10387349591331733
0.63322622652449378
0.16829396755435652
0.39561154384405184
0.46739649827517565
0.51761020934027446
0.35470423096948639
0.54395784535564762
0.71303684726372185
0.38313527028109579
0.23130818717945589
0.20511956084687086
0.66036501680586346
0.40677683211781107
0.25993261875048146
0.42190876566536811
0.85334021656835046
0.36271658922633082
0.76303792664604952
0.4584809899278981
0.60341107010164108
0.28691927682958113
0.51569534417043272
-0.098792751799129469
0.52563614501178391
0.39453617592021989
0.34848932874055699
0.36742803380890537
0.56578878278026379
0.47421563420421442
0.42998970664044139
0.17168550689437645
0.75458834466628322
0.47408576520825008
0.36318663242913607
0.58734259694800917
0.60799962387073869
0.22749976832565344
0.38712601938897612
0.49449299703239902
0.64413066172597
0.21688840896527084
0.12739502997813543
0.80722479381199419
0.57393927995406047
0.86983370737509502
0.43148032574503714
0.27214097195739118
0.25572785483341837
0.54518314741835283
0.43751030138979619
0.69830543414365798
0.8625733258727617
0.90491343016391323
0.72817115319563319
0.3795512135269154
0.61070682474277893
0.63324508595364415
0.47043929009892749
0.80685435081963919
0.43948438179632249
0.64920645589530923
0.9332755466831143
0.4620920006755424
0.26050740524028887
0.76763375860851457
0.31258700467392031
0.52401824829353172
0.099333789517670232
0.54557035157751432
0.76824322086697461
0.59764463641998633
0.59881634433457154
0.62052635431651137
0.57708745667889116
0.5905303939325891
0.76520951631403655
0.45938131040227298
0.45797983516605895
0.5644262679726253
0.43948785069996543
0.59565846516701404
0.46227394664921323
0.88349877208950034
0.58353046685837773
0.465741080086429
0.42633089241112032
0.47932599127762948
0.62373373043520375
0.55861935201363466
0.90997461336825591
0.38511393770717839
0.49905719379407942
0.54239536230576757
0.37867076149390583
0.2900830455369634
0.45144957115302581
0.43921765368167803
0.35488372637027166
0.78823111869325913
0.70151338990600054
0.61920123303223795
0.6652762665539057
0.80262196199724978
0.39575883794948408
0.53965995476238326
0.22046958915066445
0.45532364603546394
0.78776068372561026
0.5101830553724942
0.54170087972997349
0.77476605957868649
0.54718055836520718
1.0179648575066134
0.5136674317710983
0.53577823970896843
0.70989387530829628
0.46528804088598896
0.66299589273726611
0.52761000610664643
0.86691575168756696
0.56876674805703731
0.65858918215626483
0.57357694414912685
0.86938880669918106
0.69365889039110706
0.76217822187105355
0.2895530673176942
0.69393646006992327
0.79643312746324801
0.30187927343657162
1.0413265128029976
0.45573880025011515
1.0826575888336998
0.49799434834365752
0.62881593959747129
0.86808910455870536
0.6559224359692114
0.79300684090461293
0.60589834781263086
0.91524069740870306
0.83588230303451161
0.61458254384299971
0.90138043152841185
0.93175269307983311
0.72756223890196858
0.52808895088165575
0.77696028784251547
0.52587878273719357
0.61949576891651004
0.63550201743186985
0.6463507285773159
0.53558686525976362
0.38058467054283557
0.65072716461303759
0.62947531423350589
1.0363808881412817
0.78255594049049992
0.43286155096294249
0.54384802273200739
0.70328205780260356
1.125670298417488
0.65321789969050392
0.80908858191324118
0.69152505055486291
0.72354969901515764
0.80147380680973435
0.52226215105923435
0.78525554276693188
0.68189974649477336
0.74444371012052835
0.72873759818767858
0.97633829947838835
0.49082701527037687
0.90990511261986773
0.32237198261058431
0.57910750069398786
0.7417207906559079
0.88785692017554507
0.4372007908731636
0.77702257128746666
0.67797227496096713
0.83433777371300644
0.66667526264599908
0.89620182421720562
0.76427661852284523
0.6441623055257466
0.80442646123176009
0.83377805054209286
1.052239999284829
0.63483592470421801
0.56461620212456465
0.44719546416816341
0.78318158414527339
0.80205420354298784
0.65103365042485617
0.62988549802673188
0.92266527598478354
1.0174757699954644
0.71144082792716734
0.99092746109545682
0.8827721049945586
0.98627168772415985
1.1330739090676158
0.6048459182988285
0.80065349604169034
0.86418670193053604
0.49481093068709592
0.91310486966523596
0.84493330225238938
0.5432523761027378
0.99233422708091046
1.0280873424494674
0.77136381971501267
0.93665892652338278
1.0781090622886949
1.0555920111991126
0.77214471001366902
0.89388747333354845
0.97684816226174387
0.91380131776110218
0.55671788662939148
0.93507898546894308
0.73070335998342917
0.78409738896570425
0.91693846575536808
0.79146837363747824
0.9831617034118626
1.0207628100866413
0.81707813672566021
0.76550285973017551
1.1410879952132806
0.72421191177596456
0.92517402814041583
0.68697544775323804
0.65050739684998704
0.84464616680255544
0.89159120312091189
1.2401359144511492
1.1189979352998978
0.96554297212979778
0.85624931844851715
0.57687869137680092
0.98593749831199762
0.98028830929256483
0.87154264927022129
1.0386968915888886
0.76233162463109494
0.9315710166719694
1.1979957306887599
0.93882388047357157
0.84581114845597727
0.65219758213909962
0.48875618403866428
0.68113960881872904
0.73666950188918268
0.86095056502143741
0.59540573030157584
0.67870225424593222
1.0089819775110234
1.0880493855685247
0.71849506238184391
1.1629674633440696
0.95814135945846857
0.7532283783656476
0.85823718902559376
0.89521844444786125
0.74041666493066272
0.54133580828529093
0.80782730274623105
1.0046404159257556
0.92711371925673991
0.53542044110921383
0.85661133872701123
0.98026161917766741
0.8429603111263565
0.86272372022157195
0.92730189831580245
0.95904851427832527
1.2839059469313736
0.79947521349937434
1.4059551813919322
0.7553679256237904
0.95237723961151988
1.1164630315566866
0.70548664159679275
0.8683762677147211
0.96758302635897375
1.0403801070781835
0.75783174507838369
1.0314273256880722
0.85450433459077202
1.0044686380811443
0.73365922391183735
1.2622434067332959
1.0179734201129786
1.3199404177326184
1.32774316566343
0.90021536797630075
1.0283496457494374
0.81901948390003765
0.95584667117822375
1.1968680447827649
1.0746076971421763
1.3001014159399793
1.0227656485136347
