-0.8937791646575286
-0.99804653046199499
-0.85557316977089304
-1.2514954972572074
-1.1689448258372914
-1.2091096177518985
-0.91382805739624939
-0.76905026981209867
-1.1958797115593132
-1.1476169049745379
-0.99957142152297807
-0.84230257501191907
-0.95569431803010307
-0.97032911030744629
-1.1481578431571975
-1.1661544562692598
-1.1396741342875516
-1.0554459992874172
-1.0263461158994109
-0.97543132620421136
-0.78146189631013929
-0.81029986968190015
-0.69591576391175958
-0.87181799684465922
-1.1308047923274802
-1.0359178194281393
-0.82617482135891696
-0.92149162184665301
-0.88004926022987506
-0.63084566089952365
-0.87495965915897156
-0.95079008679741961
-0.82514419062859412
-0.9792001798391422
-0.71648460141289183
-0.84885710456774799
-0.62404094037059499
-0.93934436355829942
-0.849037089765455
-0.90931103673457792
-0.80996632046226447
-0.79258845123749
-0.76261693331120151
-0.99588632392405918
-0.63556050022642474
-0.90796932404876807
-0.61641375999729564
-0.90088560952490215
-0.82578741929195232
-1.0781487087611736
-0.66939374163656329
-0.82831733456255296
-0.95396561571231164
-0.59857417247438194
-0.98735881200500963
-0.77847988924985467
-1.0683260873456388
-1.030769414122287
-0.72701096918569363
-0.91220203693178559
-0.71184741712191113
-0.67311918951163441
-0.79980174956003691
-1.1484727077496133
-1.0244359373723859
-0.75379086906770187
-0.76321880858862734
-0.67283887588058133
-0.80577929518837499
-0.80087371541580532
-0.7463759265349228
-0.65536169910180286
-0.92547748609477443
-0.62515634475123782
-0.68049907417674083
-0.88853208675820561
-0.81798512588635774
-0.80954515855623055
-0.87221734019064745
-1.2548765461515241
-0.6660002539427462
-0.53797000741639156
-1.1474424542219983
-0.81362431387922984
-0.89894646066401185
-0.58823022657923651
-0.65790660043970739
-0.7571843124072849
-0.7432374611414555
-0.53531442877474211
-0.61030782569978925
-0.80241583218962176
-0.94472595118660863
-0.52603923103399786
-1.079304846701431
-0.9135520441170486
-0.73884466013709471
-0.94816884498430376
-1.0538621608552183
-0.75269878616153441
-0.84559514470953812
-0.80394583149132737
-0.4949474289477751
-0.90973442295027163
-0.77732737262945772
-0.68775694101942508
-1.0497447270191322
-0.78139462322869313
-0.52664608118288547
-0.59905713362036428
-1.0413092126870758
-0.76654593659649228
-0.8209202172706247
-0.68106921493085038
-0.68770502307794468
-0.54525295712205912
-0.83305659597451931
-0.88428813877278445
-0.84354726280955539
-0.99264109247441257
-0.9605736730518426
-1.1801172855782336
-0.46108162882047665
-0.8851296840870726
-0.41958721030226825
-0.57948584854762153
-0.81485836315520022
-0.48164704599879182
-0.83532568541339447
-0.65293872154297194
-0.81184391613973039
-0.34924279424187343
-0.59862476627178529
-0.51979914961299023
-1.0611310980923658
-1.0109500857858311
-0.67880506454562672
-0.89180116226494777
-0.9961855615102998
-0.70230959140229721
-0.90997733065120479
-0.8447990075973757
-0.8773584965892457
-0.42569929412796853
-0.86261172921235674
-0.601089851135447
-0.70217058395973275
-0.78487811126212959
-0.75256169781736448
-0.74417028569814614
-0.9419107323131809
-0.53382992693530051
-0.73544507669428183
-0.64802418469749512
-0.94122058700891609
-0.31643694465045452
-0.69983184198858983
-0.7409502827600567
-0.68745371285694945
-0.37788378411381701
-0.45292089833352178
-0.53804964016130741
-0.70832750419741852
-0.65971183589804294
-0.67008588862201612
-0.63718661184699921
-0.60990815159884582
-0.63892765996293188
-0.69155348246240977
-0.54636679478674699
-0.41362791438396901
-0.48703156974674139
-0.71359017079559739
-0.74557498618215567
-0.89022572961104984
-0.25954062485700907
-0.99685752503559122
-0.88170219435852404
-0.43096404585506426
-0.67886329839362158
-0.54772003141411618
-0.8077859158617402
-0.67940981926521882
-0.82827067199912829
-0.90831645523655336
-0.69447787383536586
-0.50881973847865447
-0.34992247872032717
-0.67995358721149113
-0.79771767391754633
-0.30319960292869091
-0.49878934282857401
-0.57680409057537985
-0.36196926333652552
-0.65878945254323296
-0.52783533917731373
-0.59051104720157455
-0.65808444161931023
-0.91916918064466047
-0.46377796800610438
-0.54563679934823861
-0.57694432988139754
-0.44123583328467753
-0.45888595790982006
-0.37570516961075079
-0.5466991991678638
-0.80605024082131538
-0.44790463645877554
-1.0063018937037045
-0.55198025303334308
-0.63958199931290494
-0.41548255181437582
-0.52168782872158526
-0.58197363370382826
-0.66002628088334636
-0.69781746363589447
-0.42955662515129822
-0.86972117331561138
-0.74217175077334696
-0.18383601117242318
-0.54549183137687551
-0.83353156366886483
-0.48395869432493765
-0.84648593147362583
-0.49720816138212365
-0.81388045528903707
-0.93976046935043733
-0.43795718832862929
-0.99742699351621211
-0.3609670701332956
-0.51546230281182415
-0.733731569037257
-0.22016249326397491
-0.55856077752466615
-0.87577760424010509
-0.87317379518447102
-0.58035027780708304
-0.58621590855060968
-0.4003888491112032
-0.36242758997353436
-0.59304340976545233
-0.51013017658839754
-0.38699120409364268
-0.53757595494455246
-0.55590581244991899
-0.23319328474438517
-0.66665884003743758
-0.20255960383019994
-0.49142754537184336
-0.088225190211825094
-0.21253567867630832
-0.36897554135797994
-0.74121230666267435
-0.87742749939106413
-0.72585290015593573
-0.23777185635456163
-0.58297998212793578
-0.583384160016577
-0.29972742920537476
-0.40536058072105968
-0.7542868341293979
-0.51407184601124201
-0.50776675094780266
-0.2646437742750965
-0.80618797603717585
-0.38128494041999089
-0.46902116807011562
-0.47751689166040961
-0.41302688605973076
-0.46121667709827491
-0.45085730492505671
-0.34233603363155152
-0.2060409806196305
-0.50597173194087997
-0.25870500968099847
-0.2455563939909795
-0.64825574806340769
-0.3851034949621483
-0.47094667534433049
-0.63953856725666791
-0.64886377700822617
-0.57873102962294498
-0.084116952080108831
-0.27921139570697479
-0.52280521119715095
-0.57832242548809021
-0.11855378146777745
-0.4579619242411534
-0.51082002170399765
-0.28542778398840596
-0.61859510848822674
-0.3919326932940228
-0.14408037158504458
-0.33902335968730019
-0.51278398105416401
-0.36174051746336561
-0.57852049207477996
-0.32112083305948658
-0.25442004603103713
-0.67653911775124531
-0.5453248270570048
-0.051806133559758744
-0.51784564634752595
-0.099919616971522268
-0.47507752017244237
-0.54206868084488546
-0.24752664300881852
-0.52279031002169574
-0.38129467187155108
-0.2582598690439436
-0.15095272413515673
-0.40102075792045067
-0.63933060773212413
-0.64882824448570398
-0.4551635404610917
-0.0033693689851049032
-0.063405216500922984
-0.10384248624122848
-0.61583062491830853
-0.42727800540730815
-0.6826208846542654
-0.19131126458465419
-0.58472946643738011
-0.18073524717693332
-0.23087654435647006
-0.36181192866073175
-0.48164767445012741
-0.4542368907409286
-0.037883003577093163
-0.38537665147703376
-0.3180129672751148
-0.3757590730435334
-0.20692226386657817
-0.40543256688278889
-0.28516533246405384
-0.64500182695282737
-0.38910336352729435
-0.0088496588657013004
-0.18590240677446687
-0.44871276001060523
-0.05536273485307671
-0.26911943700014351
0.027378345122409897
-0.059953037081726807
-0.33346230460794096
-0.61045280690170056
-0.32386631587546671
-0.11062673977405664
-0.46227831537830927
-0.23800936827534944
-0.50728206639454732
-0.40556539687329379
-0.5933379967991752
-0.42343835769162447
-0.0021171490368024045
-0.29873136928315003
-0.27742072071643553
-0.2343800997950812
-0.37141517150417735
-0.23024070309271474
-0.21412860664599853
-0.076600964733561636
-0.4887246122878261
-0.51965610670606943
-0.19589010125911357
-0.30887787437839809
-0.46209911459419184
-0.59156613811797198
-0.068108079855368348
-0.27684309790948342
-0.13020526480739028
-0.37804565786528183
-0.20424252514348598
-0.17606260492020595
-0.2735271877826852
-0.2361411121485488
-0.34695819562886754
-0.066072564134017436
-0.53372930837649857
-0.42980710046873444
-0.32338255464546783
-0.39352271564708613
-0.4983409996720593
-0.3315938303379341
-0.36520013444599836
-0.28415744878798388
-0.34573374220967362
-0.20957750522954707
-0.55643311100188242
-0.46603585934245129
0.20433163390710307
-0.069682826646061111
0.044095274740298521
-0.35692941254327182
-0.0049920989940089719
-0.17029502316268427
-0.23206403117257068
-0.11907272492327399
-0.25583166253640532
-0.38544443016986202
-0.1588048392857159
-0.17409923011335329
-0.038204200810414271
-0.35769698037167041
-0.25199013837085482
0.1911346532442354
-0.31525828602269546
-0.075671688041138038
-0.43403347337856901
0.13531703696510236
-0.11235434046331833
-0.4140822118052635
-0.088527767206632343
-0.018504312056067278
-0.027873410419880673
-0.12652877162244194
-0.17454660272965511
-0.14989454945575542
-0.28658860635234024
-0.13105134394207804
-0.30142661728744152
0.20248611056576224
-0.18731355972195687
-0.14659673788190838
-0.062770498660548471
0.19579057802848387
-0.07421558273216787
-0.30670492474145056
-0.18804093475849368
0.037739722123329482
-0.393623750905085
-0.59986533332752889
-0.12196438589095948
0.15945268161815199
-0.51504048460364571
-0.23721049119103157
-0.23133631635861854
-0.079270188365112931
-0.32340034434986065
-0.29965331019032343
-0.28761360320506746
-0.28498133362889161
-0.25130968077566546
0.017986652795720471
0.083729695473190313
-0.34674899823003952
-0.035706040016813906
-0.25931395931056855
0.038904767281268043
-0.24670004390893507
-0.24175964998918717
-0.20119726887050557
-0.2689034125662535
0.45087578472282908
-0.17258076840915254
-0.31234715854239647
0.021919008823050704
-0.18594636502681977
0.10785972964384825
0.041798109996214569
-0.013131474369984028
-0.144522827269599
-0.098073567903461584
0.072261183054303874
-0.19405165856153425
-0.01804752936062215
-0.26249247894200972
0.22068583383507026
-0.066057993976507121
-0.20007521197028591
-0.091889877158631075
0.043418171491255549
-0.062364524546224182
0.039489793208472387
-0.21875362532097026
-0.26494010600989032
-0.28581775377895369
-0.55008613647748572
0.13765961162011206
-0.081355195125832655
-0.16227886732373115
-0.096195745551331799
-0.17045008748937202
-0.087107214324392154
-0.14229235120857706
-0.13460110111794066
0.10333834248630289
0.011836728577803081
-0.37007941072317829
-0.54357173996893027
-0.016542744707454409
-0.28979006095044185
-0.25767565167553291
-0.026337171342930642
-0.017473373249807023
0.09024456663360865
-0.091583962561634064
-0.40123870799371147
0.095167250692249836
-0.40862644676834026
0.20156369646541314
-0.32586890879669789
-0.082799111652176641
-0.19085445319655781
-0.30429292825234838
0.14101420893793248
0.044844638161839132
0.016309210397149634
0.18116385636109342
0.081111694329000172
-0.10182115317650697
0.12351656061545743
0.19115541178778719
0.062305033612266213
-0.15347663500253308
0.18163911832974378
0.28942217909057849
0.33646931620385689
-0.021388786619142806
0.0019235170356540817
-0.14210042577975224
0.24955798934634754
0.018572529844089681
0.16048928286531292
-0.1405511467709146
-0.049861993335906886
0.23313159479478368
0.48216361782776535
-0.1324324709873696
-0.031897187364441443
-0.060485538443721537
0.28513940540549981
0.21685700961807822
0.10046508362147392
-0.0043075743011540928
0.14298308004337104
-0.078393841646751214
0.11869592261763681
0.0046005054514306754
-0.067413362334691487
0.006434230630998428
0.32903389927966492
0.019423655808570594
0.17835338523483524
0.17849837445680522
-0.024289889807419838
0.31734836009444084
0.023268476299605306
0.23473852234007206
0.12717911209267876
-0.048702681826172163
0.13884066598339023
0.43496486570335324
0.037418173591291522
0.20885340783145107
-0.093713579860985274
0.04963070065834517
0.13672728707869927
-0.056438089264870553
0.12503654828617866
0.27136149579352153
0.090037689833739235
0.063402298930560916
-0.01979382192793204
0.45298236584859675
0.07943541489089094
0.15511358566887509
0.37594831615530694
0.060450754558809168
0.23504937986820251
0.28270687428199748
0.2951778722410901
0.18945518936173192
0.095040083849896623
0.3312077858025923
0.051825267351160817
0.1361452636762184
0.073508913975278978
0.24722166427996967
0.23961532680080874
0.098750937105306621
0.13894749751356736
-0.0083268417477947252
0.072394835845551023
0.36255175466075756
0.41420013679891715
0.061580203648270014
0.034641376745147889
0.47335332689553461
0.34498414639153141
0.50614910723756024
0.47994429825586193
0.2061413716905538
0.3639003785518598
0.073873620091718675
0.27515251560655374
0.20904193437576565
0.32109300066999646
0.055562788004661863
0.10646130699144164
0.2496688306767649
0.15541875692302001
0.16250561640094599
0.21319940851791624
-0.017517354635522963
0.30133382407108417
0.16029964710945341
0.62287483833082169
0.20707859192520031
0.28602520926602365
0.36405291213244195
-0.063131788435328282
0.0047812206883617418
0.2102310332395512
0.13774888353404138
0.31643442825626172
0.45412468590920529
0.32179099565540586
-0.026959035903163103
0.099797708411127117
-0.090484077497049495
0.22739477921989912
0.10148020841711049
0.17606014485048554
0.085501321494232063
0.24397191141969324
0.048445394735157889
0.66045219740292649
0.62415028061218492
0.12020470365687627
0.093879418532757275
0.38510290574754341
0.2023825115456713
0.30690806955862737
0.58772770835604637
0.40439429887550049
0.27820396948229875
0.21791484223375554
0.48764453590347906
0.40468797808084578
0.4161119860988316
0.4281292149917062
0.67885221417284625
0.50102068960440316
-0.12312545453613256
0.1184014143052701
0.27341879473296238
0.070180610374371594
-0.061493559576728307
0.1650612326774232
0.48199224381546635
0.30456376113416084
-0.10015700850163897
0.27281706319974919
0.26527688594914151
0.078278256572284155
0.32759340407086479
0.26502935261620553
0.29072495676497068
0.26149192495334556
0.44301806816501804
0.38367140011468004
0.36414509582427679
0.30107238976585127
0.34364873026740894
0.55337225324068773
0.10634709996363184
0.064821859680088162
0.19023909919072635
0.53497196419612658
0.50064614781449313
0.42799166298365565
-0.17103181512867913
0.31458882484434098
0.56351047245460562
0.22088659911435982
0.33335731747748837
0.47993330493708747
0.35145420603214994
0.43372207061272172
0.50552002718021527
0.42365110897573693
0.44005409135301399
0.21799357682651099
0.40350203709056964
0.47047740590655135
0.25398607223260783
0.037845188516968699
0.23251380352099454
0.097941166106772656
0.57459238617333075
0.55559210949849935
0.038243447263671751
0.20299665407338013
0.44813813131809804
0.43072167161527464
0.39130729636785
0.57398697143248367
0.28025750184373344
0.23806909628521927
0.38054731404430986
0.10980810150565266
0.7933148566876852
0.13855598392481477
0.55961222329928051
0.36365366876905009
0.15448546910387168
0.27463367718805154
0.089278825684129814
0.49848431425976636
0.4263263854207015
0.32567797895698108
0.43119415605713585
0.36197632238754346
0.48907034971906738
0.23946956355842686
0.39754763940597443
0.23188985365804562
0.15646248237099647
0.06480116933387374
0.49365658717294314
0.60648650977906549
0.5402655549974541
0.48411234051835883
0.37976988250907873
0.24538369628339571
0.44522581455759319
0.36974291872540427
0.23904396765398936
0.3814073805251999
0.71332179319832767
0.56786137524113944
0.67971547352457906
0.36341984390060139
0.56597191275212611
0.50313885835323036
0.48369669505243895
0.59722306912703382
0.24482901584072961
0.79392149301328319
0.41490174721733925
0.56919865353370158
0.64498024667890208
0.37481762119077927
0.67068556688428393
0.64235549443444817
0.64485767296663199
0.65951920284661047
0.3547032540038248
0.32544988893483279
0.60009716050050388
0.57650165069050086
0.70380675237678625
0.58028210676429592
0.091768284800349015
0.76362755673105998
0.65438763700469105
0.86602676101674914
0.52178520932241867
0.24763059691693065
0.62106291600853103
0.51952890739165547
0.59121569830536402
0.83849790717652328
0.8631841270541829
0.39747962312101698
0.28717240832879476
0.3319494736362873
0.17701058705527778
0.29842513642506047
0.47677771804086733
0.68132279396604589
0.25082857087153887
0.7267906991386901
0.38626554423118609
0.51048323283679653
0.9471296237301261
0.70353354248490374
0.67654779060218084
0.25228282799943008
0.62844505213906598
0.48646960051668126
0.39909657682392458
0.63719985990845984
0.11089871531993407
0.63150150090793433
0.55266919820242166
0.33654499281528871
0.5197050810833187
0.095772820268841805
0.53012068716869509
0.67303699555370111
0.38184171880713058
0.55939939847312481
0.76883169502118842
0.34008776988449124
0.41801825869964543
0.51432649125603258
0.53067459563993014
0.56690683303611233
0.36096076961319273
0.76173975854130482
0.74809072641129126
0.30318336652907557
0.50933465479172579
0.65408191927738812
0.7261941383891356
0.665055475684868
0.97932759219724763
0.81659724503687958
1.0764202776657477
0.26587696941112171
0.60059165849039586
0.74850149600922611
0.91212398626040481
1.005973075937036
0.56737812196438575
0.34995415030344695
1.0773759941845689
0.53494181875131708
0.52644448095538454
0.65452370445825192
0.58315320801584203
1.1307032462613651
0.65738866634180126
0.83368150107012928
0.56013140167799891
0.94732779983010862
0.64349931233284519
0.66891968286829862
0.62002827715161457
0.68542605813084456
0.63615072055217248
0.35682639660988602
0.60217112473397061
0.82092819591939559
0.53640618195592793
0.36776738478129622
0.75134759888603397
0.51522254698678671
0.63278559954331104
0.59513166441051568
0.55286767885625687
0.46852683617650881
0.56898028946272161
0.37371018269589018
0.79614839858552777
0.67303561909741616
0.57063450674889871
0.80379913740080655
0.94968898535672652
0.54550806574286603
0.69490058006444444
0.35625351259183813
0.69369565254064836
0.78430001856202314
0.73505776308103976
0.85644682487943746
0.88116863281937408
0.56831326978012853
0.75777141058584663
0.7330609769547598
0.76617500341958134
0.77841215965364874
0.72044282035355167
0.69861232098017401
0.65105646112245519
0.88621946892006132
0.98965508607643493
0.70836140897816613
0.64465793971924612
0.58079682958297862
1.0518358321143835
0.70583321692936107
0.72827637123678191
0.80382107497831468
0.92403930336362672
0.80030735327053948
0.92116946569023306
0.53337223239202147
0.51498216059280011
0.73041376536696923
0.91329035661674085
0.89534710945129092
0.65592726697123493
0.87278929741415012
0.59583904132371723
0.78910425739807
0.81564044421656501
1.1845817885346519
0.64644969675890362
0.84475448659195718
0.69364481208162387
1.0036918152655789
0.34814917159819492
0.93257594470844341
0.9985657507888962
1.2723364252028586
0.78198693666928909
0.95987394834636086
0.65430681244999045
0.84755976441213821
0.92978418237645299
0.63685087571597976
0.82105224203722238
0.90209542324579139
0.70978971895310339
0.59402371886551408
0.63382009117596905
1.0504417022249031
0.84614867288612372
0.70936065008465266
1.0242294264534215
0.67151022961989726
0.82125117377526458
1.0481416506559507
0.89892088668957848
1.0008260223386449
1.1002896560290996
0.83994832910646577
0.76439267552330614
0.66711935697754288
0.72832994145472896
0.50578969732541246
1.182969095670767
0.63841497152924398
0.89327217339094955
1.1207378349232817
0.83114108632918848
0.61901371438232144
0.70259099253437551
1.1050118947704017
0.74789550828833695
0.93060071431145175
0.89134498059462897
0.50886306586796426
0.64674617406572987
0.88983919619583363
0.81979215711059916
1.1035740724004008
0.86948595620648927
0.7668894358545576
0.81802766058999798
0.64725601779282871
0.78513216094489102
0.87461194086751937
0.74728380379623183
0.69439344099870326
0.98193201632600058
0.73485153256093882
1.0047016316514217
0.78258703041874422
0.73912044117743747
0.8716811826837686
0.83733488875689277
1.0537365791339828
0.77163370037523094
0.90737056428813412
0.96373842108349361
0.78323987971120834
0.94313608255430814
0.84369469932274122
0.95540302337819238
1.048214361395309
0.41808429637239958
0.86574865307624194
0.78088745081427369
0.82025788703526104
0.92121363831184
1.0934352138728527
1.1421404948934064
0.90448461442733219
0.68977963259187813
0.80712262484853114
1.0059444897723613
0.79016450007590167
0.93023590813753099
1.1434303212108345
0.9413701604565381
1.2672880533447344
1.1117531152994546
0.70017758540483321
0.61767928288597018
1.0974198421531527
0.83820763984576685
0.74199903944243872
0.40670413996223026
0.84375883897522952
0.8952814126406764
1.2395052702147502
0.81588818528680329
1.1285534056516451
0.9688365151645123
1.1357431365507287
1.0832532657493172
0.96018438366558601
0.88078944866349607
1.2304417684106801
0.89532360316476678
1.0728407407451785
