-0.89287500688729959
-0.98193562820420144
-0.85634458213424247
-1.2576529952643141
-1.1852486220340808
-1.2381787396834172
-0.93229906411732266
-0.76860273006529756
-1.1990960453693891
-1.1730242637677939
-0.99400843584283127
-0.82409725397180233
-0.9612864411287636
-0.97781754573660928
-1.1606695368982969
-1.1664508647641805
-1.1631628273933494
-1.0550653842420166
-1.0274460410912314
-0.98768271046502765
-0.78811440548262823
-0.78661183580745553
-0.71355921012356338
-0.87396535566047673
-1.14705233334944
-1.0423350567409291
-0.83723428825072943
-0.91183287705903915
-0.89489544700373946
-0.61655158915344344
-0.86383013986234936
-0.94371938371102349
-0.80771175985833177
-0.97170202527519478
-0.71825923542287473
-0.86294245601196351
-0.66155921999674605
-0.94908991066225834
-0.86521538523829933
-0.91485789223932357
-0.82429240913318791
-0.79279740641744034
-0.74973515297991267
-1.0185243634988972
-0.60915624911502242
-0.92127825630546623
-0.61457320873057153
-0.89559575828634674
-0.82538993942779315
-1.1089922184964598
-0.6557338402613242
-0.83543603793448507
-0.94899216093127192
-0.60933081136766476
-0.97914020453905137
-0.79228675691021755
-1.0638481572151399
-1.0430526173586738
-0.73011531659173834
-0.92571349340166587
-0.68757164872549681
-0.67287549183712292
-0.78920388275501674
-1.1587858942325844
-1.0092084124573106
-0.76837472783418437
-0.75082492800103784
-0.69695625529492455
-0.79975501060657928
-0.80474444512761434
-0.75454419314769428
-0.64502925508916154
-0.91088612537441893
-0.60780188513378375
-0.66521016378187037
-0.87559538863937303
-0.81179422436165471
-0.81439440181229461
-0.89142522061393659
-1.2654721227812558
-0.65549681278741845
-0.51869008600916822
-1.1634295617778438
-0.81466512529118196
-0.90042785826521365
-0.60050716896959366
-0.64663320776501543
-0.75215500006169156
-0.7581706118330267
-0.52280086714451635
-0.60574982001371347
-0.80970837116103134
-0.98093075420625775
-0.53387408913211565
-1.08620749116411
-0.90292178491327735
-0.7462158040523752
-0.95541758097862883
-1.0529700046310713
-0.76402748545626886
-0.85689106840943374
-0.80779424023375646
-0.49178487465976273
-0.93164895397219649
-0.76960000798796813
-0.67952015056069637
-1.0403466185445109
-0.77594440821951383
-0.5574752883907147
-0.60001370302732393
-1.0445069015685884
-0.76458286624942129
-0.8097367097170034
-0.70835286249588658
-0.68646261945990661
-0.56766457690377459
-0.83498772096978369
-0.8889939623370593
-0.86052381503915099
-0.99661254843561153
-0.93610714293745101
-1.1725225776742765
-0.45471535294152815
-0.91413245055622716
-0.39986198192592953
-0.5794837807841241
-0.83906431973778972
-0.48126035730521921
-0.85173053426493606
-0.67281875625653786
-0.78312511303971377
-0.34949827826395141
-0.63025220789506942
-0.51796719707319894
-1.0465423103041174
-1.0148538422455793
-0.67549147372430252
-0.90745152369760851
-0.97878414717103945
-0.68979592417944613
-0.91263454456663773
-0.8544620850885376
-0.88204479734829
-0.44287502422968555
-0.86488765454502237
-0.58563621950034539
-0.71276996155639116
-0.79638912511037596
-0.76871087258743331
-0.7232945233016751
-0.95935392823128662
-0.52246593897331273
-0.73308830087973698
-0.63279868915353765
-0.93855275689379902
-0.32016810722762662
-0.69730244320325718
-0.73871084776107188
-0.66162414472755815
-0.39406302619493733
-0.4482993432668555
-0.54000902195077427
-0.69114749849974855
-0.64726025423454869
-0.70990962628562271
-0.62142396277939826
-0.59436724392274054
-0.62665555057678968
-0.70188269447318197
-0.52978770479931092
-0.41674911780065299
-0.49863480168562802
-0.71183148315495837
-0.75750758314317201
-0.87027511685791858
-0.27231079221570081
-0.99247042185350787
-0.87541976402098265
-0.43009191282987874
-0.67282423583193451
-0.54911492973801124
-0.8112514034831837
-0.68970228729017724
-0.81613484821000182
-0.90273081646248343
-0.6880520582923132
-0.51553968730114785
-0.36480409591848079
-0.68235305976232086
-0.79154485292982457
-0.29902382207747114
-0.4896288360093019
-0.58690573077145003
-0.35998214689444175
-0.65049165366461947
-0.51264197017828372
-0.61589018611600055
-0.66886988583669327
-0.92170291459784282
-0.45412478430063169
-0.53971917833054683
-0.59774811406074269
-0.42106064910258184
-0.44059421191572345
-0.37013906916792749
-0.54948719633900645
-0.76008036863799144
-0.44511603809387751
-1.0173947447114116
-0.54233197129523691
-0.63803111264363455
-0.40119781964114465
-0.54618727306854564
-0.60085524315367744
-0.66032580075768021
-0.70321295836342335
-0.42171862014161821
-0.89645345174416369
-0.73038289825490643
-0.18295799952046135
-0.55824761067554707
-0.8111725579343726
-0.48517886400287419
-0.85721005593645594
-0.51272357706850824
-0.82484883363185446
-0.93796340249790167
-0.42692086180223637
-1.0188991153977454
-0.35023887086802408
-0.51073442064267949
-0.708049078166611
-0.22726759316326872
-0.55734837714479568
-0.8902727160186954
-0.89550426508463787
-0.57227841405260971
-0.60133213955703024
-0.40123479264841383
-0.34832545092422235
-0.62198185587708199
-0.50226832692639067
-0.40482819681219001
-0.53035247414026521
-0.54398532575165326
-0.21987721464102372
-0.66457219403207846
-0.19976637693780513
-0.48095721444693168
-0.10432875556729734
-0.2128554636492197
-0.38750067798184074
-0.73000289959757347
-0.87613033902622561
-0.72363751395318698
-0.24090009636488935
-0.58788923157540052
-0.57012277794311395
-0.27339664020945936
-0.40231158314707832
-0.74855792582881708
-0.50870679086802428
-0.52901954002335383
-0.27651127303825024
-0.8188530405791109
-0.35113709048616737
-0.48102900646552399
-0.48230190723845684
-0.40216969735435826
-0.46569664195557453
-0.46107588612134054
-0.36207170989882015
-0.21021300815819507
-0.50510280582128786
-0.25001609586278506
-0.2251980994948827
-0.63283357640778926
-0.40175735487012604
-0.45333681093924888
-0.64199956557434323
-0.64224162935550189
-0.57252148632146316
-0.072769330906016061
-0.26927859950314653
-0.52773764684349123
-0.59799884016428495
-0.10643783531303985
-0.46771491193067655
-0.52185869636709303
-0.27275996821997456
-0.60442542491622064
-0.39056817635760138
-0.13373992378416438
-0.33329504928721138
-0.51711449015194955
-0.3729624884794786
-0.58715049904626782
-0.31159451896987989
-0.24985506338488619
-0.67259590110298406
-0.54054314865491382
-0.053912219005390838
-0.5176577208692037
-0.10436073359246939
-0.47849394772004678
-0.53212912883397168
-0.26339253267584878
-0.53374816987476892
-0.36649518394669611
-0.22606118536928965
-0.16828984307522785
-0.39611737445279727
-0.6412713679300649
-0.63716425664277709
-0.43571833591255826
-0.0077761015312490496
-0.067296139622794834
-0.11411511732804538
-0.63731393546787618
-0.41997210501377541
-0.68398891780447169
-0.17641852837871427
-0.59260326418963793
-0.15701644938480858
-0.23851185057511295
-0.35245399453653764
-0.4924164304478057
-0.48950583921037477
-0.057646141378290695
-0.38702853695150685
-0.31301133713506568
-0.39225735674235829
-0.1910371618994848
-0.38404935959549352
-0.2855352930981257
-0.65184124758797413
-0.37131432558166322
-0.012730014543410299
-0.173309313036244
-0.4462475243355849
-0.074181398084643566
-0.25770415601223767
0.052929998068116893
-0.075476667469661765
-0.34020122204535397
-0.59734137059340742
-0.32890917965746191
-0.10651286897548887
-0.46262054692266569
-0.24273449491816884
-0.51467118390029543
-0.40494870763155544
-0.57368176407096028
-0.41724001850347531
-0.021731034166429568
-0.30099158239196094
-0.283743965261118
-0.22421850455856102
-0.35662580668424659
-0.23253113453586782
-0.2180284450993539
-0.060418109636442306
-0.49039285691371931
-0.53938692220184115
-0.19224567664068654
-0.31130246772523862
-0.46532207219052096
-0.61382964382805572
-0.092314623217834374
-0.26303836839040784
-0.140800315672963
-0.39997220350190732
-0.21553807521843649
-0.15774840341268451
-0.27727517928548662
-0.25799096991099435
-0.3472951876326657
-0.083806634033769603
-0.54113265262546406
-0.41515974351558449
-0.33703835415055694
-0.36609588712921415
-0.48209466365418013
-0.32712866862057238
-0.34507830687136615
-0.27250454201511398
-0.35184837069166164
-0.21138057402446772
-0.55716980170472252
-0.46824221921827891
0.17708267759298085
-0.068528712790859689
0.05221486797786247
-0.35709708931519135
0.0015851464998192784
-0.18229730315063866
-0.22906213297533051
-0.12356345463053574
-0.24507157355810066
-0.37984641965818644
-0.14934033821572471
-0.16944438441087672
-0.046397054735030439
-0.36123513457295486
-0.21865345617118206
0.19119893180475489
-0.32218095896989185
-0.10890105435580472
-0.43577959478518713
0.1209411755032918
-0.122094045528189
-0.41864729300743314
-0.078104872192222591
-0.010346757341648657
-0.0040249927087451006
-0.11323853464878685
-0.18734564867115949
-0.14442319524200989
-0.30116216575281818
-0.14480966191595818
-0.29663067599560888
0.199316684028472
-0.18006103405907012
-0.16434050690977176
-0.042646629032072489
0.20422642800836169
-0.07435824998085333
-0.30008320995787691
-0.18902175123734211
0.054414439814215676
-0.3807021794519399
-0.5938925493507331
-0.11698377302899687
0.1462482347299138
-0.52736515964209252
-0.24004981768096637
-0.23913588410298825
-0.10412666888215093
-0.34739845006162307
-0.29365855997204576
-0.29973097519937075
-0.29440102700302923
-0.24431936353484393
0.01359157402665565
0.095599545437089831
-0.36017656555637723
-0.059347599232201342
-0.24627235586848639
0.026541726775724202
-0.25567598578221218
-0.24417818379723977
-0.19841734382181112
-0.26032240952101354
0.4534908983519218
-0.16045064161560474
-0.3152831625591328
-0.015558261186568747
-0.17873281104642533
0.13241021036888848
0.028016651019057134
-0.03259867759622908
-0.16653317769947168
-0.076642341141298823
0.094856852742211326
-0.21609382148765366
-0.044549396257847367
-0.25846272182869651
0.23762422403562969
-0.059405784450162702
-0.20335261837834551
-0.11222402958448731
0.016359698249005947
-0.03891695189579223
0.057938046110377353
-0.22933585984672822
-0.26144911910077079
-0.28162095639829771
-0.57164572429228377
0.14212100487081339
-0.084393833371140065
-0.19191281893370213
-0.10282306200482666
-0.1669355197585761
-0.11528309654990215
-0.13618348999560023
-0.11473167329762871
0.096651687571150321
0.000573724482016183
-0.36500978326453515
-0.54174688177370434
-0.029623682433351291
-0.2871540927997257
-0.25544846344878341
-0.041158538412379493
-0.010107679904572059
0.10315408324293339
-0.11032596566994844
-0.39641498835795791
0.10061532436997853
-0.40331272312281263
0.20717979792622426
-0.34580296422724227
-0.088872120834780577
-0.18209010726397934
-0.29857596073038262
0.14261884466645838
0.063641561566801258
0.041311907171868029
0.1919395438866239
0.059099492000512593
-0.091403820148794598
0.143761291692622
0.17428429842553353
0.035698758746461605
-0.16125670985097237
0.17767789337318754
0.28036646348389088
0.34542028638483896
-0.024582805823958141
0.030011850478239756
-0.13757350095636281
0.25326775844875038
0.0099711168718827174
0.15441689825815375
-0.14942803479011418
-0.049926863262804322
0.24650532063876365
0.47824246432964085
-0.11568414083996449
-0.03075220184516686
-0.070303990987504658
0.28281620832274279
0.22193024439983719
0.1255567763527809
-0.013096196419781226
0.15146649946306537
-0.082813716462496939
0.12262682023697706
0.02841230640385381
-0.067852701609303928
0.0050299350224180649
0.3294427478618725
0.017291933715271227
0.1731246175648721
0.18261332330862245
-0.029827026560202016
0.33483522590843984
0.017920009430127164
0.21520890906270657
0.11188019042323305
-0.0094999435070462403
0.14400428220114447
0.44344615691558664
0.059157873104208399
0.19183193523616179
-0.06447571570356958
0.035748743957514061
0.13938552750513405
-0.038119326871994028
0.12141180985657642
0.2818660932946338
0.083920977624692972
0.072301131577105687
-0.0249641689041857
0.45570766453872669
0.062042537912059645
0.16460387035345014
0.37447341609977086
0.055820510639044786
0.21661043777049052
0.28573700556461579
0.3154306777834211
0.17445770305924324
0.089769072497945107
0.34080571583341623
0.038174975957184061
0.14780648489984563
0.080654051021170944
0.25836189533474924
0.23703356425515421
0.11933132605348608
0.1516135272886899
-0.034809124258410887
0.081784531906507599
0.34504332559612766
0.39627940196536487
0.048462352292633078
0.012856620067718507
0.4654926607844293
0.36835082214195125
0.50790115172795391
0.46419714147788893
0.2162613139796877
0.35514865428435088
0.091359351331479363
0.26565127021784457
0.1898345044669795
0.32348021862275717
0.052561707533950987
0.080349251943044528
0.26627895662078616
0.13696088312652738
0.16317731000449881
0.18936608165542584
-0.018497452260066799
0.28843583443342757
0.17531319449023611
0.61442793463508094
0.22154096628213824
0.26546328716895728
0.33412510258133776
-0.069715645992325506
0.017537079380751955
0.18991911050206753
0.12630628581028264
0.33239077672882222
0.44076284664210819
0.30608034432176223
-0.024860713923112711
0.11105555576371656
-0.073826793630788562
0.22708631946288987
0.09976869043426094
0.18084503616189057
0.10769830920457463
0.2434359580696496
0.042860715059877208
0.66962203182176383
0.62594328526560894
0.10139878411065198
0.065765989895461022
0.36866315203642602
0.20334740263322976
0.29757261595458095
0.59691521576812889
0.4121307196916596
0.29327798957974283
0.21927184363476857
0.5003504243847684
0.39884029064302279
0.41393850501397983
0.42915354040519421
0.70968442400768139
0.49056348944335804
-0.12757928134002136
0.12399969718353307
0.28229837292090615
0.05638883269914291
-0.055210295932284985
0.16306965090438547
0.52079096322666063
0.30775234803154888
-0.08030195848861954
0.25692728074769972
0.27804840256170615
0.080868391933748035
0.33890465935076575
0.25794195313027657
0.31947995110849736
0.26998813031609198
0.46430279425911292
0.38317256930733984
0.36087496397773533
0.31263836591298066
0.33493963170096358
0.57128830931285413
0.1171800375765828
0.065949961768810073
0.19671078298279923
0.55985451319272073
0.4865974198562405
0.42887059684468914
-0.15545460223666285
0.32561858885476441
0.53030117384168141
0.21301136112737698
0.32830209173298686
0.49400871568760824
0.35295346985801773
0.42610469641850435
0.50687975452297163
0.43441099841431191
0.44668114216328225
0.23075137343645599
0.41851189934666549
0.45642587004713048
0.26057858210244894
0.04233987764896429
0.24331109369699244
0.094820775637002114
0.58730937387171911
0.54354890430988378
0.03977185156417886
0.22002356482707194
0.43391953254530663
0.38177506794122568
0.40207028038520393
0.57332429827856479
0.28725531400595822
0.21324247754737691
0.38987983431317697
0.12309462034694335
0.78182740234218695
0.12471356849021467
0.5600675103504521
0.35697700781305125
0.15125436616607446
0.2796964514773907
0.09871006388209784
0.51199746475993602
0.43184942183239322
0.33832488792599336
0.39458941620146515
0.35764818988106528
0.49099651010888118
0.24284846788703793
0.39021850454175377
0.21602523369117113
0.15223256111231703
0.051915341826614121
0.47920023744458329
0.62953778404668059
0.5365669912274571
0.48602585847150737
0.39746681031885889
0.23710598685405265
0.43950902313851958
0.35189152062654994
0.26777729961041663
0.36425681895646378
0.71174542517621076
0.57347361308382516
0.67138261844122005
0.36133840678285889
0.5740289672285348
0.50877484173472598
0.47429450627047492
0.5846647148885149
0.24126873118499259
0.82711779713652822
0.41805972493692478
0.5777604893138637
0.68233090791849249
0.35839272387557802
0.66660124516881747
0.64252467774577304
0.67067388213039603
0.67831862589220582
0.34447665731999677
0.30777300270449065
0.60142429597713598
0.5896740218985923
0.68412428141565096
0.5630344020374195
0.062268790357625593
0.7795591967029164
0.65220522968337236
0.88132239390319755
0.52995047125698258
0.26913233249432528
0.61842766331533661
0.50215511649092459
0.5731824551577207
0.87434728000230211
0.86572687169383911
0.40434929400028052
0.28979041062895866
0.35458456651825271
0.15668750713937254
0.30397749880656916
0.51279140155353009
0.65829833236366087
0.22738244543705405
0.72747442619280411
0.40546179263101767
0.50521426072458575
0.93605590343292255
0.70425947407993394
0.67820327281187875
0.24152615195975455
0.62366216526905227
0.48305666397828712
0.41497919115950715
0.66674088587418812
0.1014480449569842
0.63878490582236025
0.55657413851240656
0.36041729415896101
0.547825197568658
0.099133173751245585
0.53287202536139955
0.66673867263251441
0.36674641472225433
0.57106968456508123
0.77083787629233047
0.31811002543805572
0.4025959994485403
0.52788840181778229
0.54191508850977255
0.55662325125986056
0.36504878191935453
0.76773663348831334
0.72611693775233332
0.2917113516283476
0.51192565319339134
0.66499924406591782
0.73708335402066538
0.65521488432432751
0.97407346103546144
0.82140024806986311
1.083580560715514
0.28104341327663068
0.61076602025214533
0.71704015064879345
0.91169335134785057
1.0081385620708188
0.5679418066404609
0.34048225234914781
1.0625465263846525
0.51559382891991845
0.49982489100992
0.63136852132742605
0.57576318098658519
1.1169239154089057
0.66602112543167269
0.85781689289996765
0.57029261490532213
0.95987077814231236
0.64702947277969258
0.6662218128084797
0.60928056488590654
0.6853305676996404
0.63722002439823244
0.37481251097958279
0.59615294024025156
0.80717381701654223
0.54496182845662511
0.36400703537318219
0.74880372235987747
0.5121199769689283
0.62422634215623907
0.60529661395368106
0.52766194290428758
0.48333088901104138
0.55799429211113083
0.39278594436495129
0.78699310180109505
0.67708698717812899
0.55906938899682879
0.79339944879626367
0.96191556714180892
0.56482737869456534
0.69935596457259142
0.34231067765863604
0.69025927097243311
0.76224401659387464
0.75264108388809126
0.85921065634971427
0.86938868219192655
0.54006726400846405
0.74088369270026733
0.72522069940516964
0.7803571605598667
0.7690708398024555
0.71136928715079406
0.7085560177112048
0.66070405141261124
0.87784489771850971
1.0000506890940206
0.7005331861332379
0.64067458084771312
0.56981537578254626
1.0491264986344748
0.69217461424529336
0.74024058757114275
0.81834548902837467
0.92825688085995151
0.7957368742948191
0.91388135149301641
0.53933954863377254
0.5135731063828376
0.73029190814985045
0.88158131346303803
0.88685593912338245
0.63761578580724376
0.86270753505200137
0.60778170203337278
0.79261533053138122
0.8007753718775753
1.1999469436675088
0.6623146942818724
0.83235457421661097
0.67945851688919223
1.014535928177555
0.36603210671148095
0.92173764016789217
0.97349782067148516
1.2667903320253544
0.77045778594990266
0.96369360280080607
0.63784182514024956
0.87855978336521834
0.93761178357498054
0.65248229218334408
0.84593265415385632
0.89053057684421078
0.71772910423990843
0.58172295801918628
0.61022515072045036
1.0573945113011149
0.84669425945761723
0.6993559995813069
1.0380008008317509
0.68470495316038504
0.82818003709233201
1.0247072684005183
0.89879902143967549
0.99244314718043058
1.0739288313000115
0.83977817376296171
0.75524868248201871
0.69893417049278483
0.7296261188443135
0.50516090201184383
1.1899488764454922
0.652383499795399
0.9076247848525848
1.1177918920891672
0.81938598081741043
0.58084983781452371
0.67441830571147399
1.1280798959712315
0.75546380004073921
0.93073402439394137
0.89506307689772124
0.51787446437769968
0.65540288691671611
0.88709028906993559
0.83166754354100758
1.0970195208362208
0.84723261798875182
0.77159516965051533
0.8083958863696008
0.64947011156199708
0.76220838772553334
0.86259654296173627
0.73689616998558483
0.70207834153228776
0.96305734062209258
0.73038901586837857
1.0084224002133191
0.77510052182213574
0.72329836134140302
0.87291328223435527
0.82877827793147807
1.0597253099697805
0.79308717527471428
0.89357625435835897
0.94946961889615744
0.78352706926498683
0.95582281832952487
0.84740097747553045
0.97068203940825803
1.058997130756687
0.41129192989485519
0.87221194002283187
0.78202806265262936
0.81775779690004835
0.91048104337949276
1.1118965779074597
1.1368201449930255
0.93848431911903385
0.69450909105150838
0.78855930312511613
1.0026291299258963
0.79021180723418427
0.92624454425457114
1.1476406868748215
0.94211102455160645
1.2526653513555057
1.13946055980373
0.72188015137634998
0.60639785336048802
1.0925841394690698
0.83590511325763583
0.72974650943336028
0.38939385587253939
0.82880207538448269
0.89430939723229252
1.2471214299006514
0.81404295882841327
1.1363329251441365
0.98689739689073497
1.1481584992761771
1.0801038589670009
0.95627020906529447
0.86258383386186466
1.2273189952542527
0.91491867281226169
1.0535806654829178
