-0.52427805775554503
-0.88603261927428423
-1.256803170156451
-1.2082033858371519
-0.91064492292286814
-1.4094193408425124
-0.96049574997573994
-0.77372114228954181
-1.0596801581105346
-1.0878728412446708
-1.0364963249627281
-1.1573722442585379
-1.0963980028732021
-1.0538778011846406
-1.2268987427829949
-1.0141062686407882
-1.0694262314486231
-0.89752802862802039
-0.8618642507838169
-0.56430962422690856
-0.79548001829968473
-1.0473190331520694
-0.80556740647033309
-0.7522097900812601
-0.95215378243598081
-0.93696225033482261
-1.0646203901798188
-1.2271681958303435
-0.75403362524581596
-0.61374861547778148
-0.66194536347403476
-0.90981074265236328
-1.2046016214322164
-1.0122829802772724
-1.3271655569475704
-1.1783718949215967
-1.0606369378196912
-0.76417219661526192
-0.81219796367358987
-0.83277963849196035
-0.96304114446186462
-0.72795577034613723
-0.76015813462895143
-1.0194110262484724
-1.1758093623599395
-0.61103077513323922
-0.6347909134159947
-1.0173396949037057
-1.0109461812058969
-0.92508680211445926
-0.84650568699853401
-1.0214569655071704
-0.73432753471849932
-0.85052941139851435
-0.84456006466292255
-0.71308009123243532
-1.0175200356686482
-1.003109973003623
-1.0179901041877952
-0.68342216149613899
-0.87662269895626665
-0.91506664021331385
-1.0932630199791353
-1.0073870012124808
-1.0990704219851224
-1.0464180853061855
-0.74082365339579992
-1.132035160592326
-1.0904722752463327
-0.71197071102660925
-0.67025240007802023
-0.67880705844855216
-0.80081299275708484
-0.97918603719626707
-0.93575283518229002
-0.82326570188304971
-1.0642435551522349
-0.86072759013177891
-0.498339351726094
-0.8369891895980498
-0.93815467202335001
-0.71363748493508405
-1.0917968916927376
-0.87949303628067654
-0.96204124497653787
-1.2379738292113176
-0.75474115239556838
-0.61900890327915647
-0.7053091226766075
-0.93510284693333867
-1.1743852869304474
-1.0680960807748447
-1.115334415175093
-0.59732187856504015
-0.707504643641925
-0.88545807333173265
-0.89006736720822921
-1.1128300547252794
-0.62940198171752937
-0.63607890906873321
-0.85712548115224951
-0.46297712434500238
-1.107599070440985
-0.74252237898433493
-0.80482278801994667
-0.70898590206342993
-0.70458805374257694
-0.78975488140279926
-0.49380110775734254
-0.71620409092394233
-1.0330377094682213
-0.76069476209275955
-0.85830856537534761
-1.0474569752359646
-0.7488645257829919
-0.91673732590276891
-0.63546436129693917
-0.47806648348379316
-0.65367652554890743
-0.57824523617606316
-0.71074610285655082
-0.73353316915370925
-0.77170841597117901
-0.6900394728189545
-0.82555021832981379
-0.83555947250774609
-0.67683759727904236
-0.76486252612835326
-0.9419457678572899
-0.5959329786361196
-0.5429421322779352
-0.48491182244930625
-0.62189288498338213
-0.71109540280697348
-0.9423750503353252
-0.79451776678325126
-0.60716298316166173
-0.20455074481532895
-0.65235160147853033
-0.74913681793569864
-0.6672711783705717
-0.55158168251539075
-0.4859836375343885
-0.47593529529441914
-0.4634686917295483
-0.52253856393883491
-0.60038302332647464
-0.89413746908254821
-0.83754243611091839
-0.52593235095374113
-0.88734791789367973
-0.98327336998313386
-0.61203745197292125
-0.35603658033727603
-0.56089819000033081
-0.58908438249774187
-0.44530599600304838
-0.37053595877993756
-0.49187707018222843
-0.74605050304774678
-0.72315620403338443
-1.1456997071719301
-0.82344145454695972
-0.88592977231072689
-0.63999063241063037
-0.82149417061006857
-0.60507139336718241
-0.97902860795827429
-0.86569915891193938
-0.49579250738271341
-0.64015337348929091
-0.60170183143262312
-0.56004156125055637
-0.51685105634730766
-0.55806748875429146
-0.74253167876992443
-0.69540001976636923
-0.50590064418932168
-0.84501667541347714
-0.42680593284794777
-0.37401213165271907
-0.7739484221257168
-0.48789347346462031
-0.82452491892412805
-0.36948398146101968
-0.39177260809878212
-0.82462646040758469
-0.32739758874345198
-0.39919836900343647
-0.5741766587963838
-0.73174125144765401
-0.61390811707696524
-0.81514271370123625
-0.4252937386681227
-0.67416781496826395
-0.51367088791546045
-0.57782877414789502
-0.85752752559527823
-0.90977137683287967
-0.70734012535499302
-0.78264416975764228
-0.6366361852830813
-0.74655332059561652
-0.4753232699069741
-0.43819142932442934
-0.53705720095352261
-0.78650575759486585
-0.80647300708993641
-0.45705114126109403
-0.61007165724360124
-0.52317252735469544
-1.1595648565089147
-0.42269401033558179
-0.80276174385416477
-0.34175345337812418
-0.47042033759632679
-0.72986661024361243
-0.36817851729210443
-0.28225136320969363
-0.39585366995100613
-0.61265631151681688
-0.61986092671430182
-0.52911382899480275
-0.50074375630514167
-0.55014679948929646
-0.62063578183881796
-0.35908181419893204
-0.53929756390429939
-0.66648057513842762
-0.47169986261809921
0.027085164649234359
-0.49860524832617326
-0.30298607800191119
-0.72733943793574629
-0.50413110271719985
-0.43144087158418126
-0.4434710228672421
-0.85298661512135543
-0.4721172156197565
-0.5513079476300935
-0.37908460765065682
-0.35240809219324942
-0.72816091707624386
-0.84480627639468264
-0.54597547539423052
-0.65731148435651998
-0.63721427257351959
-1.1382290426655783
-0.44976576203649438
-0.58773086360108451
-0.38169128419520998
-0.53748750433333303
-0.80970567539199156
-0.58810680181475217
-0.44068451836768058
-0.41138013514368205
-0.77218889746862296
-0.53418402524821473
-0.88609210348369205
-0.64817816881732271
-0.49643388458508197
-0.40669156430784453
-0.21154243139876067
-0.58623949247195817
-0.72521100236943359
-0.3832242975844482
-0.64556073736570718
-1.136684769136854
-0.52255656822493801
-0.43057723696868233
-0.60985911854107733
-0.40476796495608985
-0.53907849782709849
-0.33217138455180684
-0.55965533064336126
-0.52877102770542783
-0.1442605053577968
-0.69968421834685968
-0.55271113676368366
-0.39581124074618146
-0.555647815509135
-0.024118291729605636
-0.21530186005206964
-0.42913309692868384
-0.20168805763391809
-0.3906610694611975
-0.12864014020372141
-0.084471070310169635
-0.32054727873854688
-0.24329945882146087
-0.2202079160760308
-0.15110010636575613
-0.16611670150187974
-0.2245877728197469
-0.38300416095114703
0.073895670890498977
-0.67265936885141464
-0.12835046851591189
-0.40238311032286117
-0.17736089336612645
-0.47258456942464278
-0.28400976562099095
-0.26829334447377445
-0.56753527095348288
-0.53244427420925444
-0.074918342880460384
-0.48769471111156232
-0.1317822342063272
-0.48579714076808922
-0.21952320155116328
-0.086227199909155186
-0.39454561851176034
-0.28739067452858857
0.050207782335682724
-0.24688959824709872
-0.37474684231221977
-0.51664429654522737
-0.23503606137154684
-0.49869591509506672
-0.20522038244901131
-0.12269274109530424
-0.12097237477527881
-0.42131683044045803
-0.544638530234554
-0.36827110363859866
-0.31582845617970479
-0.15870956261180377
-0.41960869285553959
-0.14495658820862192
-0.23109059362926487
-0.3084900974439635
-0.245395419418377
-0.37508490477651907
-0.41408825661255821
-0.3380458587205365
-0.37820749402949194
-0.46790755571786063
-0.17260830459007351
-0.40464675220456936
-0.54020922519367154
-0.29426487457362227
-0.34390060981750364
-0.13470925821375593
-0.4832171805754904
-0.68379333902341033
-0.30319327758017578
-0.3811517146984964
-0.191674540518221
-0.29428343955181735
-0.34871052465837177
-0.38658569290962141
-0.43739845127352389
-0.57797731596984514
-0.36906656691554512
-0.078003242204854537
-0.3204042559882363
-0.066545259315481151
-0.39361621661751911
-0.52223349225655713
-0.4842643000563368
-0.51252131755773644
-0.38606634125754907
-0.39877857789361082
-0.61312674474949647
-0.16942022075987698
-0.9033226940516651
-0.24604927944326571
-0.29707710056811593
-0.47597301466124975
-0.041456581094877029
-0.51596241478581195
-0.23540813448384265
0.043927282985056083
-0.042574562551964498
-0.36911037179942369
0.073685656600555274
-0.42172581837863637
0.16919742787904038
-0.088850421854743414
-0.32022126978202464
-0.44177572603280002
-0.36174919413677892
0.029085401650483466
-0.27726056704057028
-0.49973863373324429
-0.017591635327309098
-0.23511482850816665
-0.35073624415949145
0.061009790066772707
0.012740540448437435
0.14829036627961578
-0.17370870679397168
-0.27849645489822633
-0.71864813536297534
-0.16709248310321301
-0.078808924129227895
-0.36368263952231233
-0.2023302981789073
-0.39915992366882536
-0.025612295783494433
-0.18831924927481555
-0.12505360348589165
-0.34011377208365462
-0.15164813281779968
0.18960662363875797
-0.30327181259181296
-0.31624848881251966
-0.25028111040519113
-0.38614087282278875
-0.13745378364976102
0.10502815843335199
-0.69184747292719007
-0.27359459552588883
0.19862109448514564
-0.41077339347230457
-0.33160602227412772
-0.017756393871043417
-0.036059448327467637
-0.2479192261797169
-0.29659095523810558
0.35691110079032212
-0.41077264763314425
-0.30143908713171819
0.09205995355232735
-0.21908892814852451
-0.13748640879028914
-0.14822933213510417
-0.53903116559322173
0.029318887709795634
-0.11618993688358531
0.01130537905733282
-0.26873592718543748
-0.37334622295103898
-0.13018607654193926
0.40563630836704823
-0.043398897274021742
-0.11356624596384957
-0.47582601293542204
-0.21895977028724525
-0.16378218038520148
-0.31462789300605115
-0.035456282355212948
-0.10461555897636422
-0.40149925095975186
-0.084221949509505817
-0.071517223440060659
-0.29796167256005934
-0.38808562366989219
-0.087822519603282148
-0.44006307684895257
0.036081927076383496
-0.09961060910991372
0.11562206975416006
-0.35414550229949082
-0.089594597923833591
-0.031881161283457742
-0.30007210177989641
-0.35535284551425317
-0.22696637078849047
0.1273611577945839
-0.1936888443499904
0.095673900072896986
-0.15097078245345386
-0.36731762942562252
0.17601309545402993
-0.18574513465150694
-0.20557026942628429
-0.078782063982369338
0.034189793538064041
-0.039937507060854138
-0.15760980956514889
-0.07675418354714468
0.15487635298935426
-0.40982335862727071
-0.23716653444722574
-0.29074171555608119
-0.15734861632042532
-0.33547921747075493
-0.01709354907340099
-0.1086563338230387
-0.18222685182878115
-0.00031039024942477588
0.10063916753974524
0.27743234083281959
-0.045948249731955521
-0.24543049576887496
-0.30581801557509153
-0.14329998231372357
0.0093144330248793941
0.022325776848359392
0.1086618136566585
-0.23095412725560774
0.095746971286295515
0.01414724418647691
0.26745685715067918
-0.18991020912276213
-0.00099135735011857454
-0.017617602079517441
0.20784641675197774
-0.27734503707940783
0.076426671178661934
0.38088033741353727
-0.27393638412254256
-0.21821156035924913
-0.023558530998982852
-0.31442439620477464
-0.21420933983872389
0.1830663772085887
0.29375000623374853
0.063891922615092939
-0.020427989624885842
0.32006979399343466
-0.2651946448040764
-0.18054136031808657
0.20539491602094995
-0.13847178233838553
0.080563647156194212
-0.066454922475563755
0.098455281608522932
-0.1494517262965801
0.093592499118214087
0.25738246177421703
-0.12195069134062413
0.25618606429294399
0.051524754187570215
-0.19142257918541297
0.037646156538121825
0.18123531502492107
0.0089809844006683449
-0.15305194298637478
-0.11217022453278032
0.2660948535444802
-0.20573021563125682
-0.15389191678083083
0.027202600558323412
0.24510984769294597
0.20026676426372383
-0.17656886032275595
0.22013430883981519
0.05267350258661202
-0.015526961348256466
0.251879262588244
0.14519845918503343
-0.070486449409885341
-0.23141703463128763
0.23440443814177733
0.11725118454635354
0.35194544139470291
-0.20929511851659569
0.062396612785809602
0.20839659597198484
0.21254062574692109
0.10134438835070027
0.10108423664829957
0.3662993720977773
0.18612355388637336
0.39880280252580941
0.00033535606972799896
0.13471762476006646
0.22150785967004957
0.10801250034927409
0.052991651021512869
0.092411214461078042
0.23220771514962277
-0.022762694440973466
0.18982226680814043
-0.099134771565052598
0.064046576967737315
0.09029605981325782
0.46741745776915655
0.43149457812098446
-0.22289737090275816
0.097797113153490531
0.039556618860955947
0.10301273442777763
-0.24931280657946997
0.19766348175995357
-0.060231706116322295
0.15816343570691369
0.2336963182639539
0.31761200887985708
-0.068041577833806918
0.29875478567930686
0.40151218421937113
0.12400696061169797
0.14806001122508647
0.11425279266849175
0.055853981213476851
0.35672388118472614
0.38241448847809389
0.29298295977592376
0.39483098415107704
0.19446760498850457
0.085593182877184787
0.386067352822623
-0.33526843732008754
0.13384980333524121
0.2243434159214715
-0.20539754066447405
0.023680239139744964
0.56443239739770157
0.36991168793193507
-0.066793811735540096
0.5304360617632311
0.073975488038637002
-0.18354836085960957
-0.047085522356342356
-0.031628396289935412
0.039350855639555447
0.23468962248250513
0.56337081950659595
0.094485461694045772
0.28193964416756589
0.28310267681224532
-0.14458979105952929
0.41917392783301077
-0.006947577746426078
0.22383006234610003
0.26765686529399046
0.53309961423620045
0.28888310733191225
0.22372571032703956
0.48358565609202497
0.39125605248861151
0.5763294390664242
0.27345968923632497
0.18578546877939667
0.20853903905496973
0.042862738228408845
0.013430171799225458
0.70534926517317809
0.14906422690062984
0.38531784782252543
0.60465057371325404
0.28893606389815096
0.53719310868500347
0.43398545887646239
0.22608987111063655
0.48469174915315832
0.33917211519762591
0.42525243104600374
0.14334356286926025
0.50423825858101312
0.6488127860215781
0.50057402000446638
0.4135779030101725
0.28696350900649797
0.27065814911462299
0.56728315951794273
0.42976321488669122
0.65649631277681153
0.33082695947444851
0.35598388767736405
0.33652598025145392
0.16052186183328812
0.22398660269558021
0.18475466283815853
0.16246950917975106
-0.074607218979156481
0.51065799787660393
0.54354523724038961
0.42686286087839775
0.50899508169670415
0.43083046065532232
0.45263455073219611
0.42517968239157999
0.3588284362760622
0.21955185839189159
0.46625405553974042
0.2958225087077887
0.20955382313229795
0.80671234551962945
0.59925617957298238
0.69021270158546189
0.30560110348397074
0.44760056430669087
-0.018769244639019893
0.22427650404472069
0.33301349864598656
0.23519569524347872
0.0999963451734735
0.3990953945701694
0.36226479833177427
0.34698667488575508
0.39045532571021607
0.64963941963206506
0.27095348575138423
0.092556078804108655
0.14567101787866404
0.31169206982292891
0.31116370190325965
0.28309511533523318
0.1370861804331143
0.23420157306178091
0.48930490424805984
0.0087224125286826798
0.2182871562831144
0.4978910718624458
0.50879247223750479
0.18348839938447162
0.40625844371718672
0.28851222411610894
0.096988281638392501
0.44183702823038989
0.4450319710850239
0.57499401779605197
0.46160583291540369
0.2482638901429601
0.49691951059505618
0.068234569185618682
0.30526269900998926
0.48796107080810591
0.30097898644719401
0.54994640371103021
0.31541484477811421
0.41906071771704462
0.45365323143347003
0.4775362424937924
0.52333133498233875
0.46095876850482315
0.80514548928196927
0.54962792109585656
0.69363752853979654
0.57578948541894615
0.3602916104021629
0.1993312293297522
0.5141937469340867
0.39072946148489424
0.6504304081591431
0.34053346654537892
0.37946522896683477
0.40754668524704957
0.47970980698276661
0.3472322040639933
0.39529987897329633
0.60596678135156723
0.49339403971933654
0.47081529297611036
0.27910162067266481
0.60342334161845612
0.55421183858482825
0.21117147338175002
0.52931427021077349
0.20442928056073045
0.52913159334641002
0.18978349002781356
0.58673224255587209
0.69799521614284898
0.48760298405622887
0.87017381528261284
0.39217814423844038
0.27146888453143997
0.52575185081293929
0.42637437937710815
0.12710701522315257
1.0328107133925988
0.54639948088853729
0.54913359524815153
0.86100192866666403
0.92696904565680938
0.49361602221489437
0.23951426257878894
0.59803825802923338
0.60057867252439145
0.22549597880177635
0.53720802272817636
0.82706707627563247
0.30260611616879124
0.56319877160527287
0.50048934475966433
0.58942028070039099
0.70276273074619544
0.20971855385083757
0.63754763854772278
0.72129016975500215
0.17149737811232463
0.57921002114722286
0.48117306718234548
0.68916553711543305
0.46967794152299525
0.44424114756369559
0.27307362646918015
0.31262384567647472
0.77500415211051887
0.90547361643160273
0.53301790150086115
0.80961999542657748
0.11606081817251908
0.60764448225602763
0.60285888832571322
0.4473445872675213
0.60198519120436667
0.51227640180364387
0.64672951694614755
0.63159882387689081
0.66660922757095864
0.54476247956982082
0.9175009342992787
0.91846118040777225
0.65622693825933542
0.5525510960696417
0.57182551171748575
0.93348585869519085
0.59590790669056481
0.83133067102370262
0.84027199978789979
0.48164942223720053
0.71432926328938606
0.13521993977558666
0.70699074405170581
0.62844864613789642
0.86643254616080867
0.89637429906967281
0.5989691169911987
0.91754303294452344
0.51622584438565711
0.53603627521051855
0.57889951360586223
0.63693967968593601
1.0320003193578164
0.6005067753457749
0.73283663592266546
0.6828664077726192
0.74885410072322878
0.57578481554505279
0.50527364295391963
0.40349978296275402
0.65149276410273083
0.87236996033765879
0.76761968710592143
0.31297480889543811
0.29753928572641691
0.80495168170383358
0.70755051681261893
1.1069828944363258
0.57712295709653327
0.74598087271359814
0.8159421460366979
0.83959286873849026
0.45885217894181513
0.79430690225859923
0.74160015840249494
0.46429796490211223
0.96649071174707657
0.81194555933979951
0.58303362069266407
0.58723264063706115
0.95436415930516816
0.70522372893879637
0.58411345694276029
0.78010413386702893
0.91202770304881986
0.95120342934803714
0.53565510237416591
0.51037914606662171
0.60739356476150852
0.72406812026551837
0.6315488153411476
0.95798633364013397
0.86239527258251414
0.83415305528465367
0.91175641893360349
0.67824031503108451
0.95945715394516906
0.94500394551413802
0.6763801878639174
0.79382458692795588
1.0655917342288057
0.76668582975513744
0.73301851287966668
0.88189880206008953
0.59218475619999622
0.82446318850720823
0.68537248166637976
0.70406779201326719
0.84423451019187923
0.71204474610831425
0.6732604920859675
0.92444915447546061
0.905694778916323
0.62089261823365405
1.0089636137554419
0.87457230998761226
0.50031324634534791
0.57790622465679886
0.67923104255858258
0.49773509030449381
0.86724392814795548
0.69311452318667266
0.60236094659724271
0.68867318782526854
0.88468659339033828
0.66461634590385776
0.65597273036799464
0.43394124629951802
0.82013095466227148
0.84453206366275935
0.75954291307366051
0.85856513709793592
0.73036275944390883
0.99606514030008853
1.0846649188844659
0.96204511066554477
0.77250145858559705
0.76526791514617898
0.94156574292274564
0.57882224185706543
0.7278178663180882
1.0050667613130437
0.74994921140808168
1.030375113159743
0.9487934452824478
0.90719550554135664
1.1031339629758194
0.84937780967825149
1.0721403557312359
0.9305519030644237
0.84915647111783177
1.2059139841496769
0.76852352235901233
0.89474734079762408
0.67191842854701245
0.67370660142780459
1.3193435177323847
0.74086401388974721
0.51383966229760492
0.33552487804790954
0.79925186433508744
0.97948369983298433
0.81587217112347432
0.71465776555837168
0.91473465922091701
0.9429006937830422
0.76841752377857697
0.97826907148124898
0.81473560891262364
0.66464084935533796
1.0357815405036721
0.88827059927449947
1.0746688220469827
1.1481647207799319
0.93993554699917525
0.91640897209562899
0.75365958767012897
1.0033856991907448
0.7195749202289119
0.91557360363127682
1.0748204962836825
0.85253182450973908
1.1891797288589305
0.93998239718605592
0.90068335379663844
0.68782817845794531
0.80222577737281076
0.97156487962224647
0.58369187139909329
0.99998931610030251
0.8323324010080857
0.86193283893232819
0.7805651309132785
0.87803728805099801
0.86593132272475493
0.99198534001381788
0.90932228512751145
0.87502655867002566
0.88847311969657772
0.93236264114798895
0.85831846506386367
0.95536040178996384
0.80770068571599685
1.0788254126337593
0.95946313634504499
0.73860287203019603
0.88205619585230355
0.96008282235447717
1.2729200229125992
0.95349754230275796
1.1764513691610705
0.9291741866162837
0.98841925175126333
0.93255972224324568
0.92763320389858361
0.80125762530228994
0.94381737667963717
0.63226108541711112
0.63748388544184487
1.1897225497165913
0.92754160688155129
1.1451394039359402
0.60601726559838587
0.68869706970981559
0.82536923911022664
0.92335546858827833
1.1550840968733724
1.1317080453040695
0.92384897416861522
1.1580718494060964
1.1106687327011033
1.4825236694683075
0.70202005382228128
