-0.76542655273575855
-0.7938793721029529
-1.1152094640584465
-0.75969205025452191
-1.225803082104747
-1.0354300331350108
-0.75739701485697719
-1.123746458727152
-0.91913710584623165
-1.1291513473431789
-0.96694662609719961
-1.2282372345359254
-0.97710025535947542
-1.1648092968632067
-0.76234611240214456
-1.0311353719236795
-0.92181996254740417
-0.88757469487609675
-0.86294423771161111
-0.74109918991435275
-0.97482733172535263
-1.105805256093747
-0.96511200764305383
-0.8325778056288744
-0.68841263034550038
-1.127446198673042
-0.61938224145312382
-1.0639628540042811
-0.97926523499934215
-0.87966053571864933
-1.2571181375333162
-0.56630241575834617
-0.91644851201799116
-0.95374407258324911
-1.001843776958504
-0.94044678761956968
-1.1079514940352513
-0.88780321741424995
-1.2330450810468114
-1.230592516881029
-1.0373706812943173
-0.87352713349845723
-0.8134459212600853
-0.87234493945209179
-0.99893554024202991
-1.0502656897719103
-1.0251943754929695
-0.60067611264086107
-0.84230583331868047
-1.2032363390756964
-1.1282614174279662
-0.60226845518652639
-0.69376732642490002
-0.91952731104315155
-0.67935123610488024
-0.73737315871190534
-1.2494403037820834
-0.72563931052583353
-0.88165047525078244
-1.0051663114117242
-0.9269519395553335
-0.94597380248266871
-0.86940831241420513
-0.74507529504329129
-0.83880600631205771
-1.0840984868368719
-0.85091500734724401
-0.98192727214973152
-0.63775184509573835
-0.6834806296169319
-0.77407774480529379
-0.63168815852336591
-0.55339029534979811
-0.84589595839735854
-1.0189966562175345
-0.82387459084503323
-0.51848272343841695
-0.79686943898764617
-1.1377449754056475
-0.6631566250377452
-0.80905545335765672
-0.81557772744027746
-1.0516585322629193
-0.81278612504696079
-0.4072118060694625
-1.0387772348619926
-1.0553583916765874
-1.0111633294932729
-0.7586162105094999
-0.71214702619571213
-0.76089816753895356
-0.65545873517124431
-1.0003622170186348
-0.55459819264734078
-0.36152576727013119
-0.85108490105912749
-0.94637629248914745
-0.67000780298991569
-0.72515733851341502
-1.083147733842039
-0.72182458313516706
-0.76206098922708487
-0.92046466489058532
-0.78773773792113866
-1.0114793060558918
-0.75062259131723796
-0.7441930475819466
-0.90182785220781858
-0.80981693506442254
-0.71307338069583226
-0.67866854710907221
-0.75501061766038091
-0.6533284209351824
-0.66600232972164997
-0.82559531448473911
-0.8268060096356874
-1.1119483858934334
-0.49718964890183198
-0.50976756537989398
-0.83467100867753097
-0.82677739322283927
-0.86338637933889806
-1.0703508133339965
-0.59717943078291946
-1.1199673295994288
-0.85208527443949245
-0.91962236647404405
-0.58339006649100023
-0.56462952719873882
-0.63396267842028609
-0.71190599847721103
-1.2189484219536828
-0.77313716086688888
-0.57450156939264285
-0.87086987357987677
-0.84976521709465214
-0.91839149820999266
-0.89853838338743464
-1.2334679182972095
-0.43250761711181029
-0.55667408639446925
-0.66964438330778631
-0.68631912833200748
-0.69005864034676812
-0.73189696542351523
-0.93284384224299088
-0.91068633916959152
-0.86216223203559939
-0.29763195426936334
-0.44095936075992903
-0.36010699643666982
-0.50995687664482059
-0.84357216034718796
-0.87361931819562566
-0.78350114119361169
-0.62473114150487052
-0.83413584838495181
-0.71437025067670035
-0.63716484055287437
-0.51681057492067339
-0.60929960666029848
-0.89555997944758881
-0.60587704078796967
-0.86926574501060161
-0.77674805167979633
-0.50425920537635061
-0.515645806800894
-0.87980532605890593
-0.66851535041370802
-0.39702996145342845
-0.70060045442975716
-0.75772066867141574
-0.73925893535050458
-0.5968949532725506
-0.44341230888664529
-0.60371088164589504
-0.87776119164928323
-0.5744814140706761
-0.94521381177480979
-0.099516325680004999
-0.56335720363045239
-0.81861089091076877
-0.13966968164853441
-0.85431574288058754
-0.82697878047608087
-0.85629781321440279
-0.44809302005551321
-0.61706726902629172
-0.24004453695599762
-0.6553548780938715
-0.69965362356680871
-0.26112083149756676
-0.43432250037230119
-0.55519027503881113
-0.90400366507934604
-0.4032558927756284
-0.81251938164740412
-0.59404389646579436
-0.32614265787480667
-0.66113727777755049
-0.84225936786951361
-0.89528656607141033
-0.47085502561832404
-0.44899722516641905
-0.8239275107940337
-0.74695070069401581
-0.25661827175733215
-0.56659816929814144
-0.77361127100875227
-0.63270245906473666
-0.61482953588049016
-0.55001960259777516
-0.39697774955521797
0.014991260777443649
-0.41243610088372701
-0.4371015900004967
-0.24967220903653484
-0.59748926766924093
-0.28996085898521501
-0.65487879160730789
-0.33281595924591045
-0.50227759748445577
-0.66264222931385264
-0.44374008217073224
-0.48837889103378207
-0.63497667353266585
-0.34512653029470569
-0.79153487808981537
-0.54573631052490912
-0.30541302612046323
-0.75081729285692778
-0.99286798579153479
-0.56771446184878671
-0.40939273460047559
-0.6304368108282955
-0.50989260562711514
-0.57491407926981153
-0.75409499798707436
-0.43177296012052852
-0.50519650351128076
-0.79202326049981819
-0.32883148624480169
-0.32449364853750945
-0.26326734028105947
-0.80419008305472339
-0.54367910393879526
-0.21355952496614358
-0.34940480726314915
-0.7647725449664573
-0.57648455920646191
-0.29487664637783861
-0.38363468098480125
0.069787574433636979
-0.26394800368622895
-0.0091178365697001194
-0.50714167667750643
-0.74275422893702014
-0.19592518921585991
-0.17310017465379871
-0.44247174474229506
-0.18767081623536033
-0.30589658547845794
-0.6194659694859036
-0.52124796067428414
-0.28696436691887006
-0.40568638366391013
-0.4309610299921014
-0.91461639731069333
-0.84382398563541583
-0.654021410371048
-0.15746068701438973
-1.0452349900120288
-0.13530987128097721
-0.44696217887586692
-0.47321057147915624
-0.33838822955794234
-0.54597938685677627
-0.45345603161385117
-0.19241303841780066
-0.45997568911416598
-0.58212131744371221
-0.30660858438078542
-0.33301307833466259
-0.38107150867839129
-0.43607256347099727
-0.42237169611958725
-0.63422238609064585
-0.35669490214611221
-0.30303926289069966
-0.014634010218577121
-0.47741609921984718
-0.58983770553157955
-0.64831655852542991
-0.18230671508851343
-0.071030900789574566
-0.55049847384723238
-0.31001144684690279
-0.39039456435181397
-0.57179739485644887
-0.53607994524615943
-0.34986653182543992
-0.55599202954353377
-0.35741106235179437
-0.55378294918246962
-0.11024403561557383
-0.29457296901754526
-0.74958121407887968
-0.53675285165778064
-0.35849588592230353
-0.34272645442838279
-0.75905798570598981
-0.66476850601828541
-0.022118502076502476
-0.41875559891363728
-0.11157569236666358
-0.35042693521203899
-0.20204701189956284
-0.48723075274582106
-0.38293181086582073
-0.31998293159834001
-0.081770170458422123
-0.14609045012096106
-0.068501535736001679
-0.020882789358879383
-0.38871545334778046
-0.36614332893654916
-0.303724792726415
-0.24513918151366207
-0.5920107396374279
-0.77718375677925866
-0.40064681982960637
-0.29716302912302006
-0.42726008281564504
-0.29234482048161553
-0.41097081191275359
-0.18759083912569985
-0.31761552713969227
-0.32153043882991511
-0.53252585202972447
-0.53316206221208173
-0.45345536265812236
-0.72112689981269507
-0.24985660668753865
-0.59269571767792317
-0.45837170434906332
-0.59338751221880659
-0.49598392242759376
-0.2376948710688967
-0.14613671822958146
-0.39166123594183566
-0.69866883907731547
-0.34817012753726445
-0.22615690279093734
-0.20189972466193912
-0.10841773909090743
-0.3349184770590834
-0.080053505056777746
-0.43309822171239326
-0.2973481444886199
-0.37601168598331147
-0.32754823787081055
-0.37305596793000984
0.031631897427160598
-0.2423683015195098
-0.53939898861572189
-0.24766690681858028
-0.32535226322846927
-0.43966504562949421
-0.18496838253564513
-0.4855036185889362
-0.40599156199580999
-0.21997464337514594
-0.2116343451586975
-0.11792594771912909
-0.22661337092588707
-0.22885466172389171
-0.18448558800402343
-0.14084213531979334
-0.27011021270638436
-0.17151084437272679
-0.046469995507547227
-0.60537923364887491
-0.29967508324692066
-0.12608959807633596
-0.21876482668311875
-0.11609871463386356
-0.2348667123682853
-0.005577756291892038
-0.21690144328288632
-0.42642734589738945
0.01199629352232642
-0.18120428721016371
-0.40640271807163442
-0.25879016490055712
-0.12751497433560283
-0.18881537292787992
-0.16471622037814915
-0.24463882135287282
-0.33479189069534426
0.048783939273736844
-0.23806579397998928
0.022520885981845613
-0.26464142988075789
-0.16053786447681329
-0.17204158344899834
-0.42736228024870804
-0.14462803191967705
-0.019528386828430035
0.0055974522936992985
-0.04912480440395281
0.045896919641887413
-0.25585923324261167
-0.049393548456468997
-0.0057574612065783319
-0.50635570583530221
-0.0059299746101862385
-0.37378391546662026
-0.31518549457398831
-0.015393816998837757
-0.21306081410109715
-0.29065285081745196
0.053018704998859231
-0.39600408646592788
0.30651751467051891
0.051017491242697048
-0.12249628189480442
0.017582593158459729
-0.19521284313398207
0.10011003739951785
-0.06954259977757711
-0.07988996538462971
-0.69212269814955074
0.032203250566719549
0.091275748443356203
-0.31929597675991539
-0.49423937306487742
-0.21820707531177563
-0.45183149855539395
-0.18512776241611728
-0.28987122154999095
-0.44846153972792102
0.14918367314029127
-0.0072453505749866835
-0.18221770233911364
0.24068392510713776
-0.16775283150083745
0.066688804793807122
0.064570697539232835
0.024220785257519958
0.072122642942026749
0.16396922174573408
-0.089234194987301674
-0.1804835325314304
-0.075704609926261351
0.25178137735515843
-0.10928780479048029
0.12652304146502391
0.15338986679745184
-0.10916884047584782
0.016278415224799
0.12727529525633421
-0.27083216955315703
-0.15812384254137807
-0.10007956757438206
-0.23773129722471689
-0.30346001823951491
-0.36057195808918535
0.1721244205149888
-0.077792161601169682
0.1074314976956533
0.14767679315367926
-0.11468293789425027
0.28540067021290455
-0.12028409990743726
-0.23310147486392255
-0.054984694892849309
0.28914774427946438
0.10904470510000769
-0.31894252713786547
0.044388893991874213
-0.032575834229903761
0.16649985193558026
-0.22451841547645718
0.13220020482020023
-0.19595446872151778
-0.054021505770577356
-0.19742198625863663
-0.031334449241723822
-0.40577541041294457
-0.431473968186043
0.27404075613118301
-0.089399805858966827
0.077391544883802746
0.2444626329948732
0.042148208318894403
0.038358812276865641
0.20735479489948355
-0.21739417485128848
-0.29115411310829997
-0.3728320066965416
-0.16485218451208541
0.085816424103909286
-0.37229260048278612
-0.43636850930546617
-0.062506487411200712
-0.044263840560394299
-0.066807809123429762
0.22921534045865807
-0.21489787433401802
-0.18555280162157772
-0.22169290654455392
0.075324483438075449
0.10883884282362155
-0.11253852231232574
0.015484066100861213
0.097888977443655892
0.052618882602732196
0.089574458870725668
0.13962828137493263
-0.47341933479473158
0.072185669267991595
-0.12714316208384682
0.2346888476972859
0.082619604411194106
0.09617087781910072
0.2211097157639369
-0.24934481300139053
-0.0076257992419911571
0.34671733263680515
0.022658478436777572
0.022549236710460469
0.20626247564781469
-0.22903698909740763
-0.057765165657218537
0.036774468714489063
0.1945255281568497
-0.10714842367564428
-0.11065865928748994
-0.044424170200998495
0.10094987569502291
0.27826516588089312
0.37254646629505128
0.33038179924971911
-0.13270806656205159
-0.087902311875033487
-0.25487913606631485
-0.15274229687960869
0.29874957195070839
0.12533734470282601
0.34937124722643947
-0.19258967741830671
-0.31365645900594485
0.13763723216386534
0.02869042919883355
0.14662455760238605
0.050064814251280149
-0.022111963756013629
0.17595324354109268
-0.058977402256697328
0.43063241323081258
0.27678500721264643
0.084446948908948202
0.0567661144799676
0.34201549643564616
-0.091175582183933013
-0.032123914420404166
0.12444371056441196
0.10085271571745065
0.29843496027893257
0.19002058578983999
-0.029245179968468572
0.16972303202317843
0.3173772613641484
0.22522588237809091
0.0065170451267000974
0.44129978635323647
0.064459775826535601
0.16109857179206261
0.3348677321007334
0.31748017589961158
0.35596557406308116
0.29862340924598951
0.16983039696868857
0.21534147138332133
0.33484802910752337
0.19490226100964508
0.11755010618551077
0.31437436310020628
-0.048108911217254989
0.075100705327311321
0.082725704744800871
0.58581278279492022
-0.14261969117016898
0.44126012644575907
0.28568720115203838
0.32304028046104449
0.17978506053101123
0.24547176416518349
0.27740396180442917
0.17733082218114543
0.0033478087642048716
0.25347093504436996
0.037466491786087817
-0.12284870654443188
-0.077136172887676047
0.18891739208692349
0.37860013895220651
-0.082759087412111687
0.3277707351052575
0.13092430722757981
0.3064823945090262
0.078187895547009223
0.097086325095259107
0.33182857319144593
0.039032467372603998
0.1055266267563047
0.53029376671387529
0.46540250527875748
0.31923978238474382
0.11097765607220532
-0.11581053524440306
0.13973728687517367
0.33544729455510497
0.1422037983105344
0.3302353981208504
-0.029081366507870372
0.21757917319820963
0.42097046273458244
0.48476228992751852
0.2137708582782252
0.24494210945674139
0.38016850279021769
0.42132123328180882
0.40289721709748044
0.057356242675053876
0.44650775545233956
0.16999321354242655
0.28160181385577049
0.056839920358875522
0.13172779301002077
0.24761419478364297
0.27082578673012003
0.588821173490084
0.31275201385274004
0.33859892287433879
0.51984958175906304
0.20541211326422429
0.13105405302303452
0.02148250886760187
0.2024974721095891
0.41417207767013081
0.17733649496506976
0.36162208670865398
0.34595606094127873
0.49234548489314944
0.15110139253388166
0.15347592206731844
0.14189188794340682
0.0068245598269322987
0.33665306571948406
0.17976325864522313
0.35949922476535345
-0.17506626062226061
0.66328629509533188
0.73799939545302129
0.22386425073730523
0.43704785081904324
0.35466663685624533
0.28940897783134184
0.30771617605303869
0.52773615756649117
0.27328845494494358
0.40249993613590329
-0.039972677412688909
0.10805539147062079
0.46275220414619417
0.36663106432296821
0.25517813290191593
0.39599988443995426
0.66968439137440572
0.40648648621349348
0.711309744864977
0.21829735693738198
0.31587073915580149
0.4978179124996478
0.7654471973577045
0.26189286157397534
0.42142540903674636
0.35677531243700183
0.33090954627558655
0.30731384897214736
0.59373235418947923
0.15739951047935813
0.61871871243213328
0.49304116877381127
0.39098868897831396
0.57960299704336404
0.26074045301294574
0.24495351472659191
0.45639140171362935
0.54405619889089729
0.29584105564345109
0.51373025248118531
0.33228261250290658
0.52911519125012574
0.48211879836172455
0.6049938415313395
0.3212879303922746
0.57153339423690008
0.28043085897521819
0.23770874553115384
0.41060739741060204
0.14698494859610176
0.74785836890656243
0.35572244264385133
0.13066424549379371
0.67128089511710631
0.44311136981063459
0.28721360645456606
0.31100219151772585
0.56190639909162032
0.50768430545632615
0.42330871852518964
0.64911951997579698
0.59700734377316411
0.56874280780441078
0.43711969920233373
0.094573064647810318
0.3360038113904516
0.6847494213371248
0.28196007114958066
0.3178993662298415
0.48702789302493282
0.28271111646985531
0.4357584346608428
0.60464629290023197
0.2151955079725843
0.55756425974780277
0.61877904767802439
0.57589951256140393
0.55203677741300838
0.53920778345631781
0.28746264086843032
0.51636298703436712
0.63929223665721424
0.33427384063006865
0.38912564884678463
0.73172062171331509
0.46410377765922856
0.63331779831226753
0.59674831674139361
0.80722032795396348
0.75255154530494561
0.56751622953670433
0.30066203554395338
0.70354340756552436
0.37597385941509004
0.36129696987340865
0.60599095250711388
0.23125383226363919
0.41798711915366138
0.23809871193166471
0.41353328768534131
0.43570085571062517
0.48933535568213177
0.38123819500141137
0.69616769976503079
0.44637042256198078
0.42891565401613846
0.39803004612538284
0.14690152611703164
0.43872012310027791
0.80307574276907523
0.73562256087362721
0.52537827982365404
0.50125492499361979
0.83207056294758619
0.88064892659277771
0.35156076694049615
0.47519314928307371
0.68393236917745026
0.32418043333412666
0.42346721519370434
1.0437336276510081
0.7573653919924962
0.78808884482617869
0.66309119335473843
0.38225878280737202
0.56417269704147266
0.49726813660694547
0.74843512773860987
0.77839379454967239
0.34249646312717602
0.67365250465952453
0.34291277917351537
0.4128635094115603
0.52318577538771582
1.0435185255467796
0.76837193454060027
0.27058201900522394
0.93285111139174537
0.83287288040366136
0.71380806719887435
0.54145978226439728
0.47031217837799483
0.66540603516866037
0.67511561564660083
0.45169194650305572
0.2831658146130907
0.45912606535425138
0.88070918371133011
0.66220134720501334
0.82328759526822093
0.7413550534890726
0.63089309382803349
0.4088665471372408
0.88962495294119959
0.27893431153031339
0.59676081416247806
0.51101095552059472
0.61524003103515434
0.79227353167781078
0.61227672761731922
0.81543011857465519
0.82213935995830356
1.0578920705771084
0.79584508611171145
0.6080221767977021
0.25107678342067519
0.81378799532784496
0.78206559187856384
0.64690958196367243
0.6171175865025158
0.53243447665492183
0.77415092751717485
0.66888212729527585
0.85469922073613636
0.97248015885582884
0.57870058900907773
0.65721236911902714
0.69587145859419508
0.65800036919076155
0.75871118948358895
0.64592819138968238
0.65338532648992309
0.64768060834268726
0.67872174470818714
0.63545688734424233
0.53796882003376922
0.67969086895673358
0.79645756855002325
0.65066941312152582
0.53045832932293124
0.8333999781715441
0.83282304444655664
1.0299351142782238
0.60350525595509374
0.40951815363301891
0.48317582304716483
0.57953407624246356
0.61422798562822534
0.70246310858905181
0.19004049326475753
0.84933029227726653
0.59857725865342337
0.75220845824349036
0.56726724204071488
1.0084985288122275
0.79455110088760095
0.53976643050833839
0.48368875057044625
0.63774731301608223
0.63983964389855352
0.73736029939101366
0.57819266308292283
0.49543807080908153
0.8818714419424909
0.99646020650033962
0.84451382514347972
0.9034445892579126
0.54533634621089155
0.87662354264307718
0.78681729932203448
0.87668987349942196
0.73004865043439104
0.85433694767921597
0.8620794493504258
0.93976851993906607
0.67730451792716195
0.927949693144276
0.72720293488847998
0.99784288686898026
0.41231027482363014
0.72230075223831858
0.46122496459289852
0.53076453961647119
0.80383572493091449
0.78413852387743976
1.0036703479840325
0.91834591638026175
1.0386263718301088
0.91753918322997152
0.61498122762277085
0.64571630486203391
0.63566072969831078
1.0827522331949149
0.94880860432391401
1.0377176308887035
0.44338855788269432
0.93867554858764535
0.92799021639719192
0.82215062010253603
1.061790739683437
0.9357991762640957
0.71023385485561796
0.6891236246515744
0.87959750242944346
1.2367330896123849
0.69926120068004538
0.69930643280802907
0.74326948818718286
0.81810232928558524
0.66489158413603466
0.67236650174689594
0.87536817808171563
0.45365730698061635
0.69644261026526211
0.63312887392687989
0.98704250073170552
0.81662695903741711
0.81117082377351479
0.80480841744631448
0.48089855888780214
0.80053381747331953
0.99475521633737374
0.99681653920194446
1.1518391596811444
0.81321201938677901
1.1374247505680104
0.95309917436965541
0.49312387189072476
0.99604555617457025
1.0141146906135656
1.0502059540241837
0.74763630659283919
0.89293108112796127
0.92756235147243238
0.76079146016756516
0.77276541625811779
0.65578532277204149
0.79355286191820706
1.2612603566041836
0.80243539775112493
0.74033489596024737
0.72782692165292406
0.94356698863174937
0.4864820088302737
0.97096308561460043
1.4009662084662295
1.0005629725290572
0.93684328790237825
1.1937763609966601
0.93441895181354462
0.70117346667498737
0.62040286186989579
0.97044513297521373
1.1277739993833413
1.2863523102179
0.78580016892849758
0.73150558666501075
0.71403736137809026
1.0122942413812026
0.67853713457980158
0.87682157011371209
0.744347280398442
0.65613202720732866
0.86858839526391218
0.90289173706870707
0.94218486986508843
0.91219020408144247
1.0136908813278345
0.96503856237717589
0.81075385073718853
1.0798647945770996
0.829018363547536
1.2315689510195871
0.76002777844445946
1.078824192177458
0.66518281547869285
1.0000105497660026
0.96777469997714316
0.70002379751114274
1.0608394494034035
0.81084469464258158
0.8889751523069872
1.0872066455511082
0.84883378646848151
1.248269925479744
0.88873711912544928
0.61734118685024053
