-0.93259430604873483
-1.2409270546126676
-1.0276854815168164
-0.6975846933744998
-1.0928533354393137
-0.94438095510611908
-0.84341186117726508
-0.92213468575194157
-0.81651533143402089
-1.2047136430031002
-1.2216916985793425
-0.86483532140077457
-0.88385660696304313
-0.95442000102409985
-0.94741043711833395
-1.0541494265894906
-1.153099997648126
-1.2083084743577326
-0.74929880592289477
-0.69620375293305026
-1.1683982017321786
-0.83245524940401827
-1.0408517261357644
-1.0092161970534952
-0.77938405670653821
-1.0543192789678002
-1.0914767711511177
-0.97714414773741076
-1.1312765343573241
-0.64027351980562242
-0.77259006522439311
-1.1496562531306775
-1.0530284454718908
-1.0109808549359598
-0.75988654495765373
-0.73175444843869619
-0.95821156858653889
-0.86361381140038807
-0.66983978838303815
-0.77989765360825414
-0.99588394296353533
-0.85999796512582638
-0.76923980294750849
-0.94144066521030756
-1.1514933832045746
-1.2902448771406254
-0.97283503978432417
-0.74295150862385451
-0.46809820743684882
-0.94139787590880586
-0.75392376209062173
-1.0114962682983668
-0.61682249117951593
-0.99539718617561668
-1.0672650232573495
-0.9247291543940761
-0.96132790106081989
-1.1549573823191455
-0.76733463778441469
-0.62836841326837689
-1.0151679820752069
-0.62385991871169377
-0.80771611690737921
-1.0371788340299806
-0.84173352301434112
-1.3776733213185051
-1.0323666998821535
-0.82436297235932787
-0.38204273364912378
-0.77410264942932305
-0.8557515888264583
-0.69997802901007755
-1.0196245758967579
-1.0408693885131799
-0.83228291917947661
-0.71175855767500984
-0.60846753013512744
-1.0350596166694901
-0.71163366587667254
-0.78783657884429614
-0.86160125769814166
-0.6960816246383974
-0.7970782846302622
-1.0623277502436554
-0.97278981078808135
-0.72740329884603216
-0.80799862281650969
-0.81376354202972989
-0.56607788017702398
-0.80096367182794981
-0.83153759315092124
-0.72610152191965749
-0.99782234262802172
-0.81944866048291576
-1.0206398277205939
-0.86257684760102205
-0.44621043979988945
-0.84401160768104855
-0.99813200085373743
-0.51602875601294074
-0.59499234720480043
-0.60844177133773181
-1.0819660879737447
-0.63025637195755024
-0.70644142954876499
-0.95459963844226414
-0.66128216957062258
-0.95975003736565778
-0.7120036935459636
-0.76021097448510055
-1.092658516673084
-1.3232480270831408
-0.78560441704192097
-0.53924287863275877
-0.7452578348236043
-0.83890279385804478
-0.91937566266313608
-0.64887503665186175
-0.56665751394698072
-0.76179595147602397
-0.61136264288401343
-0.71912916865160015
-0.74824699364931535
-0.47801966907959226
-0.74666050432489706
-0.52800076024115417
-0.62140998896989763
-0.52530310501716837
-0.57104702668196639
-0.64214210309639574
-0.81690612852553035
-0.83335437294710479
-0.53345171996678076
-0.66969513186804597
-0.73061215170737204
-0.66357023612627031
-0.83636508805172716
-0.34074984340275116
-0.49559302431864549
-0.69756202714709514
-0.81783396380128803
-0.93625998963687718
-0.63279668575742187
-0.71523535849125353
-0.7418614974096277
-0.70755977847976681
-0.62879844227728943
-0.55909093243164232
-0.98904118295507726
-0.73982341574833155
-0.57174906733312258
-0.72739748877001797
-0.57981246175487888
-1.0096480872724602
-0.86933978463524408
-0.76639247226308516
-0.76974607941972606
-0.66882577791894227
-0.98261784914642569
-0.61900958184053856
-0.63064015732478684
-0.35153830028384209
-0.65285153098609339
-0.70294682367810879
-0.7814734675480044
-0.9026652900175709
-0.64742660600473378
-0.6185341855403933
-0.97564705475283486
-0.71389732944265183
-0.59827232502220895
-0.5770291036342261
-0.39996353834911386
-0.80755828975675692
-0.67235017989918955
-0.71274646714344547
-0.70263879592511447
-0.49750176526743412
-0.62196016416886635
-0.75943139468442655
-0.46803409492303749
-0.76605658716969594
-0.44432670646149991
-0.62858404432625192
-0.31534981201792195
-0.61431030927939378
-0.47165637338233657
-0.87686062073724991
-0.92511085630167866
-0.65302689741074138
-0.75864145828124696
-0.73230007169458577
-0.8057796357912671
-0.50604022776922475
-0.77506182293866421
-0.71546369344344007
-0.51212612657238488
-0.61874947263698232
-0.86665867096570859
-0.78195669090073161
-0.65973775816139413
-0.34167721817996388
-0.59786924608284531
-0.34546131861772356
-0.63460903801586022
-0.9989481039092164
-0.44594810946779273
-0.68559209594190018
-0.68903455625710197
-0.46745583563274457
-0.85336147034632592
-0.66519381347866935
-0.59233452382069662
-0.34941262767626879
-0.42943896752994654
-0.39345709428163633
-0.76643484470066736
-0.56782136468332134
-0.59966242981984141
-0.5034216796714861
-0.38739040014830639
-0.60863859144576893
-0.54493840869893162
-0.39748373475140125
-0.78798893496661748
-0.72118428848427785
-0.78844354286721041
-0.3916531324829029
-0.24217804192062858
-0.56095972786017578
-0.32050362968907942
-0.61531513747240307
-0.44378753158684808
-0.40770723200060988
-0.3010391354498993
-0.57694416094455991
-0.40131804263451909
-0.69571484087415469
-0.81953548568259815
-0.42629623821220303
-0.39096017993768467
-0.83006412342362168
-0.54041537012320107
-0.14370881560258209
-0.56370626817361391
-0.45082201353327811
-0.5954083719316593
-0.42356650053202144
-0.15822533728553831
-0.59087870964906941
-0.34903985183806374
-0.62482171930922514
-0.45690641125932124
-0.79524698780903247
-0.42700734670997487
-0.47618729494031747
-0.40949152114368725
-0.37245797924184099
-0.26280791951816773
-0.39506739832005827
-0.63133875172478171
-0.64062081018946315
-0.33024858799690582
-0.58800747480108906
-0.46897171661844106
-0.77911275765327426
-0.17717156421372537
-0.50284216828830675
-0.42353432668900248
-0.25906881383257491
-0.34830733063659947
-0.49083335367815334
-0.66990193439847079
-0.53532307416518665
-0.49980309340844714
-0.26059364549134328
-0.28970753841365915
-0.56897795832075182
-0.35720435324918093
-0.18825376287747037
-0.10762544084799414
-0.30615786504657733
-0.4468876666747309
-0.36856302003831481
-0.62962228356638594
-0.45736879653936613
-0.40177043603382384
-0.63163242961953747
-0.49890463677291702
-0.39353614177662594
-0.56613364395825005
-0.38764516541948191
-0.66887673667320813
-0.55897911944614542
-0.51603178885887646
-0.57492618283470964
-0.52669188619582619
-0.30445492430923149
-0.63779172963874031
-0.22860483467982962
-0.53909998570378459
-0.25172024738985038
-0.68828217654128732
-0.48544477623443466
-0.35267739827028977
-0.60092996024430767
-0.59725486149615081
-0.24336587848085103
-0.46122569888828396
-0.39306158438648919
-0.56636401067906894
-0.40935092538802043
-0.33053626222921156
0.018333912180103835
-0.18131179164764386
-0.7303727980276431
-0.47984385742258195
-0.52019399751226181
-0.10419193589894576
-0.39706361573079429
-0.13719414477927053
-0.27247611200450883
-0.15852802644907985
-0.34694624921970019
0.088250503465606381
-0.35297265529774624
-0.27952172657252616
-0.32330597615685341
-0.37944649258750285
-0.68191746679338561
-0.41657295317485049
-0.26628311833412655
-0.26285503818308409
-0.56189230485962416
-0.3978819814944381
-0.42658901764514656
-0.50344669399262454
-0.49467935559347737
-0.098637888537194796
-0.2911580973557556
-0.15574982239975277
-0.33249971158940805
-0.51295699738967848
-0.3440057120519866
-0.36318340236605295
-0.096980510315990559
-0.35978285210557753
-0.18074293878516037
0.12532279478324054
-0.23479236608384485
-0.24522782384685621
-0.19790774936300334
-0.17010989073574204
-0.24587782134013483
-0.45435488483928738
0.19131221890742647
-0.52363260236600939
-0.069633088907758434
-0.092647539772741525
-0.47251096476260607
-0.28685027041094524
-0.40417707783388024
-0.4923476252573798
-0.24249172473962916
-0.12841120276030729
-0.12178749586626993
-0.29269599140481217
-0.43361624172047669
-0.023282994811896548
-0.37613573489572372
-0.04360887471744599
-0.17736096657676961
-0.074760356716578727
-0.25130980304152123
-0.36732256922628348
-0.4992111927335664
-0.30053348294160065
-0.55442981253227808
-0.38607115678897513
-0.51313809546936673
-0.22657153536859911
-0.62010166670227207
0.045626813789146271
-0.60229475080193995
-0.39877456562460273
-0.20352340574370412
-0.1837015032995068
-0.094182704555956467
-0.17438055159673518
-0.22073958326058304
-0.19424251144365531
-0.44274012296836118
0.035418362623532429
-0.022080775890236947
-0.05164979046437982
-0.13299539832097848
-0.094309212714567173
-0.023142525420251876
-0.24305006300969542
-0.088855332584718949
-0.1384158190307937
-0.3665812292200688
0.056205311081376781
-0.11787847797039191
-0.30481443823443494
-0.25619415600770507
-0.11338620742507463
-0.099701872599239669
0.39535157749785454
-0.5822657198040232
-0.10670528401396574
-0.452753879131229
-0.17086483630316593
-0.14978158358303376
0.0044541244679371312
-0.050248894080832468
-0.17698051107372478
-0.35692725163414951
-0.17831262382875121
-0.12670164370901477
-0.21370310972783035
-0.14708880876402991
-0.11815490760979025
-0.22223331128021478
-0.18651242498073201
-0.51829640487451967
-0.032643416091267155
0.29743810286030947
-0.016814379942520899
-0.32427050455706252
-0.21473999534310662
0.079211389773946692
-0.2611947858066152
-0.041628315462529854
-0.28515227898502182
-0.13369470727588836
-0.19224520866541045
-0.19659091299514092
0.082278343066518655
-0.3979039287890293
-0.2210024012994955
-0.2039672632409566
-0.26197085341387633
-0.015030498213819058
-0.22675831670368968
-0.27762878069074909
-0.32929242334277753
-0.20238352162320067
-0.27958931634050954
-0.14911615068450673
-0.40584660523968458
-0.096280040206693826
-0.13393655311114983
-0.25616321964527344
-0.17530227185297179
-0.12290998727143689
0.054055278931538907
-0.29981630755951205
-0.015590708713510273
0.3095515329756437
-0.41778454946804805
0.15912816150905085
-0.21879839959167707
-0.35912361264543829
-0.24548646749625386
0.057996431463043834
-0.14902289471363656
-0.36748422460048824
-0.070101424050565797
-0.19811573266643581
-0.17813671087205432
-0.067041383459904083
-0.16029264632078385
-0.14442673787425347
0.21055979489123419
-0.095015265425644979
-0.033304938873775281
-0.3520672664693083
-0.11346336288456634
0.054812003017549092
-0.29628677493132333
0.29300936629847379
-0.077035572217431694
-0.30056971334097016
0.2487531469995479
0.098381651611173321
-0.077651019615070441
0.3236784676314744
-0.10350894448380561
-0.15120566807999419
-0.15262955886446153
-0.12006858445787795
0.031668736343607923
0.10854235655399357
0.070159684594802679
0.024835871651005134
-0.37741217845878439
0.049944328388527859
-0.019411970251120934
0.16890805299045566
0.19545970042293484
0.029440374715809018
-0.039194480607528823
-0.017104137508957583
-0.076897362215858439
-0.30841257028748753
0.028931393242645476
0.3468089879698133
-0.068659513137679193
-0.033564666841953306
-0.13436082686926942
0.21346016140108845
-0.20140579004056172
0.15674810716658871
0.23802625471427927
-0.10823302882674898
-0.047895995172094231
0.064167838197833227
-0.055219976238655787
0.058706967538818315
0.28001956012341833
-0.074844345764610506
0.11966148270787272
0.1585690168356762
0.16492400346750113
0.28404416855164721
0.30021020592374953
-0.0002236708504333649
-0.053880741270633525
0.17301961552539105
0.082242136351895104
-0.19094729351199413
0.26862018697965251
-0.10914337544709093
0.24402639318290276
-0.11969908451114851
-0.048293690215760257
0.025694458081933789
0.22469750824257761
-0.014466967705746684
0.029891325885797428
0.088762380492080295
-0.25045385266062542
0.032890960384136636
0.18071989221660117
-0.18484492072841832
0.17429347516138849
0.081302677378675803
0.30080500761868506
0.52193103701141175
-0.1217821246881613
0.55186835497624909
0.26058807709961507
-0.0033297771141061454
0.35609530405438439
0.21022145785724555
0.066696521851472512
0.074977173719030468
0.095026572717359939
0.27779086869261732
0.082044943958670291
-0.091158380084955901
0.021758281459079383
0.30924453307404687
-0.021838799260752623
-0.12741578300402279
0.17934547056196837
0.21803730167324883
0.22039816915977295
0.13114960006774029
0.19619206902230266
0.096962516455809222
-0.010542953938583713
0.15649463978629288
-0.036500269402421535
0.24525131184435003
-0.083416102159872302
0.3225561597183807
0.20271892314608042
0.13038267802226522
0.089110664053375491
0.30751571649304177
0.099869722810352529
0.19241805330961287
-0.020755395264900015
0.32060905859638916
0.091303761967557739
0.63575939344788346
0.31385712840425645
-0.071371902372488763
0.12891080955291995
0.18039115990777319
-0.070268096632900554
0.38559336591059989
-0.019148101446122445
0.15151066666419608
0.33168028576837483
0.049058649559168367
0.22531160336239425
0.43234776044408274
0.058064859080647367
0.016176113989120253
0.047312143803131895
0.17023932402471484
0.40480626589599977
0.28831575957866973
0.48940594666935011
0.39991486504223694
0.10723231660818612
0.14551414350229586
0.085225904089641841
0.44539259323528574
0.067217474134972227
0.1682294550849571
0.21933713831576657
0.19116560629065601
0.48173551000984965
0.33112273388065483
0.17727277448860848
0.25949760717910869
0.51014931194446111
0.38212387963775835
0.182540223127865
0.35669281728239749
-0.015412794303720792
0.32442127898285283
0.17263015005857862
0.37695551823291246
0.4541247839497432
0.33901019199730625
0.5210549996986451
0.25186895823195038
0.075398805710371553
0.51675992426787043
0.27613573839322147
0.31906206352279409
0.13112935097987916
0.22847604094068824
0.61118593345883188
0.39236663169483843
0.19820974777883468
0.22488442619610319
0.072020634730011523
0.52546886381677882
0.36962102502623745
0.46436733309805062
0.44855105412753493
0.21652270847046295
0.41958944474655913
0.54849839795398092
0.5620321326024883
0.48462854652853027
0.26642083284288332
0.58798163987117469
0.16888508092776069
0.16766412706339565
0.43729560358318731
0.40840218785184346
0.318682151222063
0.30499930988494917
-0.010326418938495814
0.37985040399147219
-0.013362598191949899
0.14375708740805218
0.4994158480355434
0.53915509744439027
0.51779638957486263
0.323561238856236
0.28534151313261769
0.43326227287895153
0.10384349781807092
0.2003170234943418
0.43257613171453896
0.24012115345467944
0.44808908654716861
0.25392322264878719
0.37974359838640076
0.41630239338378816
0.372916455702411
0.16133512744991316
0.47523192971680861
0.29814597733057757
0.2143743635214348
0.39771865271593621
0.17932935867427693
0.44032513897073633
0.31138236083931847
0.40040205009651963
0.58984980232430784
0.46521917056449275
0.18936206266133854
0.32204307627315554
0.54192027281467781
0.2966291738892099
0.093658579972454248
0.64444531536460348
0.17841215409693625
0.40485250932738376
0.48368988700067778
0.50456762909346531
0.35649664802276626
0.56364031767287914
0.69546148716803458
0.37274975141524869
0.20903598455173167
0.22065816512362746
0.69537988730919098
0.42539982036375407
0.27129950741691911
0.41923919010918659
0.8637519675800287
0.33116088835613378
0.73264217091599193
0.46757289141794556
0.60008772624953943
0.29194622676318527
0.51356815674333711
-0.068681597173207251
0.53011924623003071
0.38492485609949117
0.33845634420696297
0.38041557611302901
0.56162127629370984
0.47489421795903031
0.41607672465252332
0.17963998766044878
0.72521841417963517
0.46284730390710022
0.39289749865741846
0.60037198461320307
0.60225138292096037
0.23225123109972415
0.36807846241814207
0.47124037112029044
0.6469049408403682
0.2051072886259491
0.11703374402102804
0.81225351217287955
0.58174190097805045
0.88076951214447985
0.43044952796473618
0.29168084294812752
0.23497957467797423
0.53438732551716428
0.44922350714513337
0.70376463566416103
0.86308890381004244
0.91745804682180321
0.74144836833088079
0.40183665972325988
0.60543526320250729
0.6361184242825042
0.4743529303913816
0.82145027048724717
0.44533923744319875
0.66868913066115665
0.9293938120452031
0.46689341528106909
0.2754169825982567
0.77930521351541715
0.28300054040014266
0.50523991934437218
0.081622328061600732
0.57276152247335921
0.74689318631361523
0.5693857770192946
0.61057008721573758
0.63499080996000046
0.60156076693170157
0.5956961946231184
0.74792431916898294
0.4663041554485603
0.47169815073427701
0.56970280995008593
0.45342987529465828
0.59627130123506922
0.47431795895386741
0.87886076877609165
0.57291442511630741
0.42932336812426336
0.45658453547042216
0.47968544822236403
0.6319137450937935
0.56204829776131915
0.9062447286006361
0.36612596233870021
0.49661032485890866
0.53019377471685358
0.38890806115916865
0.27226026629253403
0.446518183462775
0.4202339797469879
0.35075420533549267
0.79323717841081698
0.66969279218606381
0.6166829002621983
0.68210158701227197
0.80324371201083256
0.38639423306411569
0.52590664401758069
0.21921877202222143
0.4649512549467073
0.75633227907284839
0.50743880149493981
0.55603423558040432
0.78303016098304434
0.56516707163686009
1.0214583311061034
0.50379958070292785
0.55608805787706772
0.68651773038350228
0.46681733891865684
0.662212158133759
0.54375427001374788
0.88894476699870872
0.564859774527389
0.65134996736683659
0.57331990643742714
0.87443564864595291
0.69278776608348647
0.74021599706793662
0.28188031682976006
0.71028815134627565
0.80152138754004587
0.29319654088495856
1.0406327708481624
0.45377582544462552
1.1126744206933394
0.52675568469306777
0.63443389038517595
0.86978200210191514
0.64910189388583461
0.78103502478439379
0.61326157927202141
0.89193425315367358
0.83301735548610489
0.59973430374051273
0.9082777546653914
0.91750542427635406
0.73364977364469541
0.55024269458599251
0.78227392342935109
0.54178002745617848
0.60566721576581739
0.63795607680650102
0.65700502529957194
0.56241696427249688
0.385041069920462
0.65269487098521051
0.62023834533250033
1.0697833402141326
0.78877106018379495
0.45701778884626509
0.53094816000707123
0.67358733132776927
1.1288363094910521
0.64499662729900076
0.79226617962514989
0.6933821568487043
0.69607944064727667
0.81573534322227947
0.51716131457898806
0.77403426966408506
0.70824561816547071
0.76252849005469414
0.70074011072804299
0.96351805073127139
0.49758784449450583
0.90724920471880477
0.31044394888116639
0.58537715095691467
0.76524304241187624
0.86579163782571866
0.44104857812478504
0.79685074043997173
0.6851464464267446
0.82649220606850193
0.65703879478761251
0.88962530289795172
0.7939565318432702
0.63556980545891117
0.81850799574689359
0.83212250337208449
1.0551050559218942
0.63373829702205264
0.54577534060380473
0.42510084077916394
0.75448377122831067
0.80932397212436713
0.65020400248517407
0.62864455145523146
0.93326546629868001
1.0311420975228283
0.70937969171414017
1.0080930275945152
0.88054546924996224
0.98144490267323081
1.1443680270050394
0.59072576713875746
0.78649668724766164
0.83630807457178313
0.46770190801863099
0.89445242728573482
0.85999239627490831
0.5286546833052097
1.0023173029142836
1.0238052157871849
0.76329275829435339
0.9324467280628248
1.0722663700020738
1.0575772418277094
0.80085055641690717
0.91900100688647079
0.97385035504280748
0.91791079543588006
0.55866418997566913
0.92619742088411683
0.75361455039878311
0.76141310169656629
0.89342354611849839
0.79598475835207172
0.97740801197614624
0.99039216061914059
0.78351364096299159
0.76654318604522154
1.1373080366838384
0.74890280057907144
0.92406278025139743
0.70542523839279458
0.65389172423542596
0.84947529298293578
0.88897110234388899
1.2572603972805765
1.1287273388752324
0.96748399315393474
0.85743253682900844
0.60642934478211608
0.99482109771476523
0.98141188800153334
0.90619834696199841
1.0619507815563358
0.7519426298838825
0.96452067203411052
1.1728283044019439
0.93948892960812869
0.8359092417862678
0.64441426760079124
0.49927507614497241
0.68857788045747825
0.73654387319649994
0.86481344725472831
0.57485116444027673
0.68687609830785001
0.99492166204873467
1.0952466824639131
0.72661107759138488
1.1722605028467323
0.96419103766968861
0.77052067978420347
0.86321465454019919
0.88339038053379471
0.7405924705951028
0.54398024376260479
0.82415684849653936
1.0027332414357117
0.9196796292216699
0.55323962015182881
0.85762756843324739
0.98404322994855031
0.86337224968721271
0.84646686396168336
0.92888373789661982
0.98115806221624791
1.2457078173520095
0.80391440393502211
1.4052731803283371
0.75874004922648386
0.95319061128788984
1.1134953566398669
0.71828949790856311
0.87749757034156961
0.98507473306436177
1.0630640157269293
0.74145023430153723
1.0485303493141942
0.89025019654271043
1.0214567414908651
0.72921716470747222
1.2814040328377225
1.0345150698592878
1.3063176383860002
1.3391945804127883
0.92333582703270767
1.0360192815724625
0.8270605061779811
0.96543385059263032
1.188566604544472
1.0679730181897322
1.2941501615637139
1.0246854749272369
