-0.54904524801353105
-0.89307629164286106
-1.2389106780485379
-1.2014365258613924
-0.91487095469174917
-1.4216826274204621
-0.95391943558844827
-0.78317874059224968
-1.0524143243854009
-1.0746201804796924
-1.0269776641386568
-1.1540497040796074
-1.0947838658425642
-1.0410413276004213
-1.230546246598919
-1.0070270084360495
-1.0713505233106473
-0.90954491771118873
-0.85671957567785861
-0.56700139146335371
-0.80413655466945655
-1.0487289380908353
-0.79575535627072969
-0.75920728761926481
-0.97598570168747267
-0.93540738296116066
-1.0695659780097615
-1.2132596802763844
-0.74748342705578363
-0.60719003397434979
-0.65961532560503611
-0.90162914035376185
-1.2129399876049272
-1.0229916607682894
-1.3106312841169352
-1.2065157275028791
-1.0626677078960156
-0.76538021892458186
-0.82008688289314413
-0.82267117883713536
-0.94931226545318448
-0.75723642037687489
-0.74869478815079571
-1.0144880633267315
-1.160985439220271
-0.57814457453818802
-0.62218577842742295
-1.0272530014587045
-1.0267518484813332
-0.9443459436261199
-0.87513773840347486
-1.0069196122974859
-0.74623403889258266
-0.85751228752453712
-0.83204328736392819
-0.71453296383933329
-1.0247330682775695
-1.0007572209665903
-1.0371199029372584
-0.69335554971701896
-0.88583368679576424
-0.92151342759096067
-1.1094626053852699
-0.99195160004090832
-1.1342708240579966
-1.0540566843213286
-0.73965191762348181
-1.1433337629526383
-1.076010161924972
-0.70295399347499254
-0.67958269936996751
-0.68233552672271913
-0.80349161577360995
-0.97570812771986948
-0.92941272743063374
-0.8156968468394743
-1.0634992406698156
-0.86345972359408996
-0.48691598389484841
-0.84541425617034738
-0.92191549168049491
-0.71918162305969702
-1.0538764282869828
-0.87690791643469668
-0.962161822839112
-1.246784182495738
-0.76364566507482945
-0.63713086831041565
-0.71259869522715136
-0.94029976907763957
-1.1664131670639162
-1.0706998287396541
-1.1048791573063987
-0.5858864184752518
-0.68788781198901428
-0.88897162484174364
-0.87238606304487232
-1.1102569710980439
-0.61846325671684443
-0.64533153053411008
-0.8610103767373235
-0.47003714510988254
-1.0873807296614786
-0.72259355413420245
-0.80618207544122433
-0.70196636677103719
-0.71443951124182048
-0.77704267876595801
-0.51043623242582536
-0.72660624500229865
-1.0311325214914175
-0.76785814597145552
-0.84464637727780156
-1.0361016312723175
-0.7545571448099947
-0.92202286214457208
-0.61011785201845248
-0.49596433145682273
-0.66065696185777745
-0.57953830155990993
-0.71894329339384566
-0.72758154415309217
-0.76877214475472566
-0.68160808162876751
-0.82464962588577539
-0.8246996139929873
-0.66530514923117445
-0.76730882080230367
-0.96713580855343872
-0.60913302696129823
-0.52109773812560922
-0.49185585709610613
-0.62561280932724539
-0.72878969571447483
-0.94941549663477831
-0.78050095400997466
-0.60715045559366609
-0.19697414678101854
-0.65559275578482168
-0.73588247183409894
-0.67615939954537541
-0.55279581483081175
-0.49176354719399856
-0.47063494129779632
-0.47887215406659556
-0.54116036080739971
-0.58869312967495946
-0.89891752954218174
-0.84746036844134609
-0.52648069661799746
-0.8801379894943977
-1.0086461474163397
-0.60215433062455304
-0.32508951496410349
-0.56683769403867001
-0.57288811969349684
-0.4681680418075056
-0.37635444382966765
-0.48056217509486193
-0.7614806039778782
-0.72754163277134465
-1.1512813758186957
-0.82165215787042312
-0.88536385116627314
-0.66784344900547943
-0.8030739293534489
-0.62342801194850428
-0.99383096640133928
-0.88063953565409148
-0.50543246326863456
-0.60700746169873077
-0.59217162224757058
-0.57425071702544683
-0.4826655356624216
-0.55065484792322927
-0.7305217821189518
-0.67744172542860548
-0.50954779602779421
-0.84686780878204215
-0.43178402614189937
-0.36088929510518974
-0.773855162221736
-0.49124336107346778
-0.80775990864834368
-0.38201245013725327
-0.38426276402442477
-0.83066491940108766
-0.33015603191165183
-0.40491053538154675
-0.58976506453879551
-0.72766013395771156
-0.60961600629800927
-0.81175759362527811
-0.40573661856019011
-0.67200120265299268
-0.502227750249987
-0.56602874544514981
-0.85692839044892721
-0.89611748272575686
-0.72560097996206208
-0.7912631132364315
-0.64103932304159261
-0.72380262220146008
-0.45074423022336596
-0.43864457987578337
-0.52535010775383784
-0.80744121948155323
-0.78787128741287382
-0.47447155383097711
-0.6108007099484174
-0.49496237967554541
-1.1823504606298885
-0.4029292433811007
-0.82235439035829838
-0.34956550984902535
-0.48490275373273978
-0.77044720657723209
-0.37408834595198959
-0.26307435745380015
-0.40248944500998801
-0.60493767538724375
-0.62848915549930962
-0.54305496430524147
-0.48864208900252482
-0.5545771285731893
-0.62885924339201948
-0.37819578624340566
-0.53154714919107748
-0.65395972924757673
-0.46948803930813982
0.032257765870682166
-0.49858098317732319
-0.3090772599199601
-0.73302048492868943
-0.51635623656196428
-0.42991928013607528
-0.45875356311190929
-0.86398696803412545
-0.47727805442879612
-0.54651646571598411
-0.40379775281555491
-0.35594017931433336
-0.73038479485092822
-0.85836316486954667
-0.53364701699244232
-0.65138802672727558
-0.64820870495066352
-1.1432134041071516
-0.44631357569535007
-0.56082744165719023
-0.40395713232247565
-0.5275206133659317
-0.81052598921573848
-0.5900541667860999
-0.44964108255758661
-0.43037018886477058
-0.76932813382049847
-0.53837417981639291
-0.8785838041810643
-0.65855960124208712
-0.51230955811824308
-0.3983042955224243
-0.21690329347531553
-0.57705425013419487
-0.73240807736658997
-0.37316403060118142
-0.63206210766348869
-1.1420385025333619
-0.51755264897405151
-0.42392553487501433
-0.58100024587720001
-0.40897061818819036
-0.53555582641632637
-0.32805915881797648
-0.55759712255313409
-0.51704093300024323
-0.13058455694449769
-0.69928801325686762
-0.56282618182992106
-0.38293174915440387
-0.56956436574442804
-0.028848607831474169
-0.19215227625417908
-0.40929856631310724
-0.201182288332722
-0.3912471004399336
-0.10623779476592055
-0.10483126725308431
-0.31916622236054587
-0.23235848339401105
-0.2138874955665738
-0.13469806669976925
-0.16132533683328548
-0.23393727509455531
-0.38728827986960379
0.070216196344885295
-0.68963503904642753
-0.1156813731194774
-0.39674373881388286
-0.18245246853720906
-0.49215183745770447
-0.29433331346347441
-0.27337447696525929
-0.56319710553393643
-0.50182669065245411
-0.083591070115024715
-0.48563772079073586
-0.14153972207246468
-0.51396988215894379
-0.2129370886227111
-0.08418683052001151
-0.39575510341090664
-0.30685110224699957
0.048228726906414686
-0.23437544065457552
-0.38314625877153491
-0.49053566962174017
-0.22473046739301575
-0.48565739576197031
-0.21444840498317161
-0.10990961014776855
-0.1308913489613466
-0.40809237308326057
-0.54081869440076091
-0.34407239798972072
-0.31511654438373854
-0.1667900596033936
-0.43287910567825705
-0.16313342741559753
-0.23970356729575804
-0.31615454667517279
-0.23715940762617951
-0.3820860781904174
-0.40970130747254302
-0.33416305610317965
-0.35443728596905916
-0.45588607956837701
-0.14942871270379401
-0.40149969607789887
-0.56101618653924212
-0.30530023317529653
-0.33078704695137562
-0.14765253231961431
-0.48643646670640073
-0.67821966229707931
-0.28999840924653214
-0.37536907895832455
-0.19445645518043825
-0.27876841775646249
-0.35658846369449526
-0.38975059092341785
-0.45640333282645851
-0.58668376387684251
-0.38050396215142734
-0.09451225949067675
-0.33147526824352103
-0.081372049099702512
-0.41568029735873613
-0.51988038039968631
-0.48822256143642961
-0.49276322505905429
-0.40567154133406302
-0.39247954427988319
-0.59902152162001432
-0.16582642358357372
-0.90522064891195142
-0.25888693325477952
-0.3038024285987842
-0.46503772257311582
-0.058212808455537432
-0.4721715879022112
-0.22550758770795765
0.036312103358360812
-0.047066227858302098
-0.36100775044319539
0.079777916568946533
-0.41252058172865341
0.16502816508081444
-0.083924201745743457
-0.29849516576475554
-0.46237939242418991
-0.38238862473040935
0.0055119780568338049
-0.2834775619721574
-0.51268997170109254
-0.028966081172314879
-0.22500073992351793
-0.37338071849709664
0.04850152170215296
0.035859013805179744
0.15008389025810437
-0.15558457818352175
-0.26914014660198848
-0.72086550864493748
-0.15779918568006901
-0.092775067762788821
-0.35968193488625344
-0.20478458345219483
-0.40901906148817363
-0.022458781498309176
-0.17123188514875268
-0.11873727315778303
-0.34960915617271549
-0.15217292191670653
0.18962554716651156
-0.31650492864893104
-0.2973361715002002
-0.26100223213080992
-0.3924297798767013
-0.12628345626752738
0.099466391701674636
-0.66471194576934978
-0.26864677873292697
0.20271298958076323
-0.40512647522700918
-0.31771375134477009
-0.018296817606808489
-0.030346870591504295
-0.25417078453459069
-0.29293711386837673
0.351699585913894
-0.4286616636525542
-0.31180022943744873
0.096993771824081296
-0.22533164792050692
-0.17195202145110866
-0.13229181070482499
-0.54024721205085735
0.055033499650786549
-0.11796896698075475
-0.00049918862811765188
-0.25253284436201956
-0.38154839760802528
-0.14657007584821888
0.40046775225952697
-0.068551120554439668
-0.13145594732643068
-0.48068681023179599
-0.2419227839034592
-0.16124692933062806
-0.28892937741200497
-0.012404143995582479
-0.11117170011785099
-0.38433506773297527
-0.064565242084183475
-0.073687889694015019
-0.30315251611731908
-0.37779106444910598
-0.099712302243366233
-0.43738172392706826
0.061966119606254942
-0.079040271391526196
0.10117965338832709
-0.34366340159136843
-0.081881878374540237
-0.040721160860830351
-0.27560995764478013
-0.36181030666071246
-0.2385004331604143
0.12732436682114495
-0.16733950230521308
0.10026801086466726
-0.16538095787073301
-0.35342670581642222
0.15541029525322134
-0.16961873238677952
-0.18253038256971096
-0.076609499738132955
0.030593462236401952
-0.027231426270297596
-0.16991716964248585
-0.098259995780605569
0.13766989714868774
-0.40984186636604691
-0.23784103223043887
-0.30709987402257977
-0.14217163823096826
-0.31449483256030342
-0.018893138216222679
-0.10203845549703328
-0.15136769130324701
-0.020606410980563053
0.073922030397039803
0.26975075804551496
-0.061074926977508631
-0.24490673319682968
-0.29383162917414546
-0.13257336071225809
0.0019429118784767532
0.032908714402512605
0.12010528711012995
-0.20634458770275563
0.13390545884026162
0.011259174227135458
0.26411102369159217
-0.17836766796017892
-0.0086869449348397649
-0.024210991908224792
0.20278105142192968
-0.27373031608652321
0.087107356638515501
0.36990608995636487
-0.27610623074497581
-0.2159145328846008
-0.034954237981627931
-0.28278480403006429
-0.20414533211642194
0.19240457081311246
0.29716273779473906
0.076595849965913385
0.0085263500304272807
0.32081369772838475
-0.250246066005687
-0.16050234921013778
0.20505164271967735
-0.13359996629674523
0.063498852492097038
-0.058035814585835815
0.11843962410786407
-0.12316687490762736
0.1016985516678808
0.25209221873651028
-0.13464715651056761
0.26677647838046098
0.067698084482995122
-0.17081505780141495
0.032961233279539461
0.19876642829280372
-0.022173717466223056
-0.14880142802667576
-0.12245213003592401
0.25917516681381375
-0.18853781951265364
-0.15963638981274547
0.029319164163201537
0.25064811809404286
0.1959045822972566
-0.16161785155099834
0.24691918998994886
0.0532118462633204
-0.026520663700393389
0.27492623900853663
0.13987331133690628
-0.06899208447326273
-0.24444161907116183
0.229134283114033
0.13238353620563381
0.38104112154338693
-0.20939340897845152
0.069485749857774004
0.21320761071190483
0.20981997647548165
0.10632900605941892
0.090686599193653669
0.3703214365796596
0.16473515644282566
0.39430585443237653
-0.0073373265061476159
0.12362537207890674
0.22789074797334205
0.12750474969122372
0.051636442420359641
0.094240060568525547
0.21682251592361362
-0.014393637791996677
0.17939696890485254
-0.073144924116100324
0.064990470171833223
0.086693534074388193
0.45920959049997856
0.44692218889053148
-0.23297431464160129
0.097359196364241771
0.047863185102058524
0.1168635340284475
-0.24973097447621181
0.20222298361212179
-0.05515164494271884
0.14057019249582506
0.22777572887048378
0.30989342995213909
-0.076322658345436126
0.33682713587832591
0.41005289741566225
0.10603469232657499
0.13921719599126206
0.10768019626704044
0.07142359629414867
0.36100483546293521
0.37995405031857071
0.28505474481022536
0.3786112943738581
0.17089332740734406
0.1022780262829789
0.37355406498472105
-0.31940548036269745
0.13730526264088974
0.22292638717321595
-0.20490794085627889
0.029163513150670024
0.55490453767790227
0.3847721518609506
-0.062619028413781308
0.55499598337799882
0.080241100737935125
-0.20096217981974129
-0.023909862971908103
-0.019689065630162317
0.028093803083627678
0.2355527350919181
0.55343453250552277
0.10234923873796012
0.27356094522476648
0.2789473273812037
-0.10934255348335313
0.40122714199200876
0.015530887854437812
0.22784299641625685
0.28229493481580142
0.54233951753797827
0.27365830285212273
0.21930145320894351
0.47533750054630636
0.38823212499721027
0.58491319193542379
0.25299225521175928
0.1702588945085568
0.22389632423243688
0.037822725593611509
0.0043250560211892516
0.70170412403089899
0.15396970759942391
0.36548130348409469
0.57412616719293108
0.29612225317809243
0.52359318268994026
0.45909897207911926
0.23514749374894972
0.48063996757207228
0.32707768072223503
0.4051279161076688
0.15988863657917882
0.52678463832055322
0.63896981002950426
0.50837207211642377
0.4056743651506014
0.27592245116211916
0.27456203236571536
0.55663525172847317
0.44606939146474345
0.64416269769419943
0.34785591423253331
0.34316541167474124
0.32147538589625985
0.16352335357326511
0.24631460945979491
0.19319946015551304
0.16372041182313207
-0.059527565677309421
0.52267371243250116
0.54257304318752653
0.44054413176094748
0.51289988338919412
0.44307369163508231
0.45929108462568863
0.42000028275693196
0.36789657536277359
0.24863680261734983
0.46654091694210453
0.28174346136825618
0.20707364195221484
0.80083682980706383
0.60232772128760759
0.69296381847926636
0.29735280182041635
0.46671813114269478
-0.016556133907294695
0.22555606719366975
0.32824023314177447
0.2438549469773913
0.11465910882530357
0.39579913519466631
0.35685906325864397
0.35386398282214004
0.39114986973144988
0.66766926892426925
0.26472340719975179
0.10451533453230502
0.15284045957733994
0.32396024815696262
0.28875757093785342
0.29568810908633764
0.17016419773198896
0.21237197223353282
0.47948130446344572
0.0035318827271254667
0.25134238401028708
0.5105298526226606
0.51143115740042311
0.1937268589886946
0.39780807821207359
0.29812451714187771
0.086031789355389632
0.45634774046497661
0.46714503321257328
0.56808079721182692
0.45201275288998327
0.25591863454296604
0.50852861315848208
0.059807411184154224
0.29543882911388997
0.50213572984309529
0.32292379748538175
0.56272236689722399
0.3100178389538184
0.41382317028015408
0.44789769831920589
0.48419579702693233
0.54704139672752317
0.46492336650924404
0.80160340502214766
0.54097752996165061
0.6783689996305432
0.5657880749359756
0.36629836678943112
0.20464429551592123
0.5184834901868659
0.39642035410220022
0.64787382930734905
0.35198987197510667
0.39148105217050477
0.4041256203366595
0.49123572066023241
0.32755822145457614
0.36761373913270035
0.62449293799308359
0.50852842059401138
0.45680358939186938
0.26786438156772291
0.61279704576837768
0.55086991761226189
0.19113065735504384
0.52201033707407341
0.23243953986861748
0.53240723442350346
0.17867233923585141
0.6167568312004249
0.68213357381210582
0.47058569307848536
0.88270744851911975
0.40679447347349379
0.26274233350742165
0.49040088339884169
0.4112246466119121
0.13174995266533227
1.0380503730930943
0.54305295679488597
0.54531531186836224
0.86186040766034444
0.94849589858991035
0.49660350016203963
0.23420688704440806
0.6122947540718342
0.60241903878223801
0.21345865292728769
0.53946939494552959
0.82355096698754515
0.28842997775988571
0.5678244340397095
0.51808241934363763
0.60219325350939867
0.69010796001401931
0.20464454500400164
0.64448776568730304
0.71326950364360853
0.14672982161983958
0.58419056042864415
0.46614003458706221
0.71414060718379857
0.44782756559432513
0.42266000961407668
0.27847802796437182
0.30431947484408545
0.77008041834111463
0.90067106357937765
0.51807292259431614
0.8231542906153857
0.09569315446147092
0.60966968965790469
0.6031239234168142
0.38622193371752395
0.60109809482196552
0.53079533533656575
0.6286295364703981
0.63279181515926031
0.68063768291265492
0.55866142433432031
0.91259899205496553
0.92134486234962476
0.66766746817774525
0.57106850708481816
0.54594162842494764
0.93512050028485982
0.57065961583490998
0.81452283442503071
0.82806762158443425
0.47447241295426829
0.69930024824667869
0.15018308489172796
0.71606433433195582
0.63959102303621651
0.8704574778806744
0.90140082746313821
0.59815829293858369
0.94059312286504593
0.52174506180683566
0.55060054262206504
0.59178407955629841
0.6508211728578811
1.0491101785391974
0.60295020273273725
0.74560057506571598
0.67518605061729831
0.75595919290489055
0.57919720480099779
0.5090223223383411
0.39968736825917917
0.61948509486605707
0.86833969711068226
0.78432533496306434
0.31026441139618699
0.30665090484385354
0.81692359423597483
0.69441958864374143
1.1109836191044185
0.58119392712779505
0.7423648953500479
0.79650274950664524
0.84237915905952576
0.46654014917159531
0.81094766408088692
0.74121225202255736
0.46607371809050402
0.97844577733185978
0.81597024202168378
0.56602792168878713
0.59000378375042306
0.96753602169924324
0.71991323716804778
0.58582819831957511
0.75696521476988399
0.91353739872174733
0.94708229810228628
0.53138445824566993
0.49343221555653433
0.59198412046180104
0.72585186084189335
0.63851097057049977
0.97989049675898954
0.84383243709171452
0.83566149489155406
0.89785069622875668
0.6735464036105886
0.95238223234487607
0.93236369822268739
0.66404884821026411
0.79895904833639664
1.0732306325938674
0.76744424156328439
0.73695511582487572
0.87322795648083806
0.61298034214170083
0.83379712338084011
0.6728657679838761
0.71690948924893272
0.83558105253730086
0.71158918747187683
0.65946597146664532
0.91264763604621357
0.93016066334408543
0.64508770911268376
1.0024089208655858
0.85266052253803992
0.51771089670758608
0.5793632479115447
0.67429206431623301
0.49178792406438637
0.87502855655801992
0.69944348345892837
0.59060153186184794
0.66769016388691682
0.89880757686176282
0.69779774797941263
0.66296079859882706
0.4403905372092794
0.83591499566933225
0.85054895673567843
0.7367877742792297
0.85139042147789268
0.72441606632380073
1.0081311447873444
1.0863169267938699
0.97625898426487157
0.78689116491605338
0.78151834227493344
0.93939484271189111
0.5863108545496214
0.73552476636056785
1.0027997530105417
0.75382403326392233
1.01574932527147
0.95300898867594419
0.90187287854600029
1.118767988327386
0.84914957164271876
1.071685743729873
0.90952834229505919
0.86570492119372133
1.2084000770119121
0.78386268479472399
0.90189736176050805
0.68460484070762395
0.677489691010974
1.32824320929732
0.7234478559715265
0.51708731710869005
0.321625103913391
0.79651290276143716
0.98083899631395988
0.80394829431179382
0.71496097004564096
0.91142761882290679
0.93969895684864846
0.79947179126861823
0.99450491913734052
0.81402989443304097
0.68071468520363754
1.0650555548562881
0.8896702867416667
1.0739099080544414
1.1436536349605106
0.94934805890472862
0.94811319799313398
0.75123799520144063
1.0160445225055426
0.73091030016865621
0.9027994278261946
1.0753576609625517
0.86789041207788198
1.1969905775057916
0.94022492218137776
0.90477743599000693
0.68820176898498897
0.78772161348539627
0.97067047138373652
0.60255341478276303
0.9941315559728261
0.84010488599873812
0.84386262751973273
0.77057757172352292
0.88982257667184439
0.87482264475158567
0.9784965887770668
0.90819637180824986
0.89001708330044205
0.88645927645913458
0.9404083159390787
0.86649909013188742
0.92262493070527007
0.79425629315931612
1.0887711170664756
0.95542714312851651
0.74484059367750188
0.87264075313000433
0.99143510778395749
1.2632497217077339
0.9465454196038191
1.1593196714707212
0.92322276713269935
0.96522306849262973
0.92610468725652284
0.9062245990831459
0.79278075695408812
0.94390661351384386
0.62720458153779601
0.62700220260251072
1.1979094102683459
0.94415087767437278
1.1371649118999729
0.61861817713369993
0.70057667016870528
0.84292955416635817
0.94443732235314615
1.1673020302246973
1.1279632437747054
0.92375895444158984
1.1384854743320407
1.1231442506001819
1.4655102171637064
0.69264140408987351
