-0.94760699715703689
-1.2477399389718542
-1.0413265707778905
-0.69599279271597647
-1.0804186359005592
-0.92281301732412357
-0.85585797094468319
-0.90695907577183421
-0.82282880235759259
-1.1903550299626917
-1.233484315320017
-0.85412320816414966
-0.88810363313758733
-0.96630721023776067
-0.92905193886659587
-1.0347836702972102
-1.1498988233353293
-1.2102918585605353
-0.72767781669452813
-0.67049713224731555
-1.166494150835901
-0.83673311644361659
-1.0224923328172777
-1.0091418670885313
-0.78270481370517631
-1.0641439954563043
-1.1130504756809774
-0.96821176644645657
-1.1318654556091259
-0.62118793517367477
-0.75380526444925067
-1.1334414410425182
-1.0441791751633662
-1.0098785842587736
-0.75028160606620964
-0.76013069198001426
-0.98791728537230916
-0.85525180480996355
-0.68897511031257386
-0.77708175893787967
-1.0405569548368345
-0.87549469370252098
-0.76077931904294449
-0.94416190808579459
-1.1812185126763257
-1.301947245425515
-0.97901222524321518
-0.7565798469497178
-0.45157988985355108
-0.93876309383667078
-0.75721076597282078
-1.0036528992889939
-0.61665385959248309
-1.0255096395350516
-1.0755020695346491
-0.93243211479693278
-0.96113508377210166
-1.1136037981133216
-0.78428896484403055
-0.63346486051013129
-0.99357174313085284
-0.61276558806689752
-0.81012034096424423
-1.0360436566999782
-0.81254889344599512
-1.3834352744695881
-1.0269457260618469
-0.81912055055450028
-0.36373582010495559
-0.7553668830390089
-0.84702573149351523
-0.69333686387348104
-1.0330918416580812
-1.0604734058733076
-0.79912943305802497
-0.72378333990242016
-0.57737479511779721
-1.0200378154873158
-0.7154090457425899
-0.81591010160049049
-0.89897798418537378
-0.70476031384158544
-0.77383235964977981
-1.0671560958467987
-0.97661740921506746
-0.70531576481570302
-0.80642178349783245
-0.81744830252296841
-0.56925004096966147
-0.78545027472717088
-0.84923244242833895
-0.71807533384526656
-0.98837928110484341
-0.81922092531641388
-0.99797789496542777
-0.86870926560266959
-0.4572186041324231
-0.86414445643206728
-0.99638185969847826
-0.51597991782411601
-0.60674890031337403
-0.63185524053070685
-1.0745284733778708
-0.6186524394943177
-0.6942846875726022
-0.92669982681012231
-0.63446896793090324
-0.94530493744926436
-0.72893109399675715
-0.76820958965380859
-1.1100710293926868
-1.3104384765169714
-0.77790765158373354
-0.573934765171767
-0.73291309456839004
-0.8336050801792243
-0.9356332507316425
-0.64069176079196744
-0.54250518477571297
-0.77642959891792085
-0.63819937319260378
-0.72120233966579872
-0.71934257265257762
-0.48165675317141088
-0.73993019852741371
-0.50762087934282718
-0.63237874259966942
-0.52590151060369417
-0.5722037071683681
-0.65708071677952906
-0.82484238860286385
-0.8431567088635803
-0.53115780804663804
-0.6689919034028482
-0.71624008489204349
-0.67188131187898559
-0.87661207866148783
-0.35662393515745239
-0.4738333993987226
-0.69941375537304673
-0.80887227069582912
-0.95197277692233029
-0.63457593618789954
-0.69493759890094997
-0.75393144086893382
-0.69914212937633113
-0.62542710736541096
-0.57075930928195517
-0.98535831344149971
-0.73983586608308716
-0.58568299463266971
-0.74294776704390275
-0.59795455763738281
-0.99791621396401342
-0.87165863854646508
-0.78611457949890262
-0.76411711014977368
-0.68540693410610531
-0.97722616617588198
-0.62746096066980916
-0.63598168064817395
-0.343667915355095
-0.63091127478813802
-0.71172509931633776
-0.79091834913819736
-0.9005876401226971
-0.63302216571560155
-0.62692223511111633
-0.97627916650347368
-0.73364285986415478
-0.6160866866046949
-0.57616180837287145
-0.40402962777025625
-0.79310960731851021
-0.66626601089126913
-0.6887479486753294
-0.69989645654320487
-0.49801527089892117
-0.61133180054196368
-0.76652668933457635
-0.44612127671157248
-0.76362752938690948
-0.44971840344864566
-0.64057215239573662
-0.32957276145557934
-0.61174617614297921
-0.48069077245008063
-0.87655848220500554
-0.95992473115903298
-0.64004437627211086
-0.75637739311881114
-0.73611161367905886
-0.83008613196528014
-0.47867521801689794
-0.78802387001951124
-0.70236514349298995
-0.50618167619313359
-0.61112334423165104
-0.86318523764864785
-0.7839130440545623
-0.65455025676975909
-0.3283898042765786
-0.5901930868193479
-0.35085152905373257
-0.62615155271908174
-1.002353188482523
-0.43687419308307046
-0.70153564034474702
-0.69538459150973952
-0.47033047198832517
-0.85902863278689656
-0.66659670559609374
-0.5791241639583653
-0.380910562938791
-0.43574172059992605
-0.40911358606658954
-0.78788466512554922
-0.55493321405798601
-0.62031489561959174
-0.51672743474399307
-0.37071936824607582
-0.60921350271683572
-0.55326604406421576
-0.38392430931510657
-0.78503929582192911
-0.74184937816713448
-0.77848460897758209
-0.40944101877646505
-0.24463079388528286
-0.5621503790150274
-0.33382504577284283
-0.62675542767339509
-0.45269560894599831
-0.40250372116932576
-0.32639673474467729
-0.56564199645203406
-0.40222151095930536
-0.67972809187008809
-0.81111102369298427
-0.42776145663967691
-0.39851297397342333
-0.85600560486796529
-0.52519730155862787
-0.15500426183351212
-0.5629373215270439
-0.44356710812610228
-0.60058639487611098
-0.42696137212201529
-0.15335552246713446
-0.59665748379974226
-0.37335889921781812
-0.61890437042542812
-0.44495906362951571
-0.77857338456346481
-0.41430228293827903
-0.47352706546143225
-0.41365542772737102
-0.36555895464289478
-0.27265762782672209
-0.41685614336560106
-0.60017097802777453
-0.66173466729314045
-0.32828251745784237
-0.58535195299912202
-0.47144904377401681
-0.78316681640573471
-0.18559757928219009
-0.52009215557198318
-0.4100350526011613
-0.27075490491912174
-0.33900350577955124
-0.48683449443445936
-0.68143097119578466
-0.51980490069445195
-0.4939397719291776
-0.25321695229607938
-0.27821422328925877
-0.55839577119179495
-0.36301312938172958
-0.15467319805548788
-0.11500351115705636
-0.31695990903297966
-0.46205377961855326
-0.37822330295866252
-0.63399720773216905
-0.43985325760583971
-0.40203158958887131
-0.6252195038698326
-0.52120532021175658
-0.37995206676502075
-0.57376828676962244
-0.39912305702233403
-0.67439637099487693
-0.55905817917753964
-0.50818490182928089
-0.59043144681607684
-0.54659466985394467
-0.34559804831025881
-0.63089840698423394
-0.22064385414177581
-0.52853750286909817
-0.25275402605321601
-0.68551953190166026
-0.51242029026264913
-0.34645683713400505
-0.61704597385115811
-0.59778036608772733
-0.23198099222488791
-0.46233469540356653
-0.39853796879557379
-0.58035235715566946
-0.4042575712437772
-0.31953023025807437
0.024735538680610451
-0.17528037733851057
-0.71948636922897735
-0.46683076140678803
-0.52636935341512903
-0.11633493704324796
-0.3897985320634077
-0.12501173219164999
-0.26845535503377949
-0.1854156657002837
-0.3552475859775529
0.077658979547600884
-0.34654033510672339
-0.28921692748547917
-0.33809418917822931
-0.36197833741010427
-0.70557270662335381
-0.41770200703224858
-0.26826641760383219
-0.23525829080080579
-0.54989067364484312
-0.42078648079165554
-0.43908218959123513
-0.5363793337716829
-0.4931893427187079
-0.11597543636759518
-0.30203729730148254
-0.16552873776818025
-0.35390791853931253
-0.5099438526131137
-0.35030310109943424
-0.34222477856676964
-0.10651615843747889
-0.3666628512923667
-0.18668119012617088
0.1287553481619336
-0.24377973567812597
-0.25214997263922662
-0.19600186577061962
-0.18975782919959988
-0.2540821699394471
-0.44252620456092273
0.17959474470173101
-0.51581485947253713
-0.045360204940787685
-0.084176947335977179
-0.45860576843683082
-0.28677335774677165
-0.38426492732760359
-0.512545658063015
-0.24252885985897865
-0.13350400766247816
-0.121542499333246
-0.28977418364393326
-0.4593957983766449
-0.026640337613210229
-0.36855744766188064
-0.045194295117136858
-0.18775206302253372
-0.068261288074828425
-0.27512398892987699
-0.34220699419912437
-0.47433414202210922
-0.30075098288849605
-0.5677963860385552
-0.3886411359463986
-0.52764420487766561
-0.23781830253843478
-0.61391440414367349
0.039301951746501709
-0.59077454295958198
-0.41131415139589694
-0.18680815826621258
-0.19045138464041955
-0.094555982309492151
-0.18273678613522512
-0.20835963320850834
-0.17112250213418245
-0.40688187414472604
0.034896648178026547
-0.0040194392159854176
-0.043641556971879721
-0.12587652655016626
-0.081572135792246911
-0.037869495826687513
-0.25702957967206103
-0.089211000647935718
-0.12989977645684878
-0.38399130590041197
0.048156699880452986
-0.10858033524732683
-0.30906419730150925
-0.26532898225379131
-0.13339270961870156
-0.078072551127859824
0.39601426348344931
-0.58546764722070754
-0.11555131717429083
-0.47441370971071112
-0.19184537655345732
-0.14191603363642347
-0.00095274663822004222
-0.079439927747494588
-0.16641266127304588
-0.34481325462718165
-0.18337075138651679
-0.15408701001568748
-0.21915252091775184
-0.14355061495991436
-0.095374100566608194
-0.2353636736928271
-0.20488569915703206
-0.50771622176331133
-0.015263430282841424
0.29181457785105142
-0.018912887973598184
-0.3547369920518697
-0.21760774938197611
0.084246148741940419
-0.23624213010306161
-0.039931719610357165
-0.28750057852548799
-0.15115613009125267
-0.18178079041325462
-0.21271291259412478
0.080197352302008501
-0.38835753739437456
-0.22276983656367327
-0.24300946813363863
-0.27135142938576823
-0.0080262949138278378
-0.23144779422603862
-0.26624227223901775
-0.32147040690826106
-0.1972213148176224
-0.28784935523176292
-0.12743961076687002
-0.43430368784992884
-0.078608567020876097
-0.13487000073394961
-0.24414793945365798
-0.17565940509495037
-0.10185882769906125
0.065301591568267481
-0.2897987406369153
-0.020187940145427713
0.33125467020861432
-0.43463257745792927
0.1537070838037978
-0.19360110484817317
-0.35547512027590872
-0.25242776925183813
0.051439960296669009
-0.14146158023319708
-0.35833663690629614
-0.085642342876256591
-0.18249571582772375
-0.17262555851238465
-0.060014664932647566
-0.1682368295558114
-0.14862037224840921
0.21896196293898432
-0.081342997648130605
-0.059582650259760582
-0.32527328805287853
-0.11712031360958761
0.051187555128722917
-0.29961434505438411
0.28660068269758687
-0.073357278767531162
-0.30657155207168346
0.22162176422303778
0.078588686541025674
-0.11047366383958085
0.33051184636771108
-0.085281110118141226
-0.14479076706095151
-0.15949579733576846
-0.1324726071283221
0.027125980262283998
0.10904131940466698
0.073034518011369676
0.0080444930684742382
-0.38594303339414104
0.045415344662171862
-0.022098161031946367
0.17209913942236632
0.20674786053607211
0.026788600508962548
-0.03218097698459256
0.013965734023729345
-0.077613948696731924
-0.30991166021406874
0.025019438666155039
0.33382593343314543
-0.042700239949975904
-0.029457239052920581
-0.11356302382847237
0.21595513920558287
-0.21407925075518514
0.17767860923464035
0.24118969382020011
-0.099452368161434906
-0.050539298306506907
0.069798503155143327
-0.06083949384532393
0.058844539332173422
0.27376733923603475
-0.063732707934680832
0.13941842448891675
0.16380879857518529
0.19783396593591313
0.28121820475625914
0.2975202688896722
-0.011109666773263386
-0.045081865650917249
0.17455575857747224
0.081762005116280539
-0.21291374363770094
0.29904978387393827
-0.10675657842644892
0.24100200986739495
-0.15554542623826337
-0.04728765878141198
-0.0049437497901201393
0.22915076966030781
-0.01524345791797088
0.018936214583945885
0.081153961995007573
-0.24737806135642312
0.027469748119237126
0.19143971772981347
-0.18199170143440938
0.19298993495915948
0.090281631281386124
0.30065623704443417
0.51255009162178511
-0.13081300034296403
0.53494888319052303
0.22531347554330344
0.017031079893704826
0.32861323424973088
0.18204157197074314
0.071701846462626229
0.082733286544057316
0.10748485564108518
0.29583167254573489
0.11434274365787991
-0.09051020715361606
0.02553666110024835
0.29500809246987475
-0.019973495517852363
-0.12141472071163296
0.19597633629344405
0.22308954288019162
0.23159215152860374
0.13556763707313291
0.20252869324464567
0.10379542313769784
-0.039869811900283963
0.14602024404795247
-0.054202631978482102
0.24399089907076996
-0.077403466622968903
0.30403511720143767
0.17953827205807393
0.10579237251215891
0.10137244422486978
0.2682077548995534
0.093366028978829937
0.20599312836941788
-0.0053055923827331902
0.32274958552450506
0.069278979991356932
0.65273681608474488
0.3348582819653067
-0.064064197486691871
0.14002179291086134
0.18066910263495195
-0.061250928358867564
0.36120490245330716
0.016358940295440209
0.11494022159349181
0.33561046009490414
0.084517198461136533
0.23079212790627968
0.43919205374532155
0.063436473049079137
0.0061260372624422103
0.046120142117959895
0.15208204852766316
0.3939896641984138
0.29685248945739712
0.50759406339146551
0.37257197541301862
0.096146390579193913
0.16144215039168566
0.070648161322160508
0.44459225634026528
0.063715731416452218
0.1534686378419241
0.20474894788435702
0.19106313482507262
0.49324351260084892
0.310916280958147
0.17350178728821838
0.25999215980085805
0.52888743062464039
0.38946058797645644
0.15862202486811552
0.34505636682573498
-0.011733822789163574
0.32711135680643377
0.1575957549739726
0.36461224340926918
0.47773939456764819
0.38445844591213901
0.50580216801902633
0.22490771943496454
0.062742075732628397
0.53488734776686309
0.2583026649553079
0.3253936095738445
0.12272517573353862
0.21643079872363083
0.6217644342654336
0.38814710507133598
0.20733596184513542
0.21471757866222391
0.074591413725561037
0.53501750257904745
0.39174811534325032
0.45368524847232411
0.47638140017462399
0.20504180400740851
0.42192680129206578
0.55319215765834862
0.55392431599472747
0.50867414502608232
0.26735310920315819
0.58746820147025747
0.17865446784359554
0.17060415566775036
0.44026458709623073
0.42134034110195129
0.31920047879228031
0.31245499458056653
-0.010569196114472067
0.39728744192769211
-0.0064302317261092116
0.17099694702186324
0.46748721434704199
0.53001681839203074
0.52956881168356396
0.31249039687992436
0.2795119754884986
0.43068324278352416
0.084103895279912411
0.18509176102627617
0.44640349092276543
0.22129641427841931
0.43739820781764166
0.25323088861905052
0.37035094031439297
0.42859902937092864
0.36113074267420697
0.17080657340984723
0.46121996645766061
0.29014212894584723
0.20615965849778545
0.38555732559882311
0.18658337186799948
0.45323480449492759
0.32616227801311504
0.38557072250269031
0.560619811228525
0.48723555967651594
0.17542882085207687
0.31581621353987988
0.5568429077719429
0.31593641448430548
0.095635064179686702
0.63195542097638391
0.16874787903918759
0.40884861362263059
0.48434377747801199
0.512762800903941
0.36805885339331285
0.54818012563874963
0.69508226934122075
0.3785796318020126
0.2351811685541782
0.19297254725376617
0.66799976853706111
0.42231643862329071
0.29323426317695517
0.43346470411452748
0.84745606621217562
0.34531602923445237
0.75017386009653764
0.47600143224597335
0.6002179683756399
0.27937712321683239
0.51332982413981665
-0.089900801207223241
0.51424001548476528
0.38683819569910616
0.34296109091865234
0.37158672067641307
0.55635518054285527
0.51021584076977444
0.41873453119163895
0.17943552464437457
0.74810999889626884
0.46800302122078125
0.36619364968800899
0.55138995188944939
0.58611329366461684
0.21367135711919968
0.35678059096942155
0.49878531969344453
0.64319963670849223
0.20500655179354912
0.13962236502322986
0.80187441867552267
0.55970700943025142
0.88948191793986298
0.42295606881912945
0.28005292643386681
0.25023941061160454
0.53873840521363647
0.44583318232809099
0.68157773929322529
0.86520728114454037
0.89471580654297622
0.74099065671150266
0.41466666653566464
0.5929767446334564
0.63618427594021931
0.46225797948359426
0.8210328169411566
0.44419269559512969
0.66484988347838603
0.93288414738704939
0.45656287373676208
0.27353493716578148
0.76824143357091068
0.29295676546723259
0.53521954366433822
0.070796931257645176
0.5668588312509889
0.76492264282922107
0.58831400222966601
0.593017587644591
0.63718883731587528
0.58545613984640565
0.60061852152758433
0.76877879593801635
0.45658325941275463
0.47457218898711989
0.57157459906441777
0.45860340594647964
0.58899666305651932
0.45177634505724962
0.86981725671489751
0.58519980642309
0.45087258860489243
0.43432170842286422
0.47102704911582094
0.65314431884729307
0.54786795400349309
0.89940979102451635
0.37418470717565405
0.49271777957763024
0.54138889379247712
0.37192355792560416
0.29398546833103284
0.44192050706526798
0.43233535666621753
0.3475046074928565
0.78743249207084487
0.66597726111757338
0.61962055618620326
0.65652386880985658
0.80605723967478615
0.38075585242157267
0.52212854714960166
0.22100882627670065
0.47246538577417979
0.76002732763467629
0.51593733067716219
0.55324894125636348
0.81362823582762289
0.55975773151829389
1.0218976963557584
0.48392910669978001
0.55821591048051489
0.7136413446011225
0.48928282313992849
0.6686059028371194
0.54411446883765935
0.90597759690849056
0.55655483408476114
0.67914754293096924
0.58868588576425307
0.84645851179648002
0.68285105351588371
0.73826899001405555
0.28101793032028266
0.67940303745488129
0.80651959550860641
0.31536175653496296
1.0471301324527771
0.44599659640413436
1.0940820016552684
0.52404217705963996
0.64040353652017934
0.8554393927924091
0.64514920166104428
0.77234407137603844
0.63505113901171695
0.91656065041002799
0.8292312239622851
0.6104781505031126
0.89692372667855214
0.92044292501750702
0.72111256089828213
0.52103128429439449
0.77925108862956372
0.53739191926688579
0.60487485666049479
0.62751275963517628
0.64019321617718916
0.53918780838162905
0.38132040015238466
0.6524232958275995
0.62075023126847806
1.0323577678189864
0.78621123321839159
0.44841762149931857
0.53741846014596262
0.70673221884301296
1.1151516392476488
0.68113848323351045
0.80064954174463554
0.71823971230894712
0.72512776383129052
0.81216410737596323
0.54371376274057714
0.79829968558097653
0.70080274808948662
0.74616685360072221
0.72187912915915264
0.98985722665093845
0.50228848054949149
0.89664363134443492
0.33169618599300521
0.6097901613579122
0.74120379321909236
0.87224596500719642
0.4474666406767977
0.80470803264235158
0.68451934903874545
0.8399232696853558
0.66689012896700572
0.88903565173455856
0.78750264562490879
0.6411855758844307
0.80863879362039881
0.84258066887919625
1.0802194779868806
0.6517028624387563
0.54472928079581517
0.45015965897030674
0.77859300857008606
0.81574888159262782
0.63067444566100439
0.63318316092547133
0.93891983241956767
1.0209880626169547
0.70208595096579074
1.0063413565418444
0.90825671486135551
0.98139813070369986
1.1310569810594449
0.5797178830494768
0.81525259036244535
0.83820298271408367
0.48591098070684391
0.89625463392461147
0.85920250165403866
0.52749988171639661
0.99781282648861913
1.0227376448570809
0.77743281807127607
0.93690189350107134
1.0740641570290577
1.0447974762541492
0.79658720163232666
0.91362192870090053
0.97438402798066726
0.92318272366437415
0.553259398517013
0.92163237717839175
0.75316898542482213
0.77768954649202637
0.90890359133631038
0.79742147565757071
0.96101648377196258
1.0213661160825103
0.79142339986765076
0.74373810072146262
1.137360512654632
0.72714417369649476
0.90997123500467347
0.68697595814358703
0.65363085153930478
0.84078320046976474
0.88838913111596984
1.2521811253582926
1.1278079219534001
0.96139759318290952
0.86827868349633486
0.58605172292406515
0.98194218830512692
0.99564805544289658
0.89915892693664246
1.0430266221723361
0.76431410570225955
0.94460960910262004
1.2032931284841601
0.95624163585956101
0.82874585821755875
0.64267792122561018
0.49324706459565831
0.68477088667329389
0.73054260594820175
0.85983886419744704
0.57331245489716387
0.69521508355125505
0.98545707817422212
1.1010254018905352
0.70753340277997856
1.1663729502321005
0.99253762052749817
0.75999021816987167
0.85913393454054099
0.86557995383550335
0.73593382628884174
0.54894631081346723
0.81935661092878642
1.0236130560882291
0.91831487058390215
0.55298226616186408
0.85017895606810345
0.99015085177210815
0.85688546651584707
0.86826598001417177
0.93304242552654248
0.95133020565461557
1.2312643561533847
0.81487433263856257
1.387620053197635
0.76206211037955907
0.95342563970161287
1.1200489863651832
0.72161444562955368
0.87202899983112214
0.99737167481929356
1.0487339121756853
0.75342145000722982
1.0425460812811178
0.87427070767490389
0.99975697201463654
0.7191881172989657
1.2796330880397633
1.0081852166224752
1.2997579149518217
1.3453875401307001
0.89469340656602492
1.045076538770938
0.80471462242324832
0.96255660006167065
1.1935218265978114
1.0423076507376983
1.3401541375547794
1.0125083829843988
