-0.89698014238901769
-1.0006884954254169
-0.86778154240575611
-1.2502332706011421
-1.1852425435255143
-1.2351622320320907
-0.93829271127098768
-0.78270311728149289
-1.1929075623138614
-1.1594386574631241
-1.0016959638455649
-0.84789108682387293
-0.95864666253448305
-0.97932404394843164
-1.1411121228446506
-1.1592320192898171
-1.1481450777685474
-1.055419013077715
-1.0090582393146086
-0.97968002836724044
-0.79973661211691183
-0.79007895643423609
-0.71479099338544905
-0.84847471553297682
-1.1248159349008098
-1.034950965095409
-0.84425691328929564
-0.91660734387081977
-0.87439312611763453
-0.61531255426704456
-0.87564963087145442
-0.95600532275460015
-0.81468640260097736
-0.98543791444311435
-0.70721315668332707
-0.84744613562696047
-0.62840015601110055
-0.93002171607991257
-0.8556433650308819
-0.91698030180629064
-0.83672180750667857
-0.80195129462966686
-0.74492164814476891
-0.99164307226197412
-0.60670331688994716
-0.92654495030717865
-0.62243097857985363
-0.90708350094409951
-0.81481977100429137
-1.0809591373493623
-0.66082570088038639
-0.83787868868809212
-0.97154623511159099
-0.6094322728099909
-0.97767699912496042
-0.77910068169910174
-1.0693650509860928
-1.0341218239609151
-0.72612306016756645
-0.92638179734203008
-0.72345576616329799
-0.65975308412328337
-0.79802800362835369
-1.1328204417484284
-1.010818596394601
-0.77361880282503259
-0.76811581459415268
-0.65782707252849515
-0.80650225369977491
-0.78908625944720834
-0.74298707498786676
-0.63673296887130115
-0.91156354614999158
-0.60522798642201214
-0.65497516895509877
-0.87442798183061299
-0.82569052508016327
-0.80936374385132637
-0.88685581137818403
-1.2571649919620367
-0.66720301845282759
-0.5216680311421823
-1.1577023082628559
-0.81726037881606006
-0.87882010726785165
-0.58351641731329495
-0.65787402497832093
-0.76088532276775567
-0.73761261060705108
-0.55242148921789203
-0.59883623910826778
-0.818795558493849
-0.96025256875783982
-0.51951531627341585
-1.0751278720779562
-0.91161847550737152
-0.74049427778004717
-0.94242482504435943
-1.0465783383839453
-0.76537000777055042
-0.82787998523451944
-0.82081902920986904
-0.48161372701766558
-0.92828998396623419
-0.77127650424841543
-0.67951648177613377
-1.0266394311008797
-0.78832368461978264
-0.54445379066161737
-0.60057558685122203
-1.0489817052515829
-0.77964575464335029
-0.82257303497402756
-0.71863818929963041
-0.70440602614981696
-0.55139489605438852
-0.82262804080064489
-0.89353835262613257
-0.85979444371437275
-0.99947016088036544
-0.94335774077342038
-1.1949667333148284
-0.45141606519249056
-0.8922537396773127
-0.41801665770367474
-0.58813954750821884
-0.82499069057473351
-0.46781960035649434
-0.84417681047706616
-0.6716153202025269
-0.80170351335839452
-0.33865603805107292
-0.6107608097069126
-0.52571813547753732
-1.107500966451167
-1.0133478968266834
-0.67097958657694456
-0.88530544060914673
-0.97348269108400687
-0.70025650582682331
-0.90872981756828464
-0.85627519082440462
-0.87097771191997875
-0.43871995100285982
-0.86419360138180923
-0.61561188382946308
-0.70905765757606554
-0.81295897261043981
-0.75987539721022535
-0.7399980264651701
-0.9526402641415932
-0.51476964219310106
-0.75019031364578326
-0.64638666142358836
-0.94892251257020932
-0.31436434998076956
-0.70813975733604784
-0.71936807765506061
-0.67877239639721065
-0.39148032913240532
-0.45966953260537269
-0.53333250665522713
-0.71813356739141987
-0.66524470686257098
-0.6795141225600001
-0.62915491110417843
-0.595632761886421
-0.62842739902040845
-0.71346261556407986
-0.52361310459512556
-0.43504324837268427
-0.47530865315851067
-0.70691395426109227
-0.76645838857697124
-0.86736869807966499
-0.27840102234768666
-0.99262824772539715
-0.87040316227107006
-0.42747573245431142
-0.67282458161671099
-0.55015554783000342
-0.80761294867654898
-0.67909917838429668
-0.79864122491011214
-0.91586821668588791
-0.697449699370008
-0.51740651673263038
-0.36156499644266871
-0.66526720317573818
-0.79012581469774301
-0.29378528585317071
-0.49299134322650068
-0.58766386059075559
-0.3608818428679415
-0.67875513802787524
-0.52291270805308609
-0.60486187425148985
-0.67795517439117003
-0.90315825087342361
-0.45970914667147761
-0.53693015723322712
-0.59697830295441501
-0.40837293752252146
-0.44332903059925249
-0.38859092809212697
-0.52901390284663952
-0.81027550313216856
-0.43977994265410231
-1.0213955932101428
-0.55416187013334872
-0.63725436170304983
-0.41377861717392844
-0.54740074393780969
-0.56568420062350555
-0.64240661770066187
-0.70248701006019909
-0.42109256750040258
-0.88772272848906197
-0.75667918029692827
-0.18779247269401439
-0.54498878733974176
-0.81779871215394639
-0.47075352778350299
-0.83203841054941208
-0.50704837683122495
-0.82478614100157488
-0.91704716287215626
-0.44787529474271565
-0.99222737065117217
-0.34902621140455586
-0.50855049439654421
-0.72009134801839891
-0.20798028700650067
-0.55139308857014047
-0.8742172166771579
-0.87806597481967297
-0.57731674135810329
-0.59484213607683978
-0.3822143006790466
-0.34961939038255913
-0.61654630446894343
-0.49987732779281868
-0.37844060293803217
-0.53664466281001566
-0.53360907404079128
-0.24490917687524022
-0.69316673242637117
-0.20390183755303443
-0.4937084441264214
-0.10273818879027781
-0.21506151082493377
-0.37886678485409508
-0.7150809387671232
-0.88962409044777324
-0.70907345875154693
-0.2341021619038301
-0.58900984442961801
-0.58086623874535981
-0.26961117948181823
-0.42190138142181188
-0.74801191782533394
-0.53223908408776566
-0.51681855688974865
-0.28083476874283053
-0.79613716084612229
-0.36239070608093521
-0.48043383253876293
-0.49324352023880774
-0.43948893970100006
-0.46307482995071009
-0.44781295252173348
-0.36350715760847657
-0.21114342388488247
-0.52074992990182378
-0.25237164951185137
-0.25194281051984657
-0.64321310891713979
-0.39327739361221975
-0.44514100637469223
-0.64485779994242354
-0.63673369220417619
-0.57691565386193566
-0.078213036200824079
-0.26635108944926245
-0.5317863363313351
-0.58940451432441243
-0.11722243175788886
-0.44622213890036622
-0.52916196224530598
-0.29528292011739282
-0.63662477008536134
-0.3915770914417594
-0.14513035713265732
-0.33030171233363775
-0.50873294150776571
-0.36349755524846927
-0.59151646784879042
-0.28914637889136757
-0.25533014144438637
-0.67485983122730875
-0.53943820712584745
-0.050289040546669925
-0.49429632131977197
-0.089746328245744952
-0.47012680862153344
-0.54547532227864948
-0.24910991913135302
-0.54580400625786929
-0.37953781912825696
-0.24263559487863423
-0.15056424018638706
-0.4279362144293784
-0.64339923537926547
-0.65043240591099349
-0.44007364908936503
-0.011821183627513096
-0.066353053753953603
-0.11122577509818114
-0.63324842147579874
-0.42374969790691069
-0.68483685457573185
-0.18944450911394739
-0.5869393391434099
-0.18055434528892753
-0.23594244996838656
-0.34700510804848816
-0.51407773439701732
-0.47377081799697612
-0.092353382232269465
-0.39870292440346444
-0.30379633048424914
-0.40260035340954159
-0.19990164944892266
-0.40145356479706518
-0.30709439230815205
-0.66130146426544567
-0.40007570619966909
-0.024263851028954515
-0.18020643987063234
-0.44951279381173515
-0.063298393060133767
-0.26606667659948197
0.032396928749158595
-0.072480066125158352
-0.33994813698199783
-0.59669786778429867
-0.33622149472999918
-0.11449413417071591
-0.45139261954450377
-0.23930816020589901
-0.49996722771221663
-0.39938276882731555
-0.60670875363088483
-0.4044662302273217
-0.0334389510222423
-0.28226467842373509
-0.25061203487538392
-0.24540443364984327
-0.36628263602742672
-0.22021406791786352
-0.21403711450242827
-0.052533995698599588
-0.47167494454784142
-0.5299146364770887
-0.19455827412758056
-0.30467637402443742
-0.4694699087303264
-0.59620192525030824
-0.065712972303319947
-0.26676935850549371
-0.1206588900043373
-0.39384949369325511
-0.20514149514821473
-0.17637198787237973
-0.25931560215093075
-0.25691021015194709
-0.35111471560113017
-0.10347829710134941
-0.54518085140644434
-0.43045043122791216
-0.32733903195565078
-0.40217538470921538
-0.49597870076372647
-0.31900741494031759
-0.35627803842868255
-0.26602510315720118
-0.34110798260384489
-0.2112907493388656
-0.56046314935576913
-0.4458000271072019
0.18209810721272174
-0.074530162003279984
0.052676749226191519
-0.35954553552230906
0.024298985962061051
-0.21305375427087195
-0.22841216061143935
-0.089486510700269251
-0.24811212522056464
-0.38090410538649605
-0.15744012891405862
-0.16442516142380972
-0.057332990588867032
-0.33006762231991654
-0.25063276773676879
0.18413582895330649
-0.32994756107325424
-0.082591202404651315
-0.45753182393795577
0.13146201516707168
-0.12539629342223346
-0.41399230779972213
-0.097714856215396925
0.005545407260749805
-0.022754787614483841
-0.12637013748078377
-0.17314208364226974
-0.13328425682816195
-0.28021998606819065
-0.14860440920312923
-0.29360102155549572
0.21603434634570462
-0.1852542858263819
-0.16804100741406319
-0.045217366528974429
0.21593334577165954
-0.084460705497766436
-0.3155129620803836
-0.17283834753899527
0.030126853496319314
-0.39378079185375897
-0.59008323337357349
-0.12740531492785251
0.16206654387375152
-0.54288141447842253
-0.23821802204238851
-0.23443959389712607
-0.07859566504000419
-0.32686393818126258
-0.30661271293551934
-0.28732301124933646
-0.28411979082718231
-0.26724033730761448
0.00068175126850196228
0.096353279995743835
-0.35163529247606262
-0.042173476088774114
-0.26319086007217868
0.036971926647932446
-0.25027938704569269
-0.25171630468540113
-0.20293853323922287
-0.26826484927199368
0.43290215691917999
-0.16386691553541435
-0.30283298341765763
-0.0033571278029991903
-0.19690027470758542
0.14535264403278025
0.034071862364802238
-0.023812844907273235
-0.14929375928403224
-0.082848046331336023
0.064055268351454767
-0.18812068923069569
-0.04587104406212867
-0.24143419355873866
0.22819263522540512
-0.035096163819869276
-0.19324399066517237
-0.089412416737545061
0.042894718567198703
-0.066693245273395041
0.037038420310865704
-0.23020910231046585
-0.26534335322735803
-0.27747641900714121
-0.56525136849030977
0.13687798621042205
-0.085228842433042087
-0.1795777143015046
-0.08992489922957389
-0.16168575658058257
-0.09936722052066152
-0.14512150386035846
-0.12368823558590594
0.11404321879310063
0.0099338757117373583
-0.36776417404543776
-0.54639058230918292
-0.027182839675036482
-0.29135683745382335
-0.26301814083622715
-0.027136724886809637
-0.020582950542792404
0.1049561724999961
-0.089568007771434671
-0.3935374082547477
0.10084402678735843
-0.4157146740382579
0.19074378579570384
-0.30838336995036403
-0.070424844620373045
-0.17405031730155227
-0.29889198781040255
0.13395736330289026
0.07229947502970803
0.015765929951306865
0.17190296027289714
0.097830578942378177
-0.097545537149470521
0.13179214852999721
0.19933956414892509
0.040257772715934823
-0.14876185357881522
0.193161064657217
0.28410236861524268
0.34271634720514899
-0.0225859483119367
0.021921608881484062
-0.11788595538054179
0.23820067143614068
0.008900545908737954
0.14855013617764262
-0.13690817102217298
-0.05827372985774526
0.22650288826635601
0.46409660176270789
-0.12509038475409903
-0.029281500032958499
-0.069328874724515585
0.29396648912311518
0.22676317494175591
0.11497073817588797
0.0031441903695872929
0.14914263994659449
-0.07065566788698531
0.11667040923463021
0.019534306308405667
-0.066698238473936231
0.023760678363503165
0.31691280404431327
0.038164052433292857
0.17323879522785587
0.18718173775543173
-0.02935552478123532
0.30982418733361455
0.017094328796089173
0.20318188249044236
0.12315257851073029
-0.026565249844803906
0.1387709349025904
0.42237369654614088
0.039191117994653898
0.20131833816319999
-0.099654259929317174
0.037720932951084779
0.17130905121943005
-0.033467959078000736
0.12118139965701455
0.26490671460756332
0.074004919837281427
0.068139459743920452
-0.011948518852201719
0.47339870996036554
0.083342042460246055
0.1384489440532439
0.36826151227473142
0.053114404395777262
0.24450479062753022
0.29522164379445687
0.29557507258201715
0.18368335644761072
0.093872668357967162
0.34157391249118801
0.043389630444616314
0.16505931245057615
0.083656871503615116
0.25495849436601264
0.22680289499190545
0.11845216580375752
0.1566737865216761
-0.031863598885987533
0.072721822980513148
0.35601474685370582
0.39553619181535471
0.047011278701411155
0.026758442111824068
0.48614896108816363
0.35964461071717446
0.50689076932045973
0.46845369423565142
0.22308364761718225
0.3638784815152154
0.072156511978520244
0.2705351825222661
0.19399822669909525
0.3340240298285409
0.064271038459877763
0.094645672054463753
0.2638805332859353
0.15669009779525625
0.13266452717339278
0.19630956646034287
-0.011289171404913643
0.30256549337272881
0.17218510365104459
0.62245878301196811
0.24018327257474781
0.28966203696838522
0.33690239802362348
-0.059804101825670052
0.014475032296627974
0.2008051829660758
0.14014213053318708
0.32360381066589106
0.40268762699876037
0.31763333073062555
-0.021373299340319122
0.12338851069705345
-0.067483518213909618
0.23362275988474998
0.10878346521327953
0.17677185820891897
0.1029594059325827
0.25227517315704384
0.039788750450525177
0.66646934709825068
0.62846889490903968
0.1270622978513552
0.091720512762951303
0.35565744755215845
0.20578450871155748
0.29917305597679172
0.60409641153442983
0.39555518059489353
0.28954333747302519
0.22132163021665149
0.48804569298348577
0.39821964429940404
0.42725218019174865
0.42002472917444023
0.68037629661826837
0.48066514480361638
-0.10773052893814188
0.11508795448892591
0.27585900599400537
0.077330824330712811
-0.052915208742587032
0.16204296790429557
0.48831603397943479
0.29059224191709565
-0.1021422009303764
0.25105937235422016
0.2908877380697944
0.073946872525899557
0.33383098953809848
0.25117940143676498
0.31558047806185241
0.26718340161933518
0.44754006490038856
0.37568139065876921
0.36923562432186585
0.30831103648783958
0.34262994824532539
0.56365421546890382
0.095001462544814841
0.083263928893593367
0.19966184410800145
0.55881899003892743
0.47169438239734141
0.41969277414306072
-0.15688522337287128
0.29725924195213532
0.54284840009956992
0.24081513761680776
0.31296524082552946
0.47009124027439403
0.3317086187460706
0.43258751983607863
0.5016553241374383
0.42914706521291468
0.42228262973493624
0.23082063435920389
0.42036855438430692
0.47686330654282938
0.2630321146770549
0.015273049225568549
0.26445144970617984
0.099916353800537747
0.57882962636908164
0.55873172875211774
0.025814370516121985
0.20263263255014616
0.45588386676580833
0.4336176141571163
0.38456418486689631
0.5855583374408917
0.29472292179135257
0.22790745853797123
0.38509100674287644
0.10356784060260391
0.79080702227935051
0.12021664535908051
0.571625064163922
0.36070990767549643
0.15188671823474295
0.28660799039788248
0.10713863708443902
0.49395800361005932
0.42722794477400816
0.36975041629792849
0.42830607722654612
0.35713835709106273
0.4818069666534105
0.2261402786540346
0.37625833094228112
0.21697609565907749
0.1490171665509151
0.043519923161015099
0.4839066302246518
0.5968824837658534
0.53844039104490637
0.46616586270528537
0.38418190394184254
0.23151211376802733
0.43356745005247704
0.34498721374628655
0.25693491652092065
0.3738469540520602
0.71528438488629753
0.5703268853604524
0.64842310824049165
0.34873037365768328
0.56712263589754719
0.51169960258377545
0.47164395921447777
0.56849827738633729
0.25807987668587667
0.82897545765548131
0.43468664277269509
0.55505406970465099
0.66048851977320633
0.38394921659894804
0.68076784812144453
0.63680108181823836
0.64936587111894006
0.65121284748415353
0.34769225381210611
0.30395003635841777
0.58906279343795132
0.57086562172751798
0.69071930679141624
0.56378964398943421
0.092592045705695541
0.76698592391422338
0.65279680905492399
0.89688673348387438
0.53049155485767119
0.25432143548512975
0.62612059324906622
0.50632003649946433
0.58092459148084785
0.84908645831374074
0.86833539904826085
0.40755332993360599
0.28124233593671077
0.35336960422504671
0.15108562451728641
0.30779387471035968
0.48765601980477363
0.66881178381481121
0.24140077964323148
0.74985669360077634
0.39131555444386501
0.49981200682009985
0.91767792493863742
0.71871478730795768
0.67099707235986161
0.25284006760792915
0.61170020451386464
0.47243487029306008
0.40138673531712465
0.6479744060502467
0.10967536896458382
0.64022084829989034
0.5324562303506466
0.34164166998118128
0.54826847517313426
0.078127618769778445
0.52812942458553902
0.6779044651518038
0.36866408954106866
0.56720133584255117
0.74993120054059392
0.33076988693710629
0.39893916534977752
0.53098061920614548
0.51645160076672614
0.53350739406721392
0.35698888575876547
0.77606587983881936
0.75159653958782002
0.31526410958937745
0.50341392954275987
0.67739544047111844
0.73776279924984556
0.65280901499645039
0.97224791189723847
0.80471713568394765
1.1135853187700155
0.28079103523959376
0.61176152114229199
0.71746872319221322
0.93074212990783844
1.0014684187384231
0.56456790974937221
0.36862474855914812
1.0747196046246923
0.51442974737950842
0.51771146894651798
0.62978310227396672
0.56559742348937858
1.1121505974937937
0.64033461425088334
0.83324365349788188
0.53333267630413206
0.93267856706974939
0.65600573646587723
0.64511227038397689
0.63859004977649947
0.68801811051861028
0.63039892160192434
0.36886345393875536
0.60840288122096264
0.80151238990715734
0.5197338358864787
0.37453860031481839
0.74383704132216388
0.49841824670182533
0.62352222195873364
0.60186577654449902
0.5430655395782279
0.48355047834591808
0.58007075981370448
0.38306393915180037
0.78425584234482992
0.6666953696542689
0.56574029540474957
0.7884213699170205
0.93172531910544276
0.54377344560791929
0.6942688834337466
0.34291625387132996
0.65722711000470346
0.75895370117749594
0.73715793101424354
0.85688042176623869
0.86486660433651985
0.55179741576911401
0.77652305006267208
0.72710588867714487
0.78464777672855823
0.7825283148174087
0.72367894000840194
0.69921102036547533
0.66118528255783338
0.89330561521281571
0.96897303781687127
0.69777805927403458
0.64447658327614188
0.56102875739922353
1.0480654045686049
0.71766048603110522
0.72241903681858632
0.8192214284849163
0.93811640608539903
0.80402694047256607
0.92409041752123233
0.52851867345149839
0.51470224575730406
0.73564253111810607
0.8962586270015287
0.90702714844555332
0.64029575203762668
0.87632085555540939
0.58462915218079015
0.80260406620714786
0.84827086740109947
1.1799560919153269
0.63787935832646714
0.83758890719483725
0.67538813031177225
1.0025847309211715
0.35592118840038295
0.93500038516423356
1.0046467407010069
1.2731269399264218
0.76053204837914778
0.96932256467034228
0.66717351302740557
0.8643065165055388
0.92259962520824457
0.64606586242768504
0.81685420118398999
0.91434526329111931
0.70672513307627616
0.59723535218424939
0.62263432894261095
1.0754065879998074
0.8464533795703808
0.7105234663632245
1.020842153453891
0.65895032837645617
0.85578980818510841
1.0103317445732181
0.91394866906185068
0.98267341064456926
1.05642449519628
0.82730025648454286
0.7656706679980313
0.68683829753059245
0.73789643323454435
0.49025665243743627
1.2046529322792807
0.63814970235114488
0.88622296236749898
1.1439219582941336
0.81791203454411943
0.59926229907394324
0.66937058132173333
1.1180325102316329
0.75466085785156245
0.92348955922712805
0.90329988351872037
0.52366676436929283
0.63828412781056643
0.87309315693063572
0.79976033018763915
1.1068557448702419
0.87994922356641214
0.77300195605810507
0.80129566149837705
0.63518842872552872
0.79264255307840836
0.87830176812582039
0.75843665039926766
0.69176722000681456
0.95857094947121047
0.72570363757094392
0.99163682491874261
0.77120800493333463
0.74296097037110886
0.89009888704792595
0.81328353988517743
1.084847838769359
0.76900412989382072
0.91297346102854471
0.9635194437432707
0.78963770687850598
0.93596361371352743
0.83566616896900481
0.95842932143477999
1.049909901658707
0.41770449920043784
0.88847742092291226
0.78094613373212796
0.81961499538260996
0.92254241496365974
1.1124541269625692
1.132374426594013
0.90264079065861558
0.70450496942338936
0.80941597346232164
1.0109938579146969
0.77013721308103289
0.9310939643567735
1.1373353941450643
0.94507338141480035
1.2760440320613615
1.1064964773136892
0.71536587335202484
0.5963281858778019
1.0979491468549387
0.85055417068270445
0.74909849168207276
0.38978084602322083
0.85369195198062475
0.88719013820683323
1.250000533598155
0.80646081820770121
1.1124539255259642
0.97896043501926555
1.165060957172988
1.0786712906056719
0.96944449391540399
0.83313568923396275
1.2301262432284301
0.89426135320771116
1.0543955035186205
