-0.95199796983856033
-1.2529874586462617
-1.0362124441758942
-0.71114359715895914
-1.0968616668523168
-0.93832664545681932
-0.84422047602082562
-0.89288879096601437
-0.83967687772432731
-1.207037778899301
-1.2170478849587201
-0.86342962580471561
-0.8828838935418245
-0.94577637764176625
-0.93605737944726153
-1.04033254234758
-1.146907036785727
-1.2015391019102508
-0.72591370155608714
-0.71905366360120915
-1.14898778851608
-0.83486227760705378
-1.0125890605211336
-1.0135693675587869
-0.78035377081608914
-1.0510912454142924
-1.1034516277950588
-0.96849292986055424
-1.1249939557020794
-0.63411826504757351
-0.74185897552971192
-1.1304246373934896
-1.0415938765064476
-1.0194081704751665
-0.76491269131736705
-0.75337315316632403
-0.97933934969824399
-0.85644660523588756
-0.66633156908932223
-0.77232823295016551
-1.0098044575244021
-0.85741704164512944
-0.77496302663469019
-0.9583374553585694
-1.147997645098948
-1.2873573516524599
-0.96006460859032861
-0.74470729257820512
-0.47708824365971758
-0.93676438414496577
-0.7732710571432343
-1.0099267198361113
-0.62785783275699047
-1.0171050966560036
-1.0708019175492594
-0.93347205012615053
-0.94067166541971259
-1.1437176603012267
-0.79140284035020281
-0.66666219802843096
-0.99729016803149217
-0.59777941793586808
-0.79409514742335408
-1.0178649719572685
-0.81381269391469557
-1.3785889515870369
-1.0231553857258908
-0.82735842679792893
-0.37487252751136668
-0.75117005270108061
-0.85565143582489278
-0.69376214343928144
-1.0037901871013379
-1.0371150518727235
-0.80778318898951151
-0.71025960923702258
-0.57397609593607946
-1.0389109398385035
-0.72523816346067227
-0.79628820381933119
-0.8985656504384244
-0.68979921274182643
-0.76909979017387642
-1.0551127576004498
-0.94930486528794755
-0.73022334442358761
-0.80723846597698123
-0.80916183192388791
-0.56165452555927875
-0.79107864907457248
-0.83374146524647053
-0.71112666056564633
-0.99783795314864643
-0.81048253200607623
-1.010195332017809
-0.87065577545495909
-0.44584700998673155
-0.87233217597446466
-0.99212574525560693
-0.50416692573509814
-0.59244613433546589
-0.60922406481893088
-1.058108676021978
-0.61751547133142071
-0.69692819464832456
-0.96625701847925083
-0.64977819160593153
-0.9562902325045618
-0.74486668873337458
-0.73440379968466507
-1.0839463109491638
-1.3082629686411169
-0.78630506857554638
-0.54824446339772792
-0.73930894330855867
-0.84510062028148003
-0.943688231722977
-0.64721519034354913
-0.56398207658394084
-0.75841215208099999
-0.61638861970088454
-0.72131873169019167
-0.74336202922213446
-0.48173786611260205
-0.72993109011697843
-0.4961233537482872
-0.6247196512992399
-0.51472505372310817
-0.56433086215566775
-0.6607464711033032
-0.82800060415482968
-0.84625209445524974
-0.53087956424844551
-0.64752979024134527
-0.71647938693014279
-0.65966576937862975
-0.87403345454302028
-0.37936431171288221
-0.48994801464962745
-0.71929158566395723
-0.8070206070866347
-0.94558334676540889
-0.62830068701704145
-0.68976378799979909
-0.75665602301039359
-0.68417957397506168
-0.64388867278520778
-0.56786203610299446
-1.0059620667333782
-0.74403527690790372
-0.59430510893688437
-0.73074590277967155
-0.59725608197176416
-1.0039240077991416
-0.85156654541359933
-0.77491365023746528
-0.78122772646198502
-0.67383597856525013
-0.98937160881404951
-0.62354178168943131
-0.64621248264669595
-0.34865710935691863
-0.63769316718087776
-0.69660596642662875
-0.80300338447567954
-0.88998596831143817
-0.64412220476814697
-0.62741256508467813
-0.97433188689742978
-0.69955902645936408
-0.60252531506042506
-0.57047212167530392
-0.40536594483993138
-0.81102944604361327
-0.65665979767925498
-0.70295338914681893
-0.70447813797058867
-0.49246112253673913
-0.60464266490685592
-0.76252342396840889
-0.44623767137881221
-0.79092094339622243
-0.4555796693365487
-0.62078905023143471
-0.32124637834202419
-0.62035735017232718
-0.47363798613037827
-0.86754807458752881
-0.94407578376392742
-0.64105052703624088
-0.75679810512415824
-0.73584634719034991
-0.81767449028386729
-0.4943774619303129
-0.75575203559070703
-0.72172821911246066
-0.5287405075813697
-0.62619763251903582
-0.84060371774874387
-0.77635286011141935
-0.64590158748078086
-0.35035388730598022
-0.56711626545063332
-0.34562234292873467
-0.62081695815801796
-1.0000068721263426
-0.45053747712813175
-0.66847596325147762
-0.68696795235701369
-0.48446392560167517
-0.8451516388037934
-0.64538026165086404
-0.57804291669314745
-0.35725514520122703
-0.42760476999323793
-0.40263159822064382
-0.76888946181330897
-0.5974642543239721
-0.59992694802258373
-0.53011080619353146
-0.39140837271734419
-0.58928545666036225
-0.57416207663083607
-0.39813965715229788
-0.77642705110603771
-0.72951173919581425
-0.7776564713019718
-0.40214502818236569
-0.23861529371982895
-0.56838635722257691
-0.31917029493495525
-0.61518497064169264
-0.44912842511678552
-0.41723772064456582
-0.31684030785491812
-0.58244322500164802
-0.39213846182800749
-0.69875492417405682
-0.83040769056662356
-0.43447246651237931
-0.39242711202232489
-0.85066543499810376
-0.52955627664097216
-0.17370848041222009
-0.59135032571702872
-0.42859191562280496
-0.60503027605276061
-0.41804154725380899
-0.15591382763985748
-0.61196302551152604
-0.35470236933610821
-0.62734611361594539
-0.44901975401377031
-0.78055936283687855
-0.42284337788078413
-0.48542318467819862
-0.39198328780244929
-0.35988076744721315
-0.25850324575949962
-0.40243301234431794
-0.63369827401233925
-0.65432555697272399
-0.35058760095408426
-0.58558187670038264
-0.46599747940246772
-0.79129858423676935
-0.18422707130537933
-0.51108279447923866
-0.42016785442240773
-0.26130654978076173
-0.34242446208837968
-0.49981440597411969
-0.67802452354829634
-0.53052458022135485
-0.48669847287707729
-0.24825364123803462
-0.28832459683322431
-0.55869106524596512
-0.34437522542489424
-0.16576620373434411
-0.11619680321915243
-0.30180587601370207
-0.44598386197979756
-0.39310143952886545
-0.62588908169175206
-0.44364990888214295
-0.41410115175158502
-0.63690498425616116
-0.50658071590723996
-0.39808419555116259
-0.58232807645724127
-0.41516268687967417
-0.68434528033536435
-0.55751620304360139
-0.51764708396617987
-0.57922423229417708
-0.5311350695796454
-0.32710416951577775
-0.64138088138006166
-0.22101410705850935
-0.53769953379686863
-0.25247703973185476
-0.69884707433229654
-0.497932036491743
-0.37177172610830739
-0.61205339209503462
-0.59301572842298322
-0.25202816694830721
-0.49448121478633472
-0.40481742394576503
-0.55323254291569579
-0.40388952971172237
-0.29808413982139803
-0.0048612600235272505
-0.19202299657394414
-0.72302651466405188
-0.46459779574272286
-0.51944212101170339
-0.10059926429792593
-0.38430586992427573
-0.13033154422943602
-0.26119599598035109
-0.15223499244609437
-0.35432975428739349
0.097348939715963187
-0.32170277416607801
-0.27791696874066851
-0.319841161157427
-0.37117511575822482
-0.69296057290934254
-0.43220043496520427
-0.24119011171018781
-0.23750877761307079
-0.53029188397921989
-0.40573643118938124
-0.42925403525619776
-0.51465655998259519
-0.47986148596536216
-0.10724518286461568
-0.29609466851147243
-0.17517415646039003
-0.35499523466864913
-0.49865400167342128
-0.35582688052853084
-0.35563617889197202
-0.10987005423518913
-0.37651805272526706
-0.18707670571469209
0.11709429099116196
-0.20379490550635512
-0.24548566724235521
-0.20501188810528287
-0.18169575457732251
-0.26527935415540005
-0.43628307468473754
0.1820935838830873
-0.51408036808510782
-0.059411340611004539
-0.086843539514980292
-0.45510601043569104
-0.27587381884990814
-0.37860526338653477
-0.47859515642380063
-0.27066933274342853
-0.12778060382908488
-0.10069365790230546
-0.30647041171871298
-0.45967302418011252
-0.017994585363678831
-0.40128515433785544
-0.025245792246971464
-0.16022170599865448
-0.078553756634232197
-0.24980872932136744
-0.35361354875172896
-0.51232667620593142
-0.29368361691302308
-0.57353987093015146
-0.39478927536248215
-0.49214574886147849
-0.22822270526045207
-0.62055440426940889
0.052682812343950142
-0.59512629282117846
-0.40148660041867129
-0.21032475784764568
-0.19737543057616933
-0.086235235657768833
-0.17236862648931967
-0.2002989491128524
-0.18335116719637454
-0.42851101812196857
0.049990108572492697
0.00052364563799508991
-0.042760565238158826
-0.1292099787387459
-0.083464558611898346
-0.013356627947794776
-0.24702420967166952
-0.08742782802303968
-0.1375079666679444
-0.37961096367083735
0.041476133593347335
-0.10630693527377995
-0.32032863524364935
-0.27838856312510846
-0.14816579293785206
-0.064998876561082775
0.404225701603316
-0.57580657717793549
-0.080568131255138564
-0.47697118990269299
-0.19468253286684387
-0.15532244763188405
-0.0097934533946075087
-0.03880690118975335
-0.18009502739090438
-0.35323764825638609
-0.1809475776786946
-0.14051024079362412
-0.22755373609987137
-0.12833040499463183
-0.12196684730983452
-0.22663766616295497
-0.17934019885811534
-0.49265872049048298
-0.046924969185252616
0.26785612524350644
-0.0026994606193921629
-0.31929205562084145
-0.21871439836938422
0.092531848673354372
-0.23913538615120467
-0.030969744272863198
-0.31470159181197693
-0.13501654176378894
-0.19330125502513593
-0.20536219478721343
0.062035360077955203
-0.38508664165204098
-0.22642296346295657
-0.20264175513134897
-0.25784420422469778
0.0089795342242698396
-0.21036834342974017
-0.27348996461503633
-0.33359873458051031
-0.18327174609889821
-0.26753970432743873
-0.16477104505691378
-0.4136302251033821
-0.097278303319704315
-0.17591730533939123
-0.26070069766790699
-0.18980186699236815
-0.11455189557958734
0.032547783477528541
-0.303664776091217
-0.018204066453438673
0.31111908754055911
-0.41826799827409167
0.15760613356245762
-0.20239218801775349
-0.35858229090929711
-0.22450492063323518
0.060298434988997777
-0.15248739969057662
-0.35298046300152397
-0.085726551430903519
-0.18797041744248796
-0.16667024828708618
-0.063660736733866019
-0.16361840826071392
-0.14739211988051115
0.20514794767618086
-0.10932009654199007
-0.040450472193325593
-0.33501044979543015
-0.10209724956175782
0.036429289487822293
-0.30657152105854024
0.27107934804380307
-0.06652338060713707
-0.28386251104089893
0.22469618700718427
0.096135005408378521
-0.093266427537551128
0.32422669528898795
-0.091987481041700458
-0.1152497254950885
-0.16294795267053142
-0.11787444080685545
0.040980129508467571
0.11602622460632364
0.085153336802461649
0.010515192485032923
-0.38458621405101023
0.049540920793352698
-0.033284874288130713
0.15623108182205572
0.18724884296690711
0.018472783624177917
-0.030562037010188281
0.0020565024729716128
-0.089667596291757842
-0.35262282590253785
0.021935191193096469
0.33649974450462783
-0.050089757109011271
-0.038826417745716608
-0.15612878147376619
0.23192398223026833
-0.21374339190167863
0.15083994336042486
0.26411792695052844
-0.12120767074912138
-0.048514812198176646
0.043533814185705906
-0.077642654961611601
0.064284761252703507
0.27900619677605643
-0.059644571351242383
0.12128746199462832
0.14780304365375035
0.17998499654404743
0.26530989768379137
0.28172590667887826
-0.027183676593819973
-0.03727396377629974
0.16102347908271494
0.076853304228949829
-0.18465502797364766
0.27203798918628763
-0.11657478272781049
0.25879706678494818
-0.12956569470161702
-0.055978933666425507
0.02465325141358066
0.22443675437095062
-0.025690037320364584
0.014763480955598202
0.055750877124852598
-0.24616760235983057
0.042369700743595563
0.17376836665930948
-0.1780394553020066
0.18811989444951441
0.092891699486523926
0.30397791996508045
0.49414608940860821
-0.13590114748345677
0.56435977334204912
0.25349903765421045
-0.0098777626208656055
0.36007519970221891
0.20405438271143714
0.076689484537028618
0.053415578488535453
0.087792972141383235
0.27585195953760011
0.088355663793957095
-0.099312907908489789
-0.0060303504992379013
0.31128175452593082
-0.0060806275419410085
-0.14082831777110627
0.20043708902565499
0.22460112492938988
0.2264985175818798
0.13860556751892697
0.19907490042006537
0.094509229126037597
-0.04044068440839068
0.14421317235110001
-0.050174165664239476
0.23714013602785544
-0.082857629651697712
0.29242445167844838
0.20160424937168162
0.1225815523231408
0.11047943136215954
0.28836248908771328
0.099204627186064168
0.20770555944214003
-0.024607678615379019
0.32297411023888295
0.096329791708196527
0.67604228506603914
0.31722710433565543
-0.063569478060247764
0.11158204792810612
0.17175346383734177
-0.055950298951564566
0.37677924055681516
-0.024174640985193254
0.13358495933480055
0.32132915102820786
0.05497459664346644
0.23457483288290659
0.43087442685710603
0.059235504149316658
0.013063217377641604
0.039337335146059998
0.16592530376329498
0.37618174271137012
0.27782105476957064
0.50851657847429421
0.40157292244511561
0.078118618196191286
0.12898734332073128
0.079341689334257462
0.42812765361200927
0.075561547840970883
0.14142068188525392
0.21932703113237267
0.18102043982302968
0.47913784807408416
0.31975921521594924
0.190800570186763
0.23985792046531759
0.51748533091534543
0.39710662447964662
0.18111725607950602
0.35187174274854272
0.0042613665201726983
0.33832316780326555
0.17639313257374353
0.35543826754144547
0.46634683772587904
0.38014909326280633
0.51323674065597569
0.23792324662850944
0.070761228619777503
0.5503719900164793
0.27260224913009262
0.3096999328025416
0.091203288482233469
0.20636452272848091
0.62969088276055096
0.38456881983171948
0.19473452703781965
0.20698943022918376
0.084661325355532432
0.52732420974277627
0.38943996174158785
0.45247899408874526
0.47076178726069801
0.21534508285086618
0.41425001916344995
0.55015829148404682
0.57515168020453145
0.51423456102908049
0.28294420156042321
0.5906025222728376
0.18306285385478779
0.17579371099183419
0.44426622859450471
0.41083256962527648
0.32397339043771056
0.28798123907266449
-0.0066869319600631437
0.37760225111768281
-0.0091997458070211032
0.16081155375606465
0.47386932575371715
0.52506959148726318
0.52126355790308665
0.29544636514931322
0.29213620561866266
0.41759040339401593
0.093077988902758785
0.20233384379801761
0.4505317738322106
0.19824568831885156
0.4330622923064163
0.23893896592851882
0.37956516788712047
0.42465143334499938
0.36730080858490538
0.17179581768977534
0.45994936938809144
0.29561811597786791
0.21078211998553595
0.40485589884900192
0.17590133864798113
0.4385265979275248
0.31448915671718103
0.39197542371176669
0.58861903098660939
0.47136095196387789
0.15818739925018427
0.32949398154852194
0.53472454660077817
0.31802690830317931
0.097875365843271681
0.63657459618532242
0.16536528989218688
0.40735934941279528
0.4799176486809581
0.51677077412799033
0.36077022386901475
0.55356364496489274
0.71387960883786405
0.36914472806562959
0.24609380014435386
0.19169529086654327
0.66836189909066857
0.4187831762087445
0.2937878497175665
0.40926026835896895
0.87080851185188068
0.34604837638336861
0.75210277905649414
0.48340639772399779
0.59450659751966284
0.2866335224885308
0.50348769044852992
-0.06143715009072457
0.52125507146216365
0.37173751433434177
0.34839968994137249
0.37727553806280278
0.5427403817885379
0.47837786519010606
0.42180448032441098
0.15709631651061201
0.7458437310303524
0.4667514237543231
0.35927188386680436
0.56623446410891931
0.5929837718824934
0.23978493881007637
0.37711104753305585
0.48970976966091739
0.65340217796633959
0.21024415174467934
0.11753011028347157
0.81232937226892765
0.57036428849677767
0.87541903702719681
0.42599678794398699
0.26984887032224986
0.24969697210593528
0.52710955993792319
0.45075072642601011
0.67511616366149541
0.87451668457430087
0.91083088816572699
0.74281004867902189
0.38894139771456249
0.59644184637721487
0.64457570785723584
0.47394391851845413
0.81913625623376063
0.43210315516701808
0.65841245588337483
0.91508401672416539
0.47379116640881802
0.26957903750458467
0.76305012500625624
0.3020507602370448
0.5188581318275064
0.075744230489602535
0.54680952564290586
0.75851379514170447
0.59479621832714691
0.60422890746689384
0.61860009939960481
0.5860641140220425
0.59983616387561478
0.75693263063872307
0.46536506298838209
0.47125167393992906
0.5829972004553996
0.42167089607756592
0.60311374898087711
0.47001620277134393
0.88567168229569049
0.58638294933654111
0.44801216452552489
0.43522642458091126
0.49078902247644524
0.64100343042770835
0.57373295124201684
0.90764920387826065
0.3833799575670605
0.48662395366201827
0.5507048100951738
0.37186627402192296
0.28409281877766668
0.43034243704152131
0.40599876382260713
0.38117903571624467
0.79995302698116388
0.671762539917655
0.61727745556792579
0.68104900681913105
0.82078226015190292
0.3952712707123428
0.53643711418912854
0.22515175183694675
0.46524945654027067
0.76174555760457863
0.51061177014586778
0.55182920303479277
0.7826872766118792
0.56572123078201564
1.0230459903851465
0.50382163711980488
0.53659768800205554
0.67950166642862486
0.47900983510806422
0.66560043657301626
0.52840291290224495
0.89546616290312475
0.54726440045962799
0.65541046005322701
0.5823901434626686
0.88452928851415469
0.69868556834156892
0.76326186950903596
0.27767290909014536
0.69679086660779799
0.82035574591600058
0.31455036638958139
1.0316559193973671
0.44321294374258496
1.1115906281964958
0.51037165997302303
0.63720626242423462
0.84704883217919036
0.65730559834559088
0.79605265611395304
0.6040991955294347
0.90762390433207918
0.8150769406150058
0.62855289115923396
0.89998494138000895
0.94092158820327187
0.73445000647545744
0.53335508242876484
0.78710349130432955
0.53947178595924028
0.63161921161621426
0.65416484647426243
0.64509390748315054
0.52407803879010983
0.36743304421233924
0.662170265736436
0.6401184724243093
1.0439223892429259
0.7942650582382339
0.44666166227710064
0.511166207658178
0.69053971566069583
1.1027654938293203
0.63601464024933996
0.79348806616438139
0.70956223961856546
0.70940278517150168
0.82692774696558835
0.53086547566492026
0.78439077318237838
0.70630261644894932
0.76427830467231295
0.7130074272616348
0.98160945669214539
0.49287712766932457
0.91851042845060904
0.30724050188654795
0.57152923529054533
0.74625649248292147
0.85796889427040468
0.44716950415748685
0.79254267215929985
0.67431470234288959
0.82394418076059739
0.6594273483513664
0.8949290623211118
0.7911857653880302
0.65693789560919424
0.83347588690665397
0.82041611009956983
1.0306689762241765
0.63095689307605274
0.54462560148952111
0.44322627545046778
0.75428892837125139
0.83146658362467074
0.63308988553523482
0.64379523688953577
0.94052214715837656
1.0158936042747659
0.69432106954559891
1.0145331648150937
0.88719660650891641
0.96876141828585605
1.1347356370314716
0.57297952288109488
0.80340686813833773
0.83896403144475762
0.49094070079883262
0.89113643276220056
0.84710146403867193
0.51572022087756009
1.0091699998149273
1.0261051359560458
0.78838516358541677
0.94989590611184138
1.0849268146610125
1.05320014624113
0.77124925521538845
0.89742364972934774
0.97387720874777983
0.9427677955716639
0.52987210392883699
0.92110845248176221
0.73307864552199342
0.74619410556520283
0.8970207910148319
0.79787349574004574
0.96244855487297776
0.9998596289677929
0.78864440079342601
0.75761587918811912
1.1378973701966071
0.72874592551723638
0.91059336575117877
0.69535275142020991
0.64455516102562738
0.84607552469730596
0.90613858114524237
1.2637494317214097
1.1290807438929527
0.97226430224476079
0.84685621037623449
0.60603886165722509
0.99027169926312963
0.97709721563179819
0.90079012718792539
1.0642425059974621
0.74669218845972429
0.9522083306800514
1.2007854985934328
0.94579539984336192
0.823194411419227
0.64537355165397359
0.50691476076087549
0.69567114588531609
0.75434746291761334
0.85900285567256141
0.58290551786500056
0.67726256526454309
0.98939957275056511
1.0830066013282362
0.73089978810097067
1.1535115989244602
0.97233452192458847
0.74899796248471162
0.8495975385120782
0.88263016688348106
0.74536744313166814
0.55205078269182251
0.82752818368455794
1.0227171244542452
0.91789255137175063
0.54037606645961822
0.85348206918722014
0.98820111004299616
0.87888282875027135
0.85463327908329401
0.91073758471602984
0.94283435719362196
1.2518223237627795
0.78171252740906649
1.4047090131729043
0.75326417067631368
0.97180693053708478
1.1036622194599055
0.72072224152158648
0.87231749668253245
1.0016882288686244
1.0619642959538051
0.76202334605019062
1.0366232032230174
0.89152479564398279
1.0040380906387054
0.72685939280817757
1.2766175738527825
1.0286231900815377
1.2972416799328967
1.3234890531703851
0.9083968723465764
1.0165679596541799
0.82189709451519655
0.96316914803370146
1.1986607747350821
1.0603594422868299
1.3132601296842918
1.0370553627380277
