-1.1977101296736086
-1.1415366128594868
-1.2812525291926107
-1.1082145185020333
-0.83611832041715584
-1.0385037334864062
-0.83713581099956358
-1.1356994146997421
-1.2370590497173151
-1.3650022933097021
-1.2238578526001502
-1.0424064853787889
-0.86816197699966535
-1.2681770626128674
-0.9405181271111458
-0.93197735381960123
-1.1939264240650906
-0.955756756383499
-0.82475746542074369
-1.0283524024106256
-0.92427558851111358
-1.3591370819330362
-1.0531666883316591
-0.78739710007169561
-1.1009864445211324
-0.89385065884695969
-1.0653122793960479
-0.82103674377890801
-0.71781703640012184
-0.90301094094272716
-0.90102893818364294
-1.0213305213314143
-0.90713862333466722
-0.99978868149365685
-1.0434666171418105
-1.1048760598797696
-1.1469274176839073
-0.96553216805074549
-0.95929140888312803
-0.76319582788971985
-0.96441728115660619
-1.0232607941259189
-1.1262579933799861
-0.95792201096032359
-0.77833963136918549
-0.99527653455626819
-0.83379046192126027
-0.68937044542372428
-1.1918539219677409
-0.892350685414949
-1.0288437793861551
-1.1248690561623327
-0.70974515086848122
-0.93749515668859762
-0.70077470099699479
-0.51651551480524449
-0.94806735296469646
-0.94286600835019074
-0.72480757353839209
-0.73929021359404445
-0.94497673004574056
-0.91710950918007839
-0.81772341911279012
-1.2066069635468788
-0.84580505255471261
-0.78930702856502466
-0.8763034408304563
-0.86288583758005166
-1.0775750298290683
-0.94441166259309917
-0.82954289931330982
-0.65157081698233876
-0.9170431905359091
-1.0473365736595013
-1.1961903993653409
-0.95784607999643523
-0.93747194253724953
-0.93060586610279572
-0.77152290493184694
-0.83050445671077044
-0.81951551204605366
-0.44931815819127957
-0.70591425226723858
-0.56070929818201076
-0.90800772476936875
-0.7844993344775999
-0.81123654691583436
-0.89682936089871934
-1.0633086130251939
-1.152710172267571
-0.77640961549744991
-1.0401828555322519
-0.71258256167493395
-0.71784664945166077
-0.84952672912742766
-0.67668959819455687
-0.9554858981901394
-0.80058914044807716
-0.85822705853154291
-0.54759141850765269
-0.68176852259241871
-0.7444924998358029
-0.93973173115888564
-0.78172431637276674
-0.54468001671611677
-0.85489635301816158
-1.1069783355426406
-0.74784913413689713
-1.0534751031784944
-0.79231594008093964
-0.90758434745683469
-0.86100659069708363
-1.1973979666247307
-0.5020564855758719
-0.5031012775228042
-1.0585080142597791
-0.83794252903990074
-0.72097636629147477
-1.1299390324670866
-0.42897056945889894
-0.93556073859666034
-0.8610828059376584
-0.92787747211233385
-0.82881475160747087
-0.6197633770919132
-0.84209991863078071
-0.88424922938959605
-1.0925939827632565
-0.85003850459864594
-0.50375549919424456
-0.57100976408942339
-0.81079676942186663
-0.86275628609424149
-0.72668799354407376
-0.61750793704841234
-0.73748426237271858
-0.50571156446791521
-0.75245076750261808
-0.88845285301515042
-0.74227698866808256
-0.78528952165190335
-0.51306836905625608
-0.84363534117867178
-0.77911021279159853
-0.78193619644996248
-0.97177275682854514
-0.92626378204961879
-0.73908134274888304
-0.58219936807811401
-0.55469886341045926
-0.86848477549760583
-0.65036796264513574
-0.79061937401769378
-0.68656014147176558
-0.42769486727132638
-0.6352526063366567
-0.42034236586315554
-0.27524469411941077
-0.67944127541649058
-0.48164797878126714
-0.53335178395808069
-0.82786160700097944
-0.65021840822246135
-0.84366029169976509
-0.63417864556811843
-0.68592663408040611
-0.50729113238568291
-0.72634073444389424
-0.61224507655013816
-0.67460022572314771
-0.71355141977736536
-0.73058416801304205
-0.43553939525063129
-0.7483460994304475
-0.88669221537762044
-0.69946651968838758
-0.68887434864007979
-0.60778264268484128
-0.49822925176938659
-0.74853776911585268
-0.43202991104231514
-0.42823664893992597
-0.50206878498913887
-0.74095012348166456
-0.62498879883324099
-0.60761449206394325
-0.65266051739495512
-0.69553882860892857
-1.0671600789257378
-0.5843432262058883
-0.54099544846784486
-0.40684165051523985
-0.85938917317428543
-0.80018919836426949
-0.46340299846638472
-0.6451303787351661
-0.56287808381308335
-0.88028685966781683
-0.4989003889408265
-0.99070168248021961
-0.63778275583674671
-0.44475095098040546
-0.7752785629830371
-0.59866924677190625
-0.88378416984282271
-0.48582668374906385
-0.70027515659943318
-0.54229849744325076
-0.69806734770524326
-0.75165886547627003
-0.37015011931299235
-0.61486515218994153
-0.68790589459805285
-0.82110274877737544
-0.62182260609609219
-0.38462028283804967
-0.60719954502752804
-0.65177366854893859
-0.78304502450495461
-0.86277235085904369
-0.54613823932231298
-0.58076909304681845
-0.93584279455390396
-0.62050186397774909
-0.4728983146016158
-0.36584032948803902
-0.58256616301327713
-0.46152986295474518
-0.75244019896860115
-0.53287187817091775
-0.80514095260385554
-0.67006015424190624
-0.45459684001723183
-0.53031944112867535
-0.49032519763715793
-0.71066736123167329
-0.69196056334846112
-0.65996470479309655
-0.7039833430175817
-0.65521028847408325
-0.57904510485781724
-0.202233050100072
-0.56576833904018908
-0.55118732263576042
-0.51145473220387927
-0.58892311821768295
-0.41386073789820088
-0.53231403244427722
-0.67205986367441328
-0.42778950069381305
-0.68365062249158959
-0.34871141386908755
-0.62976910245138751
-0.61501774389008235
-0.68949530031315476
-0.51496077873966928
-0.60750475883234201
-0.53821641955348409
-0.47948124783952334
-0.67920258141473511
-0.30710943098643068
-0.52018653901715517
-0.71436755671142882
-0.39751411361204808
-0.76414144630921799
-0.52172344911263946
-0.47361860455386651
-0.28126268900936718
-0.48778819525674122
-0.41308980357918518
-0.56636851691880352
-0.65934354293031094
-0.27629879737195556
-0.40342053991237514
-0.55680684788280832
-0.57325624887822224
-0.7176299756318173
-0.5820616140980196
-0.50364588209238215
-0.59313272680966644
-0.66716124782409159
-0.37245623370737219
-0.093731987050882648
-0.45710533793105501
-0.39293806180025453
-0.33899099372742814
-0.47659954031730961
-0.57041839174067133
0.040332455158527208
-0.45095525696174144
-0.33561047181795278
-0.51355857707272157
-0.62523143406983395
-0.34905202995233459
-0.35680238141919196
-0.18721339543988214
-0.48092654945763419
-0.36927382895289251
-0.79061132700932202
-0.21395633548456816
-0.26621784163500889
-0.59608138961439006
-0.58601078116138705
-0.62949501909464511
0.025422390016363917
-0.37921541180870721
-0.21213055760023297
-0.13385285900564911
-0.22616658939029441
-0.38490440520178038
-0.50398965189500533
-0.6384958478312448
-0.48331997692103396
-0.45651131912118292
-0.15715155154902916
-0.61199220398999055
-0.45657209071866933
-0.23845471237089527
-0.42078064100914619
-0.47051574050836026
-0.38369117742614733
-0.14773923117340118
-0.73734341634974598
-0.43979435023929214
-0.53256672659273685
-0.095511180009539898
-0.58829792626871602
-0.4979919375528617
-0.34996712556522674
-0.25687811111345454
-0.18879019093313823
-0.19788618370942848
-0.28523445543305032
-0.31788911446240437
-0.35360127414699094
-0.47419844306613784
-0.35329255873468079
-0.56799411654793397
-0.47115917684913894
-0.58665517870659234
-0.42241130745864569
-0.52454704026317145
-0.58433771200568951
-0.38600351901164509
-0.12109999646187031
-0.27430481042732535
-0.37563567002627851
-0.3689634072542714
-0.21118747847186667
-0.33770051477293372
-0.41722395321278644
-0.13879842914268617
-0.25357998174342078
-0.13107814632392245
-0.13144548224080382
-0.31999541183043972
-0.35649036889023922
-0.28095646887585884
-0.24264285855172532
-0.0032407563301195064
-0.56322303374335814
-0.20038200004860052
-0.20461228528772993
-0.45401990028442707
-0.36314445694518027
-0.31334716338080565
-0.32047203762628457
-0.34832459431778184
-0.41797512943180559
-0.012018973024180679
-0.37878232310911236
-0.31284613387604604
-0.33822083357829363
-0.37865890570438959
-0.32097164539881096
-0.3308845252559996
-0.29280637970873558
-0.30826537764985928
-0.20324521666687165
-0.008635362384363238
-0.23939704578371676
-0.45230201003135612
-0.39935273606272659
0.17015779264711162
-0.43598709086375326
-0.032510994429496398
-0.2732102840363847
-0.16160853218276103
-0.45143383274654786
-0.24201825262058682
-0.26724235845563049
-0.34876221387090051
-0.3456314571821803
0.087404822369647264
0.19108134780750433
-0.11494171110540007
-0.29285881141249726
-0.007861931385454754
-0.27992822258849037
-0.50047414455260597
0.026805214143335747
-0.084527256410228443
-0.049361608194895212
-0.28728073330910381
-0.39088984249192926
-0.18828339946706818
-0.24472792647425959
-0.067417269604165622
-0.21075515962375119
-0.060928302040154841
-0.44453106638451328
-0.078301795314509495
-0.021317966452057597
-0.081057640450420618
0.0023133241493727514
-0.46821891495192991
0.042284233780038323
-0.067982300176236771
-0.47681755927642505
0.084979498158273437
0.078514200721336247
0.075948264573426585
-0.12980583595924372
-0.088608115845053362
-0.51248109745505999
-0.61672398636735981
-0.1178375448665667
-0.079276862212440916
-0.19302027612885109
-0.015341634559466461
-0.21211372807432749
-0.074248043077697418
-0.36938398537716705
-0.38833053864325739
-0.17774526776842428
0.005875232186175164
-0.085194665440850012
0.027136674932505513
-0.13194399590122902
0.1201644519435624
0.11031533081613307
-0.24443929000707876
-0.028507963979214238
-0.073147361626280244
-0.2149824096848085
-0.31696531081086904
-0.083957214740306679
-0.15660192561036304
-0.12864541412757716
0.08238436389424407
-0.1474588492786201
-0.038891100364112578
0.16972726331116875
-0.1489340540482931
-0.18937396166583212
-0.2013307785439423
-0.0072465658074417896
-0.16034722752782057
-0.016036065705712133
0.055487720339409567
-0.083490531041063562
0.23458183306060204
0.25842109445065498
-0.44269672373128877
-0.021078075379784091
0.06799187544691708
-0.27430524683688418
-0.23772578377204692
-0.24581830447395597
-0.075794423058213739
0.076983997938154344
-0.29981470945538441
-0.26088770469947276
-0.056934975226189878
-0.36361523784804167
0.036256682148455441
0.17513910421155557
0.050913478699236604
-0.019449473558721404
0.265041684466856
-0.24426321092101741
0.037064472425902377
-0.079616928624105535
0.099801816350946218
-0.16552969524976588
-0.16040182081449866
0.0046643588870273851
0.035443362897771953
-0.19205073929315006
-0.10548957398232804
-0.088703452563798427
0.09291703291302883
0.022770136922233789
0.047395483951253967
0.12087969654584779
-0.2598474757532005
-0.18772841924481851
-0.32848298142333343
-0.0025967312633113529
-0.15107454918147731
0.12143121963746299
0.13230243621799659
-0.081432391507385113
-0.01136668317441213
-0.11298053993631091
0.1057800127830027
-0.074368942649556069
-0.063125455401986136
-0.1606877452230949
0.27418593374622213
-0.094737271500542661
0.13777858859034731
-0.15915832841969788
0.083331710528844874
0.23176135086070773
-0.10933038243388922
0.15594950086623358
0.19810092505142074
0.15475772643565594
-0.015412632783271579
0.02170724890330121
-0.011078557567821544
0.23151973147894361
-0.082857540663743748
0.18308570314903491
0.17677763535337629
0.13321497518776473
0.19081713207734211
0.31272280646371803
-0.036752872702783802
0.039148382491361211
-0.17398343090005572
-0.069796413161772861
0.33397757694776725
0.2754535399646984
-0.34199192229134218
0.27096726367937024
-0.27335478345224012
0.17057195891413815
0.048270948060078527
0.022906427812194853
0.21087501362754457
-0.0010945614878858229
-0.093706274847510776
-0.13277213220920686
-0.042984024562521692
0.14794910932382091
0.25999520197757364
0.19770566152620114
0.051057810897942577
0.18466157394201432
0.34042728893944074
-0.26471524281354547
0.243273655376961
0.46875026982896362
0.11239493673048183
0.16840375228322921
0.50906079796523152
0.04986210037990526
0.17256208215542468
0.23542352378606768
-0.12234907953490232
0.10686764028370872
0.11677783052245937
0.3096914712735287
-0.11939607394740782
0.06112284535291114
0.21547759395919822
0.32035315234761574
0.4597373930918156
-0.12892353850692101
-0.028646903563836298
0.025062864758442847
-0.12872173104387483
0.14748381883449774
0.1798267735906271
0.60430869018701328
0.25420826808633895
0.10200869600011107
0.24285907140237406
0.38790338558259368
0.25818643928878843
-0.096716521801703439
0.36988239384940219
0.25009995919330286
0.15756266003377742
-0.1637320646169344
0.41521648552243068
0.093289504265105974
0.36167278435831463
0.49918303814981241
0.18157876983560611
0.19816546238475707
0.2149297696657467
0.4748331420614556
0.14772542964567423
0.30544803293672279
0.17102818494814656
0.27179231084388211
0.35397330798745419
0.28207058821690695
0.19978580122928888
0.50971152102828832
0.25536495847917728
-0.041738300593421235
0.099266388758768392
0.17212076765263151
0.30971536800606614
0.41656798988474264
0.33384256198527484
0.19433912814585319
0.097728586724708882
0.31299737071669931
0.4743202467872486
-0.07435055743773275
0.57073101435672313
-0.00029823337771997624
0.34868376449648553
0.38027036732570718
0.32812668512500776
0.47319095994944288
0.35000631088268902
0.044108763018279658
0.36159291883626232
0.30902080817449545
0.49600102277771813
0.34786534753385739
0.18298286766054969
0.26568332506418013
0.20805561257266428
0.25948215177679362
0.3902060383153223
0.33085823376024043
0.51271406089892302
0.35547594613193823
0.23694182348081752
0.42746203735058586
0.44698718219357547
0.10553866981587302
0.42163515545448971
-0.048813481409987827
0.23454638167616199
0.28372658346769014
0.075162779647032843
0.46343254611563162
0.22871916908093839
0.15939041502217138
0.41147250894839404
0.31153912201438894
0.26093771244167979
0.11422959837596396
0.38797044450437257
0.6766102398300029
0.23283101740973602
0.081006675976511705
0.24943254592762032
0.25644842995234657
0.33098515514534549
0.51033664551124713
0.17205476852395235
0.5312188666855101
0.17773310515423268
0.52076701709405204
0.61691218107421908
0.44487255099427647
0.39824746095229574
0.34555547533827824
0.32598075400230114
0.38950165569817896
0.34253447777772672
0.22086974100416443
0.38606531271202627
0.28639471729541516
0.36794631921808185
0.3451029497747865
0.17843726842738539
0.31689722611977766
0.4231441598478024
0.041400964909783955
0.4495719018886194
-0.058260048652961298
0.020379709824536466
0.47350642304944479
-0.040424131243978867
0.28830409697314019
0.52185208299045915
0.44021339239272772
0.65921417012581429
0.69522747048187761
0.47344999764710505
0.32357800059023417
0.62098825059510587
0.54316374727186145
0.53560047249685938
0.22262025297431912
0.16542574366654039
0.26544589333694163
0.25750461405608116
0.37444114911822751
0.27223610178685975
0.22779392533847728
0.50604053125150639
0.20524967862247287
0.39184877806020268
0.30991792903930282
0.62790688334898703
0.16771810329344861
0.31128529448476683
0.32318429904680651
0.34139841338362908
0.24646058284034475
-0.068956234142059286
0.40146433002514792
0.44267437407265936
0.19568799779171522
0.064072078662347626
0.32499193737222543
0.42366348247160929
0.49961358121783001
0.44012100642958868
0.52728892874445965
0.53102431840487085
0.13737693420739869
0.31133085821783629
0.10017050325292694
0.4017887329607911
0.31623783412409079
0.67302148422633246
0.43460643488365552
0.69010857417520599
0.42851853477985791
0.55126402626833582
0.2938513060203175
0.13991436522117362
0.70499417629372652
0.74255207181173899
0.37197837439618314
0.57378855796506345
0.38864976409877749
0.55398396745457101
0.19303924597211944
0.67239175798230566
0.88798267201312464
0.65930055250099162
0.6335935167261243
0.33158175643555343
0.4780306968185899
0.56443884220841267
0.39804650558938171
0.51362001995461815
0.61989911927490604
0.64588074014879726
0.57442709734744168
0.5685676932205721
0.61942611570045802
0.3264668900427552
0.55203285508467437
0.65091502241940569
0.20548748475060172
0.48413024985539183
0.91019976931461244
0.6437777072053511
0.56219441344823395
0.76871897785290977
0.58784408064844518
0.71434117573615397
0.50425099863403344
0.4084434928685875
0.67002669602646536
0.88538934447919315
0.46791917045084525
0.82558581234806738
0.59993785321396242
0.64593526273787005
0.55243569084359079
0.66864098860921939
0.7466144225011444
0.55877323283594083
0.67520121157609658
0.50968750810959407
0.46349679778707892
0.53800159078668797
0.49727092944733181
0.61441489017444395
0.56498018160073482
0.50783416048430408
0.63492288974076205
0.81240166932975222
0.54287892841099317
0.70862070785727349
0.52344560898343573
0.52351160748470305
0.47915569131725699
0.80507798867531566
0.62882247200942731
0.64183383026051788
0.72317024353969628
0.63754229706610288
0.23151772600425793
0.77343995409640998
0.82638062811332058
0.60342994840635855
1.0026109452518486
0.43287808562162716
0.62464115568645973
0.58330337312131975
0.66164188749200425
0.5767236173470226
0.56706290485840982
0.45015587521143413
0.79055153177629844
0.80709407542798273
0.54213795023726807
0.85038016539763139
0.58907497978060608
0.79132145043417323
0.62905097843689961
0.63979951432011084
0.64718502948205547
0.60360395829932534
0.78986099295449796
0.9758227847442501
0.59645071919075421
0.62101520137494848
0.56771865300670354
0.71736961003931221
0.81516551959775763
0.79707676643232883
0.5990381159994661
0.57840460372785263
0.32827184722124308
0.91829100135163055
0.41124740411098581
0.65428632175562973
0.76522746881809411
1.1408394409577689
0.70424458574129556
0.73603411510210337
0.91365545320195085
0.65618053585915215
0.8017002487128857
0.73063211618805146
0.83032023664043431
0.82279580544416064
0.24991006541638078
0.39748524784325057
0.74637777694325469
0.91803630320556595
0.8087701785739696
0.69760310478395093
0.55763569899504695
0.8797361770418517
0.5324973685081611
1.0308133299096365
0.39411755437215346
0.88853662827474011
0.82003278285762438
0.70505219915419759
0.58665151507892621
0.65021772745877482
0.37881546124113524
0.64846327949214233
0.92390648857743363
0.66034460260786065
0.50584940786550336
0.7967329255041834
1.0791679731898294
0.75622100047843832
0.58631977634945609
0.66266815156397485
0.53604250776665963
0.80644918751478223
0.79796267624962425
0.84626167994767776
0.83643501696618794
0.74235166981274359
0.33164271783590976
0.80300571578499647
1.0735228278101645
0.55821854541689264
0.68313103982957368
0.91951635062628434
0.41507410331150679
0.95872137890555265
0.60304403492103364
0.70095431881007508
0.83150618834530099
1.057144141329613
1.1316902809147273
0.82956146313944346
0.7832033702718838
0.91860507189926788
0.77821085851909588
1.151491976018977
0.7403074397869559
0.78520362017403
0.92804027217072882
0.83216397199528458
0.24228157141784717
0.71928740860791784
0.8584143006662146
0.6001617999531792
0.87155945709284843
0.6241776811672497
1.0028969063465822
0.96888983535914419
0.78473683504734482
0.66128168152229905
0.61949453907973928
1.0881254313565796
1.0026448952363489
0.93458290388873611
0.71686154578046168
0.55637385966464037
1.0637379881702178
0.73097221109986832
0.95529694047587166
0.97390270176909499
0.58974223222501287
1.0388069660890937
1.033838382552775
0.83163410743055699
0.83583440404554066
0.68267930818276557
0.82325918682192278
0.91476834314220956
0.90044689737391892
0.97051828886448221
0.91524011223820489
0.64647194684689047
0.63413305442550949
0.57591889757466919
0.89208554248761651
0.85711933170660126
1.0481049098067625
0.71647756304021248
0.94293327479152222
1.0646136147814418
0.86303411075290815
1.013364316354098
1.1766832639670954
0.82720900894942395
0.96213723649524618
1.2283785987245148
0.95959556555455394
0.79182490275961637
0.87793429978426374
0.76124194728413763
0.97076016523225339
0.7874091788652654
0.92212254158819118
1.0419858749562061
1.029628877334166
0.92377261863237092
0.90063114768479036
0.92255926976615044
1.0438645870263024
1.1087038591551654
0.79512318902126811
0.83064818031712295
0.44730904791074733
0.68870649631166769
0.93798202039417555
1.0632863605377141
0.68886027520938264
1.0549243878192549
0.91220041950772046
1.0350082491688479
0.84246800343919881
0.8127692215312845
0.98345518601146331
1.0520232957975559
0.90309765877681591
0.78850903491009028
0.73848432962285881
1.0131839617645098
0.94617566485725535
1.1681236489942801
1.256392543241994
0.88783341076386879
0.90929091312557309
0.72878429260665722
0.89009809028542952
0.64499040431788945
1.0564262995017728
1.1000110594931198
1.0036334088551999
1.002543379799987
0.92247399521623252
1.2555665792798161
0.88195409713493966
0.74671801420693507
1.1058107180012247
0.90693433299468684
1.0268614497041888
0.90797721523167374
0.87991996639045955
1.0707647722714111
1.0538682107547905
0.72446774821237847
