-0.94045757795010243
-1.2663566236211468
-1.0356733964869389
-0.70760262768765858
-1.0734204232232016
-0.92477523464187905
-0.86641898998918709
-0.90105956469325876
-0.81603397942195988
-1.2004880673980309
-1.2132079282913362
-0.86955551775569107
-0.86859508573333288
-0.94715579871331756
-0.94411449751824206
-1.0407028568350933
-1.1736633692586083
-1.2092272991640522
-0.75291559847684764
-0.71710383299495239
-1.1724749111764967
-0.8573867649165825
-1.0136050139302717
-1.0019548072773616
-0.79986591144130625
-1.0482858165791837
-1.1061567064795064
-0.96840028682427237
-1.1261736709904444
-0.63204774727791579
-0.73625098824970792
-1.1507892402793403
-1.0538905729071204
-1.0207284775315548
-0.76577100711996482
-0.75922184972508688
-0.98062392721980485
-0.86403446610128798
-0.6727599553502398
-0.77618826019157727
-1.0170492368612234
-0.86603621774986783
-0.74999868015092974
-0.95539720410009676
-1.1633067880859933
-1.2899240358546462
-0.96867091320509213
-0.72658244718135123
-0.47135369435812691
-0.93905595033630707
-0.75821575570513178
-1.0083504267373209
-0.61721032510197249
-1.0208370548405177
-1.084204090464993
-0.951843184799394
-0.97234904482217954
-1.1436084361080976
-0.79614336392874929
-0.64779157575197188
-0.99798737347164401
-0.60175125391557693
-0.80599953223586518
-1.0335038317017815
-0.81992583477433889
-1.3557743536602695
-1.0045286457151825
-0.80687031756010796
-0.36237650612277195
-0.78178252249475821
-0.858334321820861
-0.68508636357178931
-1.0129652260665845
-1.0333202411763669
-0.80536376874550553
-0.71379212045763663
-0.57875545614933499
-1.0312128987079059
-0.73146706419308838
-0.81248408292404228
-0.89501273843305784
-0.70814637517057799
-0.77228246479878471
-1.0652164987199504
-0.96131727713499759
-0.7264148356714093
-0.82113555824233919
-0.8100407446085206
-0.5567714784649328
-0.79226328462609541
-0.84463310609966213
-0.72922309963624465
-0.97129446242578665
-0.80923059882773385
-1.0180283240286052
-0.86018204857119007
-0.44755017213347664
-0.88384023897548669
-0.98663815760131057
-0.51494548734857526
-0.5742517076442909
-0.62433634550705142
-1.0752250812843231
-0.60185969939732809
-0.69141486294120758
-0.95680771080106808
-0.64701258062079259
-0.95958930263411335
-0.72633911025197151
-0.74141436523218585
-1.1056133899576899
-1.3033921703948201
-0.78593347147503012
-0.57790556987697594
-0.75105514922159711
-0.82467579827576787
-0.93396805541188954
-0.64965260253168156
-0.5430742725879476
-0.76996168927211206
-0.64001419148517957
-0.72439329016030984
-0.74030704963156702
-0.48739623254909514
-0.74392507139238584
-0.5067082138695157
-0.6343590183707033
-0.52694274489936077
-0.56593066963281546
-0.66829224137771126
-0.81456670301507261
-0.8462461544125105
-0.5516720378564397
-0.66365961555767783
-0.71820820811627151
-0.66549565815512435
-0.86488077280477693
-0.35113895065833306
-0.4759838447616867
-0.69835441227048833
-0.7930821975042962
-0.94161142187884272
-0.62048486697998873
-0.70110020349250868
-0.74869787724676595
-0.70053750000959514
-0.63701887721746242
-0.55036206617349648
-0.98889176100829013
-0.71414792293360474
-0.56858292972905089
-0.73833262163150115
-0.58599494979720812
-0.99692635086924375
-0.88865741729907566
-0.76906039103755119
-0.77339545584901259
-0.67885430300649086
-0.97453979140519997
-0.62031968715528485
-0.63039045916809699
-0.35045377914905501
-0.65268535199197719
-0.68482651237071168
-0.77977029640902207
-0.90561435545480484
-0.63722342614297245
-0.6277015538471401
-0.97292963589733594
-0.72319904733247964
-0.61399454727826164
-0.58457408793251009
-0.40834911296209231
-0.79288638248858379
-0.65550711418835494
-0.71817473690982858
-0.72763236118783481
-0.51299005511916962
-0.62588040916736432
-0.77051777290765122
-0.45327891656858915
-0.74950272161700826
-0.43259253897841482
-0.63326119689505111
-0.32479333803948834
-0.62064352705409276
-0.45507294388144981
-0.87597527272817577
-0.95227246736625693
-0.64508904565568181
-0.77126149774966601
-0.72903826455443488
-0.82050912523396236
-0.50782929048266612
-0.76648435517793323
-0.71779052328140935
-0.5163279801086349
-0.62872837795208747
-0.84540139443200457
-0.77367874362522837
-0.64583989516225127
-0.35320918586947492
-0.58667639222646673
-0.34955447950285867
-0.64645555862829063
-1.0047455739518329
-0.46769147377619569
-0.66337067867898258
-0.6956776549699577
-0.45236627840786175
-0.86290540937436366
-0.66342609456353985
-0.57971975379429164
-0.35546765432762201
-0.43167151242592861
-0.40520661475928982
-0.76320174299179266
-0.57039011188690136
-0.59928475145741045
-0.4945078971804947
-0.37916762704924506
-0.59440465536962173
-0.54443052119451607
-0.40200206787422493
-0.77776394813628746
-0.72829943096735794
-0.78020478664902293
-0.39196232277530973
-0.25104130375568251
-0.54852315747724867
-0.31089051882534013
-0.61151317247797987
-0.43179794595293386
-0.4092411316534299
-0.35015089881432448
-0.55632782400689196
-0.40341599966331043
-0.71642153800654929
-0.83221716850158889
-0.42708797738534227
-0.40890308139298631
-0.85191837198337861
-0.54311726726085463
-0.1459487166702389
-0.5671963797375662
-0.4335733656533402
-0.59787363790565395
-0.41281217326706965
-0.16412544655461964
-0.61480935378908508
-0.35329993002815102
-0.62663551867094514
-0.44316255556966588
-0.77827834634279758
-0.41926449224741613
-0.49437157916325503
-0.41053984605546973
-0.37735286549669567
-0.2642701550548745
-0.39901225927504996
-0.62192574347762009
-0.67293735882503125
-0.35174113687911013
-0.58654251176404459
-0.47826188079404297
-0.78894862102369379
-0.19413806264926486
-0.50156720929637788
-0.41572424775688144
-0.24476228107656509
-0.34502464515555037
-0.47956139525360919
-0.66930477994097382
-0.52206009645174511
-0.48246131019247723
-0.27033321317592557
-0.28631172775557073
-0.5553804451700991
-0.36856369215571227
-0.17190022457554979
-0.13504804917830648
-0.29263631317546623
-0.45785953740077429
-0.38228359415002783
-0.60770469464507415
-0.44994316730600559
-0.40547704677633023
-0.63073459609138072
-0.49959402365614136
-0.3872416997056517
-0.57187131908354605
-0.39224737898665379
-0.68506981927174715
-0.5502380429788809
-0.51293542754689125
-0.58513563604112084
-0.53144875427376015
-0.31443212382354052
-0.62753654007433091
-0.21565053180216734
-0.55413766463155534
-0.25864297910320644
-0.71604905615460512
-0.49827548213933864
-0.3608112340462668
-0.60541750005092443
-0.62066282547731189
-0.23071569120132737
-0.47441399472059037
-0.40403667606295474
-0.54669112223732497
-0.40182507714895244
-0.32787518002479743
0.012027547004350337
-0.20182208332342966
-0.73144097021521315
-0.48077379939011272
-0.51911849344477623
-0.11480046117175376
-0.39200867324043476
-0.14012882560499193
-0.27330704529924033
-0.14678706578690959
-0.35655828408157647
0.086504821994350722
-0.32569097568141159
-0.27685405978835703
-0.31266896842159675
-0.3471412937523714
-0.70439608535486398
-0.43622495671296885
-0.25077224511044072
-0.24456907298988398
-0.53916915126066389
-0.4029147123411102
-0.43767735796871099
-0.51788176226305283
-0.47692564045353331
-0.10598820131517232
-0.27401511301038978
-0.16162570539691207
-0.34482524726025726
-0.4872512344477386
-0.35344777194878479
-0.3356105657470897
-0.10700610459999127
-0.35937846670412865
-0.18317232312633192
0.12856058388178815
-0.23652893598756974
-0.24494602067683396
-0.18460117058656611
-0.19850569380178354
-0.25863355399062993
-0.43421841882997331
0.19435956917584277
-0.50939272623730791
-0.067798413688256898
-0.084664580693299671
-0.46282907089207076
-0.29840051781208654
-0.40102929510509966
-0.49288305661638782
-0.23487214227570941
-0.12146432547730124
-0.12522020949857682
-0.28950636980154165
-0.45234281467605003
-0.014723397695740313
-0.39550812616379089
-0.021200519851948308
-0.16610972417216541
-0.075555118666017884
-0.25051230733446594
-0.34489108988726636
-0.48840274352227259
-0.30234780557743712
-0.56474906991209428
-0.38166905186357131
-0.48733443459298931
-0.23616692477615628
-0.62267220653189603
0.054018202940492865
-0.60447209316924622
-0.41210322794750603
-0.20048327886460154
-0.21796929381127983
-0.096363951907109058
-0.17033253313917035
-0.19727440815070982
-0.18009828138004544
-0.41704735296986778
0.045641688981480064
-0.0035081123333820402
-0.028991300344426929
-0.12043319085329053
-0.088009494781402658
-0.021578958593443127
-0.25840554028806217
-0.098730457322603923
-0.12808421962060421
-0.37597164666844057
0.031780258341944936
-0.11711666303052073
-0.28384569242092783
-0.27472612166986043
-0.13746993155880488
-0.087935278793848812
0.39875541752957766
-0.58017490487482748
-0.13572466431490818
-0.47231600096387438
-0.20181155040931417
-0.12420743805003806
-0.00087871529343807751
-0.054318637621714412
-0.19628248611628513
-0.35027953878067969
-0.19836489054372389
-0.14276876721815213
-0.2002936255572404
-0.14497925041381446
-0.095788872917689422
-0.23285534141188041
-0.17552006919499077
-0.50100512772838135
-0.020855392931437153
0.27991372420398597
0.0064832227858731403
-0.36387852137031618
-0.19402957057737363
0.084554682103897147
-0.25622897645905524
-0.056712462715423025
-0.30484707396805977
-0.12081343587469298
-0.16919593348464726
-0.17694775878902141
0.081426032062714745
-0.39998661209888364
-0.22337346767745539
-0.21758807309194975
-0.29094922726813438
-0.00079274164058010601
-0.23368799880176377
-0.26130369331995845
-0.35182744403976973
-0.21095903655566653
-0.29168326393792027
-0.17429553295421185
-0.41674390300827341
-0.10742131265703596
-0.13702218681744177
-0.24451989626425122
-0.1807752075637874
-0.11695850609282109
0.052460507653735486
-0.31465840778145904
-0.021443135932608964
0.31193455781449592
-0.44430307157109705
0.15612026737281276
-0.18377804849024312
-0.36234499568065698
-0.22252935970196516
0.084132054943224732
-0.14905991308535677
-0.35651027789098821
-0.077029351549080222
-0.2010574560787613
-0.17902163535584703
-0.061280428318890919
-0.17411601550517722
-0.13900552586801493
0.20570827053214608
-0.10366178627687511
-0.030723216148735657
-0.3229545245285344
-0.12550418025571983
0.04976622353553746
-0.30078833202309013
0.29709843913369005
-0.079871120599556797
-0.30006358902142677
0.22362410905349533
0.11144260900779647
-0.084326625969476515
0.33807300891635461
-0.097027153223620571
-0.14042354821406952
-0.1580715118147164
-0.12248029864669097
0.051703953949432974
0.12437752082623846
0.074170144839929425
0.018663612388462404
-0.37611039018041281
0.043113184365288458
-0.022767089301848981
0.14286992634325704
0.197783171767377
0.030371146302537372
-0.051133168065294325
-0.0052952689078923521
-0.084291404950989024
-0.32984538277947612
0.015776295363772164
0.3196897800694174
-0.045720054810931908
-0.041915004055406872
-0.14062422705790331
0.22494777522142825
-0.20621206815843993
0.14847541106065101
0.23429013405784008
-0.10840032972555159
-0.044971377417653481
0.068821271909578638
-0.064650353209960806
0.06485725687038664
0.27964959463837313
-0.06508118974156174
0.12721842926607513
0.15903990220322292
0.17630873082375453
0.25803904602405464
0.29290043857588088
-0.034935774091906534
-0.028458164161480174
0.15060937064159802
0.1065075502820971
-0.19600313230171468
0.27627048962990092
-0.11343241176048967
0.23857073674913318
-0.12831868457936849
-0.064341615738109273
0.027005665676568164
0.22595488186797247
-0.040139631674133522
0.025802714821897312
0.08331026643183144
-0.25172659860335267
0.031929660910417899
0.18220938482457583
-0.18349293706274944
0.18452138186887077
0.076843628938536634
0.30468270979910794
0.49320461155949219
-0.12845243514106236
0.55770774708670345
0.23348708942866059
-0.0008718818509810658
0.35789888835278422
0.18019748229186835
0.050162570213612694
0.055598914619677399
0.09984911598472089
0.2843040163090006
0.095550482399346229
-0.10237319515159916
0.010594536898926738
0.28264764615432381
-0.012328386796026004
-0.13339543658015507
0.21061314512243759
0.21137431564124121
0.22888428769216851
0.14422509598769792
0.20174494231945184
0.099185199708950719
-0.029111954752641504
0.15404212011153617
-0.049509893462242362
0.2289812697341132
-0.079965383012541844
0.30179292323361784
0.16595018714167536
0.10336295407634774
0.11040406207510366
0.293711523250202
0.10528142181639585
0.19681850994034883
-0.0019873545000556438
0.32148601925798953
0.077793875599873913
0.637283831704613
0.30974646944189232
-0.057639799807610685
0.11424775176530701
0.18070950330455668
-0.085032662429272335
0.36792655016937537
0.0029803355534686079
0.15787676606858292
0.31226148830800077
0.060797902522045928
0.24032145420668982
0.43132435715339301
0.059315497967569623
0.013785606024117823
0.030504967926883158
0.17784325530526446
0.39809474572702491
0.29600042066169208
0.49344392194185072
0.38010764614246151
0.085568065756900361
0.1558920660875763
0.07690351016593909
0.44501255981763455
0.058577554801031793
0.16787102703122792
0.21520896586620508
0.18818014841060871
0.49013651276810599
0.32294891703239981
0.19467260552688531
0.25279798552262606
0.5382137017838402
0.39889839831605645
0.1745420255074108
0.34413550204073418
-0.0023822219252246043
0.32607249272859906
0.17294081418343371
0.35566499685101044
0.47053577989781087
0.36568922477052324
0.533815145583865
0.23800416053203566
0.061940900692127744
0.53087858554614209
0.2620154341026637
0.32135363859107968
0.092387336534949252
0.22224896935484431
0.61007359120375193
0.37549367233255432
0.18574722236911473
0.22431208281198509
0.074682353362812384
0.53611535153915468
0.41542143787643593
0.46471542667941867
0.45581697470477822
0.2148381362790111
0.42353643327771634
0.55446020000835772
0.58210711818735472
0.5053096601603404
0.29405243083609572
0.59895252360838147
0.18764059852705012
0.1737255334306774
0.45244663215669234
0.41257692584992428
0.3121663604203242
0.30469819053668484
0.00039746445984210443
0.37432329090730515
-0.0040328950947583278
0.1527783792124745
0.46419079685326542
0.51433150406245476
0.51883652590570128
0.3102830595874001
0.26903481899932374
0.40799993040727939
0.10260175928339631
0.19851247193039975
0.4653830988944766
0.23075247713537397
0.46661528426880433
0.26001237345463862
0.39649762062754518
0.41720691733350135
0.37602777857242431
0.15974044478654431
0.45333301306760826
0.31445260228031174
0.21770245256294388
0.385596409212348
0.16703906139889227
0.43457736185510604
0.31378456090836382
0.39222731953194651
0.56628782838966774
0.48453621035087702
0.1606096675348711
0.32042922130947121
0.53918736835615555
0.3348368503920372
0.065545340519161485
0.62643197985157884
0.18410785059775095
0.40929598760566333
0.48489923662139872
0.53022005783549109
0.38394624109541287
0.56123670956931182
0.68500069875889902
0.36812180105732045
0.23494938700035697
0.19983367955624159
0.66654731934175582
0.40268712956801306
0.29685920037452529
0.40787783605502625
0.86975401761505189
0.34119811624086649
0.737427283441906
0.47047654754539781
0.58334889166376347
0.30253138668574564
0.51784432512163747
-0.07769620631657724
0.50120252590902814
0.39291930556567778
0.34334449613551205
0.38871976241804362
0.5596534631223069
0.49217999308473642
0.43755704280190216
0.18696689736989927
0.7183919411270413
0.47905940002766789
0.37409398375152875
0.56631618004326656
0.59387954816374122
0.23845300178664744
0.35806289036585714
0.48936788863109421
0.65462691808547213
0.19393011935952484
0.13060296481987996
0.81827543249448065
0.56197732740520467
0.88004913924344652
0.41595382575659112
0.2883704119194454
0.24954754726783321
0.54040239258354872
0.44634845610744006
0.69482232580338177
0.88934570665614276
0.90890483226716035
0.74883113897975762
0.40252767279082546
0.59727927733777586
0.63932802596281035
0.47975380727389766
0.80755704365880721
0.44841573233502102
0.65839364304186532
0.92678794746915849
0.4607718238264375
0.26831650274718016
0.77669525597759737
0.29503995447394987
0.50637960267825077
0.068952841609959195
0.57431057753350312
0.74122523349644209
0.57387873597779537
0.59954521466824806
0.6157326389928679
0.59134114389141224
0.61981055392771656
0.74777358236766389
0.4470339255233462
0.48275377319591878
0.58200001623628439
0.41913993954611478
0.5953279721738195
0.46341805438020506
0.88190807959883422
0.55363137111726191
0.45262194202729261
0.43727722776307432
0.48154763886264018
0.66152365742839625
0.57082203592278646
0.90860751172471388
0.37379305009641067
0.49887810297283119
0.51536867825196953
0.36860907749535687
0.26786885816996342
0.42370621432193462
0.40682025444913461
0.37111574005076914
0.76807208500011293
0.69833942089211709
0.61001510939988146
0.66028090831822173
0.82380129459760865
0.40023019318860464
0.51927310028728779
0.21606486262714256
0.46456652648118502
0.78474676149953204
0.51502949699653433
0.53835014531580627
0.78447221850703852
0.55615874425400358
1.0129514187817059
0.4990966110060176
0.52890320270119184
0.69567060007253556
0.48993251319725151
0.64691010110457714
0.52704780500240556
0.89123753084601076
0.54777278083428338
0.65660609317630958
0.58896684903031427
0.88268878294611031
0.68792372127290069
0.75085971642942406
0.27012382744514424
0.70195786729430032
0.79936675681650193
0.28376880957488898
1.0236749840128083
0.45219363707898241
1.1014931572142088
0.51119311040037463
0.63082394821007404
0.87082521356576759
0.66386799503968585
0.80878226053081226
0.61380465015599939
0.90188012898105852
0.83813986790209938
0.59371085034307647
0.90906579254509456
0.93145414204191335
0.74304223512485856
0.53691577887051545
0.77738788330691388
0.52087789091625103
0.60311908484119858
0.65962874591923937
0.65794606563201896
0.54572401497480982
0.38842586127093726
0.64554196667344832
0.65158147018090151
1.0359543480333504
0.79026593329753969
0.43555844396180521
0.5361460881372615
0.69532289274069636
1.1181146195172151
0.63483022007267198
0.80786783826325104
0.69119111378757381
0.71618838693234887
0.81049686407347299
0.52398525007368713
0.76684028314902386
0.70037334805633134
0.74061271696918496
0.69627574837725836
0.97901367775585946
0.50291451090316364
0.91285354922818429
0.31386024484701375
0.57703715661912491
0.77124392782173334
0.884539641025053
0.43483831040198284
0.78455461173125007
0.68210498325882574
0.81992912190656486
0.67380995477511385
0.89156843486674842
0.75577124454860267
0.63243530777245682
0.82166741401130972
0.84913670509771799
1.0572646045724949
0.64513369918531605
0.52961612022029525
0.4453743392327319
0.76235701418122426
0.81505789287428465
0.65103861648816419
0.62220139999938162
0.95665209706102683
1.0332633330818928
0.69427136700727654
0.98791351188747056
0.88299689820420357
0.98976833275591791
1.1274155415883991
0.5956312377760512
0.82200755615502119
0.84624736751297924
0.50151258406948973
0.88689287787791538
0.83277588855538132
0.51983940128786787
0.99720610793959963
1.0326577248543303
0.76746810808415999
0.94443849944179359
1.0690296351769732
1.0691585925741154
0.78561160791806561
0.90952608651850742
0.97182906920935985
0.92027304057735548
0.54475312391325059
0.91659853207426678
0.76274865278455295
0.7740553293846314
0.90366276728492612
0.81612343761194461
0.96241961058264258
1.0218552649820114
0.80414545304935969
0.77443913758589633
1.1492336145744715
0.7457420172045307
0.90820793050389703
0.68714311109960102
0.67145001520716585
0.85906895618752555
0.88719449162328967
1.2521309343865674
1.1221535013552681
0.97067648975125553
0.86912848359520689
0.59313366046948013
0.99809566095000213
0.9887272238124849
0.89706922278702617
1.0553607137560503
0.75512892251363217
0.92137473299577555
1.1823454842413472
0.95021930593030357
0.85739694696114155
0.65362051635628882
0.49091751205584661
0.68487804010504449
0.75127471248302868
0.8599527837170291
0.57612540735821127
0.6853882241280298
1.0020719794069084
1.0729237963145222
0.73682060608007682
1.1655807781524876
0.96162325319249642
0.75198256484585302
0.87369432043191253
0.91645251039956588
0.72548195921178915
0.51820848657395935
0.82774402454288154
1.0192718928246605
0.93084379300275377
0.54227026461699335
0.86331233642472127
0.99611968675492191
0.84904215202044597
0.86098272132191134
0.91178370376051354
0.95656418376556718
1.2509922109140967
0.80098470552176981
1.4033775761398324
0.76059154984302446
0.96100797225940093
1.1097012743606158
0.72465468614822903
0.88311545902324984
0.97154383680654932
1.0579362070029816
0.73955968447054488
1.0343627988035347
0.89077234989021525
0.9954434114676658
0.7293031979708523
1.2759540126628917
1.0399111258229521
1.3050190985240844
1.3117518783092625
0.90655729089328496
1.0292002597998997
0.8020633482974765
0.95929540510443478
1.2038512234773788
1.0534947609694103
1.3224950484980353
1.0288457407948741
