-0.52761869150804297
-0.8978449223414946
-1.2501041848488181
-1.2193906173143829
-0.90640496080102417
-1.3973425130523642
-0.96476065089367147
-0.78618456626971978
-1.0384069941097311
-1.0823997618990762
-1.0311695546895485
-1.1640446004303686
-1.1001345835620202
-1.0235751294708513
-1.2361062389544677
-1.0067837740560528
-1.0650328639366968
-0.89968765446242793
-0.84768709960282407
-0.57501988083370692
-0.79998431724503583
-1.0344326560465666
-0.80586914612266081
-0.75159189976090879
-0.9640292325142118
-0.94360406901438776
-1.0589006554761229
-1.2077616937737787
-0.7598096349601674
-0.61051779006216189
-0.68353503886680489
-0.91028639986530779
-1.1891164267067889
-1.0144535305358739
-1.318584534674335
-1.1889861834232665
-1.0719300667350815
-0.75611298870494204
-0.81791808935251709
-0.82225309586630968
-0.94520406667498746
-0.73515968857829117
-0.76100615594229859
-1.0232444764101234
-1.1641193602118129
-0.61254786516100934
-0.61717715789730621
-1.022034868340413
-1.0515778872590698
-0.95412370184359097
-0.86288258225798398
-1.0313289536290466
-0.7506867965003865
-0.8423796119399527
-0.85636841164451738
-0.71471460271897835
-1.0119273511567048
-1.0107394539983319
-1.0255456094126558
-0.68785328960562842
-0.87927299411129467
-0.925575069439182
-1.1021832979557542
-0.98898336826722943
-1.1073776489063185
-1.0565987720136256
-0.7430239621556215
-1.1366838369589303
-1.0863400993445509
-0.72529221004190436
-0.67848887467005448
-0.68191330218395096
-0.79556394240572548
-0.97016924841650831
-0.93420765620308355
-0.83162682035117497
-1.0397156928247577
-0.86269005692057588
-0.48612098110659141
-0.834546750174464
-0.91621895424725108
-0.70372463527832263
-1.0924557569056739
-0.87238162994796131
-0.98037247363664137
-1.2336266366675175
-0.77177063505889443
-0.61282245810878166
-0.70161979802064312
-0.92234904239487014
-1.171002244336675
-1.0591779781310167
-1.104318913786976
-0.59135157524103987
-0.67912739497372054
-0.89739429876019494
-0.87231844996156438
-1.1053258546053497
-0.61429802459450433
-0.62961572440764602
-0.86953519798376633
-0.47050040755845729
-1.0678288936333098
-0.750614085485792
-0.81394388983685151
-0.69181681725961852
-0.70321812607445178
-0.80148699152147662
-0.50980712048411225
-0.73572198906437714
-1.0232772598176225
-0.7605559234073751
-0.85370665101547583
-1.0360930995941333
-0.74710260691733454
-0.93741902210861561
-0.61885938124434736
-0.4909218265700217
-0.68362470012282694
-0.55687656108526173
-0.7135239717821068
-0.73047721471104488
-0.7777920367054002
-0.66244461633464746
-0.82913665974603057
-0.82961739335660345
-0.67793594607511676
-0.76628795550008144
-0.94435642716667179
-0.60958434873415823
-0.53522139996091345
-0.49760611999243703
-0.62796257240959963
-0.7085668033193423
-0.94188195893789073
-0.77522723243794911
-0.60635890114459734
-0.20166592331233116
-0.64246253479928039
-0.75550142632784334
-0.65044208472825904
-0.56207642297723248
-0.4741613799249581
-0.48077386871085442
-0.4785928731596476
-0.51311318597863265
-0.59290318877878267
-0.89906266029363247
-0.85816733827100322
-0.52534039999320947
-0.88220483743553302
-1.0044276330026485
-0.61794866356151135
-0.33612677895082799
-0.58353654379245579
-0.58162763619756397
-0.44579941381325661
-0.40381219648251515
-0.50401509209340389
-0.75386615802657375
-0.7302471805138474
-1.1367275960617593
-0.80475676618177483
-0.90889066421215647
-0.63907627555363089
-0.81289546685112379
-0.62104472348637985
-0.9738131046943902
-0.87056699071344024
-0.52677144872787707
-0.63062704164506
-0.61628713225073817
-0.56391641750869836
-0.49436185286606626
-0.54479456061669662
-0.73946218691521881
-0.67266129551774456
-0.4886060843192766
-0.85490788177290811
-0.42493196160148194
-0.36126953495283315
-0.76983021278145958
-0.50821243293424401
-0.83421821898021842
-0.37581329673703073
-0.41156929751282212
-0.82916705217589814
-0.32478459627048573
-0.4076077453054871
-0.6078875482431253
-0.7252630995542102
-0.61415333604822575
-0.80527701923810413
-0.43435788031955808
-0.69341850741635536
-0.5144088583176103
-0.58282446503427121
-0.84969615113909847
-0.91684160652255897
-0.70625410115635567
-0.79143084399910602
-0.62121557274083605
-0.72632228309755364
-0.45020662485585672
-0.4410872658342781
-0.5186540807037624
-0.80538774809578761
-0.79305115749347577
-0.46374487716208845
-0.61333851557134245
-0.50780419142184752
-1.171701738768131
-0.40389407404100641
-0.82000305555207575
-0.35387599525867269
-0.46383752657411248
-0.76083446738874094
-0.36965338105093321
-0.26760983785725811
-0.39733991093676646
-0.60002362822474808
-0.61082930308950401
-0.5597205435639836
-0.50442720639834149
-0.54710972508456723
-0.61579204058230241
-0.3539725829151531
-0.52839984254492378
-0.66048190640128424
-0.47183003462741918
0.034189808862720918
-0.5207265604268998
-0.30231361882983543
-0.71721497146565005
-0.51129373783966703
-0.41544710778470451
-0.451679261080559
-0.85865777139294963
-0.47389755871612299
-0.5417335609252083
-0.38551010824697235
-0.36596346047643635
-0.71854208393053332
-0.84688856208471242
-0.54236949984604188
-0.65973597207447665
-0.65385853402622385
-1.1180844781266499
-0.44216166364705095
-0.57630199925438907
-0.37212968402862617
-0.5306206478728176
-0.81921860988120909
-0.58650081756208305
-0.43390031830233317
-0.41191517329189847
-0.77494858617731621
-0.54185037384336499
-0.91401817612189462
-0.6675240164401629
-0.50940067269306433
-0.40865182731936939
-0.19715032285917874
-0.59685602960939987
-0.72837714879493232
-0.37925242272415294
-0.64416338052309241
-1.1423816231504553
-0.51354499727069758
-0.40960873441269591
-0.60865610617962618
-0.40965337271849284
-0.54678404685096349
-0.35149814852221406
-0.55154074084070437
-0.52010333127364683
-0.15362253144343718
-0.68248870988490673
-0.53552848383799168
-0.39192070638166965
-0.54638156314537789
-0.017591175859421354
-0.21370715607055574
-0.42741807250768082
-0.19698280548991703
-0.37044433320499487
-0.11324013339315685
-0.082246294358280084
-0.31836470936134398
-0.23710637909186194
-0.22227347055971058
-0.1344446212898496
-0.15571179973057053
-0.24357151414139602
-0.40363685483807449
0.076088627049263377
-0.67243855888666615
-0.11599543924580201
-0.39306350684931135
-0.16084949338648447
-0.49263266921818349
-0.28692199707359312
-0.261536424045961
-0.57310306825620416
-0.50405668723097619
-0.067696726400866561
-0.46360388925448648
-0.13507555002517907
-0.51034474739666358
-0.21512385988956925
-0.11062848045820343
-0.40480561684077665
-0.29042277010126233
0.061334246578926915
-0.25083902973333683
-0.36914693595689696
-0.49333041908191627
-0.22688874468220471
-0.49239418057563489
-0.22093612946655389
-0.093001298299077217
-0.12947169819403445
-0.41533632593866154
-0.55084927580953846
-0.3578509634796509
-0.32733999320266105
-0.15498812900361486
-0.42749715428925122
-0.14875334063731663
-0.25414016103273801
-0.2973660816646031
-0.23064822017735595
-0.35696568999003059
-0.40538276825354536
-0.35113509408439247
-0.36645625172888713
-0.45639623420534609
-0.15160597896552813
-0.39942495960568231
-0.57373019134421144
-0.29724121516969987
-0.32812111980729525
-0.12946261588417859
-0.4938664226580855
-0.67685104128879048
-0.30689671482590009
-0.36308783929223498
-0.19516550720452205
-0.2795127593390026
-0.34774248645827316
-0.38181848768548654
-0.46096529012755155
-0.57703888162027328
-0.38594204682171057
-0.077586549503695493
-0.33559622062931005
-0.072094748207925094
-0.43015595157260461
-0.52065597805384101
-0.49633036240304962
-0.4846571916087401
-0.38230261653332043
-0.39306040477461551
-0.61278671734101253
-0.17108139486720117
-0.89444048741161808
-0.25447528091407678
-0.28941707819558049
-0.44338440648173355
-0.031018015922739128
-0.48147806634611023
-0.22060415300365549
0.062424845520151123
-0.027837884404108976
-0.34674214694205252
0.091760981136376304
-0.41318489009733605
0.16556921562009655
-0.10463247430827552
-0.29310168382645241
-0.44684452177313588
-0.36637045182380623
0.023509151972011456
-0.2821408115138152
-0.4978226116765524
-0.0083326879865717133
-0.23927646017349302
-0.35397248670170101
0.0611668643804925
0.018054520674370873
0.15918759829631293
-0.17160504428383891
-0.30753752567987497
-0.71539189108695445
-0.16640957973281822
-0.071116421048895706
-0.36158480129548409
-0.21122333432200258
-0.42103271350857779
-0.013913559456730507
-0.16956877420181313
-0.13240964063368896
-0.3449779567182279
-0.14989973796530712
0.18374654516327862
-0.29681254461134793
-0.31793471181720401
-0.24407865305426055
-0.40098352514130087
-0.13084423236186482
0.090549430808950379
-0.67106510341268499
-0.28915144007983651
0.21148468218874306
-0.40317182784783673
-0.33093125143693203
-0.01252100193291527
-0.025443804372404615
-0.24426522378359994
-0.29747581751588781
0.37581087369284283
-0.45472029424303595
-0.28794862876175054
0.089561935908830048
-0.21778542099535456
-0.14841500621035644
-0.13492312341812251
-0.52823328799147418
0.044570836661444867
-0.14278952181028404
-0.0054404434537842017
-0.27140543786567478
-0.39541479236182531
-0.13657822707352021
0.40375668777131635
-0.034303166584863584
-0.14282254823533963
-0.45930280653563443
-0.21650808326320012
-0.15963951813216376
-0.31804357397736116
-0.027269110354398107
-0.11269247039541355
-0.40471384792517806
-0.079433994463475266
-0.067875283287579163
-0.26890558986643986
-0.37699012428255513
-0.059361316748807777
-0.42098735601616649
0.053148609704487475
-0.081422478959901776
0.11385052652816663
-0.35760969344557103
-0.091880595609897364
-0.028787340250205778
-0.28669844386023463
-0.35226424330882761
-0.24388066855972801
0.14148482744069391
-0.18339552061175457
0.086446821376561719
-0.16882143676986369
-0.35420812665763207
0.15969560072773231
-0.18077620196258462
-0.22167413869698568
-0.08107859012397127
0.031373562550761715
-0.030063289749885425
-0.15763546490790656
-0.076228652826192775
0.16593536678564352
-0.40769846421403666
-0.2306845824213766
-0.31340988092622329
-0.16153256412577294
-0.31733665091678342
-0.0063818879193794156
-0.088686390538966556
-0.15008499606245626
-0.013336267350061416
0.086548988728803233
0.261756055735135
-0.060330215564415354
-0.24388422184874259
-0.29894294094737539
-0.13672325321092596
-0.0043433728027709373
0.0024875702338341093
0.13101351003874107
-0.22422659193206179
0.10010714817418759
0.0013504306029395851
0.29090844432601348
-0.19489907080561408
-0.012661184697255919
-0.030031360164388281
0.18905323803213839
-0.29782719138016939
0.069439385453767571
0.38845467682663753
-0.28053288035729196
-0.22088808394613163
-0.012244329306012637
-0.31693990737542593
-0.20033932174946681
0.19148337002732124
0.2961961934717548
0.062519528761716486
-0.013871528345544724
0.31066479004019032
-0.27202416936161922
-0.17473842404587955
0.2258331964351081
-0.12359612653031531
0.094385742913313128
-0.063915832630318831
0.12889742926671818
-0.10573300878950098
0.10351507646334593
0.25053284664747899
-0.14221924769421732
0.25444943365575889
0.059059119600652556
-0.19000555565091426
0.025008786934952985
0.19282451568313658
-0.013636757357540821
-0.13941787377034345
-0.13308308552490591
0.2703650427005016
-0.19409979701164293
-0.13998517399108218
0.016838467355843899
0.24989384660485592
0.22100747913079091
-0.16097430448640393
0.23237219579311047
0.0533913228602561
-0.027284942752331245
0.26017429986882812
0.13469404135291838
-0.10468216821245992
-0.22920177969407693
0.24210818233396145
0.13981097470142168
0.39765513149716031
-0.20471176891177309
0.059161683395731038
0.21701749807543272
0.21581019409120372
0.10776792066352632
0.095512527214967669
0.38804397032808358
0.16611803638573161
0.37510861964392317
-0.0083248562821837107
0.11742647838108583
0.21059481588564699
0.11233275642225868
0.040106278267617368
0.071808148365774344
0.21073208013745678
-0.016525364306736238
0.17850697582644806
-0.075342416388164912
0.057738494907786028
0.081860688064997231
0.46590991654831782
0.41414853317632139
-0.22746731684508611
0.095427496221981101
0.048806853426722217
0.10294686164041068
-0.22840200155521739
0.1986884991352687
-0.057174938101394172
0.13753412886999997
0.23389632795139845
0.33217682835441786
-0.083649246502964847
0.32499897451560172
0.40018554434597925
0.095987892843664921
0.13699687030199847
0.11873838946549349
0.082578726701109842
0.35159639455425007
0.37164194968898528
0.29604312486637557
0.38133302588140372
0.19367069638066209
0.10544354142207302
0.40946783584990493
-0.32754101363719157
0.15283473844632461
0.24522407868704932
-0.20693059906382053
0.010736115135218015
0.5715385248076994
0.38846127104000938
-0.088705129087462378
0.54748032383217426
0.070476589368456896
-0.19324564405347758
-0.048244727105424247
-0.018223466200642285
0.033436639750940869
0.23893095333247025
0.54319040816912989
0.096011082905977763
0.2949672604695493
0.25746404411396373
-0.12546005379868438
0.40944856019151127
0.012207888443731264
0.21367165230985202
0.27156597334380622
0.53219739591380422
0.27456816592816558
0.21693933044178448
0.47404480287982481
0.39587737013948604
0.58752329718409335
0.27091593673465708
0.19071206112580724
0.21983625164710147
0.042488545699540983
-0.0099266477232670212
0.70983824975551191
0.13112438474527516
0.37899484409513157
0.5761768704927217
0.28227283589511271
0.53487993785633225
0.46717913261722338
0.23999729156475613
0.50104274194970322
0.33413818172662207
0.41877523283765689
0.13754833102556138
0.50590909668523198
0.63878470259274966
0.49487683483307671
0.4115644343092672
0.27673868610133728
0.28871342492542157
0.56616394809684356
0.43585619026781436
0.63285212938053981
0.33446083816839539
0.33622836938227946
0.32094724919939388
0.16034849531352524
0.23307656259581158
0.18544587147878858
0.14242059533288245
-0.078749536889980015
0.50516787545391162
0.53452140948088467
0.42933357394373267
0.5081405533153639
0.43990092575352274
0.47584847334820801
0.42544314985451354
0.38079956132378384
0.22067003926728049
0.46152347777373387
0.27906518301315991
0.20910730455675139
0.7813340290342301
0.60855654228703371
0.68237114205376259
0.30336038086095019
0.46549900148161671
-0.019618553228234147
0.22566997692842239
0.32759025063663666
0.23687814620533587
0.1092052708664092
0.39146370874328401
0.3516097158024144
0.35150089259268114
0.39883622993020429
0.65880338490118995
0.26976044089952322
0.12204083932298827
0.16209458263560592
0.30447781202621133
0.30512241962169534
0.28815232117623879
0.18484399368416377
0.24314801738035544
0.48823055384366909
0.017194416563812365
0.23398631962018604
0.49033293412042944
0.50542449772768505
0.18518692645843143
0.39093068541232778
0.293648969554616
0.11514108040713524
0.44737956570977705
0.44938353112328661
0.58509100892901289
0.46684384088338354
0.23444767817072684
0.49449250635537689
0.060960280610781466
0.27723769777735807
0.50533053533181627
0.31104490711095528
0.5422823551822219
0.30545855203177574
0.42801224326609555
0.45870211009444622
0.47227698889230524
0.53128021345499343
0.4535399054656023
0.82434366950964677
0.55835753933813825
0.70082068824492272
0.58106888400611034
0.35221335626558753
0.21056661869172177
0.53336482105665661
0.39982535537097574
0.64821640753689458
0.34739197982002279
0.40544129384807059
0.40150811676768328
0.5009914922513593
0.36229131578222473
0.38425764842670623
0.60287966771338874
0.50922438819658988
0.46424059091359454
0.25962421500494787
0.61520530954114272
0.55939093335359491
0.20701441879487018
0.52726006112348878
0.23543772813095387
0.53868944486957937
0.16974153574748471
0.62363315394005314
0.70037465467631121
0.4605736979149927
0.88620589656538262
0.41574652084820207
0.26993906399485312
0.52725771768405594
0.40796347166573521
0.13071041084586912
1.0525880918612573
0.52249197284276527
0.56419730535839474
0.8481856178008107
0.93027205845981087
0.49379400860524536
0.23980337977767888
0.60859114048133767
0.60174168045441279
0.2266582938936923
0.52861201202383878
0.8153404792873431
0.30795717836048986
0.55225332058023868
0.49306963283304323
0.5802410874945767
0.7135743054924385
0.20324549484200027
0.64423815864202782
0.70520513256490946
0.15320955739358444
0.57406600173978783
0.48381175825474054
0.68333853510428355
0.457697555930628
0.45900676344096436
0.27716454180580352
0.31201150809508538
0.77377870940121452
0.92421984033989013
0.53778744651750277
0.8161842124520291
0.12489918531621548
0.60589681144499929
0.6377791469643278
0.41184409484632267
0.61081619501111573
0.52444648955450268
0.64784126138087272
0.64949628164925921
0.68128173099549239
0.54157906990272675
0.93501233682214613
0.89940674964713907
0.65883692542991978
0.54245280398112505
0.55763248218931027
0.91735732097737643
0.58017050803733594
0.83339548602913149
0.83343049540939362
0.49622644291276996
0.69748716112524178
0.15498270112839307
0.72605574301359654
0.60849117954517917
0.87081157631313488
0.90141821789725218
0.61248393472764184
0.90656223479827613
0.53538578074149012
0.53523735493425439
0.59071745570875644
0.64671714397745916
1.0501182005925065
0.60277624910083283
0.72896155313465949
0.67744926179051157
0.7348916534882618
0.58884671873058858
0.5169027078244921
0.41007999652725419
0.63194917385641758
0.87128883046482952
0.79794791254858044
0.30327258250381228
0.3029958791379162
0.82113695249797902
0.68702532200927735
1.106078939335513
0.58834027785367093
0.74188090317866706
0.79959684407063969
0.82429798606015903
0.45576595503629103
0.80971626032307031
0.76249818596526087
0.47001955029908571
0.95567657663374739
0.79354895236282097
0.5666830704444854
0.58966408471340859
0.97653774583465136
0.72337886678177643
0.57972251191066959
0.76765093429767495
0.90084914468933386
0.94382755131559948
0.53328446505162441
0.52094959377086103
0.62492341555902409
0.71054504005964547
0.63377914550756398
0.96957694047727483
0.84138033533836343
0.85330140494584672
0.92306337719634068
0.67572243197549642
0.96495516448417684
0.91283971954177201
0.66671435626842024
0.79161228312761112
1.0624855594220211
0.76616531347345918
0.7357331210946193
0.87694764832686289
0.59622580401789038
0.83508837581109363
0.69590694382022567
0.71270359215337453
0.82007635934666689
0.71449296949350327
0.68578914452311823
0.93313133008382176
0.93371741871798575
0.61837544997327387
0.99014255920468863
0.85578552762299154
0.51126544745788927
0.57638704692778076
0.68704333028394116
0.50917920687905771
0.87193148364077055
0.69464623692988825
0.6040610276741315
0.68163276765490444
0.88504371753886035
0.68692052356637479
0.66607330110341412
0.43227719297687001
0.82263829832875879
0.86954511720320837
0.74783550933119669
0.86039495233910923
0.7384856763283274
1.0176950014679234
1.0816545378554154
0.99129163950980226
0.77275562872728887
0.77356515602329312
0.92303997583336206
0.57263713975936914
0.72192009514084687
1.0139381067127395
0.74127192341318004
1.0143290599175898
0.94275556258090676
0.91575497606340828
1.1092896556262586
0.83261611183389517
1.0794341192618568
0.93563789749302395
0.8532275419608083
1.1972246644898477
0.76109213754640193
0.88249396751075881
0.68374193635840408
0.6804824194535839
1.3139820710102064
0.737728316535884
0.48909635891922026
0.30059122576300046
0.81593491090831383
0.9783367653208902
0.82644824427817665
0.70648181867889748
0.88881576062879297
0.96500537907422856
0.78263216245011769
0.99491103937821646
0.80730159370602339
0.66215955104631818
1.0473548399787607
0.89496359354701394
1.0745196216808872
1.165740832031789
0.95572364259005316
0.9249624716192234
0.75970075949882876
1.0059478460139626
0.73011728672809018
0.92004467705553972
1.0830833896288501
0.86875575360941171
1.1783694571220329
0.93876218634340758
0.90440577786831844
0.69158599183172553
0.79235512168705957
0.96764929873999683
0.60938209204540494
1.0084314813042279
0.82938876290042229
0.86341765924115477
0.76416832588582495
0.87810614516464713
0.8616652230213987
0.99249664139383109
0.91694667901938975
0.9053919387500613
0.87944117106433106
0.91238602470010088
0.84847460245113016
0.9748374366062641
0.79713422234322173
1.0799748157713198
0.94779536221279403
0.77287521964140671
0.90145540260597745
0.96638608518429558
1.2483037073693937
0.95526166386091016
1.1808316453161276
0.90869754678369452
0.97222918858324403
0.95571561770964308
0.90929287410988946
0.82639725318606161
0.96502196003591345
0.61593462220639772
0.61260778673190497
1.1862422005733466
0.92621682481817524
1.141578669333903
0.6033429818830881
0.679604419405194
0.84576125706615057
0.9457808536219563
1.1579896525658429
1.1025077302467172
0.94023730677772677
1.1378871556568053
1.096793533750287
1.4832376562258565
0.70247324358678365
