-0.8922552728995129
-0.9751348260661552
-0.84103034254549869
-1.2456251557385722
-1.1790504182613997
-1.2163617116927354
-0.91178329479771059
-0.77700572845566351
-1.1796786366679806
-1.1542376482427557
-1.0074610100543457
-0.83966297966680625
-0.97193504387252305
-0.99111787141615548
-1.126406042974466
-1.1565654550805156
-1.1447872949611169
-1.0548357191230897
-0.9948508838654827
-0.96887124434324901
-0.80270999251272712
-0.8042246546427545
-0.70535502657820737
-0.85479566799063045
-1.1285285358192172
-1.048373085513147
-0.85020000100946946
-0.90511956479604705
-0.88058202577001643
-0.61547276661638117
-0.88988410598753831
-0.95128289293182777
-0.83050841835659728
-0.97858500073081456
-0.68799929426459483
-0.84404694078287246
-0.63305442472011686
-0.93089909744453858
-0.84927183209960444
-0.91670427768976448
-0.82854673629008968
-0.76195175102502088
-0.75499792683317657
-1.0036666914761103
-0.60934959334119498
-0.93819070796023596
-0.62464140248044342
-0.90197052231394126
-0.81768655838850735
-1.0968219868926397
-0.66697683085467863
-0.8379993478776715
-0.95037883133139789
-0.6169214131486892
-0.98690208537159074
-0.78786779857537881
-1.0747557125687934
-1.0271178727813721
-0.73222291556834096
-0.92279182438993834
-0.71388227572913632
-0.66988599486825606
-0.78411076487001385
-1.1576995757097219
-1.0077202459944743
-0.78450408957162665
-0.77032787735868935
-0.68384420022968984
-0.81146946238585516
-0.80048970491886406
-0.72666424124479245
-0.63488908129679289
-0.91650510640399718
-0.60242779582550832
-0.69058916060239328
-0.90208214231144879
-0.83219526898744878
-0.80808822939834923
-0.88571593942096449
-1.2441347710148203
-0.65748236188137177
-0.51753051913941417
-1.1557218247078371
-0.82684279723940945
-0.89286044699556977
-0.55669655007733987
-0.66141727247727344
-0.75759898990893559
-0.74870520829733012
-0.53741749322806531
-0.60840746260123091
-0.82472420357858867
-0.95634539410235209
-0.51197586621582503
-1.0763550747400559
-0.90545917402897846
-0.73700586077975605
-0.9416067139461396
-1.0428126558092203
-0.75738017533585122
-0.8282648572048491
-0.81060789523151244
-0.50615442895484453
-0.91839017858200778
-0.76879195166202929
-0.68092197580070779
-1.0474091619246295
-0.77046521661657641
-0.54021224676568036
-0.58878403841469806
-1.0490913853321466
-0.76139369837461401
-0.82247430281047673
-0.70585171205679942
-0.66263141449143304
-0.55782400025908352
-0.83937676515504223
-0.89758791520000925
-0.85537816257391841
-0.97664082751339232
-0.92401809065320351
-1.1846312167318993
-0.44613992436091943
-0.92358589659941259
-0.41355627345566343
-0.56105355278880464
-0.83348683596919604
-0.48711138600913628
-0.86027653017117611
-0.65001398740577276
-0.78372025803921486
-0.33866407389871811
-0.60824232972321179
-0.51254624904087021
-1.0669838944461427
-1.0158379334856014
-0.67699297066396102
-0.90422318452112083
-0.97382747762500232
-0.69477015921040752
-0.91940582197134668
-0.85143612992313367
-0.9026587553382398
-0.41034610575471953
-0.85893725117377295
-0.59997700756255601
-0.7128675885501492
-0.80336590630272886
-0.78137013779835762
-0.73295931513790757
-0.94542908372193124
-0.53226727705479771
-0.73718199648410265
-0.65216919841714038
-0.95374220305797652
-0.31677309420928407
-0.71086883906309173
-0.7240457732697223
-0.64758197093964032
-0.38075415765376269
-0.45727734739539755
-0.54649909296103094
-0.72194416501881165
-0.6619382103806819
-0.6894055011341893
-0.63770148589137077
-0.58274524545763717
-0.61227181500737171
-0.71252779016501855
-0.527960488291083
-0.42682999557581941
-0.50482030343990247
-0.70996152623551645
-0.74392612542998238
-0.88249799577993537
-0.26274377307081115
-0.98322637031238758
-0.88583572754598594
-0.42983126390258736
-0.67283413921155588
-0.56370156034346719
-0.82177096691153761
-0.67137145338236648
-0.79811791653565045
-0.90925997846379214
-0.69952745377568282
-0.51556542845880915
-0.36613702206516319
-0.67234815319759833
-0.82031590331392146
-0.28785406631868199
-0.47922008945525268
-0.57583786828313588
-0.35777328490724764
-0.64962387920276543
-0.53947121342186388
-0.58353434947483007
-0.67909915735267057
-0.90888917843131944
-0.45993141095254447
-0.55401986266809911
-0.60725438516389707
-0.42041527400498013
-0.44921066452678937
-0.39658754225379156
-0.55211852992160415
-0.79323057319322732
-0.44885928781643192
-1.0127672423727121
-0.55089831921096855
-0.64035134046465236
-0.41674849807250841
-0.55140666069346256
-0.59135801261577725
-0.64427729590587957
-0.69334501394348802
-0.41883907110699425
-0.8949304618602969
-0.72494941426460924
-0.18298550550202972
-0.5585557146421315
-0.83309217898112609
-0.46977089919067511
-0.8483569796254099
-0.50624388484796745
-0.8164081453320472
-0.94247379971954492
-0.42410820560329948
-1.0116989618044698
-0.36714178519752938
-0.51491884211632355
-0.69519104164529555
-0.20543740960069495
-0.5664023266408903
-0.89344762010732237
-0.88551563902376895
-0.57610515041013943
-0.60656027734940077
-0.38351943568252828
-0.37162041295485804
-0.61909787308494635
-0.51508308415906312
-0.37800657588536063
-0.544465160846903
-0.56168692437479184
-0.23647316727874867
-0.66991483807183083
-0.18993811239364947
-0.47600254521348218
-0.094361776254395194
-0.20251211197360441
-0.38787638899658738
-0.72754958030108985
-0.88330104076124971
-0.71693630393369445
-0.25379239422995686
-0.59447953641171758
-0.56084759484035052
-0.25923656876011142
-0.40368112970971642
-0.75927711002150999
-0.52184768280294791
-0.5315148373228501
-0.27823889715424666
-0.81619540511671773
-0.32532558203256273
-0.46106028351326356
-0.48795873696801811
-0.40821465858447897
-0.46515440444787759
-0.46510662777196426
-0.36052112781976431
-0.23026905088667191
-0.50300417244558004
-0.27042745025861153
-0.2521584343322511
-0.6506832689970995
-0.41586857197653015
-0.45460720823720813
-0.62919398189232112
-0.63454377018405195
-0.56957627877393269
-0.084180563569973971
-0.26906097364378828
-0.52180139478794729
-0.58432495807952967
-0.13157618809352653
-0.45851012559280901
-0.52679417880917079
-0.28333896589337659
-0.62567429660485951
-0.40317999422948986
-0.13669246568719995
-0.34171524907624884
-0.53641304722337479
-0.35764930037194614
-0.58253879882163162
-0.30199562280670988
-0.24812279425277028
-0.6694960793292255
-0.55041364459433362
-0.046817634381102639
-0.49861319389698344
-0.090408553946528719
-0.48507716021436853
-0.5502864273050645
-0.24620339638380298
-0.53867194866989787
-0.36360016393051109
-0.21578786637352085
-0.16175395677810905
-0.40405723736090315
-0.62120018701005852
-0.64518055255821505
-0.43380203230388986
-0.0077686178559274455
-0.074796310252811304
-0.10543928510381619
-0.6248082871119357
-0.42808377581525731
-0.71812004317040146
-0.18650158130795175
-0.61545616198632724
-0.18730689591872321
-0.22697077557289938
-0.34884082423229262
-0.50224049093602974
-0.45837245709270263
-0.04949361778224784
-0.38345381734615547
-0.33773251720733993
-0.39763339737126424
-0.22259209498193686
-0.39228576740867588
-0.28703496297895514
-0.656860822921013
-0.39657876563175098
-0.03760430844536191
-0.19696991365643993
-0.44206080003445197
-0.073749882121920934
-0.27345332100440034
0.043645016891149836
-0.067153356624613386
-0.32974491967729846
-0.60574573665313525
-0.33855572755944319
-0.11490436459576824
-0.45835155418874818
-0.24522084257785434
-0.5029931937679758
-0.40477922461438953
-0.5983227977353518
-0.41765495116822576
-0.01742049089244338
-0.3079595466136083
-0.2824780383029849
-0.20700853339639336
-0.35409369970384935
-0.22442706886202327
-0.21893646260057054
-0.055001463648172856
-0.50695306548450536
-0.53925168749627084
-0.20609978960053621
-0.30051987120107743
-0.44832009932771494
-0.60829698099283713
-0.074198012847664377
-0.26576745885055325
-0.13197092886196185
-0.41152022701357438
-0.21047665907953919
-0.17038429036400726
-0.26523501099987712
-0.23641256468834693
-0.33452199902159385
-0.067004422022803434
-0.52928227279059281
-0.43074724316808993
-0.32074870162133617
-0.39022968143899733
-0.49260626181755568
-0.33165183648032759
-0.34507145479980855
-0.27069460615378871
-0.33864336913716014
-0.21651737550479289
-0.54766145299894053
-0.47300555579698589
0.19202843550181434
-0.06403115918986127
0.062095742140056052
-0.3407168939551472
-0.02548278206165952
-0.19008069674927844
-0.22702512244875198
-0.10685670457261806
-0.26266732551934791
-0.39200345509637835
-0.17069025228622756
-0.16556774737761837
-0.063818916628862174
-0.34531357134422058
-0.26229706828771715
0.17928208066311313
-0.30229344501086819
-0.094315026939565658
-0.43958867814057623
0.14531055298953652
-0.12656005481647373
-0.42874311336312121
-0.10217713018651517
0.00089391257657351741
-0.019145136437080292
-0.11503087813401147
-0.1767671279716124
-0.14298000934952229
-0.277716426070792
-0.14586636245064916
-0.27391838665327417
0.21290870455146893
-0.18599776524224401
-0.18256876800521538
-0.038164148991569981
0.21545486337788089
-0.085217344241359114
-0.32514944078418789
-0.19788206691493446
0.038606723110070483
-0.39626882894551979
-0.59161588480575045
-0.099867215477382157
0.14522171721839122
-0.54487207795509929
-0.26275716061357945
-0.23520488352477997
-0.085570882299537965
-0.32785164813650536
-0.29721456715423505
-0.29119927514343869
-0.29859396181355286
-0.24624323235094478
0.016681185410608368
0.075810316420587012
-0.34387406788272484
-0.064035210113552246
-0.26145625196048372
0.038666859393025513
-0.26250474966949527
-0.2361976743032233
-0.21299760846131388
-0.25424844889981663
0.43863322375487596
-0.16294592580043182
-0.30516505831900342
-0.0025695778485332532
-0.21999539983774205
0.13416654797421845
0.013540525359122818
-0.024041106050774884
-0.16506978397481367
-0.096140486561546015
0.073486882971833006
-0.19247495690035657
-0.029268345336344651
-0.2534623718256282
0.20796341788240547
-0.06270867788557942
-0.19664634304576772
-0.10144398480488523
0.034766178956873735
-0.060307688517412875
0.044476651188123238
-0.22157847890875138
-0.26647192173656536
-0.27381398772776749
-0.57724007640986053
0.13299469857504395
-0.075148838569526144
-0.1690321722887777
-0.099804293649415884
-0.18002791779136026
-0.097327530267762252
-0.13447845500444111
-0.13190872212162069
0.12457647229706663
0.006005477345846286
-0.34415325167826533
-0.54230534013974141
-0.044376353996988263
-0.28562414865597818
-0.26664888040001911
-0.027229032727347165
-0.03003407932424931
0.10746060273375037
-0.078419703458003656
-0.3855864909351161
0.094423805231061614
-0.40513942896464106
0.17379176671193683
-0.32876774707821854
-0.079158308826129162
-0.17410492856270704
-0.29682066633130871
0.14625035279186099
0.087515549070850157
0.040484849720779835
0.18064861921764652
0.080596593121417828
-0.091045448806160542
0.14105691591931199
0.18721413188973696
0.044681045513495651
-0.14317928773330249
0.17425338728798898
0.28526633226657561
0.34797476020103385
-0.017911908470170001
0.011799779458203329
-0.12763205241628128
0.24643598193773844
0.0084542604846761151
0.14364853845677547
-0.1331889094006779
-0.04834461027311189
0.21910449373280014
0.48014713803489223
-0.10590755427951069
-0.018798029997541172
-0.064787067756156502
0.27788834444323363
0.22039977284939949
0.11162692147562152
-0.0071804793728870026
0.15755861217966241
-0.068075223205840404
0.10494016700807172
0.01863611136309299
-0.058458690699463176
0.0098524487370129799
0.30803797763888791
0.026569933848356278
0.17234365146615091
0.17765305852173283
-0.0054840475741178901
0.32063420544146659
0.035077038697352028
0.21416120229442046
0.11174767079564113
-0.01950627317845444
0.14434514627134068
0.43021519068599057
0.053865362981249797
0.19479726578234596
-0.08142648504123938
0.048572127593378395
0.14687916941638088
-0.025615590261835582
0.11571790221946808
0.27130662991732368
0.075940063367734928
0.071521354386701874
-0.023992675938897638
0.45669811348081657
0.089967597705899585
0.14882202283599427
0.37916294024446484
0.062940019578564405
0.2432965710782789
0.2816177564566899
0.28460421699545868
0.17359252496226202
0.079096878857778996
0.33276918602436784
0.046204891319163839
0.14711631256202792
0.093612886296193673
0.249210031044833
0.25801958717200729
0.11026461078182784
0.17064512289500694
-0.018375789567099291
0.078381077171355742
0.36853746919786717
0.41522311245886379
0.045878147334742263
0.014107495162960745
0.46950370132158464
0.34807728220674239
0.5281706926256996
0.48349911606228591
0.22225121543780949
0.37211144633314286
0.07552864796428907
0.27896408519095045
0.19966456822629375
0.35018464236595909
0.043868954891026532
0.10317476810167631
0.27438529887130425
0.13468359577392094
0.16219187545818517
0.21037964267095316
-0.016439194008022621
0.29457819913165606
0.15654187614198461
0.60751189820205809
0.23974655433946224
0.28970928856167888
0.34706509820769232
-0.067625765815134672
0.038244927434325872
0.17363944571664552
0.14336536409743825
0.33953417160844968
0.41897974355438311
0.32849134836692523
-0.030191065138473489
0.096692921029131587
-0.072483402850784071
0.23968853221768252
0.094929222523117987
0.16420111641717466
0.091788715634920762
0.24181019772898291
0.045173268554803289
0.69160849869528873
0.63417395234536444
0.12141667068139442
0.079059062444112344
0.36774850090517508
0.20788707578288035
0.29001608908588217
0.57810175410437448
0.40744755271999944
0.28965903787372738
0.23024634960929657
0.48911660545635804
0.39932325720165096
0.40469801017101059
0.4142201262272025
0.70037922216432325
0.48838135674740885
-0.12760248990556416
0.11553928080353366
0.28419962784713099
0.073844411187289377
-0.046682686060859041
0.18139771081751258
0.50113794411763035
0.3123109902112739
-0.06784285075888484
0.24574834530078535
0.28437673057134188
0.079145949453992351
0.32000539370462161
0.26421273266383105
0.31482935540050655
0.24139883431342904
0.45925368509099379
0.38026061466971728
0.39148974932398145
0.31163194326652993
0.32913895475438021
0.56073501125871172
0.10419611992722033
0.075575059923565863
0.18705192925122668
0.56352621464643993
0.48471810212794625
0.43282561508332623
-0.14493861402938998
0.29586147150854664
0.55685434622211172
0.22972324612883502
0.30999571522887698
0.49723453466289913
0.32986907226938916
0.44038793519041991
0.50900356930764579
0.4494946146766613
0.42645956026646831
0.22606816902008409
0.42091306268129186
0.46851174757988129
0.27153884731858685
0.044059078737391372
0.24581524182770903
0.11302388667352051
0.55747601563159932
0.55271570787731206
0.036617984943275471
0.20522513013466692
0.44616100716654189
0.40435388262734057
0.4077866496194118
0.56723144003241333
0.28686909271913508
0.22475751147935683
0.38024487398595042
0.11693843087243498
0.7788252524571464
0.13972706488705391
0.55927071148516427
0.36030248409367177
0.15934466121026694
0.27541611951021505
0.11168210629563027
0.49628988126584139
0.41426313730440761
0.33558079331720725
0.40936205329536385
0.34950460366631536
0.4919686274465439
0.25339381796887234
0.3786606810655081
0.21269393695332278
0.12125306103997271
0.048969004144268927
0.49513922591949378
0.60936556272918052
0.54319052332583806
0.47711668996743833
0.38831022113512254
0.24293667714847997
0.44404832210888706
0.36161174909231436
0.25945639877147947
0.38212201351011243
0.70045000959778947
0.5538530061514928
0.67154285085679088
0.33447268324841783
0.57540068684596468
0.49141836946299428
0.47855088904581683
0.59014998862677726
0.26917269837125268
0.81866237868346214
0.38929252687509308
0.55812610402872276
0.66656213040698242
0.37777688516537672
0.67664038037487462
0.62452334048687097
0.66355617855680948
0.67923249454824819
0.36475967497869322
0.30779716783643596
0.57757964389951333
0.58031664242069647
0.67037319090076752
0.55952638108594721
0.05609976056058405
0.78972036559318237
0.65631503549820103
0.8645623794206857
0.53493521648272602
0.28481082577252276
0.6116461217962128
0.51822989877537762
0.5737966588264084
0.84572925389305809
0.88027783306052121
0.3977980004086582
0.28991555523977769
0.36341584388622922
0.1693411054022736
0.30454453948889859
0.50733283345622293
0.66190502241125015
0.25150547600066914
0.71886198253783062
0.39898873962569642
0.49882316023449547
0.94308778912171365
0.70271249344102427
0.66075577885994685
0.23728339539761881
0.61157601424168395
0.48330621799804913
0.40277818368968688
0.65728949770107725
0.10176522078768184
0.64007975755087487
0.54212346279756751
0.38346285331525243
0.54280235333386873
0.089983457841980294
0.52214938315772075
0.6697888140888697
0.38966458666150211
0.5759358867964407
0.76014835694666105
0.33971598456609642
0.40528771494331428
0.54144361792397122
0.51822237058841736
0.54485107289712698
0.37088668557998516
0.77330858647613987
0.74210237520993638
0.30191999346613807
0.51539614044419091
0.68342461572315949
0.75358279591507993
0.64245833691850451
0.96211586525817006
0.82463865505775824
1.0907708280177146
0.30211172596371716
0.61115164279983036
0.73792703817958571
0.91984160436989781
0.99241547023529797
0.55504082343041894
0.36337851076500388
1.0563621066630218
0.52088490569268042
0.51674660956530527
0.6394741604169969
0.56731038817369928
1.1141966297232651
0.63515696968113389
0.82985128691651744
0.54600086427296313
0.96194106808621926
0.6480345444200275
0.64228748771340261
0.61239341053092289
0.67479449057926044
0.62509403942257524
0.3845684374946079
0.61161033909784968
0.80553887517709533
0.52560157981027777
0.36908556919545005
0.73835149379425702
0.48732028623972184
0.61610257013637881
0.59357438042416155
0.55540318119584753
0.48189097894340671
0.55490565015624316
0.3727178875743089
0.77959434438113373
0.68861446798434556
0.56289032478529899
0.80622860482956715
0.9255389920486462
0.55115405903420467
0.7062275490446881
0.33774582895787286
0.67298022583651795
0.78410659632916624
0.74806635381051623
0.85468966551295533
0.88451501339773175
0.55434606451011981
0.76546738762205002
0.73209391452744588
0.77891914222833136
0.78846342914975553
0.71408874132533284
0.70507544431702596
0.64551756711159491
0.85840592999751963
0.99171849096020037
0.69332547520899135
0.62967389010137065
0.57325353310869576
1.0595693343851549
0.6910095699546055
0.74168970423402614
0.82392134225229086
0.93805747334533807
0.80774022244872479
0.93855496647536329
0.52003275892589762
0.50949247512683971
0.71640218076834228
0.89966829563809636
0.89434525193878045
0.63604839855800932
0.8928279429231416
0.57805672363913385
0.793479507147554
0.80531965591826571
1.1734748744764747
0.65926329019457219
0.82291928275271242
0.66441338138670636
1.0012922324636184
0.36050395267201124
0.91997058330247794
0.98139894196196853
1.2653464409338089
0.77151680280789725
0.97046779577772213
0.65984093597063853
0.84885868753365912
0.92284365312336303
0.64521127053122873
0.82319076753669784
0.913814382714917
0.72071604060853833
0.60840034826883937
0.63004346679116108
1.0627576492144122
0.83575643414465528
0.70653126789939358
0.99461079255415819
0.66727475993713303
0.82068817126690796
1.0274803270978707
0.91010880810393946
0.98549757537127747
1.0897274977197415
0.83561357268119174
0.76549884058377249
0.67435338453234672
0.71719187398959916
0.50543808778767574
1.1569888292706465
0.64829153214278046
0.91914338245477345
1.1340732498783976
0.82745024531762135
0.59697621977457649
0.66383971437656342
1.1224560426480787
0.74367285216346679
0.92960275111133561
0.91250029025818824
0.51729546852572528
0.64760565860800334
0.89194611836149262
0.79815838962413288
1.0968802573428598
0.86944699303480011
0.77233615461878713
0.80219333803173454
0.66393067253471527
0.7821846285806382
0.86814386186659609
0.74276155989921588
0.67998388881051153
0.96182797346671989
0.7360484459244151
0.99323770410419554
0.7962734086002492
0.73795341191302
0.87515905143764483
0.82600433723958822
1.07423217082999
0.77053075079530076
0.91745933219209486
0.9752568604890115
0.77572468894941071
0.93554971882708093
0.83767111107979431
0.94165960822749217
1.0347501197465645
0.42107197413438563
0.86750791307751451
0.78433219718537117
0.81647944143147599
0.91648485789023615
1.1238752648073171
1.1618686721365383
0.90938158515147816
0.69637777478454121
0.8076776125232511
1.0006898170317138
0.77887610570986432
0.89894921077820789
1.1523469909956756
0.95002454443944706
1.2705025581496927
1.1274619963877626
0.71783307105259797
0.60659411413288389
1.0763150560067509
0.83821779489149906
0.73264120005177702
0.3865994167924115
0.84049994430175079
0.89129441302943968
1.2537012403792587
0.82330150130774704
1.130439766303299
1.0013253273876781
1.1423490313316258
1.0759192646894
0.95498298868544618
0.84538283959346705
1.2307812629492023
0.89081139896824024
1.0438771496198846
