-0.78750572249738005
-0.77074075818189769
-1.0930966266514037
-0.77240879061363077
-1.2063653938724206
-1.0582735613496348
-0.76283350087329438
-1.1214746030843119
-0.93458968012341992
-1.1174001188135434
-0.98457053001004213
-1.2420596814949676
-0.99277531862416479
-1.1837639908280821
-0.77854744741550685
-1.0506138375556677
-0.92764150242812249
-0.91128181513013462
-0.83909317965125851
-0.73385229427243226
-0.94064998124528465
-1.0851419293944708
-0.95747464800232018
-0.8180977416486841
-0.69872383340854316
-1.1212783915250908
-0.62811562172067359
-1.0745532499590813
-1.0022073832908245
-0.87633130229544676
-1.2595340168185003
-0.55373661221237924
-0.92729434643051301
-0.93323133376544276
-0.99358321772014524
-0.94001309498295427
-1.110787301522397
-0.89022996485454242
-1.2385478412239872
-1.2193182541746586
-1.0296936303730002
-0.88007774052729881
-0.81859980101950414
-0.87798066240515293
-0.98725652037048994
-1.0447493717427543
-1.0253632591349575
-0.61398465254232226
-0.8436102690684204
-1.2113306684318355
-1.1443112519877483
-0.59397654507631747
-0.73077493218119993
-0.92806302150481956
-0.69130257084596636
-0.74538880937007268
-1.253766683241591
-0.71092832956340557
-0.88495896052868273
-0.99587863915460373
-0.91378359428318501
-0.93765159972047596
-0.84081257179871549
-0.75284180319034433
-0.83078906215331549
-1.0818826636898164
-0.85250410412312672
-0.99773622298146269
-0.66307784764090272
-0.69289136556688002
-0.76169466537187069
-0.64263253195758574
-0.56057572771284758
-0.86838004486866704
-1.0241769439403763
-0.83009510988022372
-0.52657572588229984
-0.79112099497166133
-1.133134435277056
-0.68839614317127962
-0.81976729088625855
-0.82897548140993649
-1.0226020916407672
-0.82444833540836204
-0.42103841595203623
-1.0255713041605692
-1.0138315731999767
-0.99815549540848947
-0.76029658187918425
-0.72861773835047394
-0.74731648451357802
-0.65459102790544765
-0.99101345650585548
-0.5698215507405946
-0.35386618346658061
-0.84936079212909266
-0.93638006478248792
-0.65855276999142454
-0.7091411379138961
-1.0498399985281448
-0.72225612593672928
-0.76939259340915178
-0.91583165736923833
-0.80848498256415025
-0.99997026611586526
-0.73864178428110083
-0.72278111489718277
-0.87029273435053334
-0.78505440240942503
-0.71137515863992717
-0.69671320206138043
-0.76038550458178755
-0.65318265059739999
-0.65235971170793172
-0.83147813444135077
-0.82791980824509259
-1.1066352497315906
-0.49276182547718578
-0.51770475874381316
-0.83944437793922866
-0.84486258395154701
-0.86683658618538062
-1.0928455336976319
-0.61254225169769971
-1.1078626982523012
-0.84328496549454746
-0.89988728822413833
-0.5647790244072235
-0.5479461759570412
-0.63524753496374153
-0.70793212180650467
-1.2167346168921847
-0.76667487873611895
-0.5697811656346139
-0.88684571688207769
-0.85437757123585678
-0.92054148934499613
-0.90342476553068174
-1.2320135960143803
-0.42462441063677181
-0.57132697563184587
-0.67493285931663705
-0.69136534074165901
-0.68005498817277066
-0.73027817365980408
-0.92832616317832606
-0.92184626554379723
-0.87128674083417623
-0.32350505172993255
-0.44881171301504186
-0.3771217956898687
-0.50064852070948507
-0.83305181070694845
-0.86787304387412456
-0.78983202760139704
-0.61516338349310595
-0.82630520660172757
-0.70713399042537073
-0.62635183419302998
-0.5206157856676823
-0.6244056322486915
-0.90980420388917238
-0.60701579116350779
-0.86559105956826088
-0.78094304416559113
-0.49252285844439819
-0.50573654316864258
-0.8944854769019861
-0.66863308240808106
-0.40762230065778288
-0.70501476713969102
-0.75528882114634821
-0.75254104981314773
-0.60714432228924919
-0.46243474536974066
-0.63029248599875132
-0.87628904711942912
-0.57295385646259533
-0.91619365733529212
-0.094122108760039805
-0.56510609989957294
-0.8237786608579124
-0.14110893837875044
-0.84345630786050174
-0.83320185054315088
-0.83182624979698139
-0.43279104658996004
-0.62338721961845078
-0.25490027555426742
-0.65557894845494702
-0.68858353514012138
-0.26282696249143211
-0.42743169950933435
-0.54708494235003102
-0.91574812704713826
-0.4194683481171389
-0.80281856365661219
-0.6136661999132067
-0.33161711700172913
-0.66549940649504835
-0.84197512886430936
-0.90932792820867703
-0.45917143338728672
-0.46226147610169105
-0.81261830894076403
-0.73183364184121091
-0.28115278736371935
-0.56066127384152264
-0.8077776076076576
-0.6200260292397809
-0.60408681981040691
-0.5609279368469211
-0.38134324804390263
0.0012364444923177722
-0.43655919512993807
-0.41998560464779483
-0.27255483164777355
-0.60459973932116018
-0.29345366148723556
-0.66181577639936007
-0.36183712610572233
-0.47426687080059543
-0.64501169873508724
-0.44351550288538194
-0.47706748916517705
-0.62475582810747787
-0.35531948187272022
-0.78654186472357812
-0.53404639041392166
-0.32420736624014834
-0.7482070520065166
-0.99493695593065745
-0.57195010548801395
-0.43644219838241571
-0.64018568801571352
-0.52394026668228466
-0.57564860047087529
-0.76722305358448473
-0.43181176969548701
-0.50300701828931094
-0.80595653538635548
-0.32128883690731125
-0.31643821014831663
-0.23617227256450093
-0.80348176235843538
-0.5515226111582856
-0.24041036258912105
-0.35614263306173627
-0.75108714606119442
-0.58240705517764202
-0.28994691431740438
-0.40411886176716516
0.058554466357264169
-0.25156444327955391
-0.0044216984174418762
-0.49540589469650442
-0.73113495726837296
-0.17269014085247786
-0.18214342954004065
-0.44244513931772894
-0.17333755084744049
-0.28783544424286472
-0.60176341076831286
-0.50203245555637077
-0.28401707320119912
-0.39532955595457825
-0.43724098653193966
-0.90581305100548448
-0.83635919968579164
-0.67866896230779938
-0.14811644981586208
-1.0484144180965085
-0.15224537216296416
-0.43609321063597956
-0.47897010171698379
-0.34298361402788508
-0.54840625225855899
-0.43060025432837978
-0.20536508977127316
-0.42798510332492373
-0.59617380451821711
-0.30359047039891995
-0.32613576918066717
-0.39207681710487341
-0.4513863684859058
-0.41637485383409595
-0.63957729447796818
-0.34501485596576248
-0.32866397222865956
-0.020657030819950684
-0.4890613019321986
-0.60135686812374045
-0.65735650766578346
-0.1745602690112889
-0.074804262148746303
-0.55289299268144487
-0.29887148113632767
-0.38742666542061971
-0.57035887681309871
-0.54061545837391378
-0.33614359557013967
-0.564687098077292
-0.3615369623574981
-0.53854917805293578
-0.14767545952767439
-0.26936224592954272
-0.74373056702877616
-0.53622591093922001
-0.37259963610686331
-0.36559834960394405
-0.76280567401933741
-0.67502312828025857
-0.020492843650367316
-0.42598656364829124
-0.12490176563092266
-0.34539828353389701
-0.20640351828608672
-0.46466268503708547
-0.40093274771402837
-0.34797456631359047
-0.06973753191311835
-0.15912311804301574
-0.071062957269783261
-0.04795167744990135
-0.37557985706501579
-0.36722229106625254
-0.29066866127674212
-0.25279707600785672
-0.60661759058386744
-0.79040987180236177
-0.39299493417307474
-0.26360577353782633
-0.41848419455995045
-0.2944331684770633
-0.44832019054712208
-0.18379253338054866
-0.32477827217956967
-0.32196061016937016
-0.53005389865570784
-0.53776493425097771
-0.45005456974014996
-0.72762832050440696
-0.24936525907217538
-0.57453573730252938
-0.4683140973836325
-0.58559068466419739
-0.48772834584880281
-0.23172600695408327
-0.14336632375859409
-0.37806908656428462
-0.68530899144772128
-0.35745647388133317
-0.25417348642570065
-0.15881348053965305
-0.11629707377252214
-0.32751107251422468
-0.091560586373625408
-0.42169015247243963
-0.27744178384098139
-0.3849829830155661
-0.34449173384322801
-0.35881398485385457
0.032619718442533335
-0.24792445212708211
-0.5197615020106654
-0.2516470643864972
-0.31889278824314621
-0.43914308965439619
-0.19925617754122157
-0.49251337504665915
-0.40012885426542666
-0.22388980180394477
-0.1852788352042968
-0.12273962898347798
-0.24903259326484825
-0.22354651225089817
-0.18417548337494305
-0.14249772261815863
-0.26401818327512511
-0.15829683130852168
-0.027325210181475195
-0.59049237126445464
-0.29115277635941356
-0.1428378044551204
-0.26126135399864969
-0.10522051624673709
-0.24709595809047469
0.020543872973352112
-0.22194211338156494
-0.42546087973390029
0.019185061787306879
-0.14666975958117112
-0.39893008866061991
-0.25569846916982675
-0.1124278241704965
-0.18730256197303879
-0.15306845158155877
-0.21198708658732901
-0.32882959679519541
0.031371030554042306
-0.23714211548292272
0.029897911463602007
-0.23932312620367446
-0.14969936772363057
-0.18040576637530026
-0.41750994339013919
-0.16155470448711248
-0.049435736187635478
0.013476974225357236
-0.062040588273229599
0.040728911476438139
-0.25135016403906535
-0.045439011100707159
0.0019087791641480686
-0.48106588067613792
0.0039199987990952449
-0.34808100372716388
-0.28530682117043638
-0.023530903997047031
-0.2172850118132964
-0.2847380032501084
0.049161019596491905
-0.39209123835380705
0.29846494457808559
0.052899742959531842
-0.1439509069797357
0.025324284264342831
-0.18427626374372005
0.065238904881896057
-0.059735557880021391
-0.074344675316018696
-0.68445737266937434
0.014090239441314999
0.079112238526995643
-0.31010618698589737
-0.49047217164134888
-0.20122687430596983
-0.43777900659163005
-0.20038352837460952
-0.28595506991946262
-0.44388981970461538
0.14376340057402509
-0.033621374346061425
-0.19392720297090169
0.24872440326221532
-0.1798894604583903
0.082033499297029272
0.055070592496610553
0.021539801634586443
0.049098477468027299
0.16373678562940769
-0.093782959084273962
-0.18055727063872073
-0.067397575643076219
0.26277648467806597
-0.10847827729024173
0.10488957026083866
0.1614274041393966
-0.10246022267844358
-0.0022088903751410001
0.11194335247914987
-0.25792113973498876
-0.16054417948222471
-0.10530896656714638
-0.24125293683444843
-0.3156715005517019
-0.36451678834623641
0.17160680110134691
-0.075050853065796189
0.11208231294080018
0.15804567694500091
-0.13143198145936694
0.28548400333717172
-0.13493172353650537
-0.23861771858009698
-0.056499154138645591
0.29367803263696562
0.10446093120366441
-0.30507352287899192
0.047731803712065847
-0.042131477726587027
0.16316420359692466
-0.2388839997840452
0.13000498320976972
-0.16482915399210266
-0.047943095701892362
-0.19649841492917072
-0.023295829557505136
-0.40340834827993205
-0.43096350362241592
0.27591145255171268
-0.1078683894823083
0.070651089929961164
0.2306915804518361
0.049593118970510816
0.014721551706911811
0.18524867345415394
-0.22053276071205524
-0.29703476264310696
-0.37038159809986454
-0.1493185187527156
0.07841758812566503
-0.36473421252922206
-0.41987400710106426
-0.059963707279755897
-0.040679955124657323
-0.069085753960930613
0.22600392896925653
-0.20890387961729495
-0.19541507827396873
-0.22641029673593233
0.072451040784325432
0.1188475052001665
-0.089930103409072162
0.0079365138932597813
0.10298540653063221
0.067748437579925339
0.083381636975472614
0.14347449311289739
-0.48736945240878982
0.072005091050280912
-0.13864948092407317
0.21759040603677973
0.094242603535146588
0.098781510320408578
0.21290424358403093
-0.24499593566516484
-0.015111160340691935
0.37924032166836352
0.020490164265017367
0.0301576817254967
0.22944018878130065
-0.24060351965781207
-0.078274423163229578
0.033080018469432849
0.16029594933842917
-0.11297335748816337
-0.11410303435988384
-0.069450148933665315
0.09686235952383096
0.28357203319240815
0.37894409182355165
0.31516258877016351
-0.13530865012497689
-0.063360054431897864
-0.25459926794792953
-0.12808480825999594
0.31469664201298109
0.13330129846118577
0.35873048675925129
-0.18657440244383716
-0.31123440981533423
0.12529293820833012
0.014659448469574697
0.14797227968655963
0.057847885327856424
-0.014895991116472808
0.1944053882954872
-0.051640493828915432
0.43388435345377474
0.28430567183409561
0.065050041197066408
0.036247187912178722
0.35379016612159403
-0.073416911602195642
-0.033242267614953767
0.11804310497938804
0.11129211402026105
0.3001275257628197
0.20412869319263288
-0.034667259312522902
0.18479147164480922
0.32178503424818028
0.2176595245401115
0.0067676438047491964
0.45867118565674875
0.079001981026059334
0.17385563057384082
0.33388418800425407
0.31752341298103609
0.35898721538795758
0.27192859839525119
0.16443425177991683
0.22207566904473811
0.32592509056453717
0.2119145769947135
0.11216802650734524
0.33069334246704585
-0.048852422426669019
0.10072385384542845
0.072705041834164152
0.55766534685204783
-0.15179836491922225
0.44901151951312313
0.26398659815759262
0.32766697349200369
0.17705675409335417
0.23932570010577844
0.25742035494654042
0.17526778354609618
-0.0061666133360403705
0.24305631245161541
0.026387064193574835
-0.13401252131930641
-0.093424802749052419
0.18530284751912487
0.36967944270190733
-0.080409812525509022
0.31005403037851142
0.14880943100934008
0.30276666014927189
0.069766491767471933
0.09131543913328409
0.32096958721427798
0.040799257806424662
0.11414382917184565
0.51023316263127805
0.47079220961465817
0.32451027495493445
0.11710481230656569
-0.13072215849287985
0.11280975462176539
0.34125703749279002
0.12435412728280944
0.32190187323445185
-0.028328475144332736
0.21067278680738133
0.45277310105992524
0.48465000801063801
0.24094443527888199
0.25353579417592315
0.39042440233792741
0.40987106052035283
0.41158975026962907
0.059335544149082417
0.48165533780032493
0.15788843688290197
0.27653456450880515
0.058927365858205863
0.11586739722674277
0.23118995851776267
0.27741347814515299
0.59498723893264249
0.32471084171073394
0.33886651100438109
0.50505861076681402
0.20181090426913711
0.12093805249526066
0.032680232251017488
0.21916646440491494
0.41914589333007274
0.19784099238686578
0.38109159509722013
0.34575213038874292
0.49627529376672253
0.1481321442517928
0.15491997337129382
0.15504465586310259
0.0046857533739928046
0.34606767534259647
0.18830808740087998
0.3640169049190779
-0.18331246033089379
0.69857411692275617
0.71021947182441558
0.22312886509719318
0.45540067675275253
0.37281742711785759
0.27265829809030157
0.28817300304371507
0.52578690531714545
0.29687297301166921
0.42177016070685297
-0.041346469006616676
0.12740625078272236
0.45019478602882584
0.39219912725290978
0.2749214309193439
0.39195366619866989
0.67017001577350743
0.39818956076363443
0.6844258778104807
0.22666701213214185
0.32367614949024137
0.49805498719906866
0.74641671879568317
0.26274178240211465
0.40648726044571987
0.35482027372477559
0.32152468291949626
0.30710366625396401
0.57958801109743063
0.15610823999265769
0.61955413068640408
0.47954803453474082
0.40960343915624864
0.56242310940605822
0.25855552638693158
0.25802635998759921
0.45212944017308571
0.53623092166644948
0.30691632401263791
0.52889741344462382
0.31695171716058712
0.55508258849043479
0.44628503884657561
0.59942566314000356
0.29824201010140117
0.57620900460867541
0.28377845376722238
0.2561673625202055
0.40466628380170566
0.16197514114802197
0.74223659832532474
0.37353693520655662
0.14593195682897619
0.67198771496612153
0.41697631699061982
0.30338872265001993
0.32937431662846162
0.57544769352854397
0.51830897305780854
0.44014533803235928
0.633955343941494
0.62381328918440404
0.56615379776607766
0.4466215975061873
0.094176400868109689
0.32001441143172188
0.70302055160056232
0.28507451794194516
0.31571259616494285
0.50808341925212552
0.3098635074900834
0.42647380097493981
0.60372149099957695
0.21890560701660158
0.56194842994950245
0.62886304109951185
0.58127825936347199
0.5502115156389582
0.53090777429387859
0.27152685934426068
0.51574438288323265
0.63767910732982536
0.32638589433916815
0.4056312268485574
0.74753087504983129
0.45913300590274225
0.62752101748372136
0.58254947070846352
0.78430156868582523
0.75893700963992095
0.56479672246631207
0.2929009428924842
0.70961432314877892
0.39395365954859812
0.35533542212775621
0.60914787796441483
0.22501921887081477
0.39891984232190963
0.23699328509486217
0.42557395561724159
0.41708755367888833
0.49073062776960419
0.40259514865809182
0.68699554999293933
0.44455208325945256
0.42406259037599592
0.41218258290963278
0.13609360360946007
0.43115477796710305
0.78721258282744067
0.7502061275724714
0.54025689615382988
0.51159450155961228
0.8535822392757848
0.87909185615312824
0.34795119701982385
0.47424504308190929
0.67257537035218662
0.30647313531204634
0.4248725796155246
1.0461872618085093
0.74426363285406971
0.79200371474573972
0.65229256738668251
0.39187631801333966
0.56181031590555486
0.47388275955182796
0.74518591565183967
0.77433015231934965
0.35843555201861255
0.66402979016058139
0.34759914395863561
0.402501187685123
0.51179990905967465
1.0481620454245442
0.77203150085109851
0.26475258135104951
0.92514963185231436
0.85621126618462917
0.69420880932731954
0.52379732505263521
0.47363520002375387
0.65203324035987509
0.66491579332168715
0.43350540275886734
0.29562193003503873
0.46546484532964377
0.88446200758640026
0.6570388909936723
0.82748766071618063
0.7492215135126653
0.64216642388367651
0.40274830778757092
0.89085115061581721
0.24663758459835619
0.59905620463192344
0.50216784143122362
0.61876013436201738
0.80284854295861741
0.61001125135022827
0.8246577124933796
0.80334779939305334
1.0349143002971821
0.78348588587302503
0.60804459530250932
0.26093527556230395
0.81188376826886099
0.76109362039078665
0.63512706684316245
0.60820746752223154
0.53274173300534799
0.78695025554333198
0.67761622972171165
0.84413862807087603
0.95319356072834427
0.58836121455198109
0.6472796283403448
0.70953330180071761
0.66508703224555199
0.74532716927673337
0.65209166915750516
0.64797602821822275
0.65388352394627225
0.66884143845549604
0.65039349766226584
0.5419977405546198
0.69734059328138198
0.80339932754292775
0.66047360866098304
0.53613855870793514
0.83678195494702245
0.82149660974667826
1.0098833080579241
0.60738995820744179
0.40109036481024735
0.4914839554798473
0.56917561097699776
0.60808553082593952
0.70581566459114142
0.19597634477735396
0.84636144039532846
0.57952618924915134
0.74386649382874737
0.55732381135822751
0.98909836737242895
0.80528965754877857
0.5436475889510336
0.52111866383095451
0.63632748029254005
0.64401938720694241
0.73099404679477276
0.5704947462254133
0.49398665487368076
0.86988430322385746
1.0187333730909882
0.84986595078171823
0.91356618908213127
0.5549564830203626
0.89805418706512885
0.79634633526651633
0.8551479352844551
0.73037315171759121
0.84811716319851393
0.82993674700446163
0.94406889670854488
0.66848452290678662
0.92964236256826516
0.7281700118632688
1.0014413610450148
0.39346628523346833
0.71474474999299564
0.46462169827066824
0.51947931768157218
0.81464202697378363
0.81302972069269497
1.0035938566575477
0.89192837550637638
1.0328177406060377
0.92233927455783238
0.63168947503296458
0.63939046366612018
0.65782117273602947
1.0664760988748621
0.95341643400701581
1.0391032273941008
0.44104234355457772
0.94593793718231467
0.94804520768113976
0.81027754065212998
1.0509004287166919
0.9139483950573134
0.70008983559315463
0.69250710558356809
0.89026452334414552
1.2479131433262942
0.69362746490202709
0.70243142794279845
0.75845704335196307
0.8156026406153758
0.69617836314661374
0.66737926380185353
0.8743267392080879
0.44638710815893023
0.7014360586112891
0.6387729108489878
0.95128647451285064
0.82907588805001275
0.81541554692477292
0.78900422816854354
0.46338043372458593
0.83744215231301733
0.9930325849705629
1.0165447369872835
1.1456759885656771
0.82119170749807413
1.1343626438374206
0.95273904027734235
0.48144147790019437
0.98216419962454771
1.0433117567945021
1.0392570135404606
0.72554950100941085
0.91113625156151234
0.92189777463464451
0.75988984320375819
0.79454742222308583
0.63261588996877605
0.806531403399533
1.2645686354411574
0.81890164523939424
0.75312681353197453
0.7313409811443331
0.94558721798706558
0.48916171321667323
0.96602085481647992
1.4062466077055753
0.98418930555922135
0.92941685088480375
1.1867627783551298
0.93957835625068131
0.68248862041347069
0.64239948742559116
0.97935770150327806
1.1616889836679558
1.2824736680989068
0.76356957652411539
0.72983487208913089
0.70921873086701781
1.015339547844283
0.67422164756425584
0.86009330301852471
0.77272060071810178
0.66582605179862442
0.85155590151912364
0.90292953800279252
0.92814657080174379
0.92673117855263953
1.0019058750144847
0.96489469008687556
0.79624851125551366
1.0745397796536109
0.81869766552597589
1.2523681557406117
0.75006545780555001
1.0798696493401723
0.65459088993176007
0.9803999480870923
0.97311089250054728
0.68438679675478831
1.069191328154127
0.80994722402557973
0.87483531047649865
1.0791079863927624
0.85101712720585798
1.2605103182876345
0.89143195945077369
0.59727918897714605
