-1.1938141802823576
-1.1495970539843736
-1.2707269265603149
-1.1118978809238238
-0.85016785222413094
-1.0596653257987518
-0.83031584034139827
-1.1064393005878466
-1.2156994393145801
-1.3621203877600314
-1.229738305706543
-1.044789262224219
-0.87118957233283623
-1.2671743025749569
-0.94760625001766419
-0.95676654556944829
-1.200494399820498
-0.94330580773366135
-0.84613168476408396
-1.0261939991300204
-0.93545643346835539
-1.3679346760498787
-1.0619883095168188
-0.78175150144899885
-1.071606680570889
-0.88742602682947969
-1.0683330309731927
-0.8154971502764351
-0.70457963466951345
-0.9197330865745118
-0.89818318967113786
-1.0404913610016964
-0.91082850927468328
-1.0081431039442998
-1.0161483133419253
-1.1111582929557018
-1.1362092530712611
-0.96560640421372834
-0.97720776023442202
-0.75833498179954573
-0.95240074201211278
-1.0189147729034793
-1.1235870636578598
-0.98422710235672461
-0.78420174758761296
-1.0105937724530432
-0.82944111988575719
-0.72359093115906592
-1.1974344531191583
-0.89204955601647629
-1.0462652830120782
-1.1275741292270767
-0.72227424878587243
-0.95914161995787028
-0.69899728584671039
-0.52860377942121184
-0.94355146749191099
-0.94986341558146636
-0.73915464261316766
-0.7504138626528718
-0.95963388082510603
-0.92499998550438978
-0.80083122312931099
-1.1761821924691993
-0.86920414164013238
-0.78586882352660747
-0.87421954015378389
-0.87760279252505935
-1.0712365883489454
-0.90759627472783777
-0.83810656915282078
-0.64100653461622004
-0.9085634014445918
-1.0614091983622616
-1.1711242647281499
-0.9468117325058546
-0.92492276767271897
-0.93834257616427041
-0.76325828119586114
-0.84622628019235469
-0.81388759199057858
-0.43515922180292943
-0.7014136008655768
-0.53854754479773848
-0.90757699230727329
-0.79793794410342955
-0.82515045708605894
-0.89716447504453845
-1.0701799274070554
-1.1464971621772539
-0.79021570930731677
-1.0264084088525978
-0.72474176976641635
-0.73566490817452246
-0.8336853820313973
-0.69938892301222666
-0.96975145099130944
-0.81990578476034903
-0.86327255632623745
-0.5442001887559309
-0.67801523610332481
-0.73456300361579041
-0.96975825004963789
-0.77760903919075408
-0.54116058538341805
-0.85032989555047633
-1.1120256436025251
-0.75564543039405574
-1.040596923380908
-0.78232682214451588
-0.91237873522586888
-0.87611255515021891
-1.2099552200031136
-0.49684717550328777
-0.50432517352394723
-1.048048836923603
-0.85045255905048633
-0.70913695877433414
-1.1420959182627799
-0.42266177881216577
-0.91257253834859797
-0.86920919642165539
-0.91079614562306122
-0.81569356131065096
-0.60751372385508973
-0.83834325309765512
-0.88171687301792745
-1.0972702673001222
-0.81377706643395342
-0.51744298374239694
-0.5410678569894779
-0.81040103287851251
-0.8641678967360904
-0.73867458851642853
-0.62074667429494867
-0.72649236804860673
-0.49876136828229484
-0.76638025540453936
-0.89208532554329534
-0.73427481471209322
-0.79381157634588528
-0.50358591794646868
-0.8416036861534486
-0.78153763931704145
-0.77078691597159887
-0.97851655989051423
-0.93875786880666146
-0.74511984463912084
-0.57002833002499054
-0.53777076180563999
-0.88361730911068614
-0.63927093876807084
-0.76374855920465712
-0.68010450974195924
-0.41650741007226888
-0.60784712582544487
-0.42217727699971314
-0.29283148189447672
-0.66444518477824854
-0.45545976290320583
-0.5339357936436786
-0.84216630110445267
-0.64136417938609203
-0.8316747569089703
-0.63778248791015058
-0.67174583312674274
-0.51962516224681987
-0.76640634066087743
-0.60138908631927168
-0.66664602495675718
-0.72556132400407347
-0.74633874261375444
-0.44179752381962317
-0.73699026780523491
-0.8897828870830029
-0.70691448708826465
-0.67458474131182045
-0.62610069768540477
-0.49405630356963642
-0.74980944050811948
-0.44649010580744874
-0.42440170139219607
-0.47310472882425636
-0.72464133951468035
-0.64906940490252629
-0.61986072627241662
-0.66303600620464009
-0.70792770141994976
-1.0695808275458409
-0.58842851224957149
-0.53958292969240318
-0.40133359032820198
-0.86693046540148766
-0.79496255122033466
-0.47670738642024818
-0.64232827949182691
-0.55105082324334442
-0.87976656265187003
-0.50717563865071602
-0.98839448792645757
-0.6290475945978653
-0.45527843191601053
-0.78460125238258771
-0.59783204154680103
-0.88475763817553754
-0.48616783496305649
-0.69838479791551811
-0.57367054827819131
-0.69371158087168705
-0.73927718046155022
-0.38812026550885537
-0.64693708967413721
-0.66284416672820545
-0.8121872016725441
-0.62507481768406792
-0.39524924905907283
-0.60164183836307961
-0.64494283426853849
-0.777152917296283
-0.87019545975327706
-0.54020730694650487
-0.56403823502874573
-0.93936288610442154
-0.61079417833535832
-0.47834455005950177
-0.37886738318634244
-0.61195839811505637
-0.45285947472091626
-0.77030792133443682
-0.52008817485929126
-0.806746566468444
-0.68376155788421833
-0.44730439830122937
-0.52754202617892376
-0.49820872211894629
-0.71231073850301851
-0.6871290988093095
-0.66968818107346439
-0.70654879066820386
-0.64137733869264402
-0.57094904782616462
-0.17275815628232358
-0.53337203997236227
-0.54456689944331893
-0.49392339666673468
-0.60115604262030164
-0.40487303979267092
-0.52992986881138593
-0.68225740250639932
-0.43705500182969154
-0.66537531735462141
-0.37266569172265462
-0.62470965942221368
-0.60816342559202652
-0.67429010790704513
-0.50961193574046471
-0.59636022575738556
-0.55769577909718027
-0.47500845670149366
-0.67722512458911566
-0.30817904227105464
-0.50883613062302435
-0.71967156720098624
-0.421692936017312
-0.75762571825784686
-0.53308618594643409
-0.48333504730506377
-0.28452589007658846
-0.48946713721749074
-0.41689612293807388
-0.55596486986602278
-0.67011361551478199
-0.2440973738990333
-0.3940466053676977
-0.56739274416625485
-0.59099966853993746
-0.70676859302028061
-0.57776023230235451
-0.49787359659017155
-0.6160474712627968
-0.66946831602800327
-0.35681294234265731
-0.1162281090564876
-0.46741511824099763
-0.41471232300449612
-0.34744076743287694
-0.47294628128399635
-0.55161726896101104
0.02719852034481187
-0.47110864908039324
-0.32836723059557188
-0.50190378338803188
-0.61474190934036299
-0.36644964821701226
-0.33834108636930554
-0.18574996997891208
-0.48246259201825814
-0.3721252138689734
-0.79460737434512296
-0.22686373258712084
-0.26927978940725261
-0.5853088183894738
-0.59708423347730211
-0.63418078398444766
0.030544157762820132
-0.36570822704230066
-0.2330690661323408
-0.14151384678531773
-0.24507814723797675
-0.36582755201936062
-0.49575464226871846
-0.61086474706173099
-0.47288984248951793
-0.4592914850453319
-0.17892145680118074
-0.59242702942954373
-0.46754697054060068
-0.25912367363402866
-0.42512724414842679
-0.47913979949086943
-0.38676825463230463
-0.1478470166832781
-0.74503781292647475
-0.4315773451898936
-0.50834792018068431
-0.10206578927308309
-0.61326876022668708
-0.49380583099043451
-0.33957940385364327
-0.25198327967191542
-0.21460094460574147
-0.18851190691998188
-0.29188770682493687
-0.30293427057782735
-0.36989994064408321
-0.482750068246798
-0.34466494202149323
-0.54556738996657284
-0.48099063240900658
-0.57417188799880847
-0.42721850673456391
-0.52713541549426735
-0.57514022422446798
-0.41967464110608776
-0.11612514089609835
-0.27503074516210768
-0.35909146358222327
-0.39076849036045408
-0.22127192190684922
-0.34236353589264545
-0.41916472317322423
-0.14367326570030309
-0.2513743813878207
-0.15400826800630296
-0.10999927475660276
-0.28722404672715374
-0.36322293629624125
-0.26924251158502682
-0.23324045596428741
-0.027421557190863522
-0.54968545172793137
-0.21706607082152493
-0.1820417394389704
-0.44175773542483932
-0.37293220610325573
-0.32700889834959801
-0.33391541580926648
-0.34466891579647879
-0.40940956856930899
-0.027608206174375077
-0.37645090620996913
-0.33031886004445227
-0.33488920678463541
-0.37489052395709344
-0.31481218025651109
-0.33088516868557888
-0.29696690027843536
-0.30845200419944863
-0.21249780783206115
-0.019867700061131414
-0.21779063285780872
-0.4597278771160408
-0.40864123309144967
0.16910111843634096
-0.45303153193717988
-0.040803406357799908
-0.26655065725665139
-0.16022187537742194
-0.43454509150275383
-0.26154734201074242
-0.26563815327989759
-0.34698944444812885
-0.34576384617377115
0.11176205486179236
0.18891633126577417
-0.11046946271776066
-0.28200900667818746
-0.031245057615003156
-0.26505536160069859
-0.48394643698230594
0.023001155631593429
-0.10342380836542435
-0.044036834886937798
-0.28152971132906091
-0.36590687051821341
-0.18966889387724573
-0.24774364121391493
-0.082678250003987375
-0.21843880050911105
-0.087368269707797971
-0.44067610300199223
-0.079547459142269142
-0.03079389987699703
-0.099709628662881217
-0.0087788159325811587
-0.47434387380221127
0.055631443013235388
-0.05424738158234263
-0.47785096901045715
0.082989075791789518
0.085747201493553943
0.05698848852465048
-0.16232457641643447
-0.092467366622432046
-0.52503042201460226
-0.61070924456704589
-0.10287187609012423
-0.087878038580483195
-0.19845767275558035
0.017933523067126641
-0.22258650078774117
-0.071961015928437164
-0.36807589149825376
-0.37527637785199269
-0.15881294512193569
0.011627001656399275
-0.080278756673826654
0.028053918914949544
-0.13924245349731554
0.093669704392889117
0.096756265370504371
-0.24557930653448695
-0.025989188091746648
-0.069242758235636762
-0.22413479056996269
-0.32756913634120344
-0.052660161104618332
-0.1434502336312348
-0.10502308163200619
0.085461169728805311
-0.1622551597337894
-0.014436367337219589
0.18624325159414329
-0.14689067711319059
-0.18073141155297795
-0.20569624482939763
-0.019576700255298708
-0.16338879183717436
-0.0070096675607778771
0.049846713922109716
-0.09472829623630212
0.21434438145424986
0.27432512662260461
-0.42753056928515804
-0.034559582757263389
0.077281944505061928
-0.28823358471593474
-0.25048027754613872
-0.24292767390073125
-0.087006377316709363
0.068199974723976806
-0.30820122604784123
-0.26466898806383093
-0.044969332212527836
-0.37512624985755244
0.052185275704842556
0.16619798089288615
0.057686253190542311
-0.034591901545321671
0.24845530304021335
-0.23707919632628638
-0.003817334842007138
-0.090958726879636215
0.10714078333887206
-0.1558584654515387
-0.18978050373931732
0.0077037878235627017
0.041432585815008617
-0.19279960337982999
-0.11849383299076652
-0.075260206253387335
0.087808735478359753
0.020326300138242041
0.061321942655722161
0.1305189397322736
-0.24057024129572485
-0.19241842358121497
-0.33125005396373497
-0.017401118047254006
-0.15189856154515305
0.12484951193483212
0.13046830939725307
-0.070464384477033959
-0.030790631928092376
-0.13060735798519874
0.11660502998378504
-0.06032024749122894
-0.045933457078978744
-0.17290369405278599
0.26792911555106169
-0.09253162844911475
0.15649807683293043
-0.15297096897161899
0.073563046311413902
0.245895678724392
-0.12468448250684935
0.17741189716403993
0.1962204613815047
0.16523691325368919
0.017294383496882403
0.015273365500956778
-0.019928081798819598
0.21087405533055931
-0.089320802843233502
0.18344816417131141
0.17497560591320238
0.11123827092863799
0.1889641921687622
0.29177888052104428
-0.089227733215395885
0.052372250685946663
-0.15705749933685828
-0.065105872483427668
0.34530563523574626
0.25857920990488076
-0.33471731390252679
0.26433909818196899
-0.26269569552678779
0.16327060958482018
0.03489961809438185
0.0060047659436098435
0.20065846560492107
-0.002842435754808169
-0.083847816364151104
-0.12489640549498567
-0.027622781217568233
0.14218944527037114
0.27012485067734049
0.20589133996883818
0.051851589448879833
0.16956532170648178
0.32175680584318023
-0.27657480642895427
0.23742704294559758
0.46506494955622596
0.10743750764805406
0.17121876393313601
0.51404558972036163
0.064337378310023161
0.17765942918918226
0.22078135873870647
-0.12975741892234466
0.09499531078685014
0.087558772662865395
0.28762682379756899
-0.12408739324110873
0.039282376572256264
0.20099131041663321
0.33681657503081647
0.46795087346208114
-0.13976110654722784
-0.027985151820442741
0.014636911727874242
-0.13391031564324332
0.14719663248435641
0.19419137053836583
0.58186848087605136
0.26187118442876661
0.12171791871595083
0.25321851368445414
0.39703550547205296
0.25395522286325062
-0.10683680409775401
0.38828854388210743
0.23756334265652182
0.19038185186121268
-0.1687797148202195
0.40061630627024564
0.090627507274818025
0.35778182652536383
0.50836536708975677
0.1847856333038401
0.20665101442577977
0.23702500816875335
0.47185547115396126
0.13175387783845513
0.30384901639955059
0.15809121281808941
0.27627714504022272
0.35208739304610553
0.28054686338817281
0.21001465111737525
0.49706116259015204
0.24762908593527355
-0.058368067704669756
0.11605353037123406
0.16462602521009861
0.30259682671058685
0.41102919372206503
0.33998068673569909
0.18908231237237075
0.12726334646068982
0.32101552593471333
0.47194955290065693
-0.067981645755361211
0.55262932907750184
-0.014945813111200449
0.33330294655970577
0.38578066971649805
0.3603140372812379
0.46917025208777774
0.34930231056159916
0.038878774271065078
0.34642350149411871
0.29946484820369201
0.48039514558222646
0.34382700533915095
0.17856674512894002
0.2736705894251697
0.19770745254832706
0.24359420766115045
0.3929246031467048
0.3283408727968965
0.52624477000587111
0.39112903192711934
0.22963093220257239
0.43509597658766336
0.42297905317893708
0.10506995408268177
0.42578749207963723
-0.032876041609469872
0.22582290609588343
0.29216949014313859
0.08026411902849849
0.46732067249134868
0.20799539966655833
0.17385867628406151
0.40066408174920976
0.31328881679654719
0.25719254243773465
0.11244003083567418
0.3782907048365925
0.6889691262872093
0.25118215364798013
0.083439627401340463
0.24966185605687846
0.26182355271373237
0.32297938905432377
0.53631043796921674
0.16127270691890858
0.53090367507331115
0.16390286271040688
0.52470274463976774
0.56259390077322302
0.42859125977072571
0.39275135872538652
0.35092152996065884
0.33118611302237994
0.39029185549252776
0.34124009983809778
0.2229205047760956
0.38381457293780985
0.29153966705733636
0.36284492288437842
0.34371450078379917
0.14714760506883143
0.30997339435936483
0.42707435470558647
0.028315821582919128
0.46820352588513492
-0.047708458094767453
0.004352574737233994
0.46655471306499097
-0.038298149273847559
0.28483429350685202
0.49945189043362842
0.43654302220752239
0.6656548879117169
0.68683029028872966
0.4842544146147576
0.33140127340116837
0.61686918725996776
0.56395581203286915
0.52182651421531867
0.20565233358561283
0.16994465996306274
0.27998647624497575
0.25312390214770342
0.36755123349988345
0.29705620524801701
0.22640496987003791
0.50214801392745334
0.20392230224906241
0.39243730799707038
0.30091454730506501
0.60676985053842936
0.16719861319443677
0.32260315012666924
0.34948765935103887
0.34748012726776972
0.2516604537646297
-0.048748116942043784
0.40326742906429686
0.43673387440631029
0.18996621815635045
0.065684307922483351
0.32945225472695994
0.43506502731197977
0.49007157012650365
0.41823220215141249
0.52753007376902183
0.54266494473698246
0.12981188125501997
0.30033110238220695
0.10463815439457441
0.41368738272547778
0.30724240374967116
0.69718245558097625
0.43192700887627289
0.69021496368655433
0.41330746757088449
0.55584960595563204
0.29505676422070976
0.1443762340814615
0.71045125373214657
0.71881350706724023
0.3684937224363049
0.56055741681153637
0.39807590264393061
0.55428809062915629
0.19004569862134521
0.657769435897257
0.88847424610457615
0.64565835779150127
0.65854953966992702
0.34134948227892559
0.47696215155796462
0.57586997017403274
0.41490587725604872
0.5312517472685645
0.62889117672250394
0.63149615514860113
0.5665631547157306
0.56643668588053886
0.62826589322007864
0.32976293888099589
0.5428123702998372
0.66718791427022472
0.21052837396684451
0.51167216129310633
0.92819566782484397
0.64310363921267355
0.53371431105284484
0.77956720544236502
0.58603756324679535
0.73514272535788505
0.49989410979868071
0.40517667988863953
0.66485657708996082
0.85262036988529755
0.46596699716694806
0.82536072562215046
0.59335266783027452
0.65094896630090437
0.57074956450315328
0.6658532658151487
0.75294601947845796
0.53648724192736552
0.69135424951462443
0.52618447850045003
0.46354459962827732
0.56537745249146754
0.48275416085292394
0.5918935353370135
0.54775423015583202
0.52692882633562566
0.61070140815489837
0.80310525911134845
0.54895780206414513
0.71034823452933904
0.50410318366961449
0.52899843697204874
0.49121755873647954
0.80579087535293259
0.63270453959101902
0.63150730400274224
0.71940261395343363
0.6376594882334351
0.23153531838697591
0.7832843883353563
0.83814850324558499
0.61469964735483229
1.0005090867196134
0.42436688320062693
0.63998140249820246
0.59736908590574522
0.67665547031722872
0.5867697366793081
0.5636856470627456
0.45573296543734737
0.77784448278138452
0.79716951984976114
0.53692553246703878
0.85726672397034609
0.60035783131598253
0.79932231213760674
0.6388854678462621
0.63321610131350958
0.62818793238244397
0.58681693063764639
0.79969262841622923
0.95314231212898803
0.61301188215951574
0.63196273961413874
0.56568879474719735
0.71483282879956089
0.79540075618548189
0.81508899726496575
0.59771295898076449
0.56666883059272444
0.33335748049892766
0.91336056729828141
0.42741725953051046
0.64999339827072578
0.76860650161147837
1.1249509934688715
0.70168787102526109
0.74496087541024247
0.91256319143554421
0.65627615484812996
0.79565765217088968
0.73754638661526895
0.84722573505768661
0.81377617165980942
0.26231977085179925
0.38403924236360037
0.74525658429172015
0.92750087722212504
0.81898715416054135
0.70127170305480113
0.54825450547805676
0.904793121204992
0.5371412907116494
1.0223885919287219
0.38365531139356401
0.90352511804458779
0.82221787817465175
0.71897727655094124
0.60065146901882227
0.67203432314870759
0.36938288426478916
0.64716904372366679
0.91514857434926111
0.66227328427692189
0.51069519460644064
0.79322396071693724
1.1023051536195456
0.77588715169049238
0.5847013962144153
0.67195641456894439
0.52251331354997976
0.82254407725230594
0.78655455264971874
0.84264728509461095
0.82723869804331662
0.73253204461246957
0.3223453192265805
0.77730373152224908
1.0544882544585712
0.55573468440500473
0.67094404717853073
0.89459985024781674
0.41835765547687481
0.93761218386740675
0.60441591307812415
0.68452953459987664
0.81383568076270374
1.0375281129970912
1.1099699975649622
0.83694504374739376
0.77095410500616246
0.93913265282653802
0.77455884846723211
1.1524653206029096
0.77459057945801413
0.75770147930493947
0.9201466044324893
0.8525855439428891
0.28273281054730159
0.73065882597497889
0.8693267689307117
0.59790066621457283
0.8790091066333392
0.61936366302323409
1.0069115416295622
0.96267517954862603
0.78592175174883783
0.65560109146752787
0.60021121927284793
1.097845201797788
1.0071858617338934
0.91657352272288795
0.71476078875518578
0.54993400041080354
1.0473286621627311
0.73567746618729923
0.94842417561555703
0.95129524416458544
0.59078029732216419
1.0411027858403752
1.0054578685370843
0.79082755086710399
0.85223477606757836
0.65265385722321534
0.83785308340588804
0.90136359848639502
0.88585065606745295
0.98449876637853884
0.93068575823503907
0.63414548617922251
0.61879976243496837
0.58726981495413244
0.89335007475138939
0.86653325967832406
1.0423318048259413
0.70721490485111305
0.96672432506928097
1.0726756010605112
0.89285571039104616
1.035489373463057
1.1649160417649447
0.81866777875142915
0.96779777272441514
1.2256832514086529
0.95038965719519097
0.79580495913906601
0.88637360191287096
0.75476601449162861
0.95766240335090469
0.77241801741979943
0.93513154390117437
1.0483061815668702
1.0193826436730105
0.92123939387916554
0.90050614296352205
0.90829466100404654
1.057581727544846
1.1280644900266681
0.79161587051429483
0.83216219535024294
0.44146265780870442
0.67551913521626161
0.92786136583247814
1.0628355538799608
0.68116952188704716
1.0551876228611012
0.9157631943262593
1.0067284076966616
0.87520420780061547
0.81177391570258151
0.97421757327475844
1.0447315509012474
0.89857825646821166
0.78242126267024092
0.76497161309978623
1.0229107336996035
0.95276220421388735
1.1749371239540183
1.2549648756500698
0.87673779672683316
0.90683176362873819
0.73882693183324377
0.91195516807997035
0.65642500999559805
1.0442006080944006
1.1055591825213242
0.99623825819200762
0.99887535086392154
0.92362430767805381
1.254649483421761
0.90020694898943077
0.76084571132354584
1.1060095354314388
0.89518701311098559
1.0329658192741378
0.9367070189227118
0.87194286363119089
1.0574469658861601
1.0672212379213666
0.730246199521698
