-1.2053672438897072
-1.1476038146607366
-1.279853689126504
-1.1011078150781906
-0.83632298521526638
-1.0302296577360524
-0.83504787442189488
-1.137281773899359
-1.2163868908444084
-1.3431657263227323
-1.2092556184614613
-1.0404397823846043
-0.86977446696590244
-1.2812946779000967
-0.94911776217339605
-0.9561472812146502
-1.198498675609645
-0.93674636369555087
-0.83142246407266196
-1.0440400781460044
-0.91264183642817442
-1.3741363342399608
-1.0249189623492785
-0.79020029693130722
-1.1030010468167231
-0.92446896862517525
-1.0637437503620188
-0.81011337100194047
-0.68649289723158846
-0.90510957581523588
-0.90391606648095746
-1.0137828831307287
-0.91069160394591986
-1.0187588829939718
-1.0321574615232647
-1.1133042828598909
-1.1547745502215281
-0.95596800404507487
-0.96798556302927641
-0.74879025454231563
-0.95014553406205171
-1.0247587227765211
-1.1478018891569128
-0.96884824639393996
-0.7892504083015045
-1.0112204702758634
-0.83705782659644057
-0.71741652219834828
-1.1840507253088766
-0.8965242653967832
-1.0216281320363327
-1.114376838009095
-0.70762186940785199
-0.96676621439002386
-0.69319403253435707
-0.51119752793356099
-0.93884504587066475
-0.94719512609470324
-0.7414336016265678
-0.76269434049544838
-0.96932502383423225
-0.90148228489925486
-0.80753185432681351
-1.1936799680745556
-0.85992514471546821
-0.7799316464897047
-0.8911085425630606
-0.86787312984433351
-1.0592629583080411
-0.90457785154439918
-0.84784664382516561
-0.6245983770748047
-0.92275956942794379
-1.072968958576588
-1.2070629871386398
-0.93991163532012811
-0.94196895241347744
-0.91640358266822852
-0.77152227554735386
-0.85026210771360677
-0.83829266565178684
-0.44737148540602273
-0.70862358435239969
-0.55159261183952557
-0.90475210785302329
-0.76524814604551228
-0.82455326699155207
-0.92037814921246175
-1.0741951455279488
-1.1443292984758118
-0.77966517949706737
-1.01920523864938
-0.72221885517549567
-0.73598901088251178
-0.83662744199240113
-0.68965634346690563
-0.96593247194044973
-0.78505712495768143
-0.8743445694458879
-0.53854579163334937
-0.68828003970159457
-0.74295145085711822
-0.95543037505276274
-0.78190123080945451
-0.52851787489965674
-0.84081029767423487
-1.1209173033741673
-0.7619602107456126
-1.0304040384546347
-0.78576873007035553
-0.90144196004965893
-0.87821539240558977
-1.1921145595779608
-0.51082781877727546
-0.50033019039282911
-1.0690020029098968
-0.8396168097668153
-0.70229974888412361
-1.1196019910598227
-0.41258535356802339
-0.89985391957066807
-0.87559065438331418
-0.93199004893410997
-0.81637292356989688
-0.59896623792003911
-0.83875884001695677
-0.86408055115496929
-1.1036565173417976
-0.84301372562925625
-0.52153109571461942
-0.55978645468874233
-0.82846853530180486
-0.85666879473272051
-0.73034702925623951
-0.61493236429295273
-0.73824360596329097
-0.49670641732315751
-0.74591491279251121
-0.88526046990539731
-0.74904820832951258
-0.80659182170035926
-0.51489816962727886
-0.82463575766343211
-0.78218476802505543
-0.77425292665328382
-0.96353915015324798
-0.95279930546977476
-0.73763793388485244
-0.57148507114624991
-0.53749959270338765
-0.88175804217837495
-0.63111073178216104
-0.79676899033393345
-0.68921089335716224
-0.41718914540718621
-0.62334595468431342
-0.40244477099670345
-0.30387479295635839
-0.67650663145760637
-0.44624776169095182
-0.51397495473942578
-0.81253984697080961
-0.65159010556990571
-0.83148935136265889
-0.65097099263769054
-0.66159800920938994
-0.52909715630653731
-0.72962308954881738
-0.62757924283455302
-0.68541395607604383
-0.72131020357740827
-0.73942867855149708
-0.4173525965277638
-0.75660464758797663
-0.89497096183556091
-0.71637795210804589
-0.68130329064483508
-0.61765724315378601
-0.49643875742817034
-0.74871704097621261
-0.44041193918877136
-0.43145415000451909
-0.46369717487231282
-0.72625094904256349
-0.63500968028934812
-0.60313246750848148
-0.66364228594630292
-0.70653709870392567
-1.0684201420459405
-0.59500721822339098
-0.53693952189806693
-0.41157301497631199
-0.83734697636351207
-0.7934029461305494
-0.45277591422764457
-0.65400446757702246
-0.57777897492194974
-0.87194917238106728
-0.48519161122040083
-0.97585861291171638
-0.61791958530364199
-0.45645657087430963
-0.76216571017844792
-0.58749372718533799
-0.90226337193632944
-0.48557117909293085
-0.6899508520726032
-0.54452196204023662
-0.71978862334290561
-0.75811359355595342
-0.3719957207548294
-0.61449920668437119
-0.66659533185093034
-0.82925096919988162
-0.61906701218268079
-0.39323076878206165
-0.60450631314745462
-0.64338348313236415
-0.77836680532769242
-0.87856150322780813
-0.55720894996514614
-0.57462957988573948
-0.94959082149707308
-0.59350394856756661
-0.49154456366564953
-0.38354564304924915
-0.58350382015359425
-0.47771091550435407
-0.76911654482732872
-0.52017127047038603
-0.81987210909211772
-0.69739702625801236
-0.44035688339947232
-0.53339442013261262
-0.48280433894214625
-0.70551014676015988
-0.69113760322771511
-0.67532660396117639
-0.70453405462196383
-0.64752215133922453
-0.58190888043226152
-0.18895819747452355
-0.56878481840846418
-0.5597937874620641
-0.49793037856418615
-0.59425392204358896
-0.40944880305587167
-0.5237049242645242
-0.67820001489488024
-0.43323391902534658
-0.66882815503665149
-0.34700663082448618
-0.620736774204102
-0.63462976363249168
-0.67645263737389871
-0.5037456492221406
-0.59200124305548507
-0.53949178047415358
-0.47149620750108884
-0.67078882140292428
-0.32249051634547127
-0.51278399403169261
-0.71672323349397782
-0.40924384017665832
-0.77750755956086004
-0.52891949430037655
-0.48947116530715068
-0.27532938793104361
-0.48505266508748712
-0.42732293025340135
-0.57913329582973272
-0.66191282638342108
-0.27716384286921186
-0.40810827831011171
-0.55598791302748962
-0.57053460591529481
-0.70755433937974399
-0.58181756717501465
-0.48167773394839813
-0.60389287060130492
-0.65088563790254095
-0.3743963902666988
-0.11068558145648841
-0.43858708657511469
-0.401342709754057
-0.35021386401848498
-0.47818291812232488
-0.5438832955808961
0.034235182885175436
-0.4742103325936643
-0.33241422443157292
-0.51611043762165176
-0.60606417907836896
-0.35283677604168301
-0.3409551276553226
-0.20352768413003075
-0.48689375756361325
-0.38199841929170536
-0.77571029921481705
-0.22048703847565793
-0.25529693458104213
-0.57781004338970177
-0.58450977203683574
-0.63327949459255617
0.020656076922582166
-0.38385871579404313
-0.21029954912441523
-0.12266632842815967
-0.25616810611895391
-0.39454135097621751
-0.50436059272246003
-0.63109744106822996
-0.4816543524476638
-0.46138531229688745
-0.16701623301718962
-0.59492080133413483
-0.45861045657459065
-0.23256407506433963
-0.43870383434750498
-0.47343210048881923
-0.40755701883761275
-0.13286543511302787
-0.74234078740093867
-0.44656968521327683
-0.54667374295079019
-0.096432076322948451
-0.5953307926980993
-0.47742324526001761
-0.33265845867513627
-0.26659601660449006
-0.20053782033176909
-0.19954281490559475
-0.30440317756215596
-0.326981563334244
-0.37290239009863263
-0.50739181124871391
-0.32614505792547382
-0.579426411773173
-0.46929702372597959
-0.57495208138845233
-0.42773339476051619
-0.52930652784000942
-0.5719846464508539
-0.42448505375571222
-0.14857811896134882
-0.25857322570912428
-0.35944236236321941
-0.37419652183631763
-0.21844245076751909
-0.34876905341006931
-0.43496389048294448
-0.12915816076648662
-0.24349924495888534
-0.13352929567584382
-0.14070286524108597
-0.29601425855735786
-0.35401825817547
-0.27190821745592997
-0.22565757444109916
-0.024942536187631561
-0.55529226377579799
-0.20081707116219605
-0.16704242143136425
-0.46492089892853838
-0.38318707673478702
-0.30488276346113236
-0.32111718407320944
-0.33641400443330055
-0.41225248058200431
0.0097841713616248337
-0.37030280147823502
-0.33737647466776255
-0.33547628937132706
-0.37154921107329358
-0.31739618083641685
-0.33750912724010818
-0.3160175088081395
-0.32358623802060954
-0.19023650535475181
-0.037722629662603167
-0.2229994639074796
-0.44826933365840083
-0.38346865685493137
0.17120835848897442
-0.43483450325362938
-0.035541486841103843
-0.26208138220728916
-0.14937993506465211
-0.44211542160136874
-0.25591686754007575
-0.26021989743195528
-0.34919250962536158
-0.34446210327745158
0.098858593766672997
0.16879688813782756
-0.1008737277498018
-0.30055967479482515
-0.0062045732716254709
-0.25512385145641625
-0.49528136836446324
0.022969630924016132
-0.095675918467463567
-0.023920307585510409
-0.26932182498159857
-0.37612181837395242
-0.17995841801169249
-0.24691245836408052
-0.084201422366555229
-0.20956956644345762
-0.083021665202137662
-0.45605559194014145
-0.070083534672853012
-0.043112710340714865
-0.096968919386340224
0.012118307125396924
-0.46913112692722225
0.023759622555919811
-0.038704479249560129
-0.48066709318335354
0.087427587405208756
0.077321771590207547
0.043832096501812086
-0.15370481357727336
-0.096954475896794942
-0.49640353001248139
-0.60828488528135372
-0.12291360954538416
-0.085814720082660209
-0.19392528158615599
-0.0086670274552384345
-0.23145612832253254
-0.073583945479537657
-0.34771802704036842
-0.39661945110323138
-0.15943971233100648
0.018174481989752449
-0.096494120942377831
0.0326991196041784
-0.15519081432155285
0.11449748043104017
0.098542162282465456
-0.24269720219296678
-0.030918264570555735
-0.069139371492054638
-0.22303534399812872
-0.30415539413189846
-0.070002643702096037
-0.13642244720486627
-0.10735133073506205
0.078132442723453641
-0.15021720086952067
-0.042607180762665321
0.19828458662598561
-0.14359873501367063
-0.19723536127833083
-0.24007412447119936
-0.023758063300006058
-0.17468719761642079
-0.043863273614308355
0.046196774388057554
-0.081838058094558019
0.21443311365249787
0.24841575675036157
-0.43462972771087161
-0.024594042704186272
0.085022625878014124
-0.26883075386062372
-0.23342006751875385
-0.23399370208374912
-0.06989803455975678
0.078537711230967922
-0.29369422303351678
-0.27734000922320479
-0.064331427558642559
-0.39158137697664974
0.036109759818637274
0.15563506659694071
0.031595962190642354
-0.045462508733310009
0.25230784036689252
-0.25187565674568962
0.011792148124892902
-0.072997575593882244
0.080793629538198644
-0.15020208906220306
-0.16096595394187971
0.011967889058502015
0.031107316307745939
-0.17801065088402318
-0.10904390456946973
-0.063683254760568131
0.11048327311941122
-0.002165327242919728
0.057189962634399197
0.11590265834044326
-0.24164754690013859
-0.19503528037792076
-0.32284464019820175
-0.022934235677719322
-0.15510299040940101
0.12608249986237424
0.13882598216063421
-0.086595972025917956
-0.00094223896838779983
-0.1313080664831833
0.097250342239527263
-0.055367600779151316
-0.052914686168821459
-0.16987663318481819
0.27389546718210056
-0.09727918419709071
0.12401573188299257
-0.16015435863696481
0.079921527375718754
0.24909496199308132
-0.12200151662184235
0.18233924996007686
0.22621591997739821
0.14199693364516908
-0.0019443515139977432
0.026768770531797725
-0.015667665111317394
0.20268439171909694
-0.084027579818661768
0.18042975290901175
0.18322885940626252
0.13328504128748517
0.1656239951308322
0.28864476904537967
-0.046634996794643647
0.042881773886121584
-0.17914938580175624
-0.080769166507765125
0.34140467463224
0.27441963140291675
-0.3294956222681476
0.27749769418662545
-0.26149568730495815
0.15657811581562728
0.018646179018923976
0.0064624789025780728
0.21571247250539857
-0.016497738527295774
-0.088973121703445845
-0.133563012107972
-0.041815151322009726
0.14350528004756702
0.26662349577140604
0.20300924381096566
0.030131747985751214
0.18117629542896097
0.32510328898867558
-0.23917337053124557
0.24275047323703455
0.46848178168188304
0.096631678332895349
0.19071849464451957
0.51478944303062857
0.080972215954384863
0.18032879831875445
0.22470379393412418
-0.10653116546352884
0.096682884976402664
0.094776193466796999
0.30671576932255928
-0.13349585888328455
0.050977981653993663
0.20176362882318732
0.30497212585472355
0.45906356675141025
-0.15064198600891737
-0.0329958935871131
0.009579403240814072
-0.11214745439025728
0.1411225745530591
0.18435645791091401
0.59882650160038775
0.27054627308146728
0.12530843758812571
0.22182167432035022
0.39338823132727302
0.24357624501445507
-0.088043309826762534
0.37519829662533727
0.23701094585746346
0.17818496834677416
-0.1688338263266787
0.40298844463763117
0.10158482591872779
0.37099740370709761
0.52041845174756018
0.17633649194218401
0.21019490570968266
0.23427935655582452
0.47838004180164051
0.12792921043880692
0.31055575916584521
0.15568621624201331
0.28879614147449822
0.36796197060219688
0.27065822491770974
0.21421877443076678
0.50286880875731532
0.25269458104430009
-0.049636363348109454
0.10339674003427328
0.19257122898262424
0.31506993689342316
0.41300096355641541
0.31623046661235726
0.18143135329925553
0.10755996234762272
0.30045557480955631
0.48461033978503459
-0.098922355307667229
0.56738266558394079
-0.0031401071642461358
0.35416025997026679
0.39507602670411235
0.33960746262479663
0.47737236627117363
0.34619287970170376
0.032881591823380511
0.36736714021107303
0.2907663889472773
0.49351476728148103
0.36006123753020319
0.18726249190023234
0.26043921889105326
0.18560903781358465
0.25301796934638981
0.40130641475180667
0.3247092870495068
0.51848980493287333
0.39789666841430565
0.21650094019432675
0.42164623979237648
0.42849481263360828
0.094726754757870499
0.40103135063969331
-0.065815736616957568
0.2243039442118013
0.27256618242224628
0.040307232708449582
0.47069118975364027
0.20922636588216131
0.14928866193291776
0.39477241455707607
0.30641051981907835
0.26120740314087065
0.1166065590471161
0.38571683261235928
0.68676452914187602
0.2527784360828732
0.091024298098522347
0.25036345950746686
0.2809752841036447
0.31427733691804738
0.53053714428673271
0.1896459050234717
0.54693676469582375
0.16846280313595519
0.53377252048536628
0.608653080849207
0.41586791348159247
0.38626582401117587
0.34363464070403787
0.33741885760484291
0.39078776245412017
0.32330302780591835
0.23252495486924357
0.38564865920996527
0.31607596039571412
0.37250737052490712
0.33061642550727782
0.17320862682120861
0.30839561023207318
0.42793857454801931
0.025288923656854465
0.47081437663643116
-0.053984960949799855
0.014948156618462884
0.47362608176241283
-0.033295222464021494
0.3024534921687857
0.51711713491503031
0.43662775374753193
0.67034490364016475
0.67624224271464894
0.50541558211238191
0.32567439546417565
0.62860078067891456
0.57052826230053388
0.53294212233214155
0.20852690352786743
0.14424610283909309
0.26283795740429938
0.27008724669082013
0.39225138687507966
0.27681074986788906
0.23846878352895118
0.50967840137913223
0.20368216989753166
0.40305326342965081
0.30905679560900939
0.61724877126749733
0.17500221398161983
0.33714822116971227
0.31727534593958989
0.35041018633591386
0.24984671053586779
-0.04408175966381217
0.39918302710942399
0.44094743411663101
0.18741955707890967
0.069794475693793587
0.31934779840117333
0.41045397158351893
0.47804918992276763
0.42362643335625938
0.52750060164504697
0.5405376312097171
0.14794076253749633
0.29798933038625219
0.10866552615158998
0.40421467256956173
0.31376124713456954
0.66990783004481791
0.4276041065135005
0.68919780590481505
0.40400646593126538
0.54046096166075042
0.2838342082591549
0.14423811390638663
0.71129274494104877
0.72556041037269081
0.35859592392697759
0.57298088478966558
0.40323033292267207
0.53614685935224615
0.18769561761030182
0.65547695093937253
0.90722738124024338
0.63455525200576379
0.64762392518291456
0.33891948402404359
0.46964806834338035
0.56840237100088886
0.39725155354831759
0.52576685577864646
0.62130558853493201
0.63987634326513587
0.56185169905911625
0.57758851204599049
0.60430182581752334
0.32219057845340493
0.53646662164047521
0.65696937176855041
0.20449927048872715
0.48551590975662012
0.90486863408011509
0.67647848211370187
0.53270032531339151
0.75738807189479496
0.57698401028331148
0.71338672664311698
0.49512510182260339
0.41536855919854981
0.67344484219503054
0.85938380652631507
0.46445973581614197
0.84340638613207697
0.58067602146919173
0.65755834229285415
0.54950309182624091
0.65943719017401892
0.73721105782099916
0.56019066540311502
0.68404093962642842
0.53567786983839771
0.44810601353012791
0.5461523740347789
0.49560654302200791
0.60484839953530045
0.55204184553094415
0.52586629959619857
0.62024418692805672
0.82035696919074752
0.53504902667045995
0.71959498824349311
0.50290912021121692
0.53445701046871263
0.4978576937288941
0.81230733051217918
0.62378424269649113
0.62122136281527329
0.72539330203279517
0.63929548370633682
0.21715529067545322
0.78799800695139111
0.85718114887785435
0.62768226665265014
1.008118208307923
0.43730245196419354
0.63835925955004669
0.5729861903805461
0.66772551127080915
0.5604481617553615
0.55507581551188312
0.44210457129170028
0.76315790608470546
0.79817946833452214
0.53671255915608451
0.85044255273737468
0.60277035964364267
0.81632716260706217
0.62088576537818752
0.64652622779605351
0.64386504715502035
0.59452551098976159
0.80014865040965411
0.96022860398908694
0.6165124304994688
0.6308321637487827
0.55788678719830331
0.70596319325900403
0.8270231039170286
0.80688647590309071
0.60865826348430851
0.58192843569570363
0.34619150217454386
0.91427351522718359
0.38723849925713993
0.64293227409978371
0.75782578282047119
1.1256232295778166
0.69880315156739758
0.73936825784836502
0.91731684492125953
0.66671821372082063
0.79449332633942693
0.74275617086057633
0.86570348898173721
0.83714177529711575
0.25028709091919887
0.39539921048161769
0.74808314866416603
0.93810664165280433
0.81773905386883738
0.71546276427117628
0.5611313140085783
0.89135001395581748
0.52231666434293378
1.0526617209616878
0.39635145606381178
0.86890046413762057
0.82352476016512444
0.7341681844761232
0.57959176469996232
0.65881982424494956
0.38762788156874767
0.64669577712367621
0.9229089132895818
0.65682537269767172
0.51556334274531579
0.79700091350309477
1.0709748486729873
0.78489317629674271
0.57222607477885679
0.63680902190301303
0.51813100593206196
0.79639121533917201
0.78901383504942069
0.82015871101087146
0.83020155869697843
0.75838140466549497
0.32291380739863762
0.80770934358073476
1.0611674863650125
0.57292133678790269
0.68758647814714668
0.89116182470311678
0.39467860270320665
0.92981608875991584
0.59605860841945912
0.72068847539559433
0.81437318714910567
1.0629384955835184
1.1243471616283369
0.8301809837492492
0.7658919949370071
0.93754146611160927
0.77610701304578034
1.1402024757999227
0.73737227526973248
0.78491871597660323
0.91702556341105568
0.84586533857673674
0.27280612882889227
0.73463852782689809
0.84936090593760116
0.6060072745763958
0.88413977026191937
0.61620683691671629
1.0225648191659453
0.95255041685560926
0.78606180863509523
0.67286462291623284
0.59809405234970348
1.0829769171157491
1.0055498495922579
0.91878242969402335
0.72219010591788468
0.56699987164080357
1.0684131287905716
0.74261974968716071
0.95126514741709334
0.96429496592381925
0.5939835945261579
1.0587464686619177
1.0135182911736083
0.81613632335006736
0.82599716421438818
0.65425429946466418
0.84124063115620906
0.90621579077558823
0.88066210717466076
0.97123238421456404
0.92313100213201216
0.64504121434610284
0.6377469763516701
0.5504041574827051
0.87133543775922084
0.86961556914682792
1.0217354667051546
0.70720693534208889
0.95201337675866005
1.0867682979185567
0.8839355197460077
1.0213655652309885
1.1774067689847014
0.81791232874118458
0.96155918762054238
1.2482254600904608
0.9691539612623119
0.79148701318551185
0.90140200577791774
0.74102989109741935
0.98688125593468734
0.74167405628254868
0.9203010022391509
1.0198037814573582
1.0102786072830199
0.91247822885344532
0.90747768654884653
0.9307573785748352
1.0607201728591151
1.1175720750190534
0.7781899887544077
0.82486791995739572
0.44440102477066845
0.68862818257774816
0.92938669190214329
1.0687736243114243
0.69817634606616619
1.0456084475764598
0.91128313990875109
1.0495355973370304
0.85942880591649351
0.82784911903563674
0.99000417389145634
1.0424926134086767
0.91003479201534609
0.78568255587504543
0.75263088810711576
1.0145775627530216
0.93120364843564096
1.1871339070944373
1.2605392865841163
0.88584340098593217
0.89961163301367075
0.73525655461709927
0.91469411117699373
0.65761739527889951
1.0414384941491004
1.1082805677703647
0.98352908470631029
0.99555477263220138
0.91985704511207089
1.2491783208926928
0.89552335893723245
0.76623148938299657
1.1230481781208093
0.88705451672490232
1.0242875297512819
0.91971215362590075
0.89560936922577428
1.0853945245749226
1.0749163684291141
0.71797358573391756
