-0.94428008808315123
-1.2589644974163352
-1.023678842235564
-0.69260551194095699
-1.0748579375850469
-0.93498838160263387
-0.86233152357528431
-0.91678630424227348
-0.80831391264997232
-1.1851363084304505
-1.2157886675265748
-0.86500135762195851
-0.87498395978825882
-0.94988562004677268
-0.93845623806728806
-1.0434653828921967
-1.1490244031938273
-1.2196923323094633
-0.73735987407816428
-0.71081456018031441
-1.1426759572817136
-0.84933984081815339
-1.020416116392578
-0.99570450208790073
-0.78490148556271322
-1.0522088617290621
-1.1152395306626861
-0.96579765037116305
-1.1156757619197468
-0.62315604680275083
-0.74951212179649263
-1.1259186490972204
-1.065254081583799
-1.0215957913234965
-0.75074296062446
-0.75260898102295326
-0.98485205390928243
-0.85467525871788486
-0.67880314519704921
-0.79606650752197272
-1.012978195799864
-0.84948381921956262
-0.77989259586892123
-0.95261573308182745
-1.1719500497017792
-1.3015445679063529
-0.98345462508784109
-0.7450041972831235
-0.4699770641165058
-0.91967760585105451
-0.75865973731062331
-0.9885382988098701
-0.62409089303078724
-1.0183197452293733
-1.0861905097479443
-0.92298175821570072
-0.97728253484327354
-1.135589109969557
-0.79699474614238908
-0.66107045799958108
-0.99078221049316484
-0.61744031192703053
-0.81179049957814953
-1.0328091969228044
-0.83244497738250556
-1.379281408891867
-1.0294448610611515
-0.82828183925364496
-0.37995118855045251
-0.76465762241976942
-0.8549498671202086
-0.68454547920567299
-1.0131802849041296
-1.0483088243573688
-0.8270531775106329
-0.70068918498846011
-0.59809397730132874
-1.0259414351950957
-0.7243683335521377
-0.80142956707021618
-0.8822610964150549
-0.69730222289080113
-0.78246249753077735
-1.0620761322301564
-0.94900770821372316
-0.72624793907488361
-0.81495365505994088
-0.80961978098358167
-0.56042703882014278
-0.78551638882202024
-0.8333503316707076
-0.70224804058919776
-0.98634802577662672
-0.80847798101555812
-1.014974029459923
-0.85860805234941906
-0.4593665504843325
-0.87711396115447715
-0.98301288889595584
-0.49738442781563397
-0.59607070769462511
-0.61013610125899176
-1.0713278562321589
-0.63181276090221883
-0.68946067061367622
-0.94964599963456042
-0.64390152339093687
-0.9482346143741599
-0.71976553731661863
-0.74967338541606332
-1.1032500194697576
-1.3068547989104526
-0.78282235320921134
-0.58267125654421881
-0.74256879107204765
-0.83125650110220894
-0.93466699367695016
-0.66020189901261861
-0.56503732886197633
-0.73430533919963747
-0.61471573092023457
-0.72855248815374307
-0.75343698802774428
-0.47580171901418955
-0.75573798852743024
-0.51150882131917652
-0.61926850526882993
-0.53690809658206595
-0.57938499140081201
-0.65160309013920115
-0.83097001545047433
-0.81299461269950901
-0.54434133029457399
-0.66277969515056301
-0.72165988517507451
-0.65829936673426215
-0.86776987970312469
-0.35348219496599115
-0.47771385568249791
-0.71704039249910112
-0.82743812224032753
-0.94252346909327311
-0.64763943842035421
-0.68413663037687722
-0.75152883143369176
-0.69156736052188017
-0.6273251181088918
-0.56614703841654612
-0.99592705283033944
-0.74373512880719961
-0.55291784915040709
-0.73911948159014351
-0.60475677520066351
-0.99884170861018262
-0.87023174505109835
-0.78753667684371698
-0.75532382081350913
-0.67154202022140219
-0.97336533573983741
-0.62297968530079018
-0.65628298913197647
-0.34461092999280202
-0.64918014872142848
-0.68612072270959668
-0.78130497228520812
-0.89620234864474446
-0.65062338371415529
-0.62013641677126596
-0.96429486897877892
-0.71676695321097783
-0.60491946106693539
-0.56849488142854165
-0.39446441384845249
-0.79430332827537742
-0.66539788402010047
-0.70890571703923944
-0.71155661021893235
-0.49963579924642304
-0.62766583576138535
-0.77674050846803866
-0.45591580981579283
-0.78889524893318563
-0.4490044863997904
-0.61740141928021319
-0.30527714811290219
-0.61735061935960733
-0.47363247525060365
-0.88348648476023994
-0.96163742822841725
-0.66152480839348893
-0.77581972653110265
-0.73883060695309899
-0.82845280670509169
-0.49173653644200194
-0.77482424382820314
-0.71898550408829165
-0.51760586240912609
-0.61793603967289812
-0.85185319282557015
-0.80158449233035023
-0.65282110506423219
-0.33243144593376717
-0.60037835034362197
-0.3569461739698252
-0.63325832089540213
-0.9918302249670613
-0.46994856360650927
-0.67926760912466622
-0.69260466470488291
-0.45694531574325625
-0.82724005106614751
-0.66692211045124794
-0.5941767307908673
-0.3575635772885124
-0.42445818454174761
-0.43882914122706429
-0.76419069703890252
-0.58072590246889588
-0.60706655168835466
-0.50009971428597899
-0.39489082414995119
-0.57912884330710979
-0.55820813968152561
-0.39851120279057822
-0.78054216675253763
-0.71591464102402624
-0.78232876934440987
-0.38528844080473895
-0.24778153713091638
-0.56793543544711311
-0.32989294250303364
-0.61795752520140967
-0.45195674697441596
-0.3952659071945947
-0.31379154687274635
-0.5782769004236149
-0.40452522598646962
-0.70809664726361232
-0.80873954896399014
-0.41265228960676242
-0.40488815571477083
-0.83204410502485859
-0.53553037303348627
-0.16315083972285493
-0.57233168196200568
-0.4519808767679756
-0.58442549843431613
-0.42015937004741838
-0.15784796578725466
-0.61203538971651594
-0.3739422964454745
-0.63242567568850583
-0.47144780509771067
-0.79732736371896407
-0.39989675020161669
-0.48189544830520042
-0.40148627281918275
-0.369014979264358
-0.27508457020758392
-0.40004413902276492
-0.59389073287915073
-0.6649791788443502
-0.33961355890521261
-0.59499003824025498
-0.48255186480290146
-0.77752804065280823
-0.17423401870762739
-0.51582585262961911
-0.40090257561596238
-0.25518261459418873
-0.33604544978088347
-0.49678979150745012
-0.68708086165321258
-0.54980066657952764
-0.4931906874083915
-0.26157607792089493
-0.28852314741872392
-0.56284118833902741
-0.35250489242115229
-0.16003495539359869
-0.13361170058931521
-0.31394053415910583
-0.45479561127920348
-0.37864643225139311
-0.63118009610688453
-0.44370470138927803
-0.39095370699710336
-0.62449306092120327
-0.50149390191985632
-0.39509749640806419
-0.58218407092240188
-0.40543880786830649
-0.67336547824356507
-0.57692423466333687
-0.49890824382857252
-0.58829305839527124
-0.52527771696902192
-0.32388670768160382
-0.6111123528415624
-0.20552111663583678
-0.53186525250891548
-0.24679553315796043
-0.69345410425973952
-0.49843189501597429
-0.37191421727492341
-0.57908070661818745
-0.60939098689355076
-0.25146934226505513
-0.47897254700463771
-0.41335272735644829
-0.55326172238119953
-0.40440356431475338
-0.33132819076522474
0.023255868247602448
-0.19583777507131539
-0.72764577222550209
-0.46881998705466588
-0.53908438827602878
-0.13284886695210618
-0.40050924060530135
-0.13998450041602295
-0.25251226128770932
-0.15158992592639867
-0.37319953674625778
0.096280316449031567
-0.33048582781978297
-0.27713190004608618
-0.31114611357313521
-0.37082633346081512
-0.68778375436737149
-0.41245426139343305
-0.25478816770021356
-0.24262550679289743
-0.53005899117730848
-0.41194352004859719
-0.43800345030811089
-0.51613330924591816
-0.47438905913080603
-0.10012947887990686
-0.29318171800442117
-0.15776967305836181
-0.33514782438471097
-0.51607949367591832
-0.35708253357690234
-0.34085157377017666
-0.11466797913974637
-0.37955822470378264
-0.17123143896154355
0.12421005125167728
-0.22765435900649103
-0.25045841839360794
-0.20498683750706195
-0.19818871010730829
-0.24747178958652369
-0.43071835373185197
0.19892037496251996
-0.53157418328964279
-0.06033104641673559
-0.070305243874896339
-0.45811088824230861
-0.28346953094613753
-0.39705187185266544
-0.50221246777678641
-0.24053678028842615
-0.12454112452106172
-0.12917577281569789
-0.3154364221625881
-0.45357785902879882
-0.011320463487707402
-0.40823186017064433
-0.025388741276019467
-0.18030820797782837
-0.074579823962632644
-0.24659197556036289
-0.34754723055851355
-0.50647526793280573
-0.29808158155789499
-0.55941347541797393
-0.38136598446768838
-0.50198320802516871
-0.22116742605225789
-0.62970793114252044
0.040030880542458125
-0.57407233972527993
-0.37977326459301497
-0.2053474316950045
-0.19934817468782667
-0.091267192532739919
-0.16830297231071384
-0.2224677714908681
-0.16491527556166752
-0.41103447594074971
0.039623062993699977
-0.034164393255452945
-0.029107601708681735
-0.12018284732620774
-0.080763903148471899
-0.033350851378776192
-0.2441035632707225
-0.090842426655142416
-0.1188135067617094
-0.37941880330352401
0.038667505310488438
-0.12433193239322929
-0.29207453987083154
-0.25167895141380014
-0.14417878246947674
-0.069187073986402794
0.40152446873697628
-0.57541839408411133
-0.0919188113072089
-0.47168593182245611
-0.18645225548586083
-0.14669954042234629
0.0095668865811521456
-0.071794439700937254
-0.18680929604649762
-0.35382475162855337
-0.20435322041999709
-0.13554725070055945
-0.21469086438034907
-0.15687224982644635
-0.11632970413583522
-0.23052535845563091
-0.17792876860846091
-0.49522834266588484
-0.019442494069036774
0.29854215435800735
-0.010095873304739503
-0.34048760652271448
-0.19342689540205671
0.090709651262684765
-0.23822750845547466
-0.043986315802867874
-0.2875073671410831
-0.13695971710246224
-0.18355497645014729
-0.2287023748413563
0.085998540655430555
-0.39554320021426315
-0.21435595051162903
-0.20560400708677889
-0.27641977870672563
-0.010210809328075556
-0.23928743066148991
-0.27297926896517172
-0.35237782109784582
-0.21619154280467753
-0.28272617148478341
-0.14750079124792495
-0.40400929912648337
-0.092280970414082814
-0.16328376172012252
-0.238169027986771
-0.18689500872159601
-0.11143551340889266
0.044031219640645956
-0.31866504986899791
-0.016572440605088123
0.3092375226559575
-0.42118266118159581
0.15860240869748854
-0.18094068505784439
-0.3548723028224462
-0.24745170580634895
0.066187899357499427
-0.15574953247396855
-0.34201440423952456
-0.08505497052359122
-0.19623425831604474
-0.16938129989986164
-0.066517417370155971
-0.17686927969579933
-0.13660359583036225
0.21838700564247948
-0.10417437616102802
-0.024542342044181882
-0.33060179531648853
-0.095334695367155914
0.066369219075329319
-0.28768220698804381
0.28579541772375538
-0.062435698770708502
-0.30553326724488877
0.22189769437135687
0.097316243656284857
-0.081379304059248522
0.34177023354776703
-0.089898022022078528
-0.13991806872885984
-0.16299473634673628
-0.13524959303968895
0.0136707216756173
0.10461843869016663
0.081211969333006812
0.021319748491499698
-0.39475483952109963
0.071324792670716855
-0.030519180549836905
0.16691630170421912
0.18761559047555879
0.028179616166103833
-0.034210689523973346
-0.012885608952815486
-0.082401188495424313
-0.31452334927540931
0.0134522980179208
0.32927241010802133
-0.048413120379328982
-0.035405435113088538
-0.14457089334711093
0.21688375252727893
-0.18736271805218166
0.15302925997268108
0.23305598295165533
-0.097373789444108322
-0.062042298566652457
0.062631628392752825
-0.051195280507354876
0.078210978847854967
0.29282248897513252
-0.073904584024102299
0.11823174550732768
0.16811779423365178
0.19070051483910255
0.25241563874341499
0.29341450594273333
-0.0014368961479146634
-0.031085111508882071
0.15585348844886812
0.089757605688696548
-0.18749952211149862
0.28504651031852468
-0.10056433108819467
0.25254469966994864
-0.1318514548441129
-0.051948074663754833
0.036591881740140567
0.22685499722606839
-0.025966468646256621
0.016123613097785969
0.076265649784064901
-0.2524963914871553
0.025201683781690215
0.19731479819696188
-0.1703236990423585
0.18802116075390812
0.07731607227130613
0.31150167761299113
0.48424615961220158
-0.13586524818464837
0.54338178645478674
0.24501879934664494
-0.012617006803984396
0.34484393786289352
0.1946472329416124
0.10024700896639904
0.059272094595172908
0.10767295100236353
0.26499483379380157
0.11659237320901963
-0.082958109295211052
0.012884970010767221
0.30223269672831721
0.0055349086985592754
-0.12008642397442215
0.1891070235900551
0.21431073239011944
0.22198706777239752
0.13981899176702839
0.19375285592582875
0.097580292536276203
-0.021228369314955496
0.15127526602624861
-0.040145354760976915
0.24000402775051963
-0.071858318764383505
0.3068815016564469
0.18244261639652531
0.099130816976311098
0.11040923174171978
0.30002153504259566
0.10114485548046326
0.188116699859918
0.0048519231691035569
0.33137055785019554
0.074931109069830137
0.63504139804802195
0.31124417069218518
-0.061487031869054361
0.12563036560549237
0.17725993719145866
-0.066926868105767146
0.36525701623669005
-0.011605917253468948
0.13868148528032154
0.30973446355491446
0.037753871824203721
0.23140221883492368
0.43278430039324089
0.060669761372796539
0.022465641245730035
0.032213432155873654
0.17873009585666019
0.40361039281981159
0.29250399973500496
0.4906406787687817
0.38543591922859577
0.10397445043378345
0.13471465823976847
0.091336376509506267
0.42994971169205187
0.057282071201058327
0.16817596340829286
0.21774360514178909
0.19205716683199148
0.48090949346806744
0.3272879771740998
0.18839831598172507
0.22985329114480044
0.5296232486614425
0.41254107742354862
0.19104597858608532
0.36431916144664755
-0.0055709188393739785
0.32660814434155166
0.15707532640558852
0.33716295674069258
0.47101396548923635
0.36366023496651456
0.52137488698719048
0.25769609175643154
0.06781936598998406
0.54849061148887268
0.29306804956191773
0.33111225073031025
0.11193932638731262
0.21281037544835499
0.62860317035740576
0.37709334114737908
0.19739665452977453
0.22375072133914573
0.073910941232309554
0.52602259275589358
0.39446088401488372
0.45032383321652286
0.46892124421287584
0.20235282326767565
0.41442423581323473
0.54809631696872863
0.5665636285844603
0.51221719138954502
0.24511084006800096
0.58198660215121434
0.17589364931287765
0.15730311678702513
0.45287517852238346
0.42103579757546689
0.3168768269049359
0.30304417588596055
5.5899194541389821e-05
0.37103488055717093
-0.0084979627361393487
0.15167884444080842
0.47977203173286342
0.5205601382061773
0.50864603252113094
0.33934275244746465
0.26709161044283036
0.41462173948759234
0.11652222897577118
0.19050904986384823
0.43969000396275093
0.22304728786831379
0.44766274443773313
0.24700485960351723
0.37480505205227138
0.42468985059189629
0.37296688140134021
0.16546072734361633
0.44715980617076789
0.29194667820918579
0.22218566407573079
0.37705714581066863
0.17875520908366727
0.45037180834477236
0.31963187732666493
0.3908200709115533
0.58004988966744975
0.46835368692483648
0.17308432957456593
0.34894831603763921
0.55234090142705983
0.30905732163265981
0.092663535052221011
0.63780497845593986
0.17195602653951636
0.40302513166617915
0.48787717760480126
0.50596123633399515
0.35654336181023133
0.55546646452454418
0.71493633639870613
0.37186195222297758
0.22822691512944432
0.19551131802590074
0.66110964521742521
0.40896388290538477
0.25328096805980616
0.42632322351408097
0.84023953950013763
0.36138632264952836
0.74983998235518246
0.47883917780703356
0.59332081850264606
0.2866686346576427
0.51655134894727905
-0.066359004828865059
0.50965482159064313
0.38620947215514623
0.34512750251887941
0.36670190773823602
0.54349366894770113
0.46829047145179481
0.40058014807516851
0.16557818434266103
0.76037169855327968
0.47827780362413669
0.36580978723524976
0.57152768994155101
0.58817574959926255
0.24123217550602166
0.38893378137980467
0.48421825094627757
0.63217794535520677
0.19501105326023715
0.13275265019466889
0.82070862825691604
0.57830839879923379
0.87210008316204368
0.42893212780200107
0.30493415744161079
0.24933443749018322
0.53376692535717984
0.44073016291693828
0.67941618094522915
0.89350837376343362
0.90765024418638607
0.73544874328295051
0.39478424163816916
0.60707360258969634
0.63361545770047589
0.47403342633698298
0.7989956373632302
0.43307179743015839
0.63212569606329849
0.90991055948963395
0.46603714661228629
0.25973954087749207
0.75761633665893657
0.28639199481618366
0.52424919881252408
0.091477001921027729
0.5603296542950712
0.74782193218474213
0.57070003602526698
0.61381243366681748
0.61418738153310704
0.58448504495686227
0.60496223601678456
0.77024063011320065
0.46959915920733258
0.46066100762742718
0.58976963892760281
0.44763456572240473
0.59951742206213909
0.4579564984725733
0.88556878438998277
0.59520019888730635
0.43784532984320812
0.45069591899529043
0.47975008812402331
0.63474910547328756
0.56381981757310173
0.91584908675880217
0.36750677811940458
0.50340711313126185
0.52246795664504486
0.37382277734517677
0.28941529310590569
0.45614839641842964
0.42821527043991453
0.338012951187037
0.79029444432563056
0.67794784734334645
0.62686292687441791
0.68187737356899103
0.8058348849936785
0.39312010304179729
0.5387692695209424
0.23407272513699892
0.46721180251683936
0.76240699528129041
0.49759624820606041
0.54645018939861767
0.79380383757552353
0.54848489884638563
1.0064127175121691
0.52000381547179719
0.54549009482742739
0.68750160817296047
0.48082511059782213
0.67084468753143212
0.54855125951769645
0.8885052923325284
0.55067709661095443
0.64782521730883147
0.5877615198767201
0.87585120569191754
0.66911137428614098
0.76228648478493388
0.28041696109514147
0.69694806498589856
0.80101784509663065
0.30991418765372197
1.0376237552636158
0.45557048634090519
1.1092758457685175
0.50565268325604329
0.64791919199111514
0.84916480826102692
0.65980449771038985
0.79351408332682427
0.60888293914742309
0.90421911126038401
0.82052049722369935
0.61457098484687067
0.91783686146029764
0.94048136325657106
0.73080179315034144
0.51878150416855318
0.76636756176620746
0.53390418101695614
0.61835184294934953
0.64725440942061974
0.64971056060354893
0.5390187337601362
0.41079720832194105
0.65201354217037677
0.6242431397451601
1.0427162414443525
0.78633659206008533
0.44335507023301957
0.5252924759803842
0.68116925468829292
1.1182783900160256
0.63716178241096633
0.80883686898054974
0.70190850152429241
0.71885490705939248
0.82557081381096975
0.52937010601396961
0.77988367257925828
0.67240764415134979
0.75023910149939188
0.70271280310610562
0.99350866963093343
0.48483607862896749
0.92087465660191614
0.29841252420507824
0.59551498893314125
0.75518531445464909
0.85467782144962146
0.45910336792599088
0.80369214909941555
0.67265863888134403
0.80034575332552738
0.66631350745824336
0.90037867394636617
0.7825878042305493
0.66375641765915805
0.81494332924292689
0.8319472077040444
1.043817258654347
0.63579746468898257
0.55188444835097372
0.45117965520500108
0.76409328603954096
0.81874278034051107
0.65336588971633958
0.62793889974199157
0.93551405414369271
1.0130547103971039
0.69174024094639708
1.0051985857474595
0.88510659799914482
0.98282533011011874
1.1353006731390123
0.60429315598484512
0.79242180390762762
0.84070114360374526
0.47621829138236599
0.8976989385850388
0.85945396345825009
0.52163732139703145
1.0114070633339762
1.0188231811087052
0.78936344530204028
0.91831854820834591
1.0632415547851446
1.0676741597450725
0.78111153302101388
0.90181893589386974
0.97000217720707327
0.90917533897421043
0.55786316098448763
0.93449604852801538
0.75787437124871249
0.76540069382455223
0.90628606817793611
0.80052251157301579
0.97149592758106651
1.0120931642113071
0.77985363089847215
0.78703016898241074
1.1524475116920978
0.74010594367197136
0.90802968991241151
0.68798867769039118
0.66827799788564779
0.85027826061624323
0.89610450592168067
1.2639254129129818
1.1266585931120563
0.98445580745341499
0.87354420812207623
0.59195412192046548
1.0015771408206671
0.99777840618905989
0.88462315779387601
1.0497027601914684
0.76487495502819824
0.97782924273851479
1.2023809299609596
0.95707576663224025
0.83294245497943498
0.65786266170177521
0.49111648835585647
0.6859529957234658
0.73049221950090348
0.84392239224784971
0.59309124499531074
0.68856792197777716
0.99336318737557827
1.089322042929658
0.71116746572226874
1.162587810707002
0.97865955110772007
0.75539262920110084
0.85125471555265497
0.87751775056419068
0.73652271093794841
0.54823276239439911
0.83126206966571958
1.0369889278255249
0.90526098383415921
0.53941795011655613
0.86072584801570862
0.98166093807572019
0.84920579634166982
0.85447038057957181
0.9222240459097869
0.95727408409262937
1.2445670781033789
0.80154231851807456
1.37982109033851
0.74907511888003053
0.95082050295106624
1.1054412855955487
0.72687549049318945
0.88390579099656341
0.95754662396185064
1.0797753398026324
0.75296951573148674
1.0353918091553163
0.8810729827469308
1.0149121885088732
0.7214572204477957
1.2663288885253829
1.0115282324410919
1.2983840532400719
1.3201694402872248
0.88395674140504066
1.0339156616088563
0.81483589455619621
0.95155073012307112
1.2024286619363138
1.0327505626439506
1.3376247425774814
1.021972949430042
