-0.8928752776617862
-0.98223958088710794
-0.8569676124937482
-1.2654154244652516
-1.1926142350146796
-1.2388588292870577
-0.93814984312275229
-0.772805944848732
-1.2054587888254653
-1.1360819598401337
-1.0019440526994285
-0.83947769830612273
-0.94591998092648621
-0.99623386334470643
-1.1604932672393964
-1.1698542026192995
-1.1427047396080725
-1.0616293095491918
-1.0233650725814649
-0.96988712257751286
-0.80147899207361251
-0.79968260522856405
-0.70778867105472221
-0.86116005852188515
-1.1413583368298097
-1.0379434009348589
-0.84415367280424547
-0.9133870233722956
-0.8683928457333473
-0.61436928666120405
-0.88544318322054238
-0.93561666789766296
-0.80364349120987877
-0.97798085537466628
-0.69740656690709368
-0.84292479572929402
-0.6543476288365061
-0.93099794803631475
-0.85312235239930567
-0.89708376810673462
-0.83015005896279104
-0.79269439152089671
-0.76015305534594457
-0.98410482147539124
-0.61200098505556366
-0.92738872520427096
-0.61608111050110859
-0.90785717760654827
-0.81477798837867665
-1.1150199673641015
-0.67275552444317077
-0.82099627805961839
-0.95766965936009074
-0.61826550776583633
-0.98787041699600098
-0.79049302888413919
-1.0630960041774604
-1.0286695905939549
-0.73407619815437886
-0.92023711135143504
-0.68020165423874956
-0.65298235347146283
-0.78036067907547646
-1.156410574410129
-0.99593670815841695
-0.76926200091264496
-0.76941913554858743
-0.67690663963199982
-0.80680811897382387
-0.8035533838028811
-0.73170927564370036
-0.64550967054475772
-0.91358628710813572
-0.60906649666020685
-0.66452600388589556
-0.86639575728843987
-0.82489501598521286
-0.80338319437193284
-0.87514409539962634
-1.2664744991872345
-0.66231186529473074
-0.51128119286505103
-1.1636957910554233
-0.82463636752324276
-0.89837123068857072
-0.58429311324995425
-0.6633473566231195
-0.75672693834854976
-0.72085033397601028
-0.53354160676434836
-0.61189165082379149
-0.80977667991955649
-0.95020470400578361
-0.52650273059737962
-1.0872205947744946
-0.92220516423096521
-0.72038389741530517
-0.94431616647591266
-1.0654032785954555
-0.75625835029378097
-0.82355449054319085
-0.81857590098870259
-0.50481391337761472
-0.92752442402846269
-0.76364991967422691
-0.69533557348532171
-1.0498172710018858
-0.76527749110015497
-0.53456295498182582
-0.59675727411061097
-1.049041062400236
-0.76668556929733256
-0.82389235939301286
-0.71034763612098584
-0.68548878599400975
-0.57904123637826699
-0.84210326708002858
-0.89440250655417775
-0.8479140921372107
-1.0029140791589537
-0.93075521961520891
-1.1869186499752518
-0.44232094327563065
-0.89619337525411658
-0.41863626988023656
-0.56363194989285259
-0.82246162553790281
-0.47863762257089576
-0.84505035965699182
-0.65338289519310333
-0.80511154177818767
-0.36047686758144531
-0.59129692619554464
-0.52619517028938345
-1.0588830010761658
-1.018641374639484
-0.68580746151451955
-0.8940656518271296
-0.97682274398985069
-0.69863635643473765
-0.91155849417699064
-0.85166044615757641
-0.88837118483812472
-0.4282827977643241
-0.86365194587356575
-0.61266754713936544
-0.71586107879181904
-0.7917583934091259
-0.77831226228653183
-0.73530621158291132
-0.98294737434715673
-0.53046431505087566
-0.75773715506188233
-0.64570386417203907
-0.93352160938875239
-0.33059898559330769
-0.71341954339216773
-0.73321251680313126
-0.69024883417591287
-0.36007984781173585
-0.45014277102365652
-0.53016122795311849
-0.71061822042740208
-0.68349380683851613
-0.68487735366897207
-0.63085199363738809
-0.57652821836736756
-0.60953179150513481
-0.70403270169965304
-0.53492575056967062
-0.4315054877803855
-0.47028258068512752
-0.72603148794881689
-0.77263578374715702
-0.90450282851768582
-0.26353730197760239
-0.99381505807019666
-0.88811228564604761
-0.43307125555376191
-0.68341414153519287
-0.5711750721964971
-0.82222763689747358
-0.67640016305928774
-0.80210924656318205
-0.92239522804839735
-0.67856734430867394
-0.50534446235200781
-0.35967145099460684
-0.65560292454438218
-0.8070712568584939
-0.30953289435078768
-0.49670093730866272
-0.57515053620466339
-0.37083941218948829
-0.66894516920315494
-0.53941897914383097
-0.60027195790166188
-0.65525520543170401
-0.91522086322602236
-0.47463029133369411
-0.54101841469059331
-0.62265899664030255
-0.43860883002870332
-0.42720490056639282
-0.37976806004328018
-0.5409578526971035
-0.79497960591265571
-0.42819214152881319
-1.0119167705147933
-0.55122905758934426
-0.637147006577094
-0.41854239372544882
-0.52853920864085946
-0.58909031310870796
-0.66080100119996654
-0.70434944281866474
-0.43942752931145462
-0.88491751462353174
-0.73120789448560441
-0.1811783626943691
-0.54901417481407866
-0.83943119998371829
-0.50004689338086861
-0.85122062098909901
-0.50533857102340141
-0.82493564172304557
-0.92273907363390817
-0.42511423211396732
-1.0126089725037994
-0.35205538331113301
-0.52562024070706836
-0.70149775028992123
-0.20900741665086964
-0.55570138700054117
-0.88641959407828663
-0.88097506939852244
-0.57178315234942645
-0.60217742493184567
-0.37756953782744163
-0.34652436326600233
-0.62461686307351549
-0.50075554136989975
-0.39731808900447535
-0.5394033091268825
-0.54968621853383071
-0.23627553085909953
-0.6645713911235609
-0.18734906217000033
-0.49709106178691503
-0.098899222049758498
-0.20708350719609542
-0.37026539173667677
-0.73166007723246962
-0.87289273038395421
-0.72668029943007295
-0.25230183172789317
-0.6086756909593507
-0.58057561760198073
-0.28798691705775364
-0.40917467301623406
-0.76457543545322193
-0.52338374567272428
-0.52302445367655381
-0.27225944405020741
-0.82255920507643399
-0.35393202513963534
-0.46959004007240052
-0.4833113330875089
-0.42709161926116179
-0.46965401124481393
-0.44750517454706462
-0.35452638122781377
-0.22378578116409611
-0.51521041995519268
-0.28359457762023382
-0.23638320293088211
-0.64490284067467774
-0.40191055800027325
-0.47197105164400582
-0.65190044730677188
-0.62374546408926601
-0.56354534990615346
-0.088101881702521506
-0.27240294470053916
-0.52549516093366178
-0.57678830581001805
-0.1139096872233413
-0.47095523223883634
-0.51340697965218884
-0.27598616399537129
-0.6287111042805833
-0.3999794560024314
-0.14827243910205382
-0.34612929968652612
-0.51386603894845861
-0.35543531354717128
-0.57931644201030341
-0.29894541066106556
-0.26348834897000051
-0.67236024606667821
-0.5408280273824918
-0.036544594152194562
-0.50831296490667199
-0.099290219105281255
-0.4643824936977915
-0.5549731722834057
-0.22256239936849548
-0.53076156490723569
-0.37150917489526081
-0.22555486795681229
-0.14632461736866928
-0.4015668283631757
-0.63499728496715102
-0.64359089510537804
-0.43114016487239781
0.011759530345150791
-0.065530982525783904
-0.097655009494814052
-0.60540958146051416
-0.4145815705431215
-0.69739695472720709
-0.19538837018465074
-0.59234432051445018
-0.19169554635073097
-0.22195034557994139
-0.35298488208191037
-0.50185556891423377
-0.47810510527367212
-0.044309113809736227
-0.39513484077290018
-0.31426881804150664
-0.39663720700769606
-0.20025279822689354
-0.41823732271365294
-0.29736604887271123
-0.67398616906956688
-0.40369580506193059
-0.028373108911604716
-0.18084643156710539
-0.45071094367700248
-0.064143473422004646
-0.27198958593714606
0.040134634649715582
-0.071742016856447779
-0.33992248004057929
-0.60563130351825012
-0.32027887498775848
-0.12393013775772757
-0.44410238612844549
-0.25416706501498731
-0.51665231841717507
-0.39675216322016799
-0.59229684316593512
-0.4287634176970424
-0.018194709500384362
-0.29339341858806994
-0.25685442972093836
-0.21215875674728793
-0.3532957338258883
-0.22361391825987936
-0.20455449518216517
-0.059812584709507059
-0.48775349452223299
-0.51700915988813401
-0.2038806874796088
-0.32385370733331265
-0.46561211415257781
-0.58279116305901768
-0.078641582145971264
-0.25781467621490428
-0.11397346885708173
-0.38767722522070958
-0.20502059177959381
-0.18473939418352989
-0.27461202475595248
-0.23860825158351207
-0.33718684294569368
-0.076868190194588751
-0.53547824637101527
-0.41318963588988045
-0.3551219706909684
-0.39207303513847319
-0.4897535774062739
-0.32328126351745345
-0.35236265685232593
-0.27132299347203781
-0.3399515070874618
-0.20473311101064334
-0.56582694607185025
-0.46341609902444109
0.18803165266143898
-0.072098376474954207
0.033276479056584374
-0.35849839847092002
-0.0035768468041995341
-0.20562324149984174
-0.24020897279918282
-0.10848025629678269
-0.24960802878910879
-0.38468731765180464
-0.15783357283215266
-0.15520206713737539
-0.044421489515555801
-0.37380317183788431
-0.23722031405007096
0.20625491114414637
-0.33581723472253294
-0.088236591979070106
-0.44563125592336661
0.13637284508958919
-0.13709717987793238
-0.41510226778144721
-0.1142266326691224
0.0057047217290173233
-0.021259350196856184
-0.12376859406505523
-0.21596798520686447
-0.13648158375147487
-0.277925928207433
-0.15356654049912993
-0.29725048915765945
0.20038708289889506
-0.16409654308775193
-0.17771925001050173
-0.02955392480555305
0.19500433310758511
-0.076766845920545487
-0.31852780746238019
-0.17628460733027493
0.039475739861640706
-0.39638381547834434
-0.59876611245969769
-0.11849693674173829
0.14750603672462023
-0.5171717272848525
-0.23111131574460977
-0.22608393221862005
-0.093012667621807252
-0.31517892989533958
-0.29768357854237582
-0.29681608923005437
-0.30849830564917269
-0.25747187953549694
0.01738209038384711
0.099180550502268067
-0.34665006293168116
-0.032383475170462167
-0.26264346339438926
0.030834250294734362
-0.24483052427372393
-0.23653750348702635
-0.21822857444205931
-0.28863433325517829
0.46006368059250319
-0.15908109871130133
-0.31304121610895708
0.018204978004877963
-0.20137003709468917
0.12869133015705092
0.01806458977885407
-0.032105796100589452
-0.15468033526496103
-0.076498292571720208
0.081614863262670478
-0.19897088176679151
-0.043800329886726802
-0.26112478176828779
0.2377908256549538
-0.045558773573530761
-0.19858990852131833
-0.099513257069270944
0.04101547677349545
-0.058124224348264718
0.031082773734658467
-0.23526573049158767
-0.29440536239357756
-0.27953363107907314
-0.58159437826882865
0.13752446187439751
-0.074202809472328657
-0.16640969254110363
-0.10356438634301024
-0.16003650981667439
-0.087238318319976443
-0.14821209539038155
-0.13727043974074754
0.10255924509454604
0.017898089330076625
-0.35387180574531479
-0.56385583345867762
-0.011140387535421351
-0.27294699458014932
-0.25414178023193884
-0.020668839520387994
-0.027498709435433664
0.10466929847015888
-0.089884472396129109
-0.37571116206044042
0.088384920609542256
-0.40287875129909023
0.18937328517996299
-0.33000682941231174
-0.068533626930210215
-0.20500252308488057
-0.3189521955406262
0.15039607191380053
0.054071743772047792
0.02658890549621
0.18978789489770068
0.07792479616508656
-0.090597335794024819
0.12504727439077093
0.16949541834081594
0.053352158053946122
-0.1368177809458774
0.15844032342373879
0.274020746461695
0.34108974780874607
-0.017899323340155544
0.010565176232030078
-0.12781382821446685
0.25719189575608514
0.013338823365240084
0.15089303463725931
-0.14296981570677639
-0.032167317493401869
0.2356232479032814
0.49960067214416254
-0.1268904334031396
-0.0050946508551347339
-0.05210844146648385
0.29886423512600435
0.23937028200269272
0.10605649974921322
-0.0086718685308065507
0.15092745922806047
-0.072516838854679175
0.098033217364781058
0.01915710360896419
-0.073796738703945319
0.00058306760641409119
0.30857747688631926
0.052073248620431327
0.17766375839078402
0.19175398146500594
-0.021689926006625133
0.32417406465196491
0.028573036992256485
0.22663493765424172
0.10649979785980471
-0.036828312780713607
0.1245279780350393
0.43489578513087573
0.054753685498805604
0.21360433817258109
-0.0982587616832752
0.034788976016467611
0.15573392563623989
-0.027293240261358577
0.11839815858277083
0.27163822349608491
0.078673795475662556
0.047745880502561094
-0.0064341300759745458
0.47639361967029964
0.078429993141419088
0.14471446052600553
0.39136354817282842
0.080419770283376185
0.24010338299049319
0.29468703003390312
0.29882094260875175
0.18747888187720724
0.10136541995557991
0.32989159354583553
0.045341858244442583
0.14560597060644373
0.10037925469735401
0.23684146378069945
0.24517283498033293
0.11678885864175366
0.13417598258436209
-0.0074955564480045358
0.07151438187321521
0.36384351343102511
0.39629946352672951
0.057700494589821072
0.030728914173014217
0.47937037375378178
0.37001954566098028
0.49945801276453355
0.46700148828907256
0.22706810169786407
0.35083510829729941
0.070351664337539713
0.27508083989130006
0.17127258258461023
0.33245253169163369
0.068492861018673079
0.078772437407606671
0.26320003966398148
0.15931858322155246
0.15089567188079597
0.21666052160896035
-0.0020881258889378579
0.31059109444369393
0.15084094200313791
0.60695084999920668
0.25173264899697384
0.29142688880001716
0.34406308728777218
-0.073090487140574895
0.028599720188710681
0.21144976613304042
0.13315326217185147
0.33569712701935023
0.41907657730552855
0.32790011555058207
-0.0051727497085348531
0.11261971934059707
-0.058757552895385708
0.22329063551143008
0.080009396940743133
0.18459797999654334
0.094613165212425826
0.2436179924333623
0.049215943903346673
0.66384113375701281
0.62960609308275839
0.12454907364207425
0.076531344942966734
0.36681003259996475
0.2009511493933083
0.28693152778745429
0.61005241764178997
0.37366355162600567
0.30147522275029165
0.21646180817113683
0.49321807583848709
0.40354084626412806
0.41966727867174752
0.41015730924685551
0.68467366378896233
0.48969715487509008
-0.12453816749846826
0.13174925918975888
0.28947208242623118
0.063750309267265715
-0.078084341837493174
0.16868901806147518
0.50051932906760166
0.29476483962911798
-0.10656197269271443
0.27103527846520387
0.2701571234984908
0.074168151932791318
0.32985190917721358
0.24957020791361681
0.28055969936360459
0.2668171074652812
0.45968815195314133
0.35087778868419295
0.36818871544022175
0.31616116676360251
0.34866021370917244
0.56946745544405031
0.1063228730755246
0.094145089968785539
0.19416728938968777
0.55753941222886627
0.48461206642462523
0.41789498610858833
-0.15481387885489509
0.29240013235210144
0.5643916419728956
0.22643623375137126
0.31358522813982698
0.48613981877088941
0.32736567206550921
0.4312686087063467
0.50404437183558537
0.43386037057498628
0.44338113599072654
0.2225011955150806
0.40374614542976667
0.47915587739697757
0.25451675014137626
0.028363602748794372
0.26499060879080394
0.10137308318664398
0.57743570100438368
0.54221835985432676
0.041914786572524766
0.20903764033083722
0.45327538145115481
0.42733701291208415
0.38157909174212373
0.57203219569484665
0.30172759998105042
0.23409337490330634
0.38859513703518234
0.12057839561997266
0.77466279296462048
0.12408563154976128
0.58097153536639501
0.33869985895850818
0.11907734799246468
0.28378712334660666
0.10198535407898622
0.50424366223438299
0.41573642306580266
0.35462464544121181
0.43156930062444609
0.34766910083437802
0.47362063052610054
0.23165538270548983
0.39081597736163759
0.20581989819715432
0.14689622930430726
0.04245302527113743
0.48391556877274311
0.60071534275467897
0.53427194978999126
0.48194384423894127
0.35888025388580719
0.2474766900042758
0.43376489256726047
0.35408461162315008
0.27699517265194518
0.36369695787083117
0.72914219304704675
0.53900518550849652
0.65048110744076437
0.34970307688704777
0.56067288231562795
0.50879420455241275
0.44675992225231437
0.59363359932176318
0.24247102103027515
0.8199886292917351
0.42735108015631701
0.56061889937937481
0.64748462775878324
0.35135641346762325
0.69723670021169848
0.63411481272027326
0.65308492081940839
0.67705976509535204
0.33195957992798159
0.33165393337879467
0.56432496595015924
0.57362537396933522
0.69706773197192562
0.58467253701066468
0.075132750890866587
0.77975037611993558
0.67199510656645645
0.86549357266756022
0.52369292036435844
0.25575024840809274
0.62632276855431657
0.52028833760614301
0.60350119101657584
0.83344235283223911
0.88928285045598487
0.38050668460799797
0.27788804435514652
0.33922248052928805
0.16971701922766835
0.30112354806031566
0.49698945996180216
0.66832067551754992
0.24281050213848912
0.73202588149745595
0.37651071747150883
0.51703312699098225
0.9232193247510051
0.71011432312914968
0.67568823850785498
0.25507213498596631
0.61523596714434869
0.4881764368397824
0.41084682720260141
0.64721041852194627
0.1062657863873981
0.63670012805981691
0.54423482634062736
0.36533381291846057
0.52175550199745035
0.086374650595854779
0.54646890124308567
0.66497502831954869
0.38780676267524211
0.57445358423600346
0.76935418468153849
0.34367896511426838
0.4053309711662908
0.53685235087773675
0.51719641229402202
0.54999968649911302
0.35613746073388319
0.77716661624647843
0.72856270120072275
0.30980150051249339
0.50554969830585195
0.67183169993605896
0.73258801447602262
0.63458927714531432
0.9523172718880496
0.8113375475882314
1.0962685360051376
0.26164187932503163
0.61216105247562169
0.73300010260388226
0.92644662821902568
0.99556734627715926
0.57667886284561265
0.34713763874047515
1.0629164755743254
0.52308340358999572
0.50574328148873637
0.63107759182318512
0.56580471911158825
1.1260649204816651
0.65090002990995688
0.837792828151251
0.54661760435324591
0.94050670009313253
0.64292253384204701
0.65158954074400044
0.62361375953363118
0.66802613580377956
0.62677779351558249
0.36714126480770115
0.58763295388227343
0.80093023106078842
0.5437808104849341
0.36783229695937042
0.72479210017973672
0.47634549303794649
0.62528114891556563
0.59091000215712441
0.54511154556500208
0.51136080166366504
0.58614304532909445
0.3864730836978329
0.78221888635062387
0.69357853841247408
0.5617556555770522
0.79487838732816318
0.9317357879400795
0.5485654592607796
0.691350366397806
0.32833915369743261
0.69619348521016111
0.78344869207783818
0.7369628894684539
0.86036345271973591
0.89530674726255077
0.54719108089913104
0.75146983280133239
0.716580922632161
0.753558919568588
0.79743685080642046
0.72949321868091788
0.70545020052163199
0.64616663002961561
0.87941360809231905
0.99450815141264026
0.71310110767070722
0.64912154726840765
0.57682027913593081
1.0560890787649544
0.69273377743579889
0.73809639463246268
0.81821092029412845
0.94754726484454077
0.78916885174277407
0.90662326339950239
0.54073738436511276
0.50440620865015739
0.71969903148020342
0.89558075045123842
0.9018094522450304
0.6530259240967341
0.87844439544370412
0.5987391596807432
0.79664243056895223
0.82288718420639362
1.1969009687618699
0.63496387366773377
0.82608459590336858
0.66527147963997868
1.0000649326989466
0.36118385992973184
0.92634464675430184
0.99654411329838943
1.2593815819634615
0.75721239527056139
0.95231456741428278
0.65704314103070915
0.85822367165441937
0.92235427612570531
0.6702026878305325
0.82807531180168403
0.92056717112194486
0.71106251982012336
0.58977308777513404
0.62048655796037755
1.0583752429311624
0.83149676538516903
0.71568130590360479
1.0186017573480779
0.66899754744909889
0.83439774389261201
1.0088949300940768
0.90720997852076102
1.0029379521350594
1.0763161187449681
0.81600248062335445
0.776089745279673
0.6817482315466149
0.73677766892126184
0.51732798640970901
1.1696836524677712
0.64473274729445029
0.89134591068580193
1.1147593016543467
0.8162173833447226
0.58811953157707886
0.69705869804215659
1.1285724525868976
0.75885233521809126
0.92029436552561805
0.89274273939447713
0.52324041132901478
0.63762076971437476
0.8713175954258463
0.81427935833486553
1.114232515874469
0.88879279549699419
0.77468165242542786
0.82069778205527322
0.64863702296213832
0.78235193374768075
0.85778031316344361
0.74543373482826514
0.72377020725018004
0.96008335229413899
0.74239272462672046
1.0025498555448731
0.7847440814932074
0.73505030531300575
0.86294361854738277
0.81964760734635145
1.0690905145312075
0.79788684133221333
0.91194081204540722
0.94897337967294426
0.78835074970875918
0.95110963275977478
0.84101977600753297
0.94922428339119436
1.0404790559426251
0.4091128118823773
0.86664007801869569
0.77383451952528248
0.79548860281791889
0.9144407013836251
1.0952063709557582
1.1513556650782262
0.9239139469026354
0.69080092896502543
0.82193949633705332
0.98319872120117158
0.78913395321850266
0.91408786491175753
1.1572492439502049
0.95773633876114639
1.2678372655923302
1.1143075156770033
0.70302619275595424
0.61108641983603362
1.0809737031058213
0.85158534289978716
0.73549287590228218
0.40250229707124069
0.85222624265657487
0.89328446899335501
1.255773742140633
0.81068611944736857
1.1423684908419065
0.99094929183093672
1.153266834499443
1.0761685423654139
0.94969900243348881
0.84796856041950652
1.2298378069531388
0.91172291069116151
1.0558123708377973
