-0.89506473147886489
-0.98116119316322181
-0.87302905658061913
-1.2690737091830722
-1.1877119013032273
-1.2329675552788477
-0.95027918899128694
-0.77282722414065508
-1.1926019200711042
-1.1338029699846768
-0.99897825752920011
-0.82531009130019062
-0.96628134707127622
-0.98153503488932647
-1.1689800319443135
-1.1676956441637547
-1.141434808899858
-1.0556717410227643
-1.0124429900408756
-0.98197840001721148
-0.78893308558451247
-0.79492786074787691
-0.71320977709598876
-0.85404561218842001
-1.1362446113460583
-1.0388855991205845
-0.83329827859528249
-0.92982819141440298
-0.85981457827782604
-0.61074972476119427
-0.87448848494594511
-0.95451751589524425
-0.83000726866576735
-0.97995534757845948
-0.68766484051440591
-0.85766766785240955
-0.64327386526277663
-0.94115720978673123
-0.82056525384828982
-0.92009321053399495
-0.82700551750843143
-0.79074471716235029
-0.76499072171112303
-0.99735584770038122
-0.60914479857261106
-0.92553268220461626
-0.62753923506767151
-0.90782463203081853
-0.82801024932000478
-1.09358526437161
-0.67715712005320317
-0.84594746699535406
-0.9468891447183363
-0.59880704319673095
-0.9886883646617266
-0.79531209763238075
-1.0682197286080157
-1.0467992455615658
-0.73156974234263639
-0.9246571875040992
-0.69705193349916816
-0.6437469017325308
-0.79245123909656345
-1.1706818858986296
-1.0118473392039926
-0.76337590943438227
-0.76837167711051468
-0.68207243639173676
-0.80008441179244971
-0.79318831506423648
-0.73398569665649593
-0.63862250079651661
-0.91398060518030233
-0.61849331330469903
-0.65734527011828014
-0.88788730122319115
-0.82428122837901319
-0.81499877279529642
-0.89385577082397205
-1.2532408156226809
-0.66175971070313011
-0.52148334976043842
-1.1398055352438403
-0.79660341140145174
-0.89165602918504028
-0.57879404923330913
-0.66429125360432428
-0.76602746238249386
-0.72745769567728913
-0.5597911399261466
-0.58592157430193348
-0.82070304520578408
-0.96628835507698485
-0.52845681408331702
-1.0843785992055481
-0.91639802067498932
-0.73701930816948591
-0.94890370952743264
-1.045641842670642
-0.77004283434508869
-0.84252614184839181
-0.82879450541046795
-0.50063802575245486
-0.91653123126050517
-0.75654818369897148
-0.68447337067339431
-1.0573508858562031
-0.78208078925554025
-0.54183563085136899
-0.58464113852932631
-1.0540980168268654
-0.76976045031373275
-0.79961959457720688
-0.69955351140067423
-0.68968333943667615
-0.5731198140177225
-0.84062482669835303
-0.89537918530963756
-0.85055891945041229
-0.9787995491617375
-0.95625901291605342
-1.1768550868162984
-0.45623742531002209
-0.89880919950160176
-0.40453634750279988
-0.57097876772896095
-0.8257708116479695
-0.46017769600670189
-0.83516175449891106
-0.65777106329007506
-0.79692079859060883
-0.34786883252210576
-0.59251408812066886
-0.50879423676872726
-1.0772306717884945
-1.0331353066364002
-0.66459790810671182
-0.89992185597969165
-0.97868727865632787
-0.69737779508141096
-0.92772210882513073
-0.85293659719941628
-0.8797570366384414
-0.44123577653040352
-0.85500211165480344
-0.61672319370966666
-0.7113849572558737
-0.78920238528733444
-0.77170244482684236
-0.73799457997437934
-0.97709877352848173
-0.52890360482635668
-0.76220658844218458
-0.64237523685561426
-0.92491018228224708
-0.3242480871289371
-0.69589318475872652
-0.73023188835950026
-0.64625646548083593
-0.38806179341874436
-0.4677566496537835
-0.52003821645916193
-0.70376738497971492
-0.6631329067718138
-0.68915193586339119
-0.6300423929886384
-0.56264990518903457
-0.61829964983643604
-0.68854134843181902
-0.51973003903307169
-0.42560670713267768
-0.4968342773738193
-0.71872153506272707
-0.76865365211507419
-0.87181247900425007
-0.26464285929949399
-0.99672927335258332
-0.87047812953728132
-0.42487532810945805
-0.66959958997439994
-0.56536467185761041
-0.80271273656264741
-0.68266946679038876
-0.82227121647949042
-0.90931646540168809
-0.70652247437894056
-0.5203634396539677
-0.33764311413223091
-0.67501440174179672
-0.79439508339640674
-0.29451522280474945
-0.49746981623335201
-0.57031134987096455
-0.37085714192739971
-0.65374065854946706
-0.52127484119013889
-0.58196878565218779
-0.6712959332579006
-0.90690622998764281
-0.46431540237281171
-0.55543187459981092
-0.58466804786982451
-0.4209495481319403
-0.44691836054034456
-0.38027748930482608
-0.54542048437091994
-0.79900922081430936
-0.43208590087046994
-0.99972280559549354
-0.55604217707966275
-0.6281016487235338
-0.421082817528667
-0.54954694477106536
-0.57634683535798248
-0.65989923627474312
-0.70504682206767577
-0.43075266331191442
-0.88811035076794942
-0.75690763178925258
-0.18993789328489896
-0.54770804685358176
-0.80941484795236507
-0.46648550658073568
-0.84859478445850589
-0.50769931910517652
-0.82418189980434953
-0.94453631254599502
-0.41465103816615467
-1.0075725007148677
-0.35845444738138604
-0.5060281461594569
-0.69839985963156404
-0.20560602584093593
-0.56543888507129558
-0.87873576455094893
-0.88232826780944074
-0.57750545204327686
-0.61079368436671
-0.41036071073097985
-0.3657310343579297
-0.63797377846124814
-0.5119607562258901
-0.38664587215798496
-0.53179058170771965
-0.56535059994870829
-0.23545585716574105
-0.68083294658130666
-0.19884697459322287
-0.48878792810589017
-0.10000972493221437
-0.21049242451545336
-0.35357130692758476
-0.74943618434563286
-0.86318541618176836
-0.72152261305438681
-0.24691605711268938
-0.58837666868493066
-0.56121596419106079
-0.26724679295374132
-0.43147399506425654
-0.74961939551567613
-0.51079101244865333
-0.51021439108155797
-0.28703092751293879
-0.80439517617715539
-0.33880879928831126
-0.47758354837992611
-0.48715865304432632
-0.41246856603111071
-0.45044041487103537
-0.46377457933521404
-0.36925830433849671
-0.23142676613628188
-0.50455142161449384
-0.26028077964695268
-0.22538482351285799
-0.64178668703752539
-0.39910989556846255
-0.47398338973800253
-0.6223513099895801
-0.63562435493229974
-0.58518654994796493
-0.058609005826155997
-0.26411335643428469
-0.53830906944329449
-0.58516956780235208
-0.10831002836134128
-0.45912379240979767
-0.52513008772249392
-0.269807973128108
-0.61007026538324616
-0.39644646236124215
-0.15800596020740598
-0.33002163956236291
-0.50993148338377614
-0.36736555688100403
-0.58112997571918479
-0.30624496506673921
-0.27686409727324229
-0.65503381048913656
-0.55010772700963206
-0.053760595955273154
-0.50269875354582161
-0.089781716518452931
-0.48031501916766006
-0.55396962493495672
-0.23234367172768408
-0.53271934405734789
-0.38126111854195832
-0.22205656964635218
-0.15612338506255316
-0.39401544682259321
-0.61900670174186212
-0.67215218057434478
-0.4486086327487015
-0.016500081290946579
-0.064466992304948845
-0.11596938069277518
-0.63571013781682861
-0.43587432009672084
-0.68651548264157536
-0.17866263233994373
-0.56847557975529617
-0.1755704092364582
-0.24052451249999002
-0.34851459463678902
-0.5025508677576882
-0.46719955199471708
-0.070831747373345313
-0.39603027100289268
-0.33608993860935937
-0.3801365895814563
-0.19309446169088387
-0.39164008372175729
-0.30082785640073345
-0.63976579414206702
-0.4068081084791933
-0.0191211918719188
-0.19090548729372267
-0.4466902012474373
-0.076282770148051238
-0.27941256409648746
0.057146364075982559
-0.063965796289042726
-0.33365372877352512
-0.6001219889654128
-0.32928051695658989
-0.10927349114194179
-0.45467592972871335
-0.23246080104867844
-0.49535892734407994
-0.3999862874714683
-0.60703259208115545
-0.42452646266822053
-0.01540276066404715
-0.28994206893381996
-0.26357628086369816
-0.21743975415719485
-0.37347322942981942
-0.23902007235097053
-0.21314165871512081
-0.063866532207428564
-0.49831385814559298
-0.52748171231382357
-0.21161808874966404
-0.32638108236953201
-0.47471529695252235
-0.60499069955042606
-0.075743585764851962
-0.27395946307655139
-0.12943924116768629
-0.40048497402163841
-0.20454345722665887
-0.17285334856674828
-0.27876839749543336
-0.26101061364832795
-0.35067396661358852
-0.074076241133521445
-0.52413830069189682
-0.42621197101061575
-0.34481175013170451
-0.39775731127451047
-0.47765634214060476
-0.34139830466548959
-0.35075179029090697
-0.25736876036911338
-0.33095170434829524
-0.20844377196881675
-0.55142672439515439
-0.45062726852732171
0.18306437825999439
-0.063736783929834923
0.043738730609241376
-0.32122362060520365
-0.0034122425795360531
-0.20449961909725248
-0.22942776686382621
-0.11292683084443887
-0.24878414277043603
-0.37897463676456089
-0.1820906637223535
-0.18032887216220025
-0.046597485251365374
-0.34773816735700352
-0.2330342447969378
0.19921460016671927
-0.33812163307954246
-0.07725657712721018
-0.44461943752658745
0.14827678483198969
-0.1254354975638543
-0.42050814857862046
-0.10423229007168298
-0.0030061004484955079
-0.024331675586692501
-0.11358067450674338
-0.1913455780799389
-0.14211755798590034
-0.30846146371222649
-0.16856592916304883
-0.30753984579869909
0.21122964157514529
-0.19224711498206506
-0.16813913710789688
-0.060967047947264839
0.20813596113536012
-0.064666636516898898
-0.33145389441685652
-0.17591362893648424
0.037315200160772381
-0.39730562401969571
-0.62312130028089796
-0.10777013836022004
0.14377074682723912
-0.54121627908112435
-0.2326255020224578
-0.23851216786419283
-0.080367387683241157
-0.33658896867790006
-0.27642271164547755
-0.28879721252282892
-0.28539192953208703
-0.23387784361777927
0.0032915625332024905
0.090430344144312572
-0.34922437071598744
-0.062909711355843112
-0.26272567204755204
0.03396304935512786
-0.25038651575670279
-0.23935220442622526
-0.19163871366417937
-0.26758522716631844
0.43385795160832097
-0.16088251093151756
-0.30768998620715549
0.015020427649574461
-0.2153062999820872
0.12792178088456305
0.037848289935141173
-0.0017990183963057518
-0.15779831762698321
-0.072734482690860525
0.082888089281426519
-0.19299078951751436
-0.017195176156499504
-0.28347603610122551
0.25537999573810133
-0.09178807970029107
-0.2030484766216126
-0.10756192333957731
0.045601433616106163
-0.039469048057410354
0.03006399784008661
-0.24095115272280435
-0.28057520872193936
-0.31460184527204116
-0.57773680745234035
0.16045747051450335
-0.079086331165006282
-0.17054909212888636
-0.11667746404695013
-0.18484187372631519
-0.091599757637289336
-0.14563605245213898
-0.13984064800453033
0.11047620760775531
-0.018939194460856373
-0.37147031579616735
-0.54002123257985712
-0.020892232154504295
-0.28338087115786892
-0.24721091105187548
-0.023015311375661627
-0.017251807267753209
0.093174044449253451
-0.078175795732907283
-0.38140055716710292
0.099008708393138814
-0.38373899185276583
0.19281622839196022
-0.30492147251032009
-0.087950809300689256
-0.17503186275717589
-0.28299374183287657
0.13930563158462736
0.088639583782516435
0.036859387167768286
0.15812385304184651
0.084348073223771886
-0.091046203372627518
0.12665437197958718
0.16609107925908884
0.079535803995168644
-0.16558954258906489
0.16248592962248762
0.28733274830168692
0.33958599702268411
-0.018925964873542148
0.0098104339508679576
-0.13259930779701959
0.26187454803436694
0.020628920710681349
0.14402055234993966
-0.13339095670806964
-0.044314668215287178
0.24162575086871893
0.46754102868635328
-0.14014801728965748
-0.017047485248933788
-0.069432419425194958
0.28387618695202865
0.22075397896248514
0.11280836900206512
0.003657222624045981
0.1675555388382417
-0.065426527848662236
0.088233702399776584
0.029884998393006068
-0.061546625650804571
0.010347260319201794
0.32174111615075862
0.039910470717713975
0.19094090301959368
0.18179078296813256
-0.020210959419054653
0.33688513647489471
0.028008882321166689
0.22229744763249523
0.11599300044250317
-0.055212132208003376
0.1515044641705583
0.42683435174148643
0.048293231379884893
0.19117216780075963
-0.070566694073368408
0.054115010587864741
0.14655203627897073
-0.049071766464917399
0.14111726504264396
0.29668461762963938
0.075529213227940456
0.056734753708289364
-0.024433822231375815
0.46273841080011002
0.076605120076370881
0.15801531681598011
0.39071832210971441
0.070740942467763787
0.22378651705861433
0.28842741188885879
0.28660906396415575
0.15800509323781065
0.10674190037252287
0.31830569896541983
0.040438952564329132
0.13948805828621871
0.09160733973553066
0.24976174788676714
0.23953416177194833
0.12316376169011152
0.13799099794061304
-0.034151878919645544
0.06218850280363418
0.35532396189457172
0.42093669842466369
0.057682372446146858
0.049383299887722401
0.47542830315347745
0.3462791938627966
0.50532849139268177
0.48574880894256717
0.19773580830767828
0.37227934188877182
0.070014860705964369
0.28036706901671676
0.16582056605216469
0.32385751228246346
0.041799520078491914
0.1026048108075279
0.2501278304310619
0.15197045833534076
0.17277905704107918
0.18858588455239481
0.0075063934062481871
0.30009927151552879
0.1656232106192137
0.60385679585065055
0.21419794194393127
0.28688731136834561
0.34852768622459446
-0.067297230832839575
0.019581859991415766
0.192777922734192
0.15102248425111925
0.33532903442948953
0.41998599738286796
0.32476018276788204
-0.03000761861324722
0.11426960523754366
-0.070713106229380693
0.23009733467850876
0.090129013068652619
0.16908619928589982
0.099561894039565543
0.21385465279020482
0.061903325179281536
0.68545600121682038
0.64997569466454719
0.12733191764197527
0.069310797514303468
0.35891634752085061
0.18590900309846398
0.28237459978867741
0.58129286191934315
0.3989806838829878
0.28398095717463695
0.2263457359604662
0.49166563229414834
0.40513176792099875
0.40561834614808323
0.41252449469039104
0.6988847503307285
0.4986401526634866
-0.12455100710455644
0.09510128159352392
0.27843184517791492
0.049955758979335851
-0.055107847177261318
0.17566610562417173
0.49420701603464262
0.32287933069253949
-0.081727141332825201
0.25004389489955159
0.27067142829213076
0.079055062968136344
0.33868884851289727
0.27139465284466135
0.29545990546346279
0.25370619093779934
0.43775406077850731
0.36146505608647067
0.38311904891067244
0.29666016654024102
0.34471208031384554
0.56393650886789126
0.11162704565177044
0.078761689878511523
0.20648357146202079
0.55719725553073651
0.48547479131953281
0.44729971243872874
-0.15767775859531405
0.30741136573538524
0.55955615922783419
0.23337929111069458
0.31668682551321364
0.48343102646821234
0.3144374744706766
0.43246114862415447
0.50229491413301575
0.43802084020943771
0.42525910951004303
0.24392367181405605
0.40326537973239185
0.48385497126448357
0.25280054512323885
0.03598974217352606
0.24740196935463288
0.10100631296877734
0.57513961304455452
0.56121859206544722
0.02711679496736201
0.19809190714096406
0.4296423810369393
0.44365517206749688
0.3875281448376004
0.57277766796887242
0.29741435063578664
0.24867637978422796
0.36912954285628624
0.1152405071828814
0.77224649874126106
0.11945995632315624
0.57346962088580733
0.3505519704789381
0.1378657541808157
0.3059843328546033
0.13509611946623007
0.50154711374222127
0.43035829875277193
0.34145244402903885
0.42780909862877653
0.36774854888102648
0.47033403538293717
0.24541814688600289
0.39500786567779295
0.22025940353602802
0.13992767505670237
0.062395949641080112
0.48093524217114575
0.63160755109216427
0.54982179135914466
0.50203653992078223
0.38318466628227416
0.23052914618942166
0.43450526109110149
0.35641599707086408
0.28013129678971305
0.37501089610543881
0.73020671448390095
0.55554359289161159
0.67836195229013518
0.3470337222163985
0.55009857054241007
0.51072052444281457
0.47789037180647115
0.59621152999981386
0.25781890479551217
0.82206221058287421
0.4285198083051614
0.57263577001169352
0.68058438099967877
0.36485772804131544
0.67445913588645379
0.64154511601651343
0.63895759283617337
0.6568662618716774
0.33981442747964546
0.32474902418884355
0.59685227605498437
0.56574007363423362
0.69463696773601624
0.56690356166083622
0.070038126216237298
0.77662213761514465
0.64279702265032657
0.88124754602944466
0.52488680336835736
0.25892099053188056
0.62237620396180371
0.52415032248582683
0.5619104734976067
0.83822632750408876
0.87689950846585674
0.39967769161000211
0.27915014134486699
0.32696745562664031
0.16898006170240651
0.3248350707854219
0.508243069268979
0.65399266440878334
0.21535349063307813
0.72272598714918856
0.40794847339424667
0.52768725130143335
0.92670142723683779
0.71412371283130405
0.66197137622291191
0.2258745901159637
0.62590235221448443
0.49521924499578546
0.40519903718090988
0.64195122182884778
0.091286934717415946
0.63547040941269173
0.54793887553268616
0.33494247691059303
0.53506489225464504
0.097432326002309652
0.52841339447514291
0.68143039368976677
0.37668088435741331
0.57203663098357338
0.7695041286050498
0.35031472845728517
0.38772072072777963
0.53088524931191539
0.52938362128041461
0.54865277073229801
0.33869655839314777
0.7882376175167124
0.72943695375863826
0.31593694637427594
0.50621625113337254
0.65277776631123252
0.74008972872229939
0.65561237369862768
0.96849525719952101
0.81509894226489144
1.0951270017591834
0.25018774574280911
0.61341453073785523
0.72925034812149836
0.91990742435750095
1.0163257060590465
0.56303074801732589
0.35735314269998664
1.0777418075353429
0.52667271755373479
0.50165664676443111
0.65672950112994577
0.56822387947537378
1.1311538876594567
0.65296321365916521
0.83762703780984582
0.55311590967203883
0.94949234657713721
0.64443807463141123
0.64458419458031002
0.63995129188140765
0.68531789096012063
0.63997563185392037
0.38831996358195703
0.60386045369523755
0.80123483172130339
0.54379583595356906
0.36070246917774346
0.74570450631026042
0.50525903773866843
0.60890337633485359
0.60457752772816731
0.54837064109078237
0.47863104692658559
0.56850639059452701
0.36702821839199473
0.75864731198836177
0.68332370691520894
0.55902884892367743
0.80613071763193234
0.92378445054642511
0.54278697330962056
0.68033649116390438
0.35366185215682761
0.68026644863683738
0.78126074635832277
0.73063887144284267
0.86307662533090757
0.87302683422436256
0.55413073065325302
0.74816284457598992
0.72604813211531327
0.77054946915104183
0.77491641590209392
0.73933576720684946
0.69676874024630819
0.64402634801477066
0.89416790765909682
0.99974362434397268
0.69052989120249908
0.64230442406359167
0.56886450747746731
1.0505593307717087
0.68251040572809674
0.73717258829072529
0.80390380564892872
0.92720656320403039
0.78880131254704466
0.91826845203289864
0.54420443204884894
0.52026386092925181
0.72326933782346214
0.87834501429917877
0.87075288488915814
0.62869202480011255
0.87619713355034901
0.5988313018742798
0.81643897673593124
0.82434335463921671
1.2032395959553184
0.66645580530674564
0.82719350832036209
0.67426314319391922
1.0096220948363883
0.35963293738985391
0.91390837733178165
0.98414108290774227
1.2590793732356156
0.77356103822773126
0.95461704543858994
0.65853324728330542
0.86491718107059179
0.91423485861980591
0.65645670807050172
0.82930023813562814
0.93486435420976821
0.7193285674345421
0.59103197972453059
0.61268264591705823
1.0479966677257897
0.84658766894083881
0.69688608844934186
1.0084451529582732
0.65176788641071381
0.81263027124339215
1.0296325105804291
0.8861991676320099
1.0134753115736856
1.0761237190392503
0.82784940782271521
0.76247713334318667
0.69265588664698718
0.71020154787831935
0.52032856139233297
1.1926745900076039
0.63607110300734437
0.90309773715820119
1.1345623915583667
0.83444612643298455
0.60127541077000435
0.66344316392991964
1.130943791737417
0.7636895476941068
0.92773690459777303
0.90349011270351665
0.50556898955299767
0.65018368214884936
0.88150004937537763
0.8062898080154054
1.1275954569692563
0.8559683584847263
0.76937610872485518
0.82276070627420061
0.65422240966513201
0.78193912034302149
0.87556997462733688
0.75875635330936175
0.67980071121285657
0.95714365004008883
0.74651054698751396
1.013882439528371
0.78347464831878888
0.73315706203237019
0.88199466386395797
0.82937808264827084
1.0531973896626672
0.78366306560355936
0.92133918604330611
0.95091152322446559
0.78660041858758412
0.9306673395970646
0.85406215924481121
0.95860712509367674
1.0574577094008213
0.41633934565986214
0.86887125935581544
0.77320417689148047
0.8045492514647371
0.90387322303640305
1.1009181773080179
1.1481504367933939
0.91390428420925873
0.69312565571837292
0.80893127007767984
1.0019830102927527
0.79152318530095944
0.91343138686771763
1.148487225301237
0.94417898308429937
1.2575394905592034
1.1175083210276189
0.70403850362045417
0.60338562674031992
1.1011035564027487
0.85792826430463687
0.75045915064393531
0.41603608056832914
0.83909160033636543
0.88657231361865552
1.2387178216826586
0.80119412546501179
1.1390422892632259
0.9883680708627457
1.1574387133167117
1.094559808467483
0.96319557575435166
0.85901689212952492
1.2252724021866146
0.90747174252574814
1.0421462209702643
