-0.76527808657140373
-0.7877004644175849
-1.0925757638052884
-0.77206459429201246
-1.192560383672117
-1.0493088951169853
-0.74666513737198792
-1.1319578045990679
-0.94226493212302731
-1.1133274856086324
-0.9756278823785024
-1.2363667646242158
-0.99744098210138499
-1.1773047723086834
-0.76821920412596612
-1.0445043515875261
-0.95204749603553152
-0.90851541447992756
-0.8570597195735139
-0.72745804394029534
-0.9532067621027519
-1.1034527785899395
-0.95271743933899977
-0.82932517478729184
-0.69295256394070948
-1.1142295766345403
-0.60501697594732851
-1.0503408257285773
-1.0166612752079667
-0.86784117173916453
-1.2269008078078432
-0.56297428624966928
-0.91243149323435568
-0.94391523382332387
-0.99123449767340877
-0.91509854697579485
-1.1058849435132136
-0.88489889200319582
-1.2332608150836784
-1.2279399660528731
-1.0547341424351182
-0.87934811289982129
-0.83713127046431779
-0.87412184848825214
-0.99150159970252683
-1.0555298101830333
-1.0311576954843269
-0.6023068437901723
-0.85371025389235278
-1.1899825939618802
-1.1360784105167365
-0.58735217539158202
-0.71015581410553852
-0.92826668648961363
-0.67568812338272022
-0.74950426996419517
-1.2532507293014223
-0.73385038889398257
-0.86313601519987537
-0.9870228412371792
-0.9150113782632876
-0.93435014954441098
-0.84766442977114254
-0.74432637808690372
-0.85404466688296365
-1.0722144535812719
-0.84864439728880825
-1.0073179094514542
-0.64690377556473488
-0.68766871645557703
-0.78215248833080075
-0.63596564936612354
-0.5654746019598984
-0.86521630817976758
-1.0401657127774759
-0.83719225904432726
-0.51874661571259784
-0.79255453806562581
-1.1534167109387181
-0.67612140887373251
-0.83021800422246383
-0.81452753513547727
-1.0351209369643832
-0.82713392210665637
-0.41756561684284627
-1.0318637610527319
-1.0174508199837251
-1.0100084891191283
-0.7424692106223747
-0.71537583212004785
-0.74356405156663008
-0.67062020333205408
-1.0177549868788671
-0.57510140750320449
-0.35795996357768484
-0.88681510784133932
-0.95023773794783573
-0.65965645850225973
-0.70982731017737433
-1.0574536907890175
-0.72194458088519886
-0.75778941616400541
-0.90566276260712053
-0.8045706370279665
-1.0152096281481842
-0.7389276209738308
-0.72676099593115107
-0.8819359701183993
-0.79300754399980378
-0.73644487933654934
-0.70605758171653221
-0.75990441322908708
-0.64303186424339498
-0.67512802816482431
-0.83212328292437909
-0.81999842275983992
-1.1007275516485615
-0.48833999862105565
-0.50748047994356726
-0.84284276284994974
-0.84290703268346234
-0.86515100214723373
-1.0758009767908814
-0.62363788195148506
-1.1200661591129824
-0.85416982784628614
-0.92098127993787937
-0.58333652420592474
-0.53883810130801868
-0.61873412168256281
-0.70985893922556764
-1.2179558997204925
-0.76588094899318337
-0.55520134336597249
-0.8753275530758986
-0.86774778269706332
-0.90641953526171981
-0.86929258803943321
-1.2266240092064769
-0.43468838557584183
-0.54469491511669488
-0.67894753482280079
-0.66970614592442179
-0.6492117584857453
-0.72564212565977437
-0.94045146661878953
-0.90763969369203168
-0.85959297060318907
-0.30155914157799507
-0.43379556119230567
-0.36942799042454721
-0.51239687715635274
-0.85277227341286677
-0.85492951679950102
-0.80993377502476638
-0.62346943254585341
-0.85117718445364277
-0.72328895220748624
-0.64042777111900662
-0.52435241635414542
-0.62175736054922348
-0.88907160284704145
-0.60032145272530935
-0.86546394922990322
-0.78171644308765842
-0.49317585313055168
-0.50415997137427604
-0.89764419436622955
-0.69069367585521801
-0.41308720548671374
-0.69482273456534327
-0.7687682648251819
-0.73226943583152881
-0.59570410460901158
-0.45927474859298795
-0.61220648762275176
-0.9000667046171491
-0.57209457442864431
-0.92376244047801026
-0.093817480861476357
-0.55789386191111001
-0.83072541727067983
-0.13440721253686738
-0.86020736784321539
-0.82356929261924416
-0.84549212173693045
-0.44076711479723935
-0.61259205029266839
-0.25392052528245229
-0.64603470143778496
-0.6899056193272024
-0.2557806050881104
-0.43320569832839945
-0.57096511777980252
-0.90202412351056571
-0.39662153887884838
-0.80710313178974213
-0.60478811336092297
-0.33024215274956581
-0.65623505119852332
-0.83711049542605498
-0.9064625386002414
-0.4736949175223108
-0.44785824341538755
-0.83147379912248165
-0.73379312475575675
-0.26951190796488672
-0.56551052646699462
-0.78887124520528551
-0.64485448770105724
-0.59746562460291419
-0.5563674091491978
-0.39437608370305866
0.0091033125564505858
-0.42624734579592571
-0.43486175925038367
-0.25121401517429137
-0.59536070640393279
-0.2777300349863786
-0.65987212790260263
-0.34001114560665879
-0.49355036346637604
-0.64959259960987681
-0.45697736613730339
-0.48339849535655932
-0.62824344083245565
-0.34929822458623699
-0.78283661194088328
-0.56826354587886929
-0.30010833980462792
-0.74852264112625833
-1.006840502305409
-0.55968296178073063
-0.43359480749681362
-0.64741496135103493
-0.53508868901374007
-0.58358931200214692
-0.7476835992139016
-0.43330154797920478
-0.49286153031842717
-0.79679924460257923
-0.31565341603772135
-0.32558793635752148
-0.24754026242608732
-0.82572557498325105
-0.55796735366193995
-0.22914489225988033
-0.37901192825139329
-0.76452426304676169
-0.56731960301410278
-0.30260839817573754
-0.4046334038717983
0.061844787705336073
-0.25210359291449025
-0.0093421469280727722
-0.51272197155205579
-0.74350218400063628
-0.19446640699545739
-0.17111442502472504
-0.45892186543379354
-0.18249671032022116
-0.2958448050938719
-0.56826167343210188
-0.48761969628674817
-0.27488224634181269
-0.37756479859752889
-0.43026164794727739
-0.9134869184017147
-0.83046870373514092
-0.68131523422817364
-0.14946010650031907
-1.0526662530848507
-0.12039746806679341
-0.44516080371751005
-0.5049062947831332
-0.32451588701239575
-0.55322296468147381
-0.42950760685375744
-0.19292762944740149
-0.43497910708443138
-0.60113675218165175
-0.28502289977785888
-0.32266683689100611
-0.38304106315375147
-0.45425577317556426
-0.42532989900782381
-0.64032977406649061
-0.33140413639179872
-0.32684684404187681
-0.0066249842533670378
-0.45711379101830452
-0.60271541628320902
-0.63080936897530304
-0.18707075967148334
-0.077634974868273282
-0.54892083197415031
-0.30865127342439364
-0.39774734074253626
-0.57977858305349184
-0.52402436750646753
-0.33696839917679439
-0.56735715641506901
-0.38619892245872012
-0.51941519093724564
-0.13814903956574831
-0.27201101438885128
-0.74490928658157052
-0.52816603182949085
-0.38325976181481541
-0.36568333166682626
-0.76901940180135631
-0.67943037611714563
-0.021818203461304513
-0.41351275830243955
-0.11293064535970018
-0.35988698231891808
-0.20132074719482052
-0.48063479830710698
-0.39216118113365067
-0.31644868553002986
-0.072125324827843645
-0.16092037348421842
-0.071394823599647064
-0.030827156862960468
-0.38740363147669898
-0.36768111920755631
-0.29439281871635997
-0.27372611501467642
-0.59776693931808578
-0.77635603673354081
-0.39076100556287274
-0.25894848246300139
-0.43665611843316648
-0.28178643675251352
-0.41652413386362086
-0.19188741838304035
-0.30077406684638247
-0.31622736497452553
-0.51650859602167898
-0.53787511485449102
-0.46442282859466277
-0.73088653993926822
-0.2478439230851705
-0.5716937710597606
-0.44978663043950906
-0.60804704661382447
-0.50288541444128942
-0.23671842789142705
-0.14703697511291064
-0.37687467772333783
-0.68193778959002549
-0.35196540287656003
-0.24716991607797156
-0.16976751139622515
-0.10575638102963615
-0.33233981777949512
-0.087118444575978393
-0.43555349998563303
-0.31011600072416579
-0.38581057220473641
-0.34186057199742725
-0.39013068148126673
0.028082885973149532
-0.23334419626271435
-0.52414261740623513
-0.24647338369569721
-0.33134550460666534
-0.44725797892160796
-0.17014885167234714
-0.48284221060764992
-0.39991199287337598
-0.23152561324074789
-0.19649525637632764
-0.11843171022054763
-0.2348908612140414
-0.24988989991668253
-0.19911452856738074
-0.14586046772501357
-0.25070766851008819
-0.15750554898860139
-0.034815812229217445
-0.60808941683789508
-0.29195358650026582
-0.11937985193469222
-0.23650950006794957
-0.10661719903478392
-0.23722687774259507
0.019757803275998156
-0.20171512963489577
-0.44172798708273492
0.0001067106816941534
-0.1431954602928544
-0.38878545223092631
-0.24790653555653169
-0.10644578078810331
-0.20422843424456608
-0.15926729803865758
-0.22261513326991003
-0.31032196248930954
0.02798841235144196
-0.23296515301820134
0.035959460573512021
-0.25552927143385518
-0.14712197842254399
-0.1758181182009329
-0.44104879874364261
-0.15293493553851931
-0.044037041075799484
0.027050405343692505
-0.056575698144556125
0.035160145998936757
-0.26321105400389555
-0.030656033306411101
0.011246757726032685
-0.50477529644376373
-0.0024883285281254394
-0.34004368779882121
-0.31431644587530128
-0.010486274396012074
-0.19980315160530079
-0.29912714147319747
0.044125433875310441
-0.41462207503100579
0.30617563050130508
0.061757997615818454
-0.13674030688412103
0.0095658198763663282
-0.17749243962557917
0.086871853403315186
-0.045449537279016329
-0.090445627626086683
-0.68310974429024529
0.037940368279586537
0.091570116183583378
-0.32498129598155984
-0.49191817495225276
-0.21535417365069784
-0.45933898664359857
-0.19773990297824023
-0.26319926020492346
-0.46158320255402296
0.14788675701708845
-0.015425793615238848
-0.18292180727240015
0.24989507122195095
-0.16185456056825692
0.075994522131963962
0.066517263626554732
0.043471669130415419
0.048713141061937935
0.15958089897668254
-0.11501142598584418
-0.18023676687938711
-0.092876690333291573
0.27101637559167507
-0.10443280011605857
0.12959128780472939
0.13394537043507415
-0.10207981987222821
-0.0043343197370082701
0.11506169635560171
-0.24059972494249937
-0.16749849390449836
-0.10642971106945244
-0.21918475829815823
-0.32328613942630291
-0.37067048973408462
0.16636178120510273
-0.048068149926519893
0.10414534698463576
0.12407994440431031
-0.13758718848103491
0.28939053398292003
-0.14617395275981823
-0.22366925776518146
-0.038707291321110858
0.32424767957096823
0.085543413895691117
-0.33733317646464067
0.037468741719856723
-0.022645077511341708
0.14396831369472954
-0.23480953619103651
0.13553595287919534
-0.17831823894266005
-0.072633681178037618
-0.21172995193243327
-0.038255089675049356
-0.39891870917783767
-0.44114339422184046
0.27600038280907147
-0.07689677504633842
0.082220676958397534
0.24284444662106669
0.039780760608513176
0.027588750811498648
0.15806079276271251
-0.23891474448771111
-0.28879013088895267
-0.36366953687940062
-0.16787828104308553
0.081220642247695055
-0.3644735746241245
-0.41552584517436297
-0.042837142276657518
-0.048095052485983926
-0.066996023757779952
0.23560467183939851
-0.2252217450294009
-0.16049979978079928
-0.20721161267891786
0.079871951848925996
0.12078072072229415
-0.10230965743550943
0.031472466202854613
0.081464247144619917
0.061475590606404257
0.095626552207818294
0.14398848435267639
-0.49447684551323956
0.079584755707305679
-0.14880213864880104
0.22694577789724618
0.093586928523244309
0.12257276139218826
0.19067911293605291
-0.27449736038284361
-0.045317138632949595
0.38996807969346708
0.024856042674637743
0.036358818045622562
0.23613999503888988
-0.23826356164396423
-0.059058542982567595
0.032093417425224272
0.17235044112508349
-0.086540259307056333
-0.081269672914072777
-0.040756346324966733
0.070584736248760785
0.27825245273480848
0.38045503661002139
0.32841217713834964
-0.13323004420076592
-0.085135890587151208
-0.25156293139161817
-0.15052625427340546
0.29401055463789033
0.1285544031436413
0.37923776425022693
-0.17727586173036472
-0.31425135034818247
0.13747718984467322
0.014471933806931164
0.13162445852607713
0.044070654511396634
-0.034102878343757442
0.19153101121913363
-0.06522557563332175
0.4303701982057635
0.27045671373243257
0.069704557977619791
0.052891060999005889
0.35105345154279288
-0.068343008821171419
-0.032973263749957675
0.11697443356952415
0.11155163812003085
0.30488479898802168
0.18993621796421359
-0.011267771660090214
0.16235674898297248
0.31452147689576193
0.23382507064608452
0.000117541903209775
0.45049292590577683
0.08594186136353292
0.16789664931191714
0.32593692681778286
0.32786431861627169
0.36761531207282816
0.27376907734024702
0.17322843023756981
0.22921335986797248
0.3246169288038353
0.19336699151788225
0.10562960725885408
0.33437180135173034
-0.056860122994683723
0.073301477513670596
0.085372769386061101
0.57603974799005753
-0.15407859557069437
0.44638782982860148
0.25356508112571402
0.35100959638772328
0.19789815012033501
0.24937817443764412
0.24742237062276715
0.17598549960106644
-0.0036712075503420425
0.26104209466702344
0.038454964120148982
-0.10551633371028379
-0.065058752443627091
0.17168806844663267
0.36072466876857967
-0.06221438304137674
0.31329440446336276
0.14301379402365946
0.31138934629499648
0.073348157028804678
0.10625193347633058
0.32924502722589816
0.037847528211337793
0.13902203420919157
0.53319666383682529
0.45971689225695478
0.30869870052817816
0.0902175437862133
-0.13966705998271869
0.12288039424180369
0.36491115295187654
0.1254765494558194
0.32940411552619497
-0.046449171416866511
0.2375307934739733
0.42032777281986761
0.49028010101357328
0.22525182924719225
0.24170717262185704
0.38671334236208171
0.42084541388455143
0.40814894938916629
0.048965532639750731
0.46745669337558332
0.16141738351920235
0.28900387593339144
0.066551791178006942
0.12548654699641054
0.22068441192954327
0.24783760139561689
0.59319247907755657
0.33191886154906275
0.32933179716102873
0.50389318191521404
0.22380847472146084
0.12080241007982193
0.031342029929207718
0.20797912339732186
0.43078315814713836
0.19928709198082681
0.38035148573535238
0.35109058705450347
0.49820472605952071
0.15044383806031367
0.16394187375848387
0.13253602615971236
0.023052568124467061
0.34776590262170615
0.19102190654240658
0.37980711710505444
-0.20109905982706544
0.67064940034261444
0.71213222091899231
0.25729290097012458
0.4390398411182948
0.3513254315216871
0.27383413854075378
0.30315267791955347
0.528327807729146
0.27144994801299205
0.41782263258010155
-0.065495216561785766
0.11702920473253924
0.45875714610714363
0.3748140893078325
0.26803688295781875
0.3828440457953653
0.65610499928230182
0.4091726101073111
0.72381475306756116
0.21668835529230474
0.32673934638059671
0.50198741725735985
0.75211195269939879
0.28099973241961262
0.40501952432816957
0.36943618762055991
0.32979390039969181
0.31177892297936943
0.57793685364078407
0.14385799218655304
0.62168681834730866
0.4819957091520144
0.41830654972687475
0.59182813992128369
0.24835220683557555
0.25027074906315133
0.45920358714600384
0.54634885371710495
0.29094980316981761
0.52917163024997238
0.33221628214086485
0.54466077542130653
0.44123544570366491
0.59887854079965108
0.31342739330961333
0.56024704811332193
0.27131926191532252
0.26079414224512343
0.38849035763386697
0.15666183038280568
0.74946634341697072
0.37394484076227924
0.12960679224450958
0.6779361045330321
0.44981503519778732
0.31682924757465725
0.30665038927019417
0.57091429162755147
0.51290219524802427
0.41040662066999395
0.63528035890316092
0.6079562743881034
0.56992918627822631
0.4373542706462471
0.083812648071065296
0.31015070251048238
0.69543118066801168
0.29932513772089908
0.29822634067074077
0.49097414689208085
0.27624773420624577
0.42048385947867606
0.64338843975828253
0.20755985080538616
0.57366599385093375
0.61932579572193358
0.5748856631321122
0.56028502105248523
0.52086298822168864
0.28375901347394888
0.51998467725959363
0.61488975994880868
0.33387165846983824
0.38701105820048232
0.73761428818941421
0.46061484806899011
0.63494527847868798
0.59414487217905021
0.78815586099612167
0.75529344400425158
0.56642735703952451
0.28957006308865191
0.71441493798697153
0.38476091848803301
0.36291888970234976
0.60201204428198296
0.23059686083012501
0.41390505888454615
0.22968778227654674
0.41802384476446547
0.46572913288737799
0.48280895864855378
0.39354855960105251
0.69728311762350292
0.44189057373413704
0.42612008179253796
0.37766118935472837
0.15419181815733299
0.41334116736433296
0.80075631606719455
0.75200165864754276
0.54227688270064733
0.48292272333644787
0.83221233172294096
0.86960555128731221
0.34608367346058105
0.46357576820352747
0.68207097873045741
0.32613871114621096
0.44934335145269727
1.033853032221437
0.75739667296230317
0.79315150832735282
0.64950448096295155
0.39895549741289216
0.56307117889520464
0.47248692979247142
0.7334401926695755
0.77751492394553712
0.35485661542409092
0.67381752400003991
0.35262270466953965
0.37329339996714694
0.51153328504184681
1.0507041668776023
0.80915165004260792
0.25521161715263102
0.93451539530590189
0.84973170080761784
0.69801951825181985
0.51497962321806723
0.47238326455911162
0.65635927995103349
0.66828709500562433
0.44420862041422138
0.28497325280440933
0.45387507598110649
0.88442534349643909
0.66494218972202745
0.80717500033696854
0.7434310249434456
0.64660434762456021
0.38665441591878641
0.92466827100744253
0.25696635379908073
0.6160841666045529
0.49675731054719013
0.61095761135323956
0.8162980456623945
0.63734758007552905
0.81811457066859417
0.80804167397688698
1.0453311163794434
0.77624093851160081
0.61718170001308714
0.25235713002282678
0.80525620961914868
0.77100855075575458
0.62902194262004307
0.62249620348913848
0.54025188534615853
0.76182537109319493
0.68351122992763658
0.85715531092226382
0.94611381481551815
0.57701358780419776
0.65137684343503877
0.71641016504661892
0.64961511478913891
0.74804337854623948
0.66322249218580032
0.64539001791053585
0.65146002848081708
0.68713059643245411
0.6592873138856159
0.53354576495841144
0.70788757509268552
0.78154904765117583
0.64138852456545659
0.53584223716334245
0.84521255508748439
0.82122099645809954
0.99800734643621192
0.59777575642472713
0.38579580243615441
0.50317309977335123
0.5723192156996586
0.6012993469547856
0.71591321464790159
0.18987505639467556
0.8512521234059498
0.61284715673752788
0.74533845078031857
0.56761611408610513
0.98282734672295624
0.79185825256235087
0.54575251047781104
0.48971385665306949
0.63168172417660096
0.65664017618730774
0.73949354690918168
0.58254409131781959
0.5139344312683789
0.88198423673645798
1.0159658639668376
0.82636965933952955
0.90840453220855655
0.54244996652710997
0.87412740508553455
0.78035453222590678
0.87895616086620099
0.71513345598577893
0.85177923074712814
0.86368775851405111
0.96762149317707635
0.66923509033806772
0.94719159045679968
0.71920327585084765
0.9979197208881464
0.40571675602798757
0.71692142844883655
0.47701048837216126
0.52817937046194785
0.80190829818625087
0.79764140064171984
1.0182734613163074
0.90089909261450907
1.0320266106113478
0.92150874734651211
0.62667441524265566
0.62696801945949454
0.64953656245724878
1.0821732212970161
0.9317695770475557
1.0395877100775028
0.44995757886878313
0.92976553027883557
0.94625845176166135
0.80185899278388373
1.0721466953175889
0.92555116843933838
0.67763204140762046
0.68987162230506094
0.8760811613524373
1.241371761777756
0.68738323994364892
0.71391311051123663
0.73937828312683285
0.81876420713204134
0.68894194685628551
0.65356176821221323
0.90081558148756768
0.43277459926451906
0.70595365701699409
0.6519674868090849
0.95484967974656598
0.79776508130992818
0.81546950109109662
0.791693146815862
0.46949090624428386
0.81971503493485254
0.96905454905836808
1.0001374375996981
1.1470004726847991
0.8211567202903145
1.1132757239818152
0.9410575602677802
0.46829227705762938
0.98734736660347755
1.0235779323727234
1.0501734958037112
0.73715229507681224
0.90273296056636942
0.94575276005798692
0.77392514307469862
0.75259048615765589
0.65604129242433817
0.80883148616308997
1.2969043790938664
0.82357464097336097
0.76130807191412342
0.72197450962714593
0.93412140063285654
0.49770847711527438
0.97797927538435958
1.3929620792771942
0.99297337918171524
0.92565628399513744
1.1965574474993312
0.91945129565430561
0.70408094354865436
0.62560762978022089
0.97159879120938897
1.1581929925243073
1.278885399301352
0.79136053286780805
0.73194549198502412
0.70207983129550711
0.99916301711650579
0.69517246019298606
0.88444813073241069
0.75784298429921793
0.6611529248928546
0.84490888447719759
0.89218114352524069
0.91447659171900209
0.92867078950469262
0.99773569325494926
0.95737545267313062
0.82257816059360167
1.0759433679745123
0.8156102121568618
1.2404261540381765
0.74471583055182689
1.0874993091619007
0.6690740567100576
0.99968944408727101
0.95192012624111122
0.69930099433868342
1.0672452455993866
0.83039787139884813
0.86908467909253106
1.097324739273565
0.84268008331558086
1.2314042247960628
0.89958473989463195
0.62624502940991578
