-0.89424063044229229
-0.97676354517573627
-0.85042328337036444
-1.2548366808520706
-1.1858786832414276
-1.2306322415505324
-0.92737047508787951
-0.75717959151187586
-1.1949415191285544
-1.1529668605905881
-1.0165284714435916
-0.83825602069195226
-0.96698695200890761
-0.97713830161853676
-1.1514383822413778
-1.1523929210414219
-1.1665917995602968
-1.04753959713344
-1.0131702034482839
-0.98013213697847035
-0.78388988285961547
-0.79223387414127977
-0.71003344916764677
-0.88076898450922025
-1.120193438635126
-1.0158618826434491
-0.8362370100779094
-0.90254474278237562
-0.88531830259084932
-0.62142100900385344
-0.87397160035588006
-0.95168738803891806
-0.82870752626868682
-0.97551532274014252
-0.69840697924549344
-0.84910392807283175
-0.63406291549041338
-0.92982013271082797
-0.85381366825583105
-0.90431810793425804
-0.82546415306338883
-0.77945963439080446
-0.77769532936776686
-1.0108895927595734
-0.61128880878262215
-0.93296176613738291
-0.64091429108012954
-0.92914650382259911
-0.84495024205238045
-1.1002709935692268
-0.66406415182698975
-0.8495696482094357
-0.95010592727702048
-0.6249172967469957
-0.97857085199746308
-0.80768199081147263
-1.0678912674987591
-1.0187726313909931
-0.73725389968444244
-0.94103827378751037
-0.7022743889787626
-0.67165861855867104
-0.79314212242547444
-1.1762831590076093
-1.005108438623868
-0.75733607320085361
-0.78298470631688044
-0.67459699657825434
-0.79495307910510249
-0.82510858642651808
-0.72759166450804003
-0.63913585112001903
-0.89064169465873011
-0.60182045974701159
-0.67646627254234404
-0.87625462722335623
-0.80391820510089129
-0.81728311875272686
-0.86386243501945614
-1.2598272302018674
-0.65002434115168339
-0.52909609511030453
-1.1716847038248543
-0.81430948691716121
-0.89253438445604727
-0.58617085030784954
-0.64516114633392552
-0.73289298574217954
-0.72961403996427177
-0.55721952392620899
-0.62385987709568191
-0.82050038457022711
-0.9529353253396432
-0.51596991155768679
-1.0914020081937499
-0.90688469205195565
-0.74747128892942871
-0.94692817199864432
-1.0400134773346599
-0.74446721916070202
-0.86550520959229449
-0.81092081113597736
-0.50946458083493729
-0.91933702070698198
-0.76758415394161128
-0.67532213097067995
-1.0482504687812906
-0.76853031870179189
-0.56075339244231903
-0.60172125068302451
-1.031176267759699
-0.7662582262659583
-0.83527673856341988
-0.69703467205455505
-0.68353720220813141
-0.56968464307537747
-0.82842567950360868
-0.88353404776674471
-0.86283808236040338
-0.98512139789977804
-0.95700871983080471
-1.1776236327206955
-0.45514553185999224
-0.9001409679892558
-0.42032386464750715
-0.56951506868779178
-0.82407116324252727
-0.49437220541383503
-0.8613009437963407
-0.70149486857038668
-0.79100005440418619
-0.35936435564823771
-0.60726986471320921
-0.51766211609595647
-1.0816855709622828
-1.0163586058668315
-0.66009028537054626
-0.89876978671629559
-0.98279136015149871
-0.69598723190477552
-0.91053319167806512
-0.87564409056974168
-0.88075472466662608
-0.44954983386599284
-0.86660539727369623
-0.58872716496855604
-0.71361775235772917
-0.7957140348015711
-0.77153072213110829
-0.72973865875483501
-0.98211404975646222
-0.50648257496747873
-0.75018783428006786
-0.64772534166946394
-0.944906461993132
-0.31788172302212214
-0.71647034622506445
-0.72788001941926439
-0.66165722273216587
-0.37165949497491046
-0.48216611593004738
-0.52293619524720103
-0.72421099452381055
-0.66007228658783468
-0.67250372484440191
-0.61663161701027669
-0.59947788717807382
-0.61811569580003611
-0.72123325612916966
-0.52761248021382956
-0.42630572148775875
-0.48612736135301021
-0.71193470456683994
-0.76010160371916757
-0.88100326646917926
-0.26818536045333696
-1.0004772999891745
-0.88241151330167789
-0.41731752428581625
-0.68978966256573615
-0.55816609260363947
-0.80577366927945848
-0.68195100893396876
-0.80945604873414589
-0.90552461957998365
-0.69172535424162807
-0.50953349656901248
-0.36241741650197706
-0.66397492552935611
-0.80929031084915548
-0.29718417846764311
-0.4845017612903646
-0.57363981470922842
-0.36189147367033131
-0.65587771859482535
-0.5184376885635732
-0.60596782702720775
-0.66406440483076445
-0.91629474757125673
-0.48097494617292252
-0.54028569801216741
-0.59739608438971814
-0.43983078200579284
-0.43599850750862612
-0.38826726460573002
-0.53495514698214686
-0.80544936107167464
-0.42514266110474108
-1.0244571925845414
-0.57195615035691005
-0.63876510493873784
-0.41874785440964413
-0.53962316013239275
-0.58995768698969009
-0.66021532730950405
-0.69906143785201513
-0.41466334944697258
-0.87965984498097338
-0.75580693722886594
-0.20214200320166797
-0.56483482035104504
-0.83708173778923867
-0.47977596028326674
-0.84325963769032541
-0.51455462048078149
-0.80550680770399075
-0.91608075770087771
-0.41847681301798917
-0.99114304239509732
-0.35004816300140301
-0.53321758446228817
-0.70867633390474771
-0.21232866522445273
-0.57914646235683009
-0.88276223123764397
-0.88159012007117388
-0.57881176279208468
-0.60142176130611458
-0.3945527765694663
-0.34734811348507388
-0.60568692163904347
-0.49156337418949098
-0.4032900480795174
-0.54107328052029435
-0.53869053093306529
-0.22670720199754754
-0.66686149539579331
-0.19599607640213729
-0.4942523850551907
-0.09178743445566484
-0.22509176432473738
-0.38256946827588323
-0.74112744917154538
-0.88173365979680873
-0.72929385265836577
-0.24194088058298641
-0.59855871444028441
-0.56571024446902096
-0.25290264587658223
-0.41247786421219651
-0.75801556687257476
-0.5167507301597023
-0.5152648450108881
-0.27346556494154167
-0.80953184364887654
-0.33715584193938525
-0.47690582877729221
-0.49472655932026227
-0.42617880317780549
-0.45536896377587882
-0.45219893695070934
-0.36624899235538433
-0.22461268091645953
-0.49977215708989625
-0.25410873963941755
-0.23897649547058802
-0.62520453719794122
-0.41253679787818104
-0.47532988449023156
-0.65542066663045762
-0.62669876339884645
-0.55890132414676008
-0.090797959554569388
-0.28050408682842293
-0.53223666997925634
-0.57182426522997987
-0.13219559592973812
-0.47158537875325801
-0.52086524048031857
-0.27889116566740046
-0.60890916781635207
-0.40061654621028153
-0.14802531510660938
-0.3151129665859857
-0.51080319046902445
-0.35337391993762568
-0.58650444442585747
-0.30587192884439207
-0.2630385160760369
-0.664704690591994
-0.54714746039814455
-0.064805334055337185
-0.50618356584478019
-0.092459683106201895
-0.50256344444393752
-0.55248037695358532
-0.25062071612824005
-0.533205467049363
-0.38944492335099851
-0.23793173415104729
-0.16485480081135026
-0.40300433147251197
-0.65728578903571244
-0.64888923234893425
-0.44860930994253034
-0.0096889263951772213
-0.069266794729893028
-0.11742697651512791
-0.60597045672754379
-0.42465660267400984
-0.67588523785486732
-0.18693322895171621
-0.5748138233055512
-0.16074393294716818
-0.25433003889923406
-0.35085202111794084
-0.51601970885113957
-0.45830623230816531
-0.060310581587626207
-0.40612719104876049
-0.30487132836965142
-0.37643041347265699
-0.20395235457022756
-0.39193057979141505
-0.3073136218157112
-0.66187476609455287
-0.39733114827080807
-0.0025476017018875707
-0.17519800202953856
-0.43757193046056725
-0.058811887135190546
-0.273185308396522
0.038553879709176654
-0.061074206522124565
-0.32727090980918344
-0.62120225984692412
-0.32513806490648034
-0.10753496916524477
-0.44807080521930037
-0.25893730241616814
-0.52978700585805183
-0.40888501124211402
-0.58771265401902606
-0.39551026340281537
-0.039147031666084735
-0.30098284080581822
-0.25712941580605342
-0.19833572366077698
-0.35750677504171346
-0.24287404617794611
-0.19974740142465469
-0.075761912729361655
-0.48196345695476311
-0.52770228309718481
-0.20909877736121546
-0.29119419579537204
-0.49609791303612988
-0.61064881248488601
-0.070087703145383706
-0.25414935329107435
-0.12858855596936553
-0.37959416081104957
-0.20399869718918248
-0.15376102744793324
-0.25844654817004165
-0.2697724733969048
-0.32611869269970395
-0.055101758760599417
-0.53760669466893207
-0.4178515054729523
-0.33906145425736528
-0.3627088772728963
-0.48034706833481816
-0.34353612423680119
-0.35275679195525322
-0.27666191986623984
-0.35871671685321077
-0.21921024743513409
-0.54843238801524619
-0.45988823485077385
0.2063741007415299
-0.071096979729077331
0.038213820525432846
-0.36539057785198842
0.0037904070810088715
-0.18959779955866105
-0.21926378672431393
-0.10802880354982637
-0.26953828121546158
-0.37330130871306139
-0.16632627176752188
-0.14884752420123484
-0.061602518391558239
-0.34469275305557617
-0.23970257130940217
0.1672636097948145
-0.33701614090703996
-0.076619094496074458
-0.46173299513071209
0.16212202957407046
-0.13578141828886434
-0.40591722653766921
-0.095409560495496731
-0.0045243197023975305
-0.018045150608810432
-0.12291395540319129
-0.18124180496627082
-0.12951115968076043
-0.2863537270515838
-0.14908701799788174
-0.26540739840350625
0.20442103489108276
-0.1876615250713827
-0.16258683722309805
-0.052051441983749884
0.21070113221423181
-0.05578037978469965
-0.30937901045990057
-0.17076723948477496
0.038776512571042802
-0.40166642146216675
-0.60247553841186285
-0.12676394409227051
0.14901921784466396
-0.5207736609863951
-0.23829880323765762
-0.25832365850014383
-0.091955167066749513
-0.34989598591186177
-0.31169559204387054
-0.2976910002583682
-0.27436866691941969
-0.24100817345311026
0.015314285152266934
0.081624671074546587
-0.35547757331890006
-0.049423991501687685
-0.25364003356670439
0.045374797181246124
-0.24697138486871573
-0.2230756170592075
-0.21685183897010848
-0.2562253756732692
0.44686768140887428
-0.16488920213608735
-0.29747290264948589
-0.001517336150312801
-0.21034445430567889
0.13769502241729489
0.030506013785749367
-0.042241743695543774
-0.14299989195515136
-0.094028540521979592
0.092177609101785421
-0.20548651440894555
-0.027540028004073874
-0.25778225722865766
0.22835605263092926
-0.060107606460810814
-0.19716785984204299
-0.10775451799999926
0.029446599337189242
-0.056602090693014667
0.029646467497862761
-0.2187783565789625
-0.24513518057610814
-0.28267098225474457
-0.57340119740093243
0.14148605952213703
-0.069995211406010283
-0.16932866269505939
-0.10582490877141483
-0.17500323071158799
-0.08850354874463788
-0.16303315801840329
-0.13890223245389771
0.11665860731759282
0.0059242921096087746
-0.36353217615579336
-0.559994304804173
-0.03532671862444664
-0.28972053979669798
-0.25794452281227154
-0.030588432686078863
-0.047966940806891685
0.10163665221112206
-0.092999832797138929
-0.38681478056951046
0.10787093563834109
-0.41525716651405431
0.1981867011928585
-0.33506393977887172
-0.07588812857554432
-0.18056260998660759
-0.29715462072001186
0.13808685445376875
0.07330161056295012
0.031537776191911775
0.17331842748881077
0.0874211864821971
-0.084066945686130448
0.13398249568909756
0.17882527101265006
0.048975939024650708
-0.15830721076103921
0.17538070167994232
0.29572362965829935
0.35285633474207639
-0.026754059038251985
0.016158130401083028
-0.13185584713764148
0.23180433032930614
-0.0084499635623816981
0.15926151733200233
-0.14741388733912475
-0.041036349837193078
0.22865121432844374
0.48380739356296582
-0.12711486066465369
-0.025142086576873748
-0.067358463627750734
0.28749424755844244
0.22941254716713133
0.11343325121284425
-0.006827568752920744
0.14780602640856605
-0.079795864535593328
0.09250559495798337
0.020007750315457429
-0.074611467753420896
0.0041066777347813698
0.31063660475549082
0.017831615618541935
0.18165891929886382
0.19213135515110277
-0.037142669863556688
0.3362511001886862
0.041468014184608645
0.21356724647814315
0.11340143273406336
-0.054295423026188616
0.15556903688252721
0.43288231829537011
0.064125214943806547
0.21294880886049075
-0.087618538317279421
0.047146628854360967
0.13291901546949039
-0.036270461473702886
0.12867951990399104
0.26184211896214848
0.080776744868829298
0.077297994307740536
-0.00065241095829857913
0.45743186727924845
0.092592953714497092
0.14694368191347429
0.39927291664144421
0.042453938453295183
0.22114314499954393
0.2873822851486435
0.30126185401433447
0.17081346792118185
0.07382436932213074
0.3167923616927667
0.052221773871290719
0.14642527850306478
0.093753498007442704
0.26078264212558599
0.25357126241237216
0.11335799965922951
0.14152552387587802
-0.0093743195592957129
0.06245492885441907
0.36141207773196876
0.41470117699413589
0.058600463352927318
0.0390981778042436
0.47049810952755983
0.35752245253821818
0.51245806151002649
0.46531391557928531
0.22897676291974384
0.36216074379645197
0.081910202450714703
0.27548227291361826
0.19254766210508875
0.33403974082527699
0.043904954592272623
0.10213873993525062
0.2918964768249509
0.13686868422968806
0.14602515035382105
0.17735951610986292
0.0028212367254316162
0.30927013958421695
0.17401276480358213
0.63122400207982754
0.2254469761799574
0.29045628373062121
0.33359521831023808
-0.079906764330276242
0.025718702525348674
0.19483469971442915
0.15734648309433757
0.33065804557467182
0.42215905306966389
0.31156908347356316
-0.00372694471148793
0.093765767539082695
-0.076237171852575239
0.23998215743603699
0.077264414316474878
0.16478985311193581
0.081393307118547586
0.26224422825232385
0.059419004613168139
0.66629988150007746
0.63737910952053012
0.12350309955755134
0.086741648622515335
0.34773583061662733
0.21737284125260239
0.30696980828739118
0.58418225927087486
0.39894102373385387
0.30889733947817183
0.2400146500804799
0.49594524848825178
0.38830010639249146
0.4131411312267958
0.42397712995557602
0.702176158298494
0.48600045113981949
-0.12683259915886674
0.11784583676582515
0.26637880770086109
0.066331285958711003
-0.053792870546607231
0.1497802666822457
0.50028932396788761
0.32441678592495921
-0.078887256510957238
0.25741281953839934
0.28292255171954578
0.074998140173360969
0.31428349555614415
0.2666967220644334
0.30868846384869048
0.27607304169092939
0.44979097747754637
0.36645311014839954
0.36900468693854971
0.30493440294359109
0.34086200545360662
0.55902119028381592
0.094560597441090494
0.070708694214522
0.1913200141896543
0.55777923835426024
0.49047267116066484
0.44909903280042252
-0.16260892093245155
0.32173746882575771
0.54946585535851922
0.22664083388966347
0.33015832287676061
0.48761208502045172
0.33199132482095162
0.43785856346221669
0.51535196940445049
0.44592289915026823
0.43981010389824082
0.23363112424468682
0.42487170320502093
0.45380156573540104
0.25570999519290388
0.0055658253636106641
0.22931201538868853
0.093304751025986302
0.58445500093181935
0.54408740644720588
0.036447443959738028
0.20218258970870379
0.47086657276782723
0.39537472759602543
0.40741242436646163
0.58538714155634952
0.28228422010935711
0.22767684883689354
0.37262267460650661
0.10332453173712049
0.77287200875452111
0.12860303587853986
0.57087257612457254
0.37887326826753448
0.14456043739995186
0.29053991125006567
0.10371603390289484
0.5192414261787196
0.4182251577681162
0.34447363477533294
0.40297100575560812
0.3555820008350129
0.50065283250299519
0.24116130395957
0.38442725078374923
0.20997505163347649
0.13514119499750987
0.062758837677084969
0.49059814159014808
0.60379586455671819
0.53402682056328099
0.48801223772996394
0.39109818213200698
0.24434224689509731
0.42606742573200834
0.36339133061876927
0.25694431277427282
0.36164597324267711
0.70415396270383834
0.56444506987062437
0.64547890316352652
0.33569271621637858
0.53418778958588087
0.50750898589048332
0.48088839518417126
0.58629990741036375
0.2390802732164104
0.81601154533803955
0.40797380011688128
0.57164410269220078
0.65754919596242845
0.37997809604225485
0.68210204536888619
0.64672480252636688
0.64869494404999584
0.66679270913959865
0.37144804472807536
0.30385659619616828
0.57988397966885774
0.59469451812232432
0.6794653436119481
0.57481449051746414
0.086883332983515388
0.78221100886690187
0.65321529672389178
0.89727783184448628
0.52854992432385584
0.26156777545095888
0.62222137297526636
0.51575842009694939
0.58990537592479109
0.86896784712431285
0.8850701928646052
0.39340605182484345
0.27500934955136819
0.34890666878808302
0.15705657321410812
0.30318062565286114
0.49163415908761404
0.65401960737546927
0.23670171730736264
0.74322649727924761
0.40704633949826546
0.51434772402137685
0.95100966666754594
0.70740331262817213
0.68696627171039193
0.25299135686224261
0.62724343102837843
0.47706828564369252
0.41016863523851954
0.62988294121055743
0.10317471610689481
0.63358948286401751
0.53397678239798663
0.35674733972786266
0.52760779970048344
0.11106297968515894
0.52582124370058958
0.67382416912993037
0.3801431419007007
0.56114978360820944
0.73416424642435796
0.33463157207161476
0.41309243503000348
0.52922712385349324
0.51531300787707146
0.54559883842962054
0.352102349176935
0.77298198293182452
0.73677818718984345
0.29206662630397728
0.52289010979080774
0.70252591147427823
0.74006436514264862
0.64565526879329638
0.98647172465770805
0.82249099812144078
1.0791148173667675
0.27279157992487557
0.63006664313267235
0.73805669647328576
0.92117446735395159
1.0141715292630082
0.58530941656661961
0.35341316134663631
1.068863374397792
0.52600168412809434
0.51377116151853919
0.63704143086462839
0.57249817669680614
1.1361670519376907
0.65268684696762502
0.83122422851545696
0.54668196685334136
0.96735660013623248
0.63991042691364697
0.65240082198578775
0.61415470958847207
0.68480998367509038
0.64856758866682451
0.36907213951600898
0.61396072217826059
0.82108452864435877
0.52739321179924048
0.36805748232183316
0.74229397552953336
0.49471422630745304
0.61649976676312856
0.60331880756814693
0.53901768750985624
0.47272772517409367
0.57686308366907224
0.37414511618725782
0.79188617513173776
0.65233508578483834
0.56939615943825217
0.79316445527673785
0.9515075312239869
0.56454169311524316
0.69752606951633767
0.35347662136430608
0.69047363891511726
0.78062937442470748
0.75394424150866834
0.86716487335749981
0.86777085258124531
0.56383034004981214
0.75728012240019249
0.71509953845140939
0.75257376531116194
0.7867407871408949
0.71848031179385718
0.72442085247301446
0.65312743973385357
0.85337619691075195
1.0107086537658214
0.68505154938450608
0.65618491279585012
0.58988790131094004
1.0468785140339993
0.68109804147862074
0.7360227683064362
0.80088678367132693
0.91743346907672241
0.80603489303917519
0.92181047450793718
0.55164411584320527
0.49388135438929831
0.72524238158306509
0.87826840089804115
0.90432962303477527
0.64551940363308424
0.8869574686969055
0.5728324252878163
0.79677063554201411
0.82193403114243613
1.1934457705462125
0.66024082547208707
0.82745327612239428
0.68249837867597596
1.0179269473223906
0.36943792145802351
0.94353747244587327
0.99369887315255112
1.2580275736168132
0.77011861590798347
0.95470700775251871
0.64680140260371333
0.89312268817953133
0.92355385319205208
0.64377029025270904
0.83712052561642736
0.91080412983233139
0.71608114187886573
0.60704430226897632
0.61926387480184941
1.0387990144093786
0.83546144343062823
0.70787945999202295
1.0107132888822696
0.67632486736688679
0.82627310854064362
1.0154689658305556
0.91607211527660837
1.008432722180302
1.0590400705841652
0.8410654352440704
0.75500751785074627
0.67654637770478587
0.73440586537234287
0.52258549748985816
1.18712979302971
0.63751530182096083
0.91902928405395745
1.1286403772537783
0.81059999341123046
0.59580071054748684
0.67931938717504792
1.1070497382515865
0.769738644076575
0.93859286965955346
0.88465967643529153
0.50627038652793988
0.65764374979102069
0.87185110895565787
0.81221624219599697
1.0958310819461907
0.89255955538472653
0.78007914606760664
0.82334345100725836
0.64265459946486536
0.77901122148646906
0.88008862820728062
0.75685903240809926
0.70992178156162256
0.9640264079081966
0.72517614797172758
0.98883023419651483
0.78315873533868874
0.74908605967397568
0.87636762738846619
0.83021894574985433
1.0642354216314449
0.79109506019613129
0.93873923789419178
0.95808712866137646
0.77163561803387015
0.94167058850786134
0.83432361875450434
0.94914640642468617
1.0435814598160316
0.4052515181428778
0.85783357857144027
0.78468406846968841
0.80368014248658204
0.89698495460534167
1.0816203751084945
1.130981686414021
0.90587798646196616
0.70390123989782194
0.81898726545358425
1.0068214031357132
0.77719499922756508
0.90172567196855113
1.1483193412430415
0.96469149536472121
1.250117696866671
1.1282797978667838
0.70439535224545813
0.62737278969320676
1.1007261320742892
0.85493281519742126
0.72980831017813774
0.37227692313213939
0.85495054653535196
0.88843406850626727
1.2386159433103487
0.78397578463078021
1.1396422244356466
0.98608672588312962
1.1451090373639152
1.0831604033677105
0.95579209977705093
0.85343523216221673
1.2409901563991852
0.9222847229734501
1.0782113017521711
