-0.95833078165977525
-1.2693710317560774
-1.0264848598822398
-0.69867544555570393
-1.0677371176735022
-0.93506388267990126
-0.8596904566166792
-0.90346919043538021
-0.82568507659641277
-1.1822809084524386
-1.2212644621206274
-0.85772266630110727
-0.88448563617820719
-0.97033621968833028
-0.93061827044908796
-1.0533588511932785
-1.1599332949686405
-1.2285075409498287
-0.72625587272015268
-0.69742018539778772
-1.1582851386470723
-0.83953766435167454
-1.0099294421706364
-1.0006956991902507
-0.78472243456681656
-1.0710406936678152
-1.1051345295934734
-0.9716258204277175
-1.1076821733018258
-0.62512420668203084
-0.74977739183664283
-1.1457682103537341
-1.0568252593672245
-1.0157519261630661
-0.76204034939460918
-0.75454525851352949
-0.98074409571668009
-0.86130081063657205
-0.67592036485588758
-0.79572547420735262
-1.0212405221272221
-0.88307515825591965
-0.75821358999001331
-0.95740437690293057
-1.1349667457089652
-1.2733812238556717
-0.96274725780520509
-0.75429605400630484
-0.45250724643609491
-0.92905190902373302
-0.76630272968922886
-1.0004312243139724
-0.6333656598688745
-1.0198673194988082
-1.086575787709523
-0.91997278652861481
-0.9812841698044622
-1.1334369024323458
-0.7941229406358925
-0.65154229308330225
-1.001345637977491
-0.60118369069948618
-0.80533354807625357
-1.0241518815474779
-0.81316298765285744
-1.3866957741178834
-1.0201942144694649
-0.82432295901849961
-0.35814193162298674
-0.76478278539460376
-0.87165376462919031
-0.67423745304110572
-1.0094968424216149
-1.0500322849377159
-0.82335267679478052
-0.70900138990576056
-0.55451258999452535
-1.0282573452908303
-0.72253591799050654
-0.81624977878436977
-0.87304572858651863
-0.70438207443559653
-0.77181899342785576
-1.064344727093127
-0.95114056645677492
-0.73193707912551742
-0.81294431346372276
-0.8130726160244135
-0.56424490613065681
-0.77215055883104278
-0.84744907002697156
-0.72754471757101546
-0.97389911641595028
-0.7998694941409128
-1.0198413690548604
-0.87595126232743881
-0.47541102544999503
-0.87078770163736086
-0.98748433870103547
-0.52245530562245768
-0.61018013600627263
-0.63012046737260918
-1.0545461971230734
-0.62084667488246137
-0.69794826071239513
-0.96074850982422577
-0.63640225109238702
-0.94540881523367282
-0.71458597660977496
-0.75393280920764316
-1.1187634556927886
-1.3046957254616727
-0.78448008991522744
-0.57966402605543466
-0.72589306154008637
-0.84984480248391825
-0.92324135841836152
-0.64853733479873854
-0.55730392446997545
-0.75359586697610748
-0.63095398658343849
-0.71453499116646857
-0.73856802629882423
-0.46540169389429065
-0.74475313270714816
-0.52069029626781071
-0.63029304726253155
-0.51716849364587236
-0.54777744202683631
-0.68038421730872478
-0.82064996689030822
-0.84524559091031937
-0.53939242216521832
-0.67149331027455272
-0.72954321625683338
-0.66807201304037944
-0.8559250399146614
-0.37951653417921211
-0.51344892332945891
-0.71433977028168183
-0.81786944134615036
-0.941571844795697
-0.62541706704674771
-0.69873794978157877
-0.75578030373896521
-0.70627361622077789
-0.64134555365948165
-0.55229028057912732
-0.99581476052666851
-0.73855424425100769
-0.59277737166691158
-0.7260546528667835
-0.60304583644071552
-0.99932872615467072
-0.87466395664290697
-0.76086382242020389
-0.75922730702904229
-0.67858190998401624
-0.96225214057246489
-0.62006048898152222
-0.65306910163647924
-0.33361193974300285
-0.64818489097669496
-0.69856699986789439
-0.79390619981724742
-0.89591829709854487
-0.64067751295546194
-0.62521072722675897
-0.98742277701276915
-0.71062731368944732
-0.60353977771619505
-0.57118502054642228
-0.40608534246324951
-0.79056285309609131
-0.65552552763542982
-0.70348677121840908
-0.70527425986107695
-0.50678762587135118
-0.61135030397482071
-0.78188604331094291
-0.45728778043812845
-0.77379183362261128
-0.42395007196895895
-0.62041102806616044
-0.31347685436780848
-0.62418868540657924
-0.48820547045966795
-0.897006872480548
-0.93633911461920372
-0.65753832562873349
-0.779643488179384
-0.72320003003673017
-0.81389071153728842
-0.47879229875304397
-0.76377540786354048
-0.70089478626416224
-0.49989197393501605
-0.64274946263562405
-0.84370462159062998
-0.78465651755769938
-0.6469272731764103
-0.33574610230127072
-0.5943621256726761
-0.34206524636497954
-0.62932241224167429
-0.99270050382378394
-0.46032881959867383
-0.68830813544581126
-0.67444054742934989
-0.45620564515022649
-0.84429026278221986
-0.65059884955241853
-0.57864781301552426
-0.36419764140715111
-0.41922229705061737
-0.42715892730395755
-0.77652851953553526
-0.57174843393477004
-0.60267308214421522
-0.52394375585158104
-0.39512492161395624
-0.58185074293331362
-0.56066180038474756
-0.3787348872352076
-0.79212562713913792
-0.71817207471595024
-0.78270378337553626
-0.38201957815159582
-0.2700442964541791
-0.56639858278160327
-0.31353074112406254
-0.60471170068242042
-0.46146327958684796
-0.40148838150194516
-0.34178788155785678
-0.56828774350662903
-0.40881232617001595
-0.69310140789028241
-0.83679778219083656
-0.4252877785043625
-0.3830747428430607
-0.85742054047411864
-0.53222139067396024
-0.15535727370163288
-0.55328457930602726
-0.44631991458936349
-0.60737479149478213
-0.42729764871399062
-0.1613179707163955
-0.62939383342357857
-0.34804549649598543
-0.62790368933315299
-0.44114494942572108
-0.78630554047816459
-0.41974026921933222
-0.49073723768558691
-0.40058645484573302
-0.35458016963991984
-0.28804708666160939
-0.42337848834362951
-0.62862714441517731
-0.67128204077941955
-0.34710010964552612
-0.58461426290975405
-0.48885151643797048
-0.80913865006278129
-0.17174234823462858
-0.50736191896956284
-0.4159520771016782
-0.26919624553032734
-0.3513449224017503
-0.49450522551111514
-0.68154558481125416
-0.52644068236848007
-0.48543106581620094
-0.26714701916401795
-0.28575150085152479
-0.5816500119620942
-0.3673111365930809
-0.1793104413681178
-0.12345325225982284
-0.2891597021416441
-0.46268374844139593
-0.39731782062261256
-0.61010424159683563
-0.44402683590015907
-0.39467881467206395
-0.64195057978650627
-0.49450500088622468
-0.38366555745386394
-0.5785561038586271
-0.41327583397060863
-0.69184012474202272
-0.57103829098458714
-0.50760063407123801
-0.55862426286500266
-0.52602938168202462
-0.3431343336766654
-0.62546250538239767
-0.21729630948317405
-0.52890139578130801
-0.2713549781372469
-0.70029932270616069
-0.49059353123053046
-0.34057045981450412
-0.59522257998604622
-0.60835538775126941
-0.24132831712285402
-0.46969056450118313
-0.39759105146228746
-0.55498783977635091
-0.39929257710007277
-0.31938065050699327
0.02268677932879044
-0.18792348549880095
-0.73022103288647278
-0.47847918028661746
-0.49937579343712468
-0.12319132644162642
-0.40182268656999104
-0.15342120933694869
-0.26313214333039248
-0.13897886422403016
-0.37805349813591582
0.10417803175217133
-0.33001209387024216
-0.27764693197593115
-0.30804875042490076
-0.36921347868696991
-0.70051863233777611
-0.44361962603680372
-0.28886781105943687
-0.23111064867742795
-0.54928105445181308
-0.40279589065418725
-0.43271333753184665
-0.52341694283144025
-0.47199920278148155
-0.10185633838483314
-0.2906564272476535
-0.17375263729719176
-0.35598683998500724
-0.51159895246113052
-0.33853326973565456
-0.34490007663840422
-0.10578061699001133
-0.35841400630404735
-0.18337735103197134
0.115175859294791
-0.23677099445521588
-0.23431304408387349
-0.18607867006955084
-0.208308733668256
-0.2658221431091648
-0.43805404174868762
0.19709858469902292
-0.53720544825884553
-0.044169990585066994
-0.092116609536070052
-0.4757627785322574
-0.30529465811355239
-0.39194024260709753
-0.50849376338551022
-0.24184315593513456
-0.1094673465105849
-0.12858823853275142
-0.30606210233703374
-0.45600213667426215
-0.019485127180273367
-0.39133292405771114
-0.031649168775468521
-0.16564894646339556
-0.083271194174116006
-0.26751884931181341
-0.34703736274413094
-0.46829131404784463
-0.30320514399214998
-0.58250006090254836
-0.39207762963799742
-0.49743550542993059
-0.22921212115463249
-0.62044477143431842
0.046956976930711783
-0.62396894564466099
-0.40153577476826524
-0.19341105282057247
-0.19180121292304506
-0.10248041370116255
-0.18973353859616143
-0.21510190880285168
-0.17096429487692169
-0.42760573535926039
0.04283758564233052
0.00011535663065831421
-0.034889937344917334
-0.11397222462418788
-0.098916236834713733
-0.028478237531295105
-0.2304787268142435
-0.084588078481785789
-0.12675436341394694
-0.37362266220682544
0.050175903113570397
-0.11270876847584674
-0.29226136020056181
-0.25964105878990112
-0.13547621136348206
-0.092621894518303965
0.39902149391007319
-0.57024006644367986
-0.089257972608856873
-0.47039108095969223
-0.16492938342555499
-0.14043931595060982
-0.00068278513192530932
-0.041473681133906724
-0.19091272555228447
-0.35020992259370926
-0.19867488082713597
-0.14729125640186044
-0.20743741767536622
-0.13611550835966374
-0.11556503405728266
-0.22893013751959798
-0.17658820566417796
-0.48774530479013051
-0.015508102319535404
0.28727967034812468
-0.011254889709290006
-0.34223749457609159
-0.21953186869337488
0.084972621572537016
-0.24840529785981785
-0.040234232120791469
-0.28894911095437636
-0.13242921597912491
-0.18389325849643054
-0.21979625538684236
0.065630348281583289
-0.39734074455375351
-0.23601528192976823
-0.21596894229931712
-0.29900565110728022
0.00050297627237447175
-0.22295408631362848
-0.27933094152565557
-0.3233015375691396
-0.19315757674297321
-0.29732256114278777
-0.14281461844666082
-0.4037318855418191
-0.090176880569877119
-0.14256405748422196
-0.25928534963175875
-0.17652463900764201
-0.11604942941890969
0.0437643531765603
-0.3073994660453076
-0.026316271272640863
0.3126110757809068
-0.44780053987311769
0.16966054642524828
-0.20171069904792716
-0.35322304693358986
-0.24373900104207225
0.069177729772669574
-0.15632144881229157
-0.34516082913338225
-0.064283122843450641
-0.19503604194674271
-0.19368848469719738
-0.064196314286082939
-0.18160897940496515
-0.15937847018100451
0.21551657955067979
-0.084622084235872641
-0.032319003941922247
-0.33868131311615446
-0.11820253805356988
0.049899448127884459
-0.28934710226275184
0.30246046703339685
-0.068990455225195424
-0.31623060520323587
0.23533593942170325
0.095426584502462608
-0.093153192980623883
0.32674273661299413
-0.077388889230649321
-0.15401850450738619
-0.13115960191889028
-0.11942139885793292
0.019367462537196869
0.10962858945914875
0.084017581429508797
0.012321176909079109
-0.39146767333854077
0.064582984834201357
-0.054261387084891935
0.16735376562160706
0.19975360349467192
0.023989488671412991
-0.040283537259010078
-0.0047756015741597085
-0.086730828094543119
-0.31933392366665608
0.02659413286341088
0.33018902443571063
-0.047436514028025241
-0.020751609591462522
-0.14066236218521047
0.21206837781196847
-0.18716754545168024
0.15028372597657527
0.22857315985656496
-0.10281140488004514
-0.064855323744424376
0.062684212777784964
-0.070910027533938408
0.094507187841988777
0.28868148069254634
-0.06230833540292071
0.11386654586673493
0.1446938407769045
0.18882148046749475
0.2670783226836671
0.29812433363014196
0.015569790311062877
-0.050947631421423611
0.16139388511995625
0.094642177948883494
-0.20346734931136948
0.30891168549939235
-0.10604600856290386
0.25092271305621067
-0.12305516334363675
-0.030401465935362547
0.03983023935010313
0.21954015503917212
-0.034822764665167073
0.024023735327786185
0.093952054844604449
-0.25086746193241277
0.018320449164348933
0.17612010354580965
-0.18367381599762173
0.18341006817922093
0.084903447766431203
0.29996584139146837
0.47301819627561803
-0.1226858715942853
0.54643791339611858
0.24421847754615431
0.0042888882147358491
0.35773940437162099
0.20159624953518676
0.059961760082358512
0.056039627509710498
0.097634021912364491
0.27430852121510457
0.10548106737280602
-0.091098033887652821
0.016659634851907006
0.31211080750356746
-0.0074849659624269529
-0.1382392402432375
0.19406081098932063
0.21689719712199682
0.22172717418627538
0.13654043778864422
0.20090538070840266
0.097107714198316167
-0.037223515417622519
0.15976825941238174
-0.072500036538200002
0.23910175149066251
-0.075175650208509623
0.31294578381614174
0.19097507769113589
0.10122946217997643
0.10482617416849939
0.26471618622172938
0.1091977792466871
0.19723740428209571
-0.020068987275226654
0.328896593736624
0.082225437323846642
0.64328952322763955
0.31632730317159219
-0.047704817136003753
0.11193250506486638
0.17083540641781431
-0.078529853259179577
0.36037396239817682
-0.0010477743906782094
0.14861873652462043
0.31707851494629535
0.065300981554615029
0.22209513741194339
0.443469840896136
0.047409104441549776
0.01926087990992665
0.049647736398179737
0.16409755434600443
0.37682623364760925
0.28970222781818611
0.48725949166766797
0.40517980048034274
0.079595177165818626
0.12720403213862427
0.059626196045554608
0.43611496537007999
0.069699017827811766
0.15783628383818421
0.21722047854149892
0.17589431734387709
0.4874506358468263
0.32054236288984583
0.19551347933969021
0.25824070103913033
0.53559326656223794
0.39815005916702395
0.18768329249416138
0.36483101642005572
-0.0065915625410879215
0.32254309408419563
0.17022814486918952
0.35646737488722735
0.48627963442418348
0.36224684144529579
0.4925715679643089
0.23719936833372046
0.087209099451317024
0.52464108669785015
0.27410200804735529
0.32192994761969901
0.11809410309937056
0.21279176726518906
0.61801592345424095
0.39136724914248205
0.21353300643368689
0.2267386293619571
0.060681433467667911
0.53701875521522335
0.4061357851938675
0.47911811105106189
0.46146719841056361
0.19730958583098271
0.40063699102898681
0.53871847164239384
0.58820460597056545
0.49106778732140721
0.27458571104677743
0.59288430771786738
0.16484833607539892
0.15959082113402639
0.45738913843314877
0.40813610377319703
0.31757999572572443
0.30314591835433419
-0.002303236150490382
0.37789632578209037
-0.005865956123023707
0.1680856704311664
0.47671284521910778
0.55414983800804296
0.50737522254475886
0.31512942345083728
0.282278384303491
0.42344981747756566
0.12183708010380595
0.18992650196999614
0.4455774428764897
0.20845737619707469
0.4638336459976049
0.25032253741762972
0.36913409060353564
0.42487617154341839
0.35820433019512604
0.15972003804748836
0.44965243496586593
0.28987542829971247
0.22503024195782007
0.38520185778985122
0.1722213675975979
0.43535061575125655
0.3223378434189596
0.39470675659100618
0.57781813370582424
0.4594966296423097
0.15487753835540857
0.33608227911169442
0.54219254942683026
0.32057378125991898
0.076102569798592659
0.62210215701013716
0.17178668845356929
0.39931608086054632
0.47896268277320431
0.5001923524415457
0.35919853026472232
0.55690027378021334
0.70021707938032329
0.35808298800012434
0.23375906607696301
0.19597760039274922
0.66549034689046282
0.39616041081605363
0.26654813751391315
0.42671663360499357
0.85278614920424201
0.3614176802630073
0.74265138485871585
0.46769404953150873
0.5905734034108342
0.28934462080635992
0.51577118543578426
-0.066937077164315878
0.51846935238667324
0.39737851476763858
0.35180099260349651
0.36437280066602051
0.54531921515269022
0.48173798455964201
0.41375161666579097
0.17121138429362628
0.75265246402027286
0.48536824525784361
0.37131455445163014
0.57209978795361149
0.57583153803431564
0.22604162856940702
0.37437534124554162
0.49197348900501692
0.62337658706345977
0.21894086175153413
0.12605049621464312
0.82503527730957638
0.55694996147839959
0.86517650967027093
0.42514710731418787
0.27696288856767998
0.26504907977489828
0.53807066419574034
0.43664039388270465
0.70496961660616742
0.86566808650155813
0.90596156755903623
0.73869592870945355
0.40218930598696312
0.59095555120622467
0.6281622914223024
0.47702404314329527
0.80541070308065255
0.43642132283350704
0.66533207623080026
0.92839768795187316
0.47283526110998675
0.27520411618768903
0.78098374864166431
0.31009095311217133
0.53294398366520368
0.077677434267556467
0.57223856634738379
0.75826328879977078
0.57924925118001058
0.59680282921750927
0.63335638839673158
0.60970786314958081
0.60803644448486516
0.75473119838107072
0.47762737145068745
0.46854736815781906
0.55963719209097995
0.42772754919379175
0.5890323055054012
0.4790670497219886
0.88363017281087897
0.59257214991410045
0.45633212656284616
0.43356863592240796
0.48435486134047229
0.65666295514252349
0.56436041595298481
0.9201792492406542
0.37718497212050228
0.50722271696049237
0.52668312043398291
0.37245317960111907
0.28346971354337736
0.44141129063183443
0.41458432596284239
0.34610713126651577
0.78624455088354583
0.66918898306896779
0.61955165985426475
0.65822753987005511
0.82304187530122863
0.40142099898695766
0.53968399939514844
0.23811966109348356
0.44741811872499893
0.75796513901321416
0.52456939602856467
0.53662739352967237
0.79541310841509016
0.55977898293505757
1.0255149884781929
0.5167316508935611
0.55688353902259546
0.71035323964217856
0.48314729853670652
0.66473248628037418
0.52436734111157302
0.90903842342414132
0.57204449173983085
0.67146483762131204
0.57522846561038798
0.8630071385193514
0.69040134039268286
0.73054490772783631
0.28336481686377996
0.7107166269966072
0.79630558764221726
0.30438513903524683
1.0203274688515691
0.44778249311802121
1.100748157228437
0.51067987649353974
0.62655798439666721
0.85257158596265736
0.66453237478187765
0.8074723520605388
0.61831037393273924
0.92134390909242769
0.82656667206952095
0.61323306491836727
0.91865392848019389
0.93418122724984642
0.73728047647091743
0.52969869062612795
0.78442677981850195
0.56365491235272802
0.6190331472322993
0.63372376880583681
0.65607706261054022
0.52954338757995001
0.36644024183288987
0.65517298036882365
0.64905165028710243
1.0448112912576268
0.7834732704492956
0.44052778592334463
0.53683673225788742
0.68867907040551379
1.1296998111438643
0.65488344141814214
0.79167297677782256
0.69791475611197806
0.70906259489110302
0.81546235523196575
0.51183725357430021
0.78461282110228003
0.69733478524608117
0.74821887858389036
0.70606904779630031
0.99078474892805846
0.51476254012052514
0.91001992859003689
0.31671007286144892
0.60834455533175091
0.78322787156126927
0.87229380757609043
0.45469546773418706
0.79601278256065555
0.66256187110681575
0.83864190825246765
0.66514176545283266
0.87574260548605487
0.78787976293101558
0.65904256789300064
0.81835568287794691
0.85178872214873957
1.0417861663964325
0.64964145417700325
0.53635093882847351
0.44974574636919212
0.75117175656447044
0.81899132891879478
0.65721454810319957
0.64262879421348063
0.93322166807432272
1.0452328942961351
0.69711991169529564
0.9860683253818866
0.89291296066907055
1.0001060921533744
1.1509277206529744
0.5931924945769147
0.79625300069410865
0.85455632831297634
0.48174785736684367
0.91124775338984154
0.85379351985076846
0.52998546365738619
1.0169972306409523
1.0268084614824766
0.78003158629251435
0.94143049093939701
1.0747312388696102
1.0827950867991645
0.80009556235389112
0.89791375822193431
0.968113799646238
0.91372875576407409
0.54588136414469657
0.90607447017038045
0.76733233832360892
0.78392596378964119
0.89216890216875477
0.79784247482811443
0.96771361443439097
0.99991435143665941
0.80047609237771911
0.75263341790506277
1.140266107494075
0.71252245537597492
0.91712822654852888
0.68679167078902159
0.6444352414358544
0.83084643711834127
0.88941124602019317
1.2637475417622368
1.1389826324023977
0.96635898367324535
0.88131785760237946
0.59267107123099827
0.98984334587415934
0.98377566342764866
0.90407189681192945
1.0402892536317532
0.74751550570752157
0.92732851265660632
1.2022354543774161
0.95360794979802754
0.84415425575189917
0.6391355788431643
0.50247628870947136
0.67861520082425775
0.7298897474131506
0.85321017215085793
0.5853916708616953
0.68498422045764951
1.0080729544549001
1.0805308388268797
0.718824826170822
1.1542972376602523
0.97618799305669823
0.74963878243708759
0.86164650293899092
0.88043430949786339
0.73113222142395007
0.54886649292000056
0.8343079783607048
1.011889081535452
0.90830681285840731
0.53461764648139243
0.8655371620921265
1.0011783702883588
0.85252091118216566
0.87073135721184747
0.92614802364004079
0.94609173532485935
1.254223804473944
0.80309798436122015
1.4090228274380836
0.74174105953364844
0.95303255781773799
1.1111214399256768
0.73106239091887504
0.89580915789098237
0.99019501419197975
1.0598246891409842
0.75595470376503338
1.0143089946172323
0.88422879457795334
1.0220832149697066
0.74576161378047079
1.2574405424503663
1.0379846065709764
1.2964199729239194
1.3283449014100821
0.90951661806978856
1.0230469511505593
0.82315771227246637
0.95719576249905014
1.2064851078907
1.0500937871214715
1.3239818049357059
1.0163739447684541
