-0.76640591817794801
-0.78272339906612554
-1.1045177383956055
-0.77447050989453126
-1.2113041015045412
-1.0503440085045197
-0.76763892729627381
-1.1207855588913826
-0.93492275318639917
-1.1227498431793943
-0.98092569031470622
-1.2436915935279191
-0.9831935697924199
-1.1910377371613656
-0.76895308320368005
-1.0398269774402531
-0.92590688181449932
-0.91401095040720681
-0.8551496705142585
-0.75325245368283678
-0.94420586542802054
-1.1120048677032168
-0.95621372976889552
-0.81163485802000057
-0.71215909036658864
-1.1116488379515048
-0.63033037539833081
-1.0606589354542935
-0.99752034868087758
-0.86868036722195974
-1.2440412205719469
-0.56199438804305657
-0.92592664892367571
-0.94710086928674497
-0.98644219092486085
-0.93249884882326251
-1.10504883217483
-0.88232505929714788
-1.2311643024919436
-1.2153750788323556
-1.0412729543716208
-0.8757299946658671
-0.80956375749100962
-0.88859909271879522
-0.99359141094192205
-1.0482935265485405
-1.0349288154703455
-0.60063227010410336
-0.84959691469268772
-1.2096670189131211
-1.1381341515756012
-0.58827925733848163
-0.70849291042766405
-0.91345070620852986
-0.67216595601611451
-0.75852342796915739
-1.2568333593603989
-0.71926369910069965
-0.8976599009351427
-1.001654567547859
-0.91649509512170735
-0.95008554491368447
-0.83992017221662518
-0.74079734762512983
-0.85067674838000151
-1.0892937193693419
-0.85057936383480581
-1.0050302384744234
-0.64180561314715934
-0.68773289430224005
-0.78315084035731708
-0.63850758259401574
-0.56570295315283881
-0.88042586124474476
-1.0261157886129844
-0.83985702203582802
-0.52693600386415651
-0.79099944522714771
-1.1536879768728074
-0.66334247254181122
-0.80511944439818728
-0.8239220609870278
-1.0409031153394526
-0.81664358335884912
-0.42352727799419404
-1.0320175106066132
-1.0336436062151713
-1.0064372129511783
-0.77543406484785826
-0.7189599960454055
-0.75888384975834933
-0.65539535345979727
-0.99563691678984034
-0.57264154670148626
-0.32687997877515257
-0.83760876291019015
-0.94695414595897864
-0.66522204402598439
-0.69590019753536281
-1.0566979003004173
-0.72492934536223574
-0.75765005716361444
-0.91030319097833989
-0.80738267964410571
-1.0258681063912571
-0.76424565217862683
-0.72431227426669675
-0.86614175893087997
-0.79130920340739785
-0.72745689576230466
-0.70118970559959104
-0.75316397049636974
-0.63922852308272615
-0.65986155628531562
-0.83567356177946717
-0.83541845886533739
-1.122958648802924
-0.49063376402356534
-0.5008330406776228
-0.83194522601563192
-0.82942860343052305
-0.88242238342957779
-1.0746170605616636
-0.61437858757779329
-1.1305956665272348
-0.83017818237116947
-0.89884116409348336
-0.61117524510298238
-0.5649333308168526
-0.64585880767050552
-0.6955085402359833
-1.2172397362855674
-0.7734676996278933
-0.59406427443150034
-0.87296597872494408
-0.85903457658101134
-0.90220552605263094
-0.89154987712597167
-1.203974655622621
-0.43920490804590423
-0.54905540257136454
-0.68720514964935653
-0.68464748999823943
-0.67042941144708312
-0.71353357037553433
-0.92677523592889843
-0.90738775252740078
-0.85748407917011948
-0.29969630030029709
-0.43187879386814049
-0.38381158637117097
-0.52001809518733222
-0.84083872981839691
-0.86687459779483333
-0.79466983327650142
-0.64368135596054799
-0.85422097721911416
-0.72710879829682395
-0.62353392269296182
-0.53003817328464142
-0.61305738367602614
-0.89739976569660496
-0.59141374708257166
-0.86535297142501555
-0.76655165463525943
-0.50154672955659751
-0.50789701595614878
-0.90201685261570863
-0.67481333645485597
-0.38707644641184769
-0.70493072572298032
-0.76155137173550913
-0.74405290993685125
-0.59236877169235169
-0.46929310948510167
-0.61030605589131925
-0.87108982336447194
-0.56875565436745734
-0.93720046557435976
-0.10522843709107536
-0.54499995470940588
-0.83284082068962495
-0.12175796256530987
-0.8359584087945735
-0.83322480362694062
-0.865951880811485
-0.42908521166528429
-0.61577474911486785
-0.24403684996218816
-0.64680938839072666
-0.71875804635032881
-0.26932950149156859
-0.43593760816555249
-0.58027563295982809
-0.89985604188216683
-0.39671759437592174
-0.80949922223496218
-0.59567353039774784
-0.33389352538023953
-0.65524793675715953
-0.8586171165641846
-0.91977284349474042
-0.45573231259072716
-0.44663200239356421
-0.84012396570436731
-0.72537381094549447
-0.28016219727871394
-0.58000028471959075
-0.79852125695718079
-0.62243264022098799
-0.59945898500769879
-0.5818224140542626
-0.40893856367711523
0.024044579101157502
-0.40679935674896028
-0.43296582178615683
-0.27725796911418588
-0.59977183471236628
-0.28491220636791448
-0.67849149243178408
-0.3332212724999668
-0.49728057661718339
-0.65525297336547039
-0.45201403905801979
-0.50168382080073504
-0.62018785363427054
-0.33444781482509578
-0.78725369605993145
-0.55533656314806534
-0.30947064329837942
-0.75616276567335516
-0.99552824101456427
-0.56636065256700885
-0.41858713852010238
-0.64737280266068342
-0.53241777326199569
-0.57306414136746131
-0.75554996273132879
-0.44925569931809245
-0.484990461041167
-0.81913710090448033
-0.33874974000542624
-0.30727718926231484
-0.25753971467655762
-0.80644250028535125
-0.51802235781853623
-0.22945998266658571
-0.35774630873654767
-0.75136228337875066
-0.59796835033667495
-0.30867597280599046
-0.3925799997685428
0.051528232535377215
-0.253763592698032
0.0057207620246167504
-0.48769831990503176
-0.73228358782261882
-0.17860521941950991
-0.17290475022274893
-0.43694469156551818
-0.17083070692330823
-0.29315066770918319
-0.60792325875810782
-0.50529728322647682
-0.28139519777812089
-0.39103040263803451
-0.45056162358508728
-0.90342103331062074
-0.85772080250931537
-0.64426804690923289
-0.153499932913018
-1.066649701119871
-0.13002589824489286
-0.4411097340971003
-0.4925686607489177
-0.34644232063645491
-0.55714546598924142
-0.43669896935723873
-0.19902567903794185
-0.45045517351774395
-0.59476536190539575
-0.30176289396294698
-0.32583899693853524
-0.37826532867891816
-0.42746081828193844
-0.43859636687842468
-0.64586407606266172
-0.35714991779603406
-0.30498488854633099
0.016527173119417791
-0.46131715447357258
-0.58053679942558722
-0.64368093400510651
-0.18829593717849188
-0.090473246811018981
-0.54071870784928466
-0.29204415803720624
-0.39077481645090134
-0.54167315225230328
-0.53136958314988225
-0.32522572501413638
-0.57690282310085728
-0.37344410200372685
-0.54485607668093849
-0.13439562832063312
-0.29104340073599799
-0.73848262358745587
-0.52130207617724622
-0.36603109234431841
-0.36791288218579504
-0.76304643986345044
-0.67851164016257237
-0.010718527961305352
-0.40889563483011676
-0.094073195901098944
-0.36339012839976909
-0.20669726368783603
-0.47725921803956739
-0.38793497096867668
-0.32457843281972193
-0.077308013501665412
-0.16013934838430866
-0.074759359987849883
-0.035045882639926501
-0.38882792849701353
-0.36523562386803771
-0.30896488034743991
-0.24653397389676912
-0.60996056951791422
-0.79450884395476828
-0.41065833475544528
-0.25847037039871978
-0.4369226807353041
-0.28513833834873586
-0.42541862514108891
-0.19129909889216498
-0.30839445030522389
-0.30766320864813196
-0.51239022334736439
-0.53049227012520062
-0.44457375339101934
-0.7120402437673794
-0.24964723459445487
-0.57871694785707495
-0.47004048045482621
-0.59284761857779789
-0.46901167294233531
-0.22601790518106779
-0.13870142711330291
-0.38029842027850969
-0.68702002050914446
-0.32460835433087692
-0.24418322280178714
-0.16565579290516905
-0.12215380306392923
-0.33842319201586984
-0.083954636868551799
-0.43541841601524361
-0.28198308670796229
-0.37035087193541455
-0.35011069577713716
-0.36241120119007597
0.031499706445992752
-0.24044874582570078
-0.54410961859548923
-0.25377114637402615
-0.30320700738215095
-0.42388557604119559
-0.17335365008630468
-0.47230429035665439
-0.40198632204875195
-0.2246110758121658
-0.19016118290474546
-0.13483768943625465
-0.2547874464229179
-0.23329877054677828
-0.19722799693345541
-0.14771751289866364
-0.25208371302396421
-0.15543435333348757
-0.030240708428379143
-0.60652079057149577
-0.30510842858175241
-0.13381836709559741
-0.24841854215692485
-0.11950679183524189
-0.23355738089719458
0.038125707653734339
-0.20719342161402993
-0.40757983821527499
0.026995250367115285
-0.15127821749643647
-0.37067699337634397
-0.25463285642644673
-0.12270878088096385
-0.18937384786741426
-0.15216787258639083
-0.22280809345950578
-0.3148679880206437
0.025238810458073198
-0.22314322199599135
0.015026281482165029
-0.24390716241260105
-0.16617450446025103
-0.17640677717505771
-0.41595728290330669
-0.12988544865079424
-0.041091496618745449
0.022692907966504455
-0.059767215579844657
0.04869412965672032
-0.25479156909155282
-0.025694488219494972
0.0016602948106437408
-0.48655621704867569
-0.0073877530442329415
-0.36033095789766462
-0.30622697922216485
-0.024651598980837318
-0.20080502318336668
-0.30399251237400998
0.050638107709581631
-0.39391071848099246
0.30267878238543511
0.053371236469575277
-0.1177405858262197
0.022266470035288307
-0.1974662243344098
0.071950480702099584
-0.066942328088112332
-0.063090651953280938
-0.68717147009995183
0.032318073126813639
0.093632287285650095
-0.31040363297521989
-0.49750719606126731
-0.216328848994541
-0.4802346557926947
-0.18436567675564641
-0.27616923506652025
-0.44185769244965262
0.1645101678818888
-0.0065710898496158694
-0.17099961009025458
0.26121413960238249
-0.14937836734471219
0.068224626676861438
0.067106372095002642
0.022155881826897303
0.069990264802362867
0.165544834167065
-0.10318183968359952
-0.17901865751239049
-0.083181010579638961
0.24666132290239268
-0.11237042552151437
0.10604621788183594
0.16839333648293686
-0.097348258091101231
-0.00058272750492687918
0.13887120496725475
-0.25849292718755101
-0.1647835887720917
-0.10952545654103907
-0.22479519843043486
-0.33443969625912379
-0.35934516352957452
0.17403001615031585
-0.069844219536071853
0.11311604268955781
0.16068957887643387
-0.13187343672469792
0.28725924954987297
-0.13440936457266967
-0.22564842969315518
-0.045777318569440874
0.30578577436883048
0.096217298042607494
-0.31126191335773234
0.04052632589757111
-0.026709961584330522
0.1493115636734707
-0.24383619081420929
0.12781177313171033
-0.20196973613518387
-0.056158581028369473
-0.19417741618153869
-0.029309210392401887
-0.41683006128112199
-0.43192843655632485
0.28734657349620596
-0.083424819965203054
0.064627621189359233
0.22413451831074838
0.061339817880022116
0.044561331900285432
0.17902437240018126
-0.22968518554353384
-0.28680315745786034
-0.3792826014734203
-0.15586207270143954
0.094893652476345111
-0.37194860297025395
-0.41683571917372769
-0.071267876173529865
-0.056260546968281047
-0.0747335529179428
0.22116041072127685
-0.22648479710260411
-0.17120484564367755
-0.20804360220219073
0.072584653374231672
0.11092085066542043
-0.1068961480547848
0.0073178024703781904
0.09621940920750964
0.052570650841548945
0.089217997876764266
0.15259992424185714
-0.47724429976882377
0.062676251294625826
-0.14299007663381638
0.22039030055465283
0.088453845355549052
0.10112650287954839
0.20992460426707915
-0.25465651755338259
-0.018828872743990595
0.3596848266742631
0.035790468765755146
0.038039643685769481
0.23247021747865765
-0.24587761421220697
-0.059299437562862795
0.035040941994742149
0.17887718191265337
-0.12122023073685187
-0.1052319754763297
-0.054851290999077117
0.079226847904283637
0.28341345638250864
0.38558701451065436
0.32425348761507677
-0.13180666065927835
-0.072089911009261001
-0.27138491530195014
-0.15945435127995053
0.30599574611614166
0.11547226770572137
0.37092750037197503
-0.19318291738355572
-0.30956694684305663
0.14238503220315538
0.0049578920187269906
0.13386275931458258
0.043155060941560117
-0.0052062075369522396
0.1883655359384461
-0.057644868499358584
0.41908085561478609
0.264145671214086
0.078352925240773447
0.039470249308678033
0.34436275971864749
-0.080511912885537676
-0.046227921573466009
0.11376635271462826
0.10054641397482139
0.30620755667717892
0.18724577881300028
0.00044187326269445908
0.19212487542666243
0.3095701954596235
0.23119148693300076
-0.0038414545141535199
0.46235995687056408
0.07499212455933521
0.16308939362810951
0.33684861528695964
0.31197753145100915
0.37834884065261298
0.30140583918258934
0.17186696255798212
0.22567801164626447
0.33595547966040051
0.19797096716821366
0.10188445950368005
0.32872911857965587
-0.060171047426032173
0.080057348467671138
0.083535065558865834
0.58313363198187529
-0.14325344739005993
0.4544845357445455
0.25591810492324002
0.34381106935162714
0.18546818529278139
0.25254117222448275
0.26795245638897391
0.17601298675487945
0.004973255585048136
0.26916788123587404
0.054430844223502153
-0.11639200464881719
-0.064824975580465224
0.17070915752725077
0.35998274848637013
-0.086715885344265997
0.31495864213475205
0.11595681011416548
0.32445673184300761
0.076188281014433659
0.070340742880992041
0.34598199922518552
0.028728325609273846
0.12567438019448829
0.52107572972782357
0.44727896642435766
0.30176504792583325
0.12510762753642574
-0.13142450432889105
0.11932815098745954
0.36045554091460585
0.13460344262301707
0.340310790156021
-0.044996208774537229
0.23576269152620713
0.42525186658335085
0.48538388183734804
0.23104075952855294
0.25828995464576915
0.38483019710923955
0.41444539437047723
0.41346667231146228
0.068002044550100976
0.46693294041979222
0.1558919763479959
0.29163305903207748
0.048486196862561233
0.14031712428192875
0.2359607595418563
0.26128567987202178
0.58842560192635407
0.34259113206937608
0.33708986611315495
0.50997636421778769
0.21521853660197146
0.12475367098547924
0.012026274580127481
0.18891480651196638
0.45089225679774708
0.17179121605691555
0.37084957093367948
0.3302335953598593
0.49123531456064534
0.15189977431111448
0.15166734383411798
0.15090756113589052
0.013300461921213768
0.34973789884700301
0.1764276069355554
0.35682416447224286
-0.18227840252501351
0.68734705416636188
0.72209912192172898
0.23045245808791778
0.46185525875499306
0.34901344407696627
0.26466408985917528
0.27895264457621366
0.51278975810482241
0.2777162286919414
0.42718170821991419
-0.074545679694035347
0.084309762317278769
0.46334748182121527
0.36874355389925301
0.28082859136127447
0.38197989331516363
0.66820527268453156
0.40236032808687028
0.70624919493101734
0.20965213464986185
0.31988686698728919
0.50575823330974445
0.75941791624290778
0.26934075901052257
0.39786242121199272
0.34804937030679545
0.34423377521254483
0.30539457826161742
0.58491054668179898
0.13657171955118133
0.61534736359331288
0.47825940499720182
0.40933859339965423
0.58363590248164587
0.25923658770020225
0.24913711996225957
0.4346110401074092
0.53316473728810232
0.2790735623396397
0.54084930009757992
0.33753967119371997
0.54492509667230926
0.47049864326128921
0.60392880535978277
0.29667764849729655
0.5731870129567731
0.28623782303279827
0.24240846255693982
0.38792199453908899
0.16532497410383232
0.74648390229738915
0.35447267260761889
0.14746526767671833
0.67385317425011471
0.42330473660313384
0.29762200906567293
0.31414125458654157
0.55818879250507114
0.49756911932696379
0.43317151389815983
0.63920410219101775
0.58827572332497191
0.55639291822188175
0.45009995493122662
0.095789196430321369
0.30787815708432298
0.69421175448487094
0.27094649161321394
0.31793717551931977
0.49646361485782797
0.28633907535787073
0.41858990562112924
0.61052809497860216
0.226827117751386
0.55818221087170161
0.61971274719747416
0.56533194341419168
0.56320348610232196
0.52561227424451873
0.27703353324217478
0.522996860558259
0.64602033743688081
0.32676547415828266
0.36981084418583904
0.7408972950436874
0.43396004400587457
0.63740550226474368
0.59883073603583681
0.80564576177806713
0.75970356232396441
0.56726067391350998
0.29058937195261503
0.72568770575729846
0.37749934818637015
0.36072380795781289
0.59907654723497961
0.21391837163536925
0.41491762586891834
0.23534412834381135
0.40123825651256095
0.44655181764489638
0.50711106602837785
0.39734790537398029
0.69385656033109888
0.45251597512813668
0.42074814106901864
0.39410095065893008
0.16175958288328326
0.43021489489129361
0.77802271744635865
0.72990094686209173
0.53077199011084564
0.49023593242892954
0.84431591736981437
0.85658642409336982
0.33293535063239704
0.47779269291765714
0.67987870740790679
0.31319604817988128
0.42882460496370745
1.0311339560697816
0.75852225444588695
0.77527314973478945
0.6544611018665375
0.39020060445739435
0.55940175742880061
0.48719160494127106
0.74099527340980531
0.76161306042304067
0.33482047555169181
0.66354501061739057
0.33852723991182337
0.39500660037086827
0.5070273225110945
1.0523896192618589
0.7883472774353506
0.27651820278882155
0.92618726985733646
0.86340196038186279
0.70070709112431107
0.52717679887165214
0.46701922226231074
0.65584334003828793
0.67521028704470376
0.45075411140705313
0.29160767851712266
0.47453573348002709
0.88054209484332524
0.66956528267028947
0.82864635854380952
0.76276745827802017
0.62616377435737625
0.38532042970229025
0.91210963762663044
0.25639712759654798
0.6057432742529254
0.4978879693239337
0.62448101428055625
0.79989930246182184
0.62660729265519854
0.80621743603990037
0.81885209890152222
1.0411091427907035
0.78367719018440085
0.61373702126146146
0.26891145330607119
0.81151377711746819
0.76030152392509787
0.64130830685082263
0.61776511662857825
0.53632139710274496
0.77574960048892871
0.67685447897417228
0.83794541959332036
0.94516405251625801
0.57168081574576091
0.63211922815465305
0.70103833791214132
0.64425193238393097
0.74859230371703112
0.65906616234471027
0.64711872439198881
0.6478710129812989
0.66717990042007225
0.66190266616933813
0.53382433642922833
0.68941416075250883
0.80583462860730037
0.63682359772462271
0.52906650439155567
0.84351630053955307
0.82873541480663682
1.0121525892453787
0.6212491505003096
0.41336515202929108
0.50530184630114294
0.5816871890416293
0.61052104744452895
0.69410956517938827
0.18374016892990361
0.83861681299856594
0.59283177348335248
0.73449710566006843
0.57166433554055263
0.97815870942797367
0.81745792639258852
0.54666026082985109
0.50356318442049885
0.63052525414920646
0.65122208286252914
0.71489375715738401
0.58563903962117503
0.50468045689866148
0.87249759894757217
0.98743705362560563
0.82994836945498818
0.90571304699108757
0.56541972396103923
0.89443510432583651
0.78849184167596709
0.86513712544679011
0.73257844420645135
0.85767874776443453
0.82714278898710369
0.94432768594852956
0.67146186144301323
0.92958475878766988
0.73381116955807402
0.99276458303168047
0.40843236383330583
0.72394217336018341
0.47145071747208289
0.51726579683356699
0.79587685888055415
0.81834326397281243
0.99064099034485875
0.89537902494529475
1.0330164278809544
0.9270293112590684
0.63208967255354365
0.64158363802230112
0.64728486499101534
1.0772219134891672
0.93651996092428513
1.0276401435901532
0.4447257225357199
0.94355187788822226
0.95460880969876261
0.79959430515147534
1.0695480246904536
0.92114794779728393
0.68962079036614587
0.69576357616399176
0.8833097450634011
1.2199465823660041
0.68635831983008488
0.69902181543636499
0.73744536378890779
0.80664382183273309
0.67958585573453612
0.66835216569200318
0.89510473033846205
0.43955477618831151
0.70126791976432523
0.64636239993983946
0.96637187598178864
0.81897613815442138
0.82155331354896788
0.78850383681748826
0.47435559396225208
0.82015234853759433
0.98931282813313282
1.0099416677274369
1.1413284927071852
0.81274481135104149
1.1359121246235422
0.93546704845768558
0.48535971482529522
0.98827029949828016
1.0171995433901813
1.0648678051708069
0.73388321852951532
0.91449735533121235
0.92895436376858609
0.76998656616356054
0.74643828528059686
0.66423934174588284
0.82170748370284974
1.2618875300099091
0.8184057102483232
0.76522921488342677
0.72364085159432734
0.95117248219394857
0.50953725058623112
0.96352375673027246
1.3881961002436709
0.97934510990789392
0.92846415660514425
1.1764661914287118
0.92329548466009304
0.68127517920581449
0.63688656218628026
0.97776760054714207
1.1655644029905483
1.2786456568182998
0.7903714975420415
0.71736216454892843
0.70649277311187042
1.0042322939194039
0.68342369010283632
0.89447285217770378
0.74452494536421987
0.65418671575768805
0.8559798848982656
0.90127453905775412
0.9562821299567752
0.9393129163801256
1.0058114993988223
0.97390001033473461
0.80438877664115693
1.0852281175464482
0.82476652396035743
1.2316472296834067
0.75129360705084902
1.0927033286526189
0.68089904047528516
0.9987771821609257
0.98578648674187519
0.70286165409393009
1.079333836450328
0.8238721052356911
0.87427513821105551
1.0948753202607791
0.85489142950117714
1.2379205126431345
0.90236055859740216
0.60982166758652168
