-0.91585958990514849
-0.98848878584377353
-0.87139526258056488
-1.257041663637704
-1.179436334219053
-1.2289515394844128
-0.95032494628111952
-0.77036510310375639
-1.2020447852549365
-1.1318750969485596
-0.99194197540067564
-0.84667406130414091
-0.97227721123873101
-0.98413536407378166
-1.1637657374153612
-1.1503717701562446
-1.1350710734632465
-1.0565933785656663
-1.0341062186367043
-0.9873980862931514
-0.80003571373875881
-0.78619647315727637
-0.7229165368058037
-0.86892205865961725
-1.1143718477849271
-1.0268963249687282
-0.82191638223219599
-0.93850841017605746
-0.88882541221162314
-0.61294126174452213
-0.87623556750238485
-0.96133524540991311
-0.81762985604147898
-0.98060211686183374
-0.69221049098140852
-0.85610135502249607
-0.64829403611570358
-0.95695289359908675
-0.85381132033662444
-0.90804040703466637
-0.83599011139971713
-0.76349152141243748
-0.77127553097888146
-1.0054877558882833
-0.63249463737930056
-0.93770519522920859
-0.61289174885312292
-0.91075576632345145
-0.82685601756272298
-1.1194842699710161
-0.66861031271779658
-0.83532632060491707
-0.94013935958745776
-0.60423887768535489
-0.98140149048006942
-0.78142215212007604
-1.076946455601526
-1.0409437748946204
-0.71516651476756965
-0.92623543518443985
-0.68812576610454745
-0.6619814836635014
-0.80762107591484011
-1.1366210532250289
-1.0070093618728193
-0.75584194326717868
-0.7719273992464426
-0.68758249352221334
-0.8267537608369413
-0.79628135341206696
-0.72107886845402136
-0.61832844892461059
-0.90708560908058622
-0.63483848913344443
-0.66221317516490086
-0.87058920600095524
-0.80969431321759688
-0.79106925907313574
-0.87822502482369424
-1.249409215217433
-0.65147955025669768
-0.52235455857252322
-1.1485806365458924
-0.82810997617523707
-0.90366749563045412
-0.57939954437324048
-0.66319913170940459
-0.74894242364688979
-0.73777871763893377
-0.53197231440042547
-0.61083394871411789
-0.81856816685747136
-0.96157950115943858
-0.52655295965241611
-1.1010925364367155
-0.89844480824522732
-0.74591861083464395
-0.96739379717381968
-1.0588723388734149
-0.77724574848969019
-0.84237965062195186
-0.81662290718247554
-0.48981886974936145
-0.92293513755553147
-0.77558784413874449
-0.67546550108918968
-1.0639366843769635
-0.79188382180144157
-0.53981560267851791
-0.61683792728902043
-1.0386990084447283
-0.7678063908219207
-0.82412589704118488
-0.7344129523598798
-0.69253763393980095
-0.56718962272732865
-0.81162111680596416
-0.90904571191980554
-0.85390426031921451
-0.9984391208967589
-0.96077735124935026
-1.1734047473699154
-0.46006469445492665
-0.90727944213100331
-0.4051777879745968
-0.59119152528254648
-0.8289717476025551
-0.47910646219938091
-0.84933131717939347
-0.66709020130757213
-0.79843134594407106
-0.3587591521011006
-0.6130250054625922
-0.53183255919506578
-1.0700974807435297
-1.0148180834038645
-0.68185666469282991
-0.90307447000282548
-0.97201938014529932
-0.68501333080036397
-0.89462623376129291
-0.85057111043653699
-0.88235174817807815
-0.44175217688597657
-0.85828117424933981
-0.59009479685969823
-0.71513181376031498
-0.81125060223665235
-0.76080188914264901
-0.75790820684472116
-0.96770783872789368
-0.52111187338025455
-0.74512170940651756
-0.65798394319810061
-0.94683954082077804
-0.32612050600307357
-0.70153389763069962
-0.72451872582015808
-0.66342927208296887
-0.37192144691791201
-0.45942207531093321
-0.53708631555856434
-0.69372923935949327
-0.65598995098573443
-0.68300769537259742
-0.6407075506768225
-0.59222224341956076
-0.62208634306996313
-0.70148200750195744
-0.53376802226292597
-0.43368296180997756
-0.50343286165535361
-0.72096291920337974
-0.7533972481702822
-0.87226921304789329
-0.26978738094524835
-0.99816466606691301
-0.89730724354593683
-0.4208804784217855
-0.66999108266503571
-0.55535602087836111
-0.81521951924063196
-0.67712605258582126
-0.79279306590629828
-0.90974996498545291
-0.67587586105263597
-0.5216584337325999
-0.37280137638815963
-0.67993116229714279
-0.81131570747159365
-0.28608945188464729
-0.49493255260418356
-0.59042075694643892
-0.37065589488308809
-0.66012299975829103
-0.51538274436343279
-0.580601531002509
-0.67151961382070924
-0.90575966243174844
-0.46940171767908967
-0.52891861318576983
-0.59166235590927807
-0.42299434309205725
-0.41467662970553004
-0.38419987751966705
-0.53554816525243287
-0.80018717856967136
-0.45319023867128866
-0.98989042824749951
-0.55082475800213637
-0.63369436127255296
-0.41843456879788338
-0.53702635816181388
-0.58121930867328164
-0.67092680482794753
-0.69611968233675581
-0.43468724913086482
-0.89125467262049474
-0.73190041262411953
-0.19098216093685383
-0.5453580464657074
-0.82340520038117293
-0.47869723640855671
-0.85518824338657951
-0.51329303263638815
-0.81233032150938833
-0.9252937039585396
-0.43841553352202794
-1.0000892587410508
-0.34338384462830418
-0.50087613934439634
-0.70601972500225185
-0.2259767503871471
-0.56194796862508734
-0.89079693283193384
-0.86551971328575283
-0.57602989778475211
-0.60636509108333903
-0.37252166820183896
-0.34584489520922174
-0.607350894913401
-0.50947131539244617
-0.3933069751040088
-0.53850647871081525
-0.55349348885790239
-0.23855371977889148
-0.68781931931986506
-0.20034270028871365
-0.49055386818836777
-0.10856453793757292
-0.21649727008845021
-0.37637182332455027
-0.72913259545419939
-0.87347244021528669
-0.72971697926758494
-0.2407715248441
-0.59622239689295253
-0.56194989769373027
-0.2650168654512059
-0.40010814139467377
-0.76253949796256382
-0.51547328526757519
-0.53268825147264365
-0.27072093135263448
-0.80468809724241552
-0.3375601166599842
-0.45404329944698646
-0.49047508228324377
-0.41291019333122642
-0.4651160340399581
-0.44989868688015311
-0.35013047189832441
-0.21842229387097098
-0.49897031275009296
-0.25674886128252972
-0.24453059089036558
-0.65980047324367985
-0.37596932872957478
-0.46800371758371129
-0.63982212468862276
-0.62157253244132049
-0.57200123864716801
-0.095724569137101617
-0.26081433550240424
-0.51866692999610298
-0.58811528463824425
-0.12945627849734556
-0.48731976764348278
-0.51105779267767948
-0.28392967513300937
-0.61255294899742729
-0.39047641477495987
-0.1288825797924428
-0.35544631333496957
-0.51194391956848628
-0.34330998528061807
-0.5798889738912002
-0.30685495721221456
-0.24508963532736031
-0.68335490561439949
-0.52326037005020043
-0.050272915215990442
-0.51632738460624295
-0.099519327613117547
-0.47408789711341082
-0.5440014964421177
-0.22952064728472071
-0.52816042149609932
-0.37220911761266295
-0.23083639417076954
-0.13941083492841858
-0.40490867734058794
-0.64123770443111683
-0.65040220714952557
-0.44997299771066718
-0.004770354394535976
-0.055120460611961394
-0.094608641242657346
-0.63835963526330608
-0.42554984591272804
-0.69966706425636171
-0.18829530010010379
-0.57121640055841483
-0.17152814118065041
-0.22420667632624747
-0.35647118002804828
-0.50330460503152974
-0.4871923191850579
-0.056885827265644534
-0.39003909521591662
-0.29952587420100041
-0.39753003944825993
-0.20568038109692366
-0.39804389199011786
-0.3128514747964144
-0.66206125614055711
-0.39344930867061012
-0.018201091865569109
-0.16947723066355497
-0.43750266212986827
-0.069639424621732976
-0.25646650521264813
0.049831075625636628
-0.082766589366706778
-0.33490091920055148
-0.60886977172055634
-0.31991143293609853
-0.12007985988800227
-0.45709184263743019
-0.25144509228506773
-0.50728523689291005
-0.3932385530282696
-0.59532976154108341
-0.4342838652212937
-0.026954133293008761
-0.31796940159555087
-0.25530618729773724
-0.21611809132844331
-0.3647516705655901
-0.22528938766763815
-0.19427514119904457
-0.045447656447279904
-0.49410085555352623
-0.54512627003533254
-0.19761575804826509
-0.31142691475992784
-0.48683723034681609
-0.60525888800358452
-0.085334713012908625
-0.26302640457966436
-0.12920233533961356
-0.40524674926874382
-0.19364958033381985
-0.16452184356255317
-0.26816858006505651
-0.24495982545781786
-0.35537220163424976
-0.081466680929083157
-0.54225606250485558
-0.41332760625945048
-0.32415229596525152
-0.39989111180400461
-0.49090331771829504
-0.34035372330415165
-0.3645177314303194
-0.26059628105656463
-0.32381444243664098
-0.20419124342122272
-0.55186721869234145
-0.45660158189270939
0.18673523292908217
-0.07576471686219409
0.045576939969275296
-0.36398613000476571
0.0018491592300434766
-0.20291340195713783
-0.22126621943105043
-0.12409079799504995
-0.26727493653288081
-0.37939709971660557
-0.16627841676108995
-0.15972472432037471
-0.068896436991963794
-0.36591435939357897
-0.2326030811415456
0.18567199061592018
-0.33672452227989402
-0.073085117812490163
-0.44518279563910851
0.15073456878170285
-0.10139219665297372
-0.40044081791030911
-0.099788100057967635
-0.00040759006058256516
-0.0094606140147910703
-0.14771104626263359
-0.18347546543232057
-0.1383898068135484
-0.28147607280492393
-0.14655006582485933
-0.29217913938681439
0.19898379966539265
-0.17102564071459572
-0.17401048701597002
-0.04666364302999701
0.21066471062812334
-0.065184632982905041
-0.31492728241502543
-0.15864406068434439
0.059404649366659755
-0.3698778340893788
-0.58541813068425419
-0.10667413527082137
0.1508539184290838
-0.53753278417734751
-0.25301257122334186
-0.24008609331093303
-0.08748231502155486
-0.31998647660463159
-0.29932995120561917
-0.28382090824971051
-0.28173272104658187
-0.24895766565392399
0.011490697319240606
0.090574667433628714
-0.33048054277883909
-0.060813138019745576
-0.27321960867966072
0.013937517921131386
-0.2444011261236391
-0.25204958189989063
-0.20928651407173887
-0.27990437049789951
0.44709261745480006
-0.17581670703964741
-0.29048448774164565
0.026034752092108603
-0.21394054701923393
0.1180248536280233
0.023139474499325831
-0.041159846942309251
-0.16756389358536544
-0.079019159593646263
0.063134734932124362
-0.19358935943274669
-0.040610201915577647
-0.23651200996097371
0.21237611354403366
-0.05402432596857356
-0.21063136631144724
-0.091321018671492116
0.027676379041256555
-0.053469671438925559
0.028892311458364371
-0.21502444873133172
-0.26835751086977955
-0.27774119815127912
-0.58087450185892175
0.13354285645078931
-0.045568461758133678
-0.15487175938301426
-0.099739443134769123
-0.18473643750104968
-0.099429385833360667
-0.1490665714911677
-0.12650501421904858
0.1213062059679446
0.0084822864909125644
-0.34632723886396061
-0.54388606222521885
-0.031707186781372486
-0.27250725713644353
-0.27388025725837384
-0.026894546704711357
-0.037018616586071279
0.10019218532326206
-0.071480891093411866
-0.37014976187044746
0.091613679457613145
-0.39965624616812306
0.19544247162988934
-0.30758006594285214
-0.069953684695733084
-0.19995674246853548
-0.29631207249827718
0.12049113653651934
0.074582241227033011
0.027629237438222154
0.178529122325609
0.067497673715507592
-0.075547285655045177
0.12672529661672532
0.18602970298560431
0.070631585879781911
-0.14543463281437949
0.17214124305031317
0.28101517484654848
0.34941831212040131
-0.0050192964774073119
0.035339818075881185
-0.15194439843226334
0.23783037344425928
0.0080586896366706753
0.17426172106337265
-0.15082910688337997
-0.049354915308672087
0.2359032914742569
0.47983913903163666
-0.13735474377356269
-0.0074881529680007703
-0.068204268083064776
0.29378052405096156
0.22877174243742526
0.091124010736602229
-0.001939111088162804
0.15170056195908641
-0.070359200228553645
0.081295229780850214
0.030083112936624343
-0.063723914671432971
0.032817282243217574
0.33166510067380411
0.038629081558383474
0.17503796367168842
0.18891220914331028
-0.012573057300215689
0.32811706510805849
0.035500240712219279
0.21439893161607029
0.10680089169487335
-0.0410880881157158
0.1189642880083439
0.41699136803546055
0.051841953198975048
0.20531740292259879
-0.073723033722101011
0.052793471392689154
0.14249436326437806
-0.028486746549994342
0.12077557724230291
0.27723738826362959
0.066309414991572543
0.063143889099822673
-0.0081047961870280641
0.46887560081468072
0.079485227667726005
0.13890984610138174
0.39386706347581685
0.057542213740203761
0.22393360320871281
0.29813244623695817
0.29123590054623222
0.18199697987348443
0.10481705593902353
0.3388244931559945
0.049912448052076355
0.1453208530516748
0.074003780367091335
0.24156624475067201
0.23666405870960078
0.11100048786187698
0.14183665462727749
-0.019180760051284045
0.081528426656360717
0.36030617734975579
0.40785859289717508
0.045915578207038503
0.033162466110029674
0.46389745663330451
0.34553411901551229
0.52513569560651807
0.50711551945079414
0.21640371461845104
0.35756429826154873
0.067928823116120376
0.2670322100729654
0.20318013571961302
0.32892941996333946
0.060334111064570733
0.097637949951102615
0.26853081965894265
0.14960478887633696
0.17626219199656612
0.17577445986780693
-0.0102546804340233
0.29878403235863904
0.18125388481454965
0.63034665295661585
0.23172366507650052
0.27908779570467318
0.35719329636035418
-0.062292110296659556
0.0063273846748399983
0.19107458374364822
0.13211268893453013
0.33276235199588394
0.42049893596124072
0.31560847702654771
-0.0086576882126439721
0.10835124610827465
-0.087247056486380564
0.22981337787474435
0.10378619571086417
0.17562430829094436
0.091537078548029463
0.23271518659312981
0.049077471118307861
0.69122157155327235
0.63171459002803509
0.11679178869135848
0.069731760869924372
0.37569975748765638
0.20218419223975573
0.29208523057558644
0.59254063140325341
0.39780674690185786
0.2814808705380033
0.22063525034806519
0.49493850801513167
0.41027982622614628
0.40577833244293654
0.42006766908636989
0.68969394053899158
0.48068832395209177
-0.10312325187668457
0.10309756392399802
0.29476767915837804
0.076061503741327585
-0.064478839698997911
0.17802157799556104
0.49717289034635864
0.31412503824354954
-0.10163934424657556
0.27112463739819692
0.27240867897613891
0.075802926473804322
0.34450746844983804
0.25424427394281346
0.30890274395126377
0.24313446485941639
0.46092387718547168
0.36422209603078048
0.3731176334588569
0.3056323613538377
0.35826648517715443
0.57488882151798526
0.098662057233627795
0.067986081531196368
0.1654545935386505
0.55623544015244575
0.4722065369981735
0.42643704954777456
-0.15272052716550699
0.31501739280923641
0.568264388284898
0.22114050931623733
0.34302084695751467
0.47904622799459945
0.33454848975639334
0.41927110601508683
0.50213105722593099
0.43117020804639272
0.42772413853536917
0.23670357369714795
0.40538851028393291
0.48053140392785448
0.2557877681988866
0.022668518231410452
0.24402671384412999
0.080490245802661661
0.58260746061730972
0.55597757448425178
0.023544406959204907
0.21054365997424276
0.43034159547087986
0.42496089661733089
0.40009135613099456
0.55663347231637228
0.28930373424587669
0.23155409116301123
0.38625310030554744
0.10949740731782659
0.78198195692203021
0.13042402976791165
0.57624827239213139
0.35942408776896806
0.14721856093540206
0.28935410749706975
0.11696674254483566
0.49433792191817577
0.44253822071460891
0.34592699709539287
0.42390553110741891
0.35999903658609805
0.48960815220530524
0.25675316995406094
0.40135362307329109
0.17922655730019479
0.14876697063843425
0.058318727703014869
0.47585395414884279
0.60110340761405945
0.54063732789362473
0.48225539215282776
0.37477080739391772
0.25163843373447009
0.43983741371116253
0.34246480510473465
0.25876799929387073
0.38037926149601659
0.72404526749102061
0.56249040429354114
0.65958502584867229
0.35878324274946971
0.55502387634335348
0.4849996387860524
0.46072425161909314
0.57946039078175171
0.25263068283553403
0.82013565172965608
0.40109225886879107
0.57037999634757131
0.66512200327227455
0.38600260742209241
0.67380499363290836
0.64836558045932202
0.63655154435311023
0.67055999797026467
0.35875555885212096
0.31497571675872349
0.58371971573540349
0.58440688278096964
0.67610829635639125
0.58686350089597206
0.09588536278386231
0.77796417545087915
0.65997717063203243
0.8670092642506303
0.50863141184501492
0.25890659424734763
0.62852161952969177
0.52054338690242741
0.58476950622676527
0.85582642630788408
0.88156649418029764
0.39485181990490642
0.27181273747717827
0.34632378906607225
0.16904775493045648
0.30622624080461924
0.49941273907484263
0.67284750703675245
0.24950442940544112
0.73920704895205502
0.39942980816795104
0.49968007805135223
0.92271361861706069
0.70636876675155325
0.67932690046418764
0.23292233380523675
0.62641599597507891
0.44792489293508486
0.39704060943576375
0.64716464215472147
0.093603949225344193
0.64672007604248849
0.54992099941675066
0.35533363338675511
0.52565152040340035
0.095060488730066353
0.52186230183591165
0.66667648318947026
0.38086918552907978
0.56408321815322138
0.75495045413598327
0.32485565524206594
0.42401289768825207
0.52383942257307903
0.5083102040115961
0.55234134596160034
0.36027146537427313
0.77131279691881927
0.71415746480412079
0.30828312636497635
0.49757749724756994
0.66505749113321022
0.71539667154620934
0.63301103276559556
0.97485712210001807
0.79540363296589467
1.0899460273608532
0.29066550552622117
0.61565907779932438
0.74542789215244709
0.93444640663824263
1.0159168433001207
0.57910838933477704
0.36394264899442957
1.0810880387802306
0.52695042679667692
0.51366805269953408
0.6235645021660684
0.57418481029451451
1.1272179505065643
0.64595467594805689
0.83727203779085735
0.5660837433949738
0.94921067582743623
0.66000524235832458
0.64477856507009645
0.61249756004637823
0.6867944652424397
0.62467368231208098
0.37022483490311886
0.60939091855377181
0.82177711864694836
0.53177674701449262
0.38703796462661882
0.73900996110551542
0.49164452957844357
0.61254833408205145
0.59553820486179776
0.533597062037242
0.48670751539183904
0.53219448638551314
0.36246027040816037
0.80295534253169698
0.70422647275385253
0.55202753646257163
0.80506305722970006
0.92214205044402808
0.56992320530043872
0.70183964484252959
0.33774336675362399
0.68809827542543456
0.76721169466484218
0.7543538380901591
0.85591006405788261
0.88273939290089298
0.55172034461482444
0.7546013410718091
0.71730698828877348
0.77533785831741553
0.776799584096308
0.72195643553621491
0.71080105719500408
0.63031911396132723
0.86621473855128761
1.0035477603528975
0.70010650756736137
0.66538514719740838
0.5514031288764476
1.053946630388827
0.70538655652082827
0.72453691830719824
0.80214897430055865
0.92974580656198902
0.80476823640029693
0.92657888110303666
0.52689076265142087
0.50904634981441887
0.74105893318900296
0.91490072085218455
0.89199341801556153
0.65034700163931225
0.87758800790864511
0.60362680662910451
0.81215948211419353
0.81542112534791178
1.1741862017229219
0.66909889636013253
0.82470503469370482
0.67788086778131484
1.0019989979601029
0.3632222715981851
0.9229297242568747
0.97701872594909289
1.2415273405179463
0.77166309534709898
0.97009436320619735
0.65348352289217659
0.87753823832115585
0.91504682945358229
0.62353959206122989
0.80425931897236147
0.91433041999488096
0.7091207348912052
0.60236758640020782
0.62665670266704754
1.0688558703555422
0.83113373504763632
0.711941806307268
1.0159917881637168
0.66079933286961978
0.83242160777049812
1.0135967586598345
0.89337504598126427
0.98451040691579361
1.0569933115163967
0.81358293617648059
0.74634799763359783
0.66762802717406611
0.71420123634700539
0.50171970689725476
1.1703490027666783
0.64380813223626621
0.9020827906316421
1.114088132093225
0.82145826600441063
0.59344293912578028
0.68006815796130471
1.1049402411836224
0.74356611696635433
0.93019756019116584
0.90602655612267602
0.49694251205767659
0.64544837064682248
0.89632928967149861
0.83289217640702762
1.1117492965170501
0.87177990568880237
0.76445001873173446
0.81863549503700428
0.66256373488994735
0.79141168234079684
0.86944875499099794
0.73797383898487534
0.6763029644454841
0.97886780601191947
0.73593333433223651
1.0104023089562111
0.77736789021804342
0.74571587642216308
0.86012950184888404
0.83270369494237928
1.0665148382582426
0.78086784814740196
0.90862761308641926
0.94786117022359462
0.7761928151047679
0.93706884713837413
0.83565449645547707
0.93465289517844941
1.0337161861958468
0.41131506070756335
0.87735103841455675
0.81000557671470685
0.79649849544705364
0.92125349387704791
1.1110831223974491
1.1351698476585206
0.91220164008869276
0.70763163194720158
0.8279076225880273
1.0044554566067441
0.78094678273402851
0.90364894673542506
1.1360937956132029
0.9417611833001428
1.2671520545015269
1.0899159363314945
0.69511741653277448
0.60566801808370041
1.0858210200135245
0.85086554816490256
0.73920743230938546
0.40755872999922033
0.85598936016058047
0.89170292400919227
1.2414691258524997
0.81866194964291228
1.1281224988428136
0.99073915637206211
1.1677392314471025
1.0711783880084966
0.95867242514802009
0.86392693120998287
1.217462585994904
0.89542163536378971
1.0516841113075921
