-0.9450293679552586
-1.2415912008502437
-1.0363957679617983
-0.69852004827399705
-1.0819351832958692
-0.94252727857594609
-0.85251211132858251
-0.92211425930016777
-0.83318329231759936
-1.2048563412209952
-1.218757452711102
-0.86612205863088876
-0.88853252944857053
-0.98447762133838335
-0.91426950098925874
-1.0456055664264743
-1.1471462962867085
-1.2259603733986315
-0.75113537128380747
-0.7085358561421965
-1.1428790752466795
-0.84828535175897601
-1.0240937792959719
-1.0120965929800887
-0.79017539607841658
-1.0456401767648911
-1.0998170287644129
-0.99996726310839212
-1.1249567291673073
-0.61993807876174611
-0.74464467101084819
-1.1440621486729794
-1.0479352260289159
-1.0055750016330338
-0.73572529959398492
-0.76499601429669273
-0.98406004945577441
-0.86568818830431138
-0.68758243622668447
-0.80360610150976874
-1.0257140195446866
-0.8573189981329904
-0.75541675263979835
-0.94448411481941252
-1.159976902768683
-1.2865054550701822
-0.98054620565618478
-0.75589877874263833
-0.47870449032137141
-0.93399199435016667
-0.76323168660310159
-1.0044553045063656
-0.62964327073455195
-1.0090237242310183
-1.0937430352195423
-0.9259384855771603
-0.94823593829260211
-1.1387780734001596
-0.79700245603495334
-0.66179107254314107
-1.0089262105526509
-0.61405965685280084
-0.80154825333613999
-1.027392435493985
-0.80449831175629838
-1.3722811156294275
-1.0008439923906136
-0.83417852992162023
-0.37315154217120433
-0.77106996639968706
-0.8519423451515864
-0.69127382924731517
-1.0297912285181761
-1.0429365042379941
-0.83022903122442471
-0.71537662458881313
-0.58731700019618005
-1.0091317334633179
-0.71710081173802065
-0.80202547635960397
-0.88469399351934419
-0.70754115579342558
-0.79095604211684289
-1.0550975460743772
-0.96047325116936133
-0.71987866412038404
-0.82743455094995877
-0.81881050177350401
-0.56345690722768105
-0.79107158142335232
-0.84077253538142604
-0.71801690235737425
-0.99182849721142941
-0.81067371080513351
-0.99398411132786191
-0.85345514132449896
-0.45453392372065171
-0.88578142501491375
-0.98278769553461265
-0.53610603364894172
-0.58013762519188772
-0.61694204323590218
-1.0640481859064188
-0.6185079743442552
-0.70655844839872362
-0.94043168395916754
-0.66196822528210697
-0.94479321435637065
-0.7280577371172352
-0.76021943480816168
-1.0889160992834563
-1.3050685540764304
-0.78602685464565292
-0.57457200030786382
-0.74482523730028516
-0.83228354944507932
-0.93202883257883651
-0.63824201879961562
-0.58179878959452724
-0.75750279161938716
-0.61352939832740128
-0.69449701631073901
-0.75232582447346708
-0.46508787468768237
-0.73589215972568123
-0.50705935542550762
-0.63342651281471529
-0.55074938941613139
-0.57884357148055632
-0.64376162069751375
-0.83517596608388556
-0.83572365761526002
-0.5394009356521251
-0.67050794217883214
-0.73056773864129043
-0.65908985327411451
-0.87036714420345807
-0.35238687688126308
-0.49846496384973127
-0.71457028166092462
-0.81072191106279423
-0.93544357619875351
-0.63326717926943277
-0.68595570295575947
-0.75910989243237548
-0.6886272170445451
-0.61601795934103531
-0.54690346972386505
-0.98279615313342494
-0.73258716705001226
-0.57739273908205024
-0.72951010322915877
-0.58958766355419601
-1.0112468057180486
-0.86510399938199734
-0.75800599392937895
-0.76851550356623355
-0.67653984994664784
-0.99300942292195205
-0.63876846975039037
-0.63580356272031013
-0.34936029476861807
-0.64685566752716916
-0.71203446018118888
-0.77941876470036142
-0.91778777501087416
-0.65828898932049218
-0.6299735534187334
-0.98351031630760455
-0.71881661625363258
-0.62165538388608721
-0.57775711268545327
-0.38997084955166261
-0.80378020571232933
-0.65813451608745555
-0.70713296799797554
-0.70312155129293696
-0.48670036916265985
-0.61656570249133413
-0.76886420921882659
-0.4467539408034279
-0.77178807659759319
-0.42225411220523845
-0.63209446259609714
-0.33237786526393387
-0.60685739004238715
-0.46501119246697253
-0.8860884736734328
-0.9561509897976731
-0.66691768944888419
-0.76731752783768292
-0.73401713845625927
-0.81921683772005183
-0.46713837477018338
-0.7749294327864058
-0.70999957160417204
-0.51605792562194142
-0.62196439920376367
-0.82555517468945316
-0.78077624024908276
-0.66282886287288523
-0.33143350680568451
-0.57441497201723124
-0.35406825404487319
-0.63964626840449657
-1.0045523000869681
-0.46016024881058099
-0.67100531223386417
-0.68861408723913109
-0.46237149376618725
-0.87401930176295239
-0.66340616509063088
-0.59786644443777204
-0.3572143387569196
-0.42365617733625416
-0.41668958353649926
-0.77059330465038611
-0.58590114332443655
-0.61263387701205607
-0.5005964090513656
-0.38298033278716398
-0.58903508332549492
-0.56824209531801051
-0.37646251813683768
-0.7863972746162009
-0.72963960987201826
-0.77359418704965532
-0.39561032441694644
-0.23950823361734869
-0.55476161454917816
-0.3105638461115855
-0.61903285127341956
-0.46205423330724077
-0.40707279204438457
-0.34183580699887262
-0.56496498861470301
-0.39200869897850643
-0.71008195407469565
-0.81063174404087979
-0.42812695974965526
-0.39150621247134065
-0.8362451665844739
-0.54048214167865227
-0.14504506637409212
-0.5712210140770313
-0.44659252754229356
-0.58635641976188591
-0.43887388708404995
-0.15362135219061301
-0.57719447241670818
-0.36605826221676641
-0.62961014900350498
-0.44559751635733374
-0.78197966326696344
-0.40201012975537764
-0.47911497304886835
-0.40956937692836398
-0.36561520196646086
-0.26261875598734546
-0.41762342524447899
-0.61293275821308923
-0.65674208854261851
-0.34741736456396816
-0.58547879000683856
-0.49792633339245745
-0.80477687123283581
-0.16837061602486517
-0.52642282648036454
-0.4206876602258382
-0.24856885670868339
-0.34998726769557637
-0.4951568135344851
-0.67169485761580294
-0.52977793581407318
-0.49096018733406033
-0.23967625024040953
-0.28671900478369444
-0.54898929494016158
-0.37381261597192517
-0.16561410446640271
-0.13412423235495224
-0.29979628962310079
-0.44503385897977427
-0.40243857670908201
-0.60769914908194012
-0.45650595208453965
-0.40182747605492425
-0.63483881495737193
-0.50769570671914532
-0.3803010141549254
-0.58115086414125883
-0.40139818425065604
-0.66920712535701077
-0.55147615041312059
-0.50597553801698747
-0.58177562297652408
-0.53072250372990426
-0.33293094417191238
-0.621095491395944
-0.21012934773171274
-0.55160255951402226
-0.2575500016387936
-0.7023367923901761
-0.50360588382672034
-0.35553079051873016
-0.60414269256837705
-0.58226023655089276
-0.25036978893866807
-0.48617021065391031
-0.39888326655808654
-0.56502980442136108
-0.41607914488420905
-0.33314897481527145
0.031731323711158464
-0.18491341494667995
-0.71499567118525087
-0.46312227449542637
-0.52764821790198246
-0.12502022779398972
-0.39604950377173759
-0.13487155263254505
-0.266534621971459
-0.17130656980340422
-0.35643886750229126
0.098433635640185646
-0.3228789196845504
-0.2729001126442881
-0.32703045296683736
-0.35729557814077706
-0.69414664696013284
-0.42511240571008563
-0.26720662763629027
-0.24064924519270231
-0.54415236585766547
-0.40342236522174818
-0.43638754790936019
-0.51159884588665139
-0.48259427362030277
-0.073394129244776674
-0.27784577680772632
-0.16877030591360864
-0.34257725403706746
-0.50383496070111522
-0.35475141067213922
-0.34445252935648024
-0.13207632188269983
-0.36390520425631528
-0.19071850593859921
0.12497632614358095
-0.23851193009204757
-0.24191314711218498
-0.20025072896131632
-0.20373990997065025
-0.25764762506821798
-0.44858837774835081
0.19310520341877724
-0.52691967352373759
-0.051496030636112397
-0.1013037994198329
-0.43834534526017238
-0.2939460868300427
-0.37237184193666767
-0.48351320854065311
-0.23867542052287841
-0.12603513230056354
-0.11021484042891797
-0.30252674347810676
-0.43921805612373177
-0.019994830750969559
-0.39434871967337609
-0.042315720687695145
-0.16671714559769729
-0.067939351594068734
-0.24953121529572078
-0.34229133013583196
-0.48817503919047928
-0.29628094972648272
-0.54956714677017249
-0.38625301005386886
-0.47390294145652262
-0.21398868591140777
-0.61570291818908118
0.03998722464286128
-0.60285097999297088
-0.39582454289596042
-0.20291834408714859
-0.19120512807139234
-0.11036455398765502
-0.17337523060767812
-0.19662566946361265
-0.18965173321371645
-0.41285495963583546
0.041503747121139127
-0.0094417576988285318
-0.064141784186026715
-0.12047258276878486
-0.0753832302239381
-0.0308702103656831
-0.25536308279985737
-0.088553052399271442
-0.1337755637649421
-0.37677738050987197
0.036578908755726655
-0.11930064415842892
-0.30807056037673441
-0.26365549551547923
-0.13711265096929434
-0.079655998532355041
0.4003861892768113
-0.56804148114022146
-0.10833349557942704
-0.47160430686395521
-0.18303209035416582
-0.1606901250358605
-0.0066933144915215263
-0.055279925645640569
-0.16907647143820895
-0.36047763363998947
-0.19335586625614917
-0.15329485663361511
-0.22837773653875526
-0.14791375967166859
-0.10788216565891698
-0.24231108930835688
-0.18335205552992453
-0.49254263266417819
-0.027846285094907303
0.26989711159989299
-0.031284064010346668
-0.33618930901968375
-0.21879228235804507
0.09098765190066814
-0.24759297735657382
-0.05209197328319351
-0.29339241811616634
-0.13348202592151992
-0.19986226372699198
-0.19475846987077397
0.078190421653822131
-0.37718277379582688
-0.22439775268896836
-0.22056277435939797
-0.27274101367528419
-0.0038321779542305635
-0.24707270145237648
-0.27909212073688161
-0.34187858623135337
-0.22867179783985733
-0.28336149286270695
-0.17530527446593458
-0.4054520603023215
-0.10037643097039209
-0.13766444024243424
-0.24162022778562692
-0.18520654164126432
-0.11554243832954658
0.047989346714096562
-0.3009780597820278
-0.023507188813855606
0.31007896756144565
-0.40914363193194342
0.14519766457282915
-0.2182887655299989
-0.35600172782983158
-0.24584867802869842
0.069861031821437769
-0.1478520064429488
-0.34122610310228951
-0.080022526014784823
-0.19098401534149578
-0.18852440609019383
-0.05917168004561154
-0.16760342077984217
-0.14672238080030936
0.19577897120260734
-0.10921792290248339
-0.048809966032258609
-0.32175733929592915
-0.096024410443839678
0.046776708059809075
-0.28506413296270211
0.30361016468235646
-0.06783113292226528
-0.29706171380253987
0.24148338424795623
0.10263373757130934
-0.09690275752969589
0.32738346752158426
-0.089917713965125948
-0.13926768810591589
-0.16918736812593699
-0.13768269743462422
0.018996307058825532
0.098846457835697218
0.076730224360421873
-0.010691434120914778
-0.37965827905868277
0.054796014016167113
-0.03349887740023022
0.17496695832989606
0.20170334991976818
0.030470087623067427
-0.057305263632322731
-0.0073032694828628836
-0.095204649528694021
-0.33107312054069921
0.0015117536602738692
0.33241568779547254
-0.050256282406422159
-0.041980527868979017
-0.13229563629197685
0.21834508302761638
-0.20821312603565764
0.1562964100426722
0.22509596867958659
-0.11774258822218106
-0.045187191239869605
0.075209226256068726
-0.062668871377788773
0.078502990131803133
0.2907800344558053
-0.062285807208142994
0.13634739194925746
0.16260668093050296
0.19287250375192122
0.263458201260719
0.28509550731021072
-0.010406515582900717
-0.033235526672281052
0.16564855249410751
0.093246404721465906
-0.19485532418594811
0.28731165658545982
-0.096699662439674913
0.22537928234285656
-0.11968363691826008
-0.047516127254273822
0.032529980603835017
0.22439812122473549
-0.01968789589366331
0.031063092140861559
0.091083810055573464
-0.23011224874173816
0.020414829379124935
0.18933283800882175
-0.159952711965759
0.19145753758270687
0.077308234376469331
0.30230816691257012
0.50146118195617062
-0.12143806245063411
0.54003202559833274
0.24697318562254711
-0.009579877611965824
0.37410311394273482
0.19035183771195927
0.068506901054369837
0.053642354484858143
0.10495617041276852
0.28255722836234048
0.099921868652625367
-0.10375871727311518
0.016266732996941893
0.30378456009277982
0.00072440579762074768
-0.14281686971110083
0.19306047952592614
0.22835919707207222
0.22767371243027318
0.14520761677473498
0.18797600833332384
0.089330083504597244
-0.025454156172801636
0.14392363141542133
-0.062170554918493
0.25806721574803654
-0.095679788670925747
0.29852691161169265
0.18504617873346629
0.103401466115896
0.09649072052719028
0.29205915706233765
0.093981521239594537
0.19519757788802342
-0.00068254850792951198
0.30549621623657386
0.071030347842198624
0.65553616589891595
0.29698575963804497
-0.071542504007334654
0.12661631096641168
0.19135421255384175
-0.06764542065669589
0.36564515776742207
-0.0074450697760443125
0.13839085493657441
0.30381394659121741
0.047241098048612706
0.22321464729589582
0.44991644830149458
0.05308910790469118
0.022779075857356511
0.05607909658093143
0.15957347181720269
0.39058482934216443
0.30538090691871561
0.47941116886083179
0.39483525074900705
0.084947826241863839
0.14954277739759944
0.054285421865437743
0.43470148776554263
0.066545727904542704
0.1741972848873648
0.21460374240627439
0.20090289385567112
0.49402908751898256
0.33170598102876414
0.17518946943076349
0.23436658077176972
0.51495042293982418
0.39796745025695063
0.17340484038608359
0.35061119326941037
-0.0040907814162731791
0.31108932143545298
0.18264370267807356
0.33233892332167175
0.46815191232208964
0.37269272925551566
0.51587051123653893
0.24119796338143609
0.067117158550620656
0.54274498509479852
0.28189374644960746
0.33272180663866785
0.1264405380225283
0.22710652754810504
0.6170436989614676
0.37793593475769516
0.20612480287334228
0.2020270961755497
0.073924426414416183
0.52463703583222332
0.40226759674983931
0.45380513669454831
0.45663471388116827
0.21200781910710642
0.39980772274352488
0.54920089586792176
0.56995172273526806
0.50749701305218131
0.27857868511354222
0.58402077042121425
0.16728462972935998
0.16269012922154735
0.45000335743699349
0.40507019308967812
0.31910811211093698
0.30222720411976167
0.0018802904197237637
0.3808535036328673
-0.0021724367865612959
0.16846221238566747
0.48303932146741407
0.52877269749080058
0.51049524497366028
0.33612655249604428
0.29277112308595032
0.43148199781370306
0.090380014195142494
0.1676574954670598
0.43622481209285058
0.2227850537056649
0.45204736163768683
0.24304426283925093
0.37346435168487957
0.4335071020757113
0.36388751601842545
0.17251910989330074
0.45252164331425093
0.28844750489155541
0.21229334962489937
0.39242800087928209
0.16848349673498919
0.43986901193245737
0.32459883273769985
0.39402558090888296
0.58113367098717661
0.46829452643744329
0.17448354463801546
0.32315686143538419
0.54086906789719058
0.3168430739007741
0.098662335283842093
0.65144898606726298
0.17827569411190658
0.39559661168667326
0.456199731539908
0.51352831591293702
0.35073761168077616
0.54265461110161572
0.70897694563428837
0.36789782074097532
0.24176338686315055
0.20472769340247238
0.66859213263066253
0.41969300778170338
0.25803795927277695
0.41627524994412585
0.86124289332410775
0.351301403283511
0.74965837879913488
0.47849887129511043
0.5851674314344667
0.27181808424399539
0.49560968649351073
-0.07866951104372813
0.53061329842092453
0.39011417262741216
0.33457580548793375
0.38183052844764137
0.54404523453212472
0.50712420764996102
0.41967568601201588
0.17175705659235427
0.73460736943243954
0.4826470069607352
0.37650431507688575
0.56890085794119971
0.57207325912599716
0.24247409777042284
0.37539036937890513
0.48455556619317908
0.65221983283867091
0.21026602985859921
0.12544478423666175
0.81669722384306009
0.60021887812844876
0.88252465815823111
0.43093294902528634
0.29110161781665084
0.24277373072794597
0.54244602554709376
0.44854649698449944
0.70044493800689445
0.85921774566979014
0.89503546384899135
0.73681430648371016
0.39787469202836612
0.58605407869938475
0.64552323484295471
0.46437142067201564
0.81340660814614796
0.43048391859973406
0.65330440662341671
0.91871235361884351
0.47633572812168329
0.26897982168909912
0.76867383980911086
0.29273861420934316
0.51623299456066873
0.073152845804152072
0.56183227162525562
0.74235891583883307
0.58663386924621963
0.6025899689237767
0.63662051756554372
0.59371566598953118
0.58647969172953107
0.76196493274690269
0.45028669331576293
0.47935798972552768
0.55924572325741118
0.45347688885702536
0.6024111089763784
0.45329188079663624
0.88100858499882539
0.59474936826797087
0.45799870008441729
0.43742913304108777
0.50260066498683287
0.65303247363424244
0.56274550740351459
0.89086586231999232
0.36379615880763083
0.48538381384896284
0.54458671552333748
0.3738390851123925
0.29965862427202661
0.45454721703111411
0.38918765789438814
0.36339384072742226
0.7799103866488859
0.68302104955201692
0.62790688939959183
0.65804176157400518
0.81452514600090886
0.40107279464342049
0.52843842859546319
0.23073450186426922
0.45967542590485244
0.77382468533828075
0.50552079181264054
0.56164351279206071
0.79279214959276589
0.55118778254639478
1.0232224306108482
0.49993223105966816
0.53716418688056344
0.71414355128963125
0.47310165698162732
0.6762920386587723
0.52651011290254601
0.88437376982101612
0.56926302735217693
0.6651153876525141
0.58691946421970564
0.85574693844250793
0.68759484166340312
0.738763975108921
0.27877181739976886
0.69320349355873545
0.81931906909821606
0.31337508875245618
1.0477462566541456
0.45570468192622676
1.1169757555123583
0.50494298895883261
0.65075094760809193
0.85572838652011118
0.65938242151633197
0.78493965066238136
0.62880416379526871
0.90409686751034246
0.83706588721775832
0.62744714203323759
0.91804630893036132
0.93272492621846492
0.72930267908810065
0.55329924420565979
0.78915657992552946
0.533038755514878
0.62265516852419134
0.64508922298648663
0.654743683693359
0.540694293698601
0.39274381322530855
0.65667122318462434
0.62102876494405479
1.0433108132485196
0.79180802645780934
0.45085194683269764
0.52405823963729281
0.71065277859752318
1.1406765026406798
0.6534646318450652
0.79752978094769889
0.67986138198162716
0.68808959276357562
0.78096715617852941
0.52031913956975706
0.79188933904295034
0.70163022359821225
0.74419899020564773
0.7191716039882099
0.98922169996658194
0.49994999874732565
0.92173676436036478
0.31676176652136651
0.60981436666514688
0.75816049686626186
0.88171823976504882
0.4669620457912616
0.7899549984294737
0.67757473060992501
0.82294448663820619
0.68474862938454673
0.88668068344939444
0.79570029577669565
0.64542375273645813
0.78226414844079617
0.83783392616983465
1.0546052346235268
0.62264060234355889
0.54025454111159665
0.44926437209441622
0.77728804011868091
0.81514529231277133
0.63908005531378143
0.61979814732056171
0.94102688761247966
1.0116494509547043
0.69366470815700176
0.99328187038357041
0.88497929391024155
0.96480755439766575
1.1234614007146604
0.58438246656076009
0.80667146545236235
0.84276971627137209
0.48271380847462247
0.90384036541358226
0.85277640967215373
0.52203425680805771
1.0097239767482098
1.016440592817363
0.76479549844090788
0.94079205031682711
1.0685721675808191
1.0601162500951493
0.80653050465137721
0.88094589645918231
0.96763306353573542
0.92316231769081747
0.55531909269681978
0.91529220268134404
0.76175909853680623
0.75089815437565943
0.90263684216707862
0.79829720170845531
0.97257436645750894
1.0194746914054558
0.79575763281820233
0.76348620269762857
1.1352246407514792
0.74789282026023018
0.91736230320249001
0.71481142434464928
0.6698024165894102
0.86779845130728073
0.87781269746456236
1.2464538799160134
1.1351157919389987
0.96141589055860854
0.85886047474304961
0.58701376891074286
1.0201214710025996
0.98481781995591167
0.88504321665667218
1.0309620263575276
0.75323087925690024
0.94875679709207017
1.2100982831366216
0.95254899106818103
0.85481638609097621
0.63963347803267712
0.49428927018967334
0.66835872759423454
0.71852707827201068
0.85149240685186134
0.60815694217860128
0.68671356558998697
0.98666712752083463
1.070558754901521
0.730323910338739
1.1532283309627211
0.96951821224473012
0.78420677688667606
0.86058616193753268
0.8876769369909342
0.73849245398589036
0.52859778620352771
0.83705379937269087
1.0098907039194545
0.91287242470035768
0.54381184613062394
0.86747024056437771
0.97271897438640675
0.85838354649880799
0.83750726407827691
0.91435699781033442
0.94744869848645685
1.2489947781338107
0.8016911975656198
1.3968955210939991
0.74254707695574496
0.95472119263476007
1.1151266770001644
0.72980206468585151
0.88565726219694896
0.97973376332632844
1.0611186850787633
0.73407259531850555
1.0223336674276684
0.87131665947203651
1.0055707951549786
0.74013606294771717
1.2549853776046047
1.0310313443601571
1.2945576126184357
1.3204346300014167
0.91654770849562028
1.0576595612413402
0.81325614159259674
0.96029616783581939
1.1838725285335523
1.0613704794508072
1.3234241718418158
1.0317320359883397
