-1.2069680215789587
-1.1492483671331217
-1.255100482070894
-1.1283823350750517
-0.83517416276821033
-1.0506404384344274
-0.82925828309238903
-1.1299283149143136
-1.2489573661301343
-1.3553684342575234
-1.2147223748651934
-1.0283530070120781
-0.86949495222639828
-1.2704256092174475
-0.94246657282735569
-0.93572365395566037
-1.203705694275494
-0.94360992002953015
-0.82864793574794993
-1.0193469329049949
-0.9182972117420134
-1.3606264380391346
-1.0440387502193222
-0.80232429992569421
-1.0868046995209451
-0.88873872928310416
-1.0371870398820775
-0.8214980330089755
-0.70137831161749331
-0.94184393288127366
-0.90808009832484904
-1.0225065366844264
-0.91070440439842548
-1.0310169922258261
-1.0283282135897076
-1.1199137708176017
-1.1462658413537874
-0.9689811255690296
-0.96966950766919557
-0.76741803562682509
-0.94306432735995749
-1.0302765953719875
-1.1385072680589856
-0.96306955875393685
-0.8039716927117081
-1.0034826350949881
-0.81760893194442807
-0.73251333750560033
-1.1821011266821946
-0.87005981150330469
-1.0155700914524568
-1.1321471764840074
-0.71947469240486395
-0.96176975602947512
-0.6932700581310951
-0.50462987944576188
-0.94001375461911596
-0.93540571535720729
-0.71582230355480259
-0.76843983060053922
-0.93935809562476347
-0.92725427572864805
-0.80481096428415566
-1.1812677736678219
-0.87055108701956763
-0.80137257593533184
-0.87736880052253541
-0.88195652932361701
-1.0718372334275146
-0.91222850737495298
-0.83546144598243199
-0.63642452918161951
-0.9222190790785878
-1.0603537867379476
-1.1849270274213177
-0.94627639500028182
-0.93580788860144781
-0.92485259714412293
-0.77813424084875638
-0.85225095112881377
-0.81707528775295413
-0.43181912109158888
-0.71299141835448032
-0.5478229295727125
-0.89858604816442711
-0.79771517633285571
-0.81582101559924936
-0.91934840038324961
-1.0706275265395675
-1.1300304472972589
-0.77923713739860689
-1.0388694679762562
-0.70184877985994276
-0.72328595174871835
-0.8452632107624547
-0.67292769384773921
-0.9743435854323379
-0.78741663401697826
-0.86908964906631281
-0.55684319830244622
-0.67959472356359929
-0.73146864575881099
-0.95852421304307556
-0.800686587602772
-0.54463323871446789
-0.84502242126121341
-1.1009052269770285
-0.73896711837044105
-1.0422462381819086
-0.796861651030351
-0.93084775009154452
-0.89138094598633111
-1.1905132268814032
-0.50397652769964718
-0.52146563380038657
-1.0701801976665934
-0.84064197983259459
-0.68843817490900383
-1.1315477260804416
-0.41395913196909168
-0.9104085806761304
-0.8780446976945443
-0.91064486550027901
-0.82662919843400162
-0.59702517241898645
-0.83975028796529638
-0.8693133530242434
-1.0814445570046687
-0.826031517493233
-0.51628399771202871
-0.55238521514963757
-0.81957201348632824
-0.85313988923699591
-0.71854806807311689
-0.61073167662843031
-0.73083134827870633
-0.49391929890127412
-0.75444692668896407
-0.88887196177101324
-0.74649008649998017
-0.81520084565644968
-0.52280546331314692
-0.85967041520667309
-0.78327198234389994
-0.78891933015494253
-0.9561251611213627
-0.93308166929886893
-0.73197825443265385
-0.57879942397681072
-0.54966569516133568
-0.87429734199782838
-0.66791342012650379
-0.79061124685324502
-0.69607567361141154
-0.41077092359280098
-0.61799796480222147
-0.41501909106725354
-0.2948525498796768
-0.66542358506930843
-0.43855377376768068
-0.52929312661929095
-0.82068409943089438
-0.64900996807470368
-0.83934784620562197
-0.63581665535419607
-0.69311901068462556
-0.52227816670528304
-0.75698143724037215
-0.61009781571756982
-0.67636452404851555
-0.74070258485634177
-0.71949358750299874
-0.4394774415450074
-0.73363795994029113
-0.90302006598216067
-0.69643852255588512
-0.65925627909727269
-0.61357677123768661
-0.50431722266442669
-0.75619114057126946
-0.43872817793081265
-0.42529322451056506
-0.50377114975717407
-0.72713684609359275
-0.64569938460880838
-0.61832900304534733
-0.63627654649816168
-0.69923928964513105
-1.0634646607734299
-0.57751675971399075
-0.53113813240304586
-0.4068771943924524
-0.88865763077008053
-0.77600190062958729
-0.47453285153501829
-0.65521394756137719
-0.5648100784945973
-0.8717103727962191
-0.48146775624057397
-0.97848719135083295
-0.60565683132184722
-0.45358890662155027
-0.78570754984241509
-0.58962469298784037
-0.88978148394797218
-0.49693413323963953
-0.69026173729666096
-0.55493506716262953
-0.69039250009819364
-0.75836180419967014
-0.38559297006942383
-0.64393051113470767
-0.65602116737840133
-0.83337938934441269
-0.63699734270545849
-0.41906925928403582
-0.61824485012089037
-0.67426006123909377
-0.79015100252072412
-0.8567088398068522
-0.55462613291604979
-0.54939760991646347
-0.9570202219066799
-0.60140422481245959
-0.47453883694461169
-0.35862935094520959
-0.596685772830997
-0.45682430069514945
-0.76331032321674941
-0.51131653685506762
-0.81683655637801533
-0.68259011030528705
-0.45140187420650452
-0.53598569950820318
-0.48265233610255293
-0.68964555305553477
-0.67522653179862402
-0.66492048450232588
-0.6980224888544535
-0.66394345842830882
-0.59487281154369731
-0.20132863049146102
-0.56477510482537507
-0.55592786131302419
-0.47927867537255303
-0.57827166032935384
-0.42823760829660384
-0.54586696529876999
-0.67422969503453789
-0.42895377784641625
-0.69431137872998916
-0.36388681635852638
-0.62266924368269072
-0.61927045102854783
-0.67629603700498575
-0.51250412486818187
-0.58700387913678376
-0.5571081944864279
-0.49414941563452885
-0.66903446370280562
-0.30141416280281491
-0.49575643238259909
-0.71137360347075573
-0.43378447700484463
-0.7582509645034049
-0.53447498404928062
-0.48948976687301726
-0.28392512829963984
-0.49164468699789865
-0.40713761927027686
-0.59091299818403598
-0.65767440357002172
-0.27936017937930224
-0.37938829857993239
-0.5578161491445055
-0.5857398750066134
-0.72076463704560545
-0.60123454452962932
-0.50308014739549689
-0.60680760075093521
-0.67693615989064271
-0.36962440329647389
-0.12506364857608307
-0.4473186161004401
-0.40826232322941419
-0.3453986463338532
-0.48469857648431547
-0.55616394543663161
0.032775730019064711
-0.48254216119551785
-0.3431544609814981
-0.51170870465042706
-0.62231698377595468
-0.34221127042616922
-0.35380044827768631
-0.18234889338534319
-0.49860515756622703
-0.38878639798316394
-0.78592249003491754
-0.22993532976913922
-0.24164018673383256
-0.60326548695984694
-0.58691184593767587
-0.63136317861159197
0.02891472757176318
-0.37500316638792158
-0.22223274847843905
-0.13367400460102907
-0.25448953090280085
-0.37258528768658411
-0.4933861075311855
-0.64181173141495351
-0.48621927056374548
-0.48356543523027856
-0.14215283468567627
-0.59965693438853318
-0.44247292874205613
-0.23768267326150205
-0.43889363401493209
-0.46836960168651692
-0.38949804723559112
-0.14084020323710666
-0.72329300112958805
-0.47623902414870206
-0.54065632630365801
-0.10780340623159287
-0.58533614469249506
-0.47485882268212759
-0.35307796508986578
-0.23859028737127269
-0.22983302841060749
-0.2001760879034282
-0.31232559698248291
-0.3127933059530853
-0.37968949919321793
-0.49050137208130756
-0.33500846026885994
-0.55999551299486783
-0.47481922671497145
-0.58264970417418982
-0.43611880248038287
-0.52548222217872542
-0.57562611664369812
-0.37777290914682671
-0.11454759651415067
-0.28028879442134819
-0.38986195017446812
-0.3702555473622513
-0.21695613540979439
-0.32354595948493958
-0.43698501604545881
-0.14899708616968019
-0.24562795716023375
-0.13852012499176319
-0.11151222887080463
-0.30182450458751525
-0.36876700719794941
-0.27801459185143707
-0.23952436120801188
-0.018492972721082312
-0.55418651899736693
-0.22135801073509395
-0.17678168791834623
-0.44749580284073637
-0.36374579401729595
-0.31370526555506978
-0.32720451058201627
-0.37697382883150898
-0.40551523877139373
0.0057764801498336295
-0.38067473357717863
-0.33512977917088677
-0.32737092565418269
-0.37791727260876257
-0.32679556835336321
-0.32842335272491774
-0.30540806294887224
-0.31123760800857669
-0.18568429811201853
-0.023028412016465331
-0.23135242693992419
-0.45055417124533392
-0.42165750535753593
0.16121080148713479
-0.45742617662689083
-0.020339414935719623
-0.27582802523131461
-0.1586884202728843
-0.43681110697002151
-0.26346060383807929
-0.25785031592215202
-0.35115803455747835
-0.35183595008263518
0.11786273248537631
0.2036022941774778
-0.13641407764790522
-0.29794194278083896
0.00093557996959893193
-0.2804479125868452
-0.48842984594819538
0.0064419499993041869
-0.090972260783317924
-0.046413367873378235
-0.27812353383510735
-0.39062446761976422
-0.19871327601485353
-0.24315525804748891
-0.082729123492879114
-0.20665839518105605
-0.079413734834061805
-0.45797567400031147
-0.080522424092057426
-0.044285060930223982
-0.079087364885612368
0.017571836059088901
-0.47812361829439182
0.048678614838219086
-0.053194464077910321
-0.47854004500479108
0.076693447192711969
0.092778368409058787
0.051375357370844657
-0.1536576577564476
-0.10383719164594349
-0.51146489235577453
-0.59643089981811759
-0.10100604930948323
-0.076474202178207676
-0.18617263830358569
-0.0075896975339397052
-0.23618783150899644
-0.087134028639657801
-0.34928778367477187
-0.38953165174184129
-0.16243797111463401
0.010167007217692058
-0.086703941206630775
0.043819480578168528
-0.13129118588361827
0.10048713795355073
0.08485036393136007
-0.2388069719642662
-0.030424505204976464
-0.068292846508015453
-0.22557512212067862
-0.30559297293917986
-0.060937267394919038
-0.13101744133507298
-0.10778928068433949
0.08843959894038525
-0.16716231445210736
-0.019109967412503842
0.18355079909207109
-0.13784926937520464
-0.16123656836286468
-0.20490091322223963
-0.010388312155522036
-0.16400464721129143
-0.041034991991186306
0.068636921040676604
-0.09765488754996024
0.23344149224062641
0.27011535016306382
-0.44461654956083368
-0.019706540799896016
0.095587277002723736
-0.28794872259718574
-0.25347309096596471
-0.23658672620490692
-0.068417374116085006
0.093561946039431632
-0.29913820973757455
-0.2767925421203084
-0.06137871425012436
-0.3666164322849082
0.040598044579948811
0.15665379131609961
0.045191369100214172
-0.018238330362654268
0.2408419418108903
-0.23991609438553299
-0.0047090455662881798
-0.10051005314095066
0.086469753795400658
-0.1543260628781756
-0.14626560098133237
0.0057684197023425013
0.029998631408157828
-0.19469501147137991
-0.10664708367619596
-0.076844524892812266
0.097832273758594407
0.022455470297713758
0.058075471179549816
0.11811195227899382
-0.24540847520039938
-0.20027077739439933
-0.32796762522963541
-0.0085668061294929473
-0.16137317192879252
0.13053466474111122
0.14752723722709962
-0.075983000854161417
-0.010714165393450178
-0.13594207925038687
0.096941104505478812
-0.059487096366553749
-0.051763652712355113
-0.15899603206494758
0.26499633952265361
-0.084261165705983326
0.12758407858707574
-0.15159447926701353
0.052906512167446094
0.23698381621130737
-0.12389988191167851
0.18257884727784099
0.21322720272580448
0.12461385538576948
-0.016165137813696363
0.013303881949059827
-0.016432263002584394
0.23739484280227321
-0.092320358409325065
0.1824243275661383
0.18059283047648542
0.11673138406317163
0.17581469334567296
0.29750032339118093
-0.076426700413608467
0.038635541422755743
-0.17829336169761717
-0.0827284083873603
0.32889947316723622
0.25780570717370044
-0.33140140119109773
0.26530773702642296
-0.25155259224689364
0.13864448857760742
0.013949917916001428
0.018418999314275718
0.21100952402792833
0.0042238701491999651
-0.088570349418796546
-0.11477366447580033
-0.015175968688835684
0.13253620022764756
0.26141288273568486
0.20200501299417234
0.060081682580018003
0.16586747135522689
0.34189294573057327
-0.25358799630836504
0.24993217088608169
0.48075295963275766
0.10231739672890584
0.179317609509235
0.53704390473392372
0.0707996887267303
0.18114688432476123
0.24109400671386974
-0.13608274327359016
0.11211627988617212
0.1081916635697405
0.2989192343414559
-0.13013518043018746
0.053963501748992129
0.22077991201417524
0.32455766300616068
0.47794525384613185
-0.15041958840449085
-0.044464803865588376
0.014340861012124693
-0.12073276270593965
0.13056222917382279
0.19813792864933252
0.59223711191357109
0.27766210676241793
0.11395395771774719
0.24108595850012329
0.38702932625315895
0.24679286295232467
-0.082540839194688395
0.37822326054186461
0.23666521576741506
0.16538466048531231
-0.18179277133228816
0.41551904431828413
0.10444895833884067
0.36556764941974634
0.5089820298049933
0.14748098063970663
0.20803919523599537
0.22969691232612532
0.44627139827226986
0.150936294053477
0.31193484564398199
0.15437783904781618
0.29230572354610751
0.33578920312331956
0.29617108068581927
0.21924476933566467
0.50312206371597712
0.24621459221739936
-0.048117299374391832
0.11362283346947723
0.16998631968214761
0.32853101469587359
0.42732860620285595
0.31841316855902352
0.18999922095491814
0.14260689668737495
0.30122458194702939
0.48177987174817477
-0.097803631901223917
0.57086338310811457
-0.011100948407387869
0.32310848749519461
0.38367259759403294
0.35920829567351115
0.48335019249666084
0.34440375690789465
0.057765898749101041
0.36801081862698393
0.28826735153672828
0.47771800921002988
0.34169733821496956
0.18363327769316731
0.28401891236821436
0.1937353097811606
0.25519184339709683
0.39928029756048727
0.32729992018284371
0.53501119480812132
0.37063559952753838
0.21460884743610598
0.43612727606818597
0.44494546542950802
0.10760688439574315
0.41734736274462164
-0.040843617487008946
0.22295509109225514
0.2816591698591146
0.063209684657696497
0.46432651891152876
0.21546780345136279
0.15315740630394473
0.40264972382717956
0.29301065128133236
0.25809098403509778
0.12426542373216685
0.37385376282739025
0.66724443177833093
0.25912422461163992
0.093730267058766956
0.25079939571262627
0.2800400409656556
0.32233322978648388
0.54432853129742043
0.18760639388870071
0.5413642061244518
0.1693358587321305
0.53703868317491543
0.59953900013717987
0.41754049872228949
0.36922035470468528
0.36277860954410857
0.31882402700009949
0.38521484677397766
0.31544340795872045
0.21048882798879218
0.37085769268459706
0.30950589876951801
0.36242678948705609
0.34114927788097588
0.14961326561493396
0.33290280276928269
0.43400492745308794
0.02655634511985171
0.47138082024907113
-0.051458469277636296
0.036005508906297029
0.45519874107907998
-0.046157829380412137
0.29053128276072626
0.4828595261964192
0.43070119904164872
0.66888167119386155
0.71113120672571484
0.4983346366767496
0.34004860930606851
0.60694628219092051
0.55733728492613177
0.52928167135310067
0.19799866700571503
0.16572031360361247
0.27379088765123516
0.25573736954728488
0.38086531335448043
0.25565542485006271
0.23277054476496989
0.50227185784444017
0.20012573399882386
0.40156543605922673
0.27241288762727089
0.61975467581414279
0.1827736128751645
0.31606806339037646
0.34833514318732467
0.33456131014158214
0.24572767110096591
-0.058961892019567995
0.39207126008579474
0.43132032584326613
0.20247681216851052
0.081278960109836457
0.31167890740894788
0.3996391560952624
0.48697500517485898
0.40646053740019888
0.53194124051524672
0.55752522612343935
0.17211601819517272
0.30478818713047423
0.10826661120145276
0.41307694395875455
0.31082858562564925
0.69184930205224004
0.44759383057266927
0.69162685223580533
0.4254236087967922
0.54769186100368994
0.2965444773374874
0.12251418454293063
0.71236865487933509
0.73664144752754612
0.37329304257678647
0.57269768028407508
0.39334014014414864
0.54162518734524256
0.20153427602161264
0.65772065116664902
0.8891740998279638
0.62741186807103033
0.6539265775503893
0.33170510370276013
0.48448884090923655
0.55651797332404451
0.39998668811328347
0.53060854442364291
0.63280700288708047
0.64418908486462201
0.56727525373883325
0.57782129367185242
0.60268612929848564
0.34796179864671212
0.55282657026465798
0.66501293449123455
0.20487100841609526
0.48945829446361666
0.91251212910851631
0.64223483330489772
0.55502938204144148
0.73720207355276213
0.59529776397494949
0.724634151044381
0.46782125735557545
0.40220790654731781
0.65736014292711942
0.8566446583752455
0.46131553397035285
0.83735228821403351
0.58755224331460232
0.65113099176458289
0.56502439427468842
0.65241608396069539
0.73655986359871206
0.54220230013848569
0.69229482570448742
0.52838402009779672
0.45766415030495061
0.54838487235436395
0.49530891122122639
0.60770683016984139
0.56422130431368189
0.53425722289105682
0.61640421771306286
0.83044385509858587
0.54236545656612178
0.69746577579679769
0.51672790004084113
0.5367892722892228
0.50490671400311982
0.82049477457099895
0.62146994649842546
0.64503768248073834
0.71463985066891589
0.64123392527447698
0.21113494089803431
0.78115200686003516
0.82665550875605831
0.60296117632148372
0.9932737067951436
0.45230114342927413
0.65260269445456742
0.57718570470471287
0.67071906309028873
0.57349885354377261
0.55895996108204038
0.44618379728479174
0.75763808233618002
0.8003560230630915
0.5100848475692723
0.85226244816384633
0.57997416260780787
0.80127812325721859
0.63571204651538726
0.65128163940013839
0.64088526793832301
0.58569182180297752
0.79709341078751028
0.96210770812637536
0.6152365962571823
0.62578555675386427
0.5466140224430629
0.72220006640916357
0.8076417273041423
0.81798241574860897
0.59893992009570973
0.55457437492744444
0.34379787487104307
0.88355383238585605
0.40177272800837666
0.65127610876583553
0.76505897141991619
1.1296305050031228
0.68943075488902184
0.75784317203112883
0.92270259117407405
0.64743118731659888
0.79112885121468079
0.74424121083781924
0.86956198259699158
0.82347907812773558
0.26866904983289508
0.41631002104688142
0.74873638383173446
0.9234288328938981
0.79662561218860795
0.70284812075205849
0.54894141882983294
0.8879816984027189
0.53197014476847404
1.0493735791544916
0.36507382347879291
0.86719309406678191
0.81440127531002715
0.71188039151958726
0.58581627454796714
0.65729521367080068
0.39303739510079039
0.64300568070271513
0.92167550762091321
0.66083576599783433
0.51509245661394776
0.79255093318578895
1.0972035313885895
0.75602325729620556
0.57196388799614006
0.67892602426019566
0.52787921630411749
0.7970997268843536
0.77933314974705292
0.84894487711085975
0.84025447547580667
0.75971358343298201
0.31692053979025858
0.80015137568596673
1.0638609035656252
0.5538878499375911
0.67617268588024526
0.90360380418764352
0.41814750264548833
0.95042636266314673
0.60106048650153865
0.69197143891965984
0.81351762910089853
1.052740861825729
1.1091050525519879
0.81475561466575119
0.76747228214298235
0.93634104207038127
0.786614016980968
1.1490001439075985
0.74239550854588676
0.76291601117240382
0.92573146484506408
0.83252197374782666
0.27841132634069288
0.73727410385208847
0.8543961153251336
0.603174177308482
0.86378391831504009
0.62640557844213085
1.0070441304666298
0.95433791060843409
0.78750892222804236
0.66512353265159441
0.62325424119314699
1.0699433285252109
1.0304596502999093
0.91703260162393962
0.72096002876347498
0.56278878890969308
1.0547782103936025
0.74384775113476209
0.93977490029098665
0.96629199966241219
0.57204545253621764
1.027950076472669
0.9965431308128021
0.82135131445478726
0.82072519798393506
0.67434602582144476
0.83343264905143555
0.92403765945373895
0.8847599384709901
0.97775882231135303
0.92640565250574591
0.64155230259647744
0.63759472480172719
0.55712943184209984
0.89224786304313297
0.87759300768657145
1.0190467789991404
0.70986050873303363
0.95356047787506271
1.0824599912919106
0.90140689604126933
1.0203832505665147
1.1590836334382553
0.82538812994436339
0.96811675320427437
1.208630005202336
0.94353469144099689
0.80477168798960563
0.88686834151382044
0.75037979693578616
0.97508827507082818
0.76941939835020323
0.92405602383400165
1.0167838542426759
0.99744713569583099
0.92897635831729564
0.91302410012830659
0.9056183133108745
1.0671494185861505
1.1160227833950047
0.79968097708924746
0.82366954186966335
0.4314676338301201
0.67893841791101184
0.93771975002949637
1.0540353361344084
0.69824820110120833
1.0533622926437314
0.91702583463419796
1.0465114325938567
0.8705012263527544
0.8140053681176137
0.99673060048620232
1.0350992506375609
0.91436883200635277
0.79350729612263959
0.7520344826251214
1.0013447629015093
0.93222525186474237
1.1816403404760509
1.258272459207517
0.88307340299548764
0.91206652277854683
0.72979453290554874
0.92582440405741684
0.66171910190727745
1.0637681334190967
1.1083692601623163
0.99598831990580039
1.0014679300955116
0.91087369957004705
1.2406893533195587
0.89751854537371956
0.75009663811652394
1.1014076649247422
0.89347441136566996
1.0265681650014924
0.9280531457926402
0.87712154496069106
1.0818859646894106
1.0734213298755655
0.70405452502343591
