-0.75688540474149302
-0.77917633100990824
-1.0682108295950694
-0.74895699709305874
-1.2040231704674189
-1.0381107284837661
-0.78242480670570369
-1.1205003762615342
-0.93822994750497413
-1.1218490372602958
-0.96933137927765356
-1.2333353128262876
-0.99594559143818673
-1.1621324209061534
-0.77612367512839009
-1.0388308743072552
-0.93178320138627813
-0.90944652710782536
-0.85654034932863488
-0.73984169577299752
-0.95186669409866653
-1.0827631701246807
-0.93795233482604323
-0.80497504351736116
-0.6994005260139089
-1.1131269631317737
-0.61426206641665093
-1.0523611495877525
-1.0119975145210462
-0.87304322169492454
-1.2627913645069251
-0.5687769447701494
-0.91306769528246146
-0.94093490431252458
-1.0086096705823182
-0.93520793738041041
-1.1149920715396926
-0.88212183514820375
-1.234136193741121
-1.2385037952825468
-1.0382407868006751
-0.88845829712539104
-0.81130229080591598
-0.87306282251690714
-0.99801039382705137
-1.0309154465868529
-1.0509973921491755
-0.59960458280317663
-0.86193720793090989
-1.2103796445712156
-1.147130862388988
-0.58961057132511852
-0.7176169343739166
-0.9062258664775743
-0.6714055250265637
-0.74852321741437211
-1.2522967632726165
-0.71167549139206476
-0.89784310954946334
-0.99184103228751497
-0.93297957852710445
-0.94266556503243548
-0.85567703405617535
-0.73726380226455179
-0.84570505302638188
-1.1169832398193027
-0.82151886402004937
-0.99069315458456253
-0.65061855500286925
-0.69663865259415925
-0.77620244501962776
-0.64174016478608287
-0.57759534768395859
-0.88692235112111795
-1.0268870134591204
-0.83209823620576817
-0.54007821160246405
-0.79763958215416819
-1.1578475674351476
-0.67828663640664455
-0.81868642870925201
-0.82097414617802522
-1.0212527929138855
-0.83068747183836045
-0.42119902069098131
-1.0159698228144871
-1.0375395383317385
-1.022679720641968
-0.75461959049995708
-0.70729824775304995
-0.74281281737103477
-0.66218818553518899
-0.99033148403822757
-0.55363333043691687
-0.35605381696472355
-0.85205527539156389
-0.93873588358334359
-0.673879183824595
-0.70515497979820363
-1.0427294645573966
-0.72399583078070207
-0.77273563949496826
-0.91087074675325064
-0.79805621256054327
-1.0265197460071371
-0.7527389838642734
-0.72205995241607457
-0.8731240733548572
-0.78261052159719435
-0.7180890807654009
-0.69629531699147451
-0.7375705059686235
-0.63674769035404044
-0.65039695020710642
-0.82254056352378779
-0.81074114202814718
-1.1063203671349082
-0.48611554614607616
-0.49462145049177592
-0.84168239421711055
-0.84146361621987831
-0.86646369301603088
-1.0663453369553006
-0.6013905590712938
-1.110921072912981
-0.83995101812758133
-0.91819907315008653
-0.59317840779771069
-0.56949790643690668
-0.63879661858082826
-0.71136875129658583
-1.2031639060743566
-0.75799717473899564
-0.56665139290794397
-0.89001590438272082
-0.86068981137909628
-0.8966238302615992
-0.90331459413191473
-1.2114786361697225
-0.45451418065971982
-0.56794242618873103
-0.66766118091978655
-0.69794704087260262
-0.66547202346474155
-0.71791397679868318
-0.92455912162939091
-0.92641240643392997
-0.85025164736464875
-0.32672534031490219
-0.44561674949940222
-0.36444790842251434
-0.51788744535660203
-0.85906114490484209
-0.87289102207091118
-0.79991199240318389
-0.63286972272078679
-0.83350006004914512
-0.73494180873211057
-0.62739967611100844
-0.51772323889967742
-0.62105028170608778
-0.90028416512469334
-0.60154478497014108
-0.85071780678452835
-0.76023096960320724
-0.49922846347702526
-0.51981642996148814
-0.90969153437700068
-0.65943190733742396
-0.39832113385338574
-0.71208909021804334
-0.76779156050152664
-0.73171442091576833
-0.62129747124946344
-0.45407546820477762
-0.60856631658765603
-0.87592608048734011
-0.5663038674631633
-0.92986279528276461
-0.11132280981695557
-0.5624039055063822
-0.82186072707129665
-0.14828462552732896
-0.83856797777405767
-0.83808124567536235
-0.83245262512086782
-0.42448258836430236
-0.60949342370872372
-0.2670209350739296
-0.67187038662430376
-0.70455364915665386
-0.26780116984929958
-0.44127501093229554
-0.56462775122161879
-0.90881114915201955
-0.41311487681657283
-0.81102668483513285
-0.60757065028541879
-0.32697203210358028
-0.67821789965770818
-0.83591462224186763
-0.9178704523320611
-0.44728244394803596
-0.4459120441786566
-0.81955140998605591
-0.75484592603132339
-0.26740062793065017
-0.57943988279689429
-0.80761980902633124
-0.62654789522110532
-0.60765307305643812
-0.56105631754455065
-0.40786839776156991
0.010729458177209394
-0.4165206052107604
-0.42428542496322846
-0.28654310024319785
-0.60497176559956434
-0.28168438784197009
-0.6624976245666695
-0.35309320502408498
-0.48760636150333786
-0.65286812994212495
-0.4482048925479864
-0.5063032299188871
-0.61371687268590047
-0.3393830447947192
-0.79003758716769645
-0.54897451621243287
-0.34187941386516452
-0.75042212218711346
-0.98187259913884406
-0.57425759894874551
-0.42002649122697489
-0.63633701282401989
-0.52523281881545347
-0.58232569595269013
-0.75893512555549059
-0.4205788736078877
-0.49698816357267461
-0.77841363033547406
-0.31977998277938546
-0.32101788422935701
-0.25189672957023901
-0.81954661666402862
-0.52830115906804187
-0.22942877716039711
-0.34079360029082129
-0.7683709613507349
-0.5702967198372304
-0.31228174270100778
-0.39663099387213302
0.075222049183023318
-0.25557548737205216
-0.0016484759807950898
-0.4957968774468412
-0.75524071675359772
-0.20242238484830083
-0.15395020203963594
-0.42430141540909
-0.18303493377841934
-0.28525025313244362
-0.61013629791837454
-0.52044834224585879
-0.26731667986709573
-0.40393914571552281
-0.43698767828999568
-0.90653794424811407
-0.83490224105729849
-0.66730954950037713
-0.13274744794736781
-1.0414356575571555
-0.12960156390484245
-0.44048745498471065
-0.47060088689019208
-0.34216291606996946
-0.564867430991571
-0.43093313745044248
-0.20925070565768469
-0.46031664891752111
-0.59515080978541268
-0.27744526172665124
-0.33580455231919576
-0.37180685582135464
-0.43476659230198239
-0.42289182232565853
-0.66271494433343869
-0.36102677705273328
-0.32705958304299321
-0.0069142633151327518
-0.46404415719201469
-0.59525201163123065
-0.63576501955117815
-0.17825293651772503
-0.066813229357547813
-0.53561584330893963
-0.30940344137806608
-0.40181036787374913
-0.56170834532711256
-0.53093961785052801
-0.34492772487532958
-0.55913830001690767
-0.34501788782963666
-0.51726683390396178
-0.13656353596876378
-0.28744051610857652
-0.75961121969474532
-0.52550936339880139
-0.3739449986157613
-0.3726799739572223
-0.76381183506719763
-0.67280071637172822
-0.029678150931263064
-0.42155092468106725
-0.097249950584500533
-0.35848566632126366
-0.20285588806264845
-0.44689463115129047
-0.38829388896197242
-0.3231687923843839
-0.06540192670750207
-0.16066232581565401
-0.057509479661078854
-0.030178431641914857
-0.39293100239189843
-0.35894086939297265
-0.31498924939784484
-0.23974637307514257
-0.61936841460041925
-0.78594448777663761
-0.4070320353967275
-0.26796230796000475
-0.43066701168705496
-0.30214466977700949
-0.43135733462312625
-0.18308636626822045
-0.32233431060096218
-0.3162355507572131
-0.51436911919934036
-0.53881125112146144
-0.46490214739757396
-0.69870078268590141
-0.27190713674661926
-0.57582363147524607
-0.44960144730832924
-0.60063093353329944
-0.48916982803368247
-0.24322801764719243
-0.13314849552033933
-0.37979747666979002
-0.69749542829270172
-0.35823470995665557
-0.23218224283504749
-0.16106591046528709
-0.11548814853460038
-0.3409876336188683
-0.085511906092912676
-0.44264134974425051
-0.30814006704072855
-0.40012006334336131
-0.34480634873872223
-0.35727399774184049
0.023799225502140139
-0.22340176938006454
-0.52080891392342221
-0.23345577561340961
-0.31033262549145296
-0.4420177373030017
-0.17497279965598225
-0.50395729042005333
-0.40331702267984104
-0.23539960417783362
-0.17765696311197768
-0.11504706250752027
-0.24278618218210937
-0.24283691398564031
-0.19771559105794975
-0.14511590982694128
-0.26862599913505003
-0.15601225945018027
-0.023510017359643337
-0.58577107723556754
-0.30204113124843429
-0.12416134772438911
-0.2429773866647936
-0.098956722482009596
-0.22252575357627655
0.0081709437958036434
-0.2112726452586976
-0.42167078408260245
0.015817064722015089
-0.16104633548014891
-0.38176188654957788
-0.25781904892352353
-0.12332744124110703
-0.20685964229552048
-0.16983611064269405
-0.23098523479315866
-0.30703462680419324
0.057304463487175057
-0.1984785118200279
0.021881581154304365
-0.25355783838570278
-0.15250462835370351
-0.151973794517681
-0.3957228881158103
-0.13309938716464248
-0.052908000984609384
0.026033694006043152
-0.050517570493788327
0.050432837040501194
-0.23669357565710961
-0.042153184406862096
-0.008584350290804791
-0.50582423318773195
0.0020003100752157324
-0.35890619889379755
-0.30847083868245884
-0.016608961263132913
-0.21088344194363595
-0.28734927825151307
0.065049932326410626
-0.41016115492205629
0.29439689734791424
0.057876805426456783
-0.13459160524500405
0.029928025062041761
-0.21214064993299497
0.066963589655783612
-0.099125374277598044
-0.079379634046191888
-0.69846399957545946
0.010596526667509189
0.070270214088002908
-0.33035842201404458
-0.51376224356304945
-0.22548073349305128
-0.44410178028991065
-0.1787759947501871
-0.28093820705831052
-0.42663830093151106
0.15794948403854364
-0.014004687612295454
-0.18101088652145356
0.25210427069291569
-0.18063813172365628
0.074509628541533521
0.047359787459816012
0.029100761517923068
0.044679424908256243
0.14216679385201278
-0.094429174710773958
-0.17374164951437052
-0.083758271229339126
0.2588051463498095
-0.092593418028925067
0.1097543638023772
0.17445747828564642
-0.10067372655099092
0.0027318454657720643
0.11402978199763876
-0.25673011799021067
-0.16450189957322703
-0.11380753838219081
-0.2337044909278212
-0.32128373568231799
-0.3704588032326161
0.1964300867327278
-0.054060825543884999
0.098797103765740316
0.13699445099282015
-0.14711695049598014
0.30071820648983572
-0.13192709827608681
-0.2331815691373792
-0.038712190707861228
0.30414275329211743
0.1004209606594033
-0.2854645837463804
0.029607482463940113
-0.041784785830438473
0.13539057086767556
-0.23741877544869608
0.14030102704079692
-0.1742524686560612
-0.056665327487481126
-0.22820993085238883
-0.025511940719278703
-0.39010095924552607
-0.44113379488103183
0.28770481042015644
-0.1140813212997948
0.061932391220788113
0.23332628915512785
0.054753687775055876
0.019039753086633918
0.15576062938146917
-0.22796294537466841
-0.29875864563112814
-0.36574196901524475
-0.16245247118160605
0.077610780893177578
-0.35926219601273268
-0.42900715885518698
-0.050075190779749333
-0.05112035706388085
-0.066944426632674553
0.22884404197958916
-0.21739539463332869
-0.18636376994625206
-0.19271375358881809
0.055463670483993054
0.10673745513840373
-0.10892320641169052
0.023611836663642721
0.076354574587309182
0.066995051715359147
0.098883451233658409
0.14669509726751995
-0.47616904911985525
0.073202917927182323
-0.14925063339013867
0.23000278918720585
0.10823570839812761
0.099356754165912844
0.20646551817879907
-0.28042412146017209
-0.014740300177317287
0.36448127911051875
0.026728504248362386
0.017729087432871569
0.23443034321769224
-0.23959941849042776
-0.053350539899780135
0.018238338076137513
0.16744091444124432
-0.11167086740268883
-0.089314935311039748
-0.066562414725030578
0.084022121579195863
0.28315484379860717
0.36496441218363757
0.30823833266962486
-0.14076078213163662
-0.074188071173062142
-0.25788798408831015
-0.14536515668410163
0.29787796175956971
0.11611453495919644
0.3690662129681902
-0.1925525668748537
-0.30957439880977056
0.12479211282490829
0.012739559251388878
0.13232056737688516
0.047313586996140931
-0.0054450358467199658
0.19736570769323486
-0.04348283640934892
0.42038214669711343
0.26796864288615208
0.071705222012532363
0.053920747645235606
0.34757382221345223
-0.077403285063574107
-0.04161937522089082
0.12462034264366253
0.088767546739985215
0.3119297500315697
0.18514549858766099
-0.034146656172387657
0.16925622771201779
0.31465262030553298
0.22398033776019524
0.0090014387067856774
0.44979311768388597
0.060800504519608251
0.1593324555770991
0.3300964968385583
0.32632634773205138
0.37252067473539746
0.29179994474000176
0.17781478757960145
0.24109146075282728
0.32356784138541927
0.20014195129200574
0.11858123452808687
0.30520414618916347
-0.046542575101601993
0.092551007764268028
0.050649688281675667
0.56120871755791013
-0.12814978149509046
0.43384489792401543
0.24526890174588969
0.34470796999701153
0.1591578340087853
0.2461455310667082
0.26093061769205544
0.17007265709192765
0.0055970627387332749
0.24647715256085467
0.035760814758533516
-0.13781438609062943
-0.091018610478785553
0.19980025001801613
0.38511535459992885
-0.073664422215745443
0.32094211596158873
0.12694764595038432
0.31687042844076313
0.084228490013565693
0.077498156135882984
0.31881811868058052
0.035847115651838617
0.1383708220853225
0.50054919331606418
0.44663966210651307
0.33164735186959798
0.10822276950885694
-0.13051995336953673
0.11959672607161735
0.36325571115272159
0.13307258251369952
0.33436583421000676
-0.034294897176858352
0.23633561098802802
0.44677771487644319
0.48989638248783057
0.21389927973121564
0.24256883590719447
0.39513622216464045
0.39997374936242674
0.37534434475326384
0.054466328722077642
0.4897076344561217
0.15339126862093741
0.26911218676227805
0.062958564901301958
0.11596606095068494
0.23873420555581984
0.26180124687073525
0.5855662441090721
0.31587601790414721
0.3551296915826172
0.50662188441261846
0.1996392621417673
0.12000768187320814
0.0080755111370412677
0.21063070798086164
0.41907010074990897
0.19055667735887494
0.38966649046656432
0.34626068736873183
0.48939587156031045
0.1325026179900462
0.13806606815183961
0.13238211634583491
0.0071363709023172309
0.34235405110973666
0.19866190811866305
0.35904251660375353
-0.19189919301950303
0.67424586484588078
0.71928615059058443
0.24259605680937896
0.42654315287388228
0.37386503429637269
0.26244456246663428
0.29272679481851516
0.51113779742834731
0.27170940560687801
0.41942860444060642
-0.04831832365327237
0.10612043558318682
0.47174818710767541
0.36471843759152034
0.27061173937858085
0.37379413329478267
0.66489423526208513
0.41214499648185993
0.70516565740774351
0.2038081420089764
0.29105655215508985
0.50821530674668358
0.75162622477531893
0.26407357015786986
0.40800721252870431
0.36910754318273525
0.33907511635417631
0.29986754093521595
0.592475101234895
0.15116694158946253
0.62553374556463237
0.47406430327200211
0.41346375060719243
0.56687846778902684
0.26250626553367462
0.27006814048519168
0.45828478787335813
0.54170163625435142
0.30364984929596411
0.52308923015776576
0.31313846360940029
0.54125577505160016
0.4566180210293555
0.59929015509690509
0.30634842096881348
0.58464282549817881
0.26669397129865491
0.23491251330367835
0.41057025925624174
0.12267771863678653
0.73040301355704484
0.35082198738635784
0.13260535017693661
0.67345898516745251
0.41555128334565394
0.30111729057839659
0.31738833411630801
0.54063666404799871
0.53419373684960736
0.41815996920668536
0.64184944438984692
0.61336556077062609
0.56997064052128243
0.46489591394085572
0.10571997351072815
0.31440309624260515
0.69326071149258095
0.2964148305190098
0.29735114359755155
0.50809021111450481
0.27804980382972594
0.41682932511880777
0.62987823729227832
0.20395109487906118
0.56179243734162065
0.59888834479850028
0.57805546064918667
0.55013652962468118
0.52485558060287663
0.28089710794518402
0.54194176105239888
0.64487040153171149
0.33979014211596265
0.37904159629175549
0.74563579119558654
0.47296309808848352
0.61306160412187094
0.58737593175635772
0.79059927529643148
0.76881840930451162
0.54927545791917343
0.2705700966797705
0.69370693259956862
0.37505107039316404
0.38282932704198103
0.60758347301187177
0.23727304284804462
0.40976123557109279
0.23344463300605381
0.42793830484929696
0.422683066203558
0.48217843846916603
0.39077971746868512
0.69066649505613409
0.43924158435971289
0.42765044647127715
0.39914892272324837
0.15407541891558019
0.42231469857110332
0.78967676547016719
0.7585330477959763
0.52283987362146311
0.47959862244930707
0.83104413544572042
0.85811779865792337
0.33171964516733288
0.47276003139545192
0.66667372775706701
0.33768907650362107
0.42930092199320841
1.0541909057970031
0.76375440076585666
0.80152696894879039
0.65652279452564344
0.42143729818762438
0.57590665105627581
0.46510104693364451
0.74237323456110216
0.78656893397547045
0.32984779671606052
0.67225584259318782
0.3418253689360925
0.37299619835325032
0.4950904982772707
1.0714608370298386
0.79257928566588653
0.26617013611915652
0.94346836119217603
0.85138036189021193
0.70596666327829671
0.5497312778666118
0.47125884576907184
0.6699120390532427
0.685538871159457
0.44763435602618667
0.27934670409660922
0.47165240074558296
0.89387656872569043
0.6554759411524993
0.81807113437747314
0.72160128787524702
0.6252525194074593
0.38290686730816398
0.8893092421341845
0.26344857994920212
0.58174425941331498
0.51227097619973361
0.62625631014391003
0.80293359612570325
0.60977362595419182
0.80103269025068868
0.82831848127641783
1.0485126019296378
0.7653301156953729
0.64149452365867987
0.29221016495393914
0.83259550632272017
0.75596841082667532
0.63796269556327889
0.64898450050439693
0.51325896861581288
0.78120143344864335
0.67319323645326834
0.86754739186292296
0.96860488156958147
0.55940725132085634
0.64774962763890342
0.68804971310653296
0.66409602773966814
0.75182129421712418
0.66201439110205462
0.66087459121417347
0.62820957995408155
0.68027460575152376
0.66733330984806871
0.54847317801620465
0.6889868848074755
0.7819263914379303
0.65344629918975405
0.55247668635224845
0.81323834746354251
0.81323491071322307
1.0072631110774453
0.61967702083920861
0.41315886611857444
0.48240001566035129
0.59791157565869124
0.60928703537537832
0.70245447845904907
0.18788835035599349
0.84247330373685325
0.58821241011621228
0.7482890948429326
0.57849539377941828
0.983802920922626
0.80360060422362667
0.55032633157426458
0.48842191547320357
0.63007443885941217
0.66473421545745159
0.72489372282963138
0.55503953974580089
0.51018913159871393
0.8671443442828316
1.0175878018579096
0.82566734883883885
0.9060376390469379
0.54329310533492015
0.88956113522591373
0.77686817261367891
0.86448573078153923
0.73950384773167444
0.87051665762031016
0.81908059557802904
0.93586177128599635
0.6628639008656495
0.9290738762679468
0.71713459068149277
0.98670305509378131
0.4147964340192869
0.7155511618749526
0.47219166366563614
0.51819689027848281
0.82318014939197914
0.81260883305926157
1.0174028362600898
0.90833120473824724
1.0488294495287322
0.9253578660154631
0.61844752504787814
0.59391536842060277
0.635302431036458
1.0863575972298425
0.97740182236007045
1.0512411087368336
0.45079471946211708
0.94906880878510169
0.91914470623670441
0.80770389358135231
1.0634856015778551
0.93811296726727766
0.69680778512617692
0.70546642227523348
0.88835945291781104
1.2076792578679783
0.70415933493185512
0.69364913902112924
0.73029582234037638
0.81473808046417995
0.6771798343240143
0.67479013840570901
0.89582282804934377
0.44001243233960652
0.69897135590453807
0.65439639122933058
0.96638946167789574
0.80889784061948911
0.82404073338208506
0.78950470144046769
0.4821487406706782
0.83326014196064246
0.9952711907164089
1.0226834853580624
1.1590056436680312
0.82936130542752551
1.127490682630677
0.93881403795751295
0.48320301882222672
0.98066714772776242
1.0209724027402789
1.0573565495089472
0.73669230875665781
0.90489543410563944
0.94091861690234457
0.76729590182505181
0.75023902603043591
0.64456490220933216
0.81684846179339132
1.2444503715906812
0.79828188686530788
0.73975733773715802
0.73248572929949807
0.95287280000074537
0.51314377815659207
0.96014455969878054
1.391158651033588
0.98278847878163089
0.94444162714862723
1.204767822670431
0.91295367021117535
0.67029369270699635
0.64862037347937962
0.96828482212480171
1.1403086860439331
1.2807863551895822
0.77154157900951115
0.70976032107216169
0.71851756831570812
0.99685400705837013
0.67700604248245899
0.87715337727599829
0.77909142246543928
0.65035526746623307
0.85802077491053352
0.91591747253431677
0.93610057006874714
0.93140506563364467
1.0020991724686024
0.97789515010839634
0.80133482869362105
1.0834256220301517
0.8304185359438816
1.2214002026700119
0.76075818358889458
1.1021421310418638
0.65196602095281286
0.97592551505000513
0.96637155061541413
0.68064726063527037
1.0580211218518145
0.81479278584589476
0.86686457782418502
1.0916116620542979
0.85832559448737944
1.2307341418411122
0.87834664062972267
0.63009519538974734
