-0.77064797235177696
-0.77478650212056233
-1.0882551301228742
-0.75088194381556439
-1.2138013253227289
-1.0369750817220778
-0.76752423905831435
-1.1287797065638059
-0.92607983898087143
-1.1343419370204033
-0.98025003855790704
-1.2338926061714559
-0.98244192398409325
-1.1844080092679232
-0.80330792855506872
-1.0500872522562736
-0.91851493234955983
-0.88954364915714035
-0.85124982901409907
-0.73187456403440498
-0.96632679933658994
-1.0894984801058742
-0.94907517302240063
-0.82071662951274127
-0.69165197129967937
-1.1123250586602087
-0.60905588354614493
-1.0479767210335689
-0.99648032821169752
-0.86871068800889761
-1.2623534021789724
-0.55196925291986054
-0.92280869115450548
-0.96292259148232362
-0.99691073147858178
-0.93693211327537118
-1.0975710447883449
-0.88487379126250898
-1.2460221350651788
-1.2363572511206975
-1.0222409024266803
-0.8880277219876942
-0.81849058584545009
-0.86618261273500419
-1.0005210629828984
-1.0430419016834362
-1.0194851842758754
-0.58255073273003799
-0.85446983524177589
-1.208323631600523
-1.1387522374157264
-0.5866298176759005
-0.7137801094707924
-0.92103950811929947
-0.67710004673337909
-0.74493385838960913
-1.2527780303104332
-0.71412511708509385
-0.9079619863176549
-1.0239205791802712
-0.93738158603607669
-0.94889894929339791
-0.8594981750999886
-0.73768434707395669
-0.82885784365350978
-1.0876435196304965
-0.84856286458064045
-1.003433510622707
-0.64339880801775562
-0.6643403247448294
-0.7918900840903772
-0.6166585166205969
-0.54510759395054131
-0.85310952989229472
-1.0292455313506499
-0.81974580078374593
-0.52353727210855083
-0.80342212127231205
-1.1475623764380956
-0.68111524362724607
-0.81378037472551212
-0.83103842443358855
-1.0218402524643264
-0.80627991204301164
-0.41007918753256778
-1.0424615242035371
-1.0351007275697615
-1.0103899938728267
-0.75644831735561024
-0.71622060839569357
-0.72078943453150135
-0.64651311971202063
-0.99301665063241662
-0.55656373439439855
-0.3586944921214969
-0.858119976210441
-0.93042476121518869
-0.66131301620008465
-0.69335559626411647
-1.0454886221070827
-0.74216428671316625
-0.75010524321127836
-0.93433143802375485
-0.79424179506804671
-0.99341649408419319
-0.76751396634799895
-0.72748585664166387
-0.89122116389919948
-0.78067201487920712
-0.71334580213151288
-0.69411312199036523
-0.7568392850025748
-0.63066442784054133
-0.66773174010196878
-0.82868481926106818
-0.81256067142343269
-1.1044561891020199
-0.49936167472104337
-0.51612719727182788
-0.83406411812057168
-0.83827461301216644
-0.87112670247867663
-1.073786283481081
-0.60184822143868677
-1.1151386505444323
-0.84793911153592727
-0.92578236009911341
-0.58667896349713355
-0.56622278807225379
-0.63610481725675161
-0.70449088906837298
-1.2050062651028473
-0.78825193871711385
-0.56414887402153602
-0.87436808651710507
-0.84149437422841999
-0.91477263925668584
-0.89406807430888913
-1.1994356180806174
-0.46131084972222919
-0.56580897061609781
-0.68795807775745843
-0.67216309057462675
-0.67309740183610955
-0.73759025780195053
-0.93465986512857213
-0.91529701932901231
-0.85554267146109464
-0.31215504248378095
-0.45026840518564593
-0.38242894366657543
-0.52068811870794263
-0.86473867431171925
-0.87780305295801553
-0.80374932933971954
-0.62828420163807597
-0.83866053732803414
-0.70596745977251263
-0.64733247382655212
-0.51350808374514356
-0.61663556568540145
-0.88653873721750898
-0.61364306154233783
-0.86606889102662565
-0.76946274685989824
-0.51019958513066621
-0.52236319314166835
-0.90515196528052688
-0.66621361987983996
-0.41731563852865627
-0.69338020484417751
-0.76485246921819294
-0.72906542070490721
-0.6016616500657006
-0.46407095705147938
-0.62788505476585732
-0.86804719179804801
-0.57882531227525413
-0.92973558566820746
-0.10437479126306748
-0.55729994916397252
-0.80782683268595579
-0.14887150845601338
-0.82918982039348998
-0.82423738037770511
-0.84364368584481475
-0.44779441387435898
-0.62452572290960284
-0.24099023691087829
-0.65185949434928203
-0.70550418587097607
-0.24488262420295465
-0.43743427059092399
-0.56069403793181838
-0.89282825343745975
-0.41414235616393164
-0.81733967161568311
-0.60711132339274709
-0.32898809719069599
-0.66079067342835973
-0.85789730991912072
-0.9085331277032358
-0.48215854746210335
-0.45668048650787746
-0.83105874651845035
-0.73126799630150519
-0.27203786893931092
-0.56534466579095188
-0.7957387783930866
-0.63547127053982866
-0.60684904922452731
-0.56281594111745525
-0.41267851554932822
0.017511213691872744
-0.4052906111528482
-0.43919627931578997
-0.25509118996195573
-0.57873548639493999
-0.2861662211901424
-0.67348258671544103
-0.34769544094612087
-0.48810692710831316
-0.63630548512579665
-0.44418013459251215
-0.51133963852879338
-0.62401219305269717
-0.34754123152268462
-0.76261163591131942
-0.5511068857652982
-0.33112350596185069
-0.73656079670699626
-0.99891501098839874
-0.56259295892410033
-0.4176257958297106
-0.66481576409165111
-0.52443263384576499
-0.57833804003187606
-0.75202888177501181
-0.42420743100726072
-0.50286985986807908
-0.80106826124033848
-0.31601851417740118
-0.31898091029654335
-0.25190964455497089
-0.80386213932678918
-0.53864593542654238
-0.21784146067441673
-0.34675443646459941
-0.74312521868243142
-0.58795446283564679
-0.29018058134295555
-0.39731425610891907
0.068355780017166579
-0.25263649192425575
0.00031322942920494155
-0.50302471501919455
-0.73905664479356636
-0.19444545961052248
-0.19341127116327189
-0.43261224281780097
-0.1938141957390091
-0.28365863256423768
-0.59597490551699195
-0.51699031746474466
-0.27710049279642451
-0.39343489500427103
-0.45335696720733604
-0.90545805986711281
-0.83522404006169526
-0.66921266112380418
-0.13320947544888159
-1.0585647607813102
-0.13013912995980312
-0.43508042543884123
-0.50079701759290529
-0.3379412258835135
-0.54464988963324124
-0.44305161454928338
-0.19895406505559884
-0.43928121240931312
-0.61035106633032454
-0.28990036796130025
-0.31861082812167985
-0.38663303077411837
-0.42442070515618652
-0.4386478901754578
-0.6445343210382144
-0.35344316547169408
-0.31685643360103161
-0.018390777653698637
-0.47969338654033195
-0.59285286070068965
-0.63740178941285208
-0.19350089659438041
-0.086876092457319615
-0.53276181507927534
-0.31723624422219171
-0.39792656833799211
-0.56518146896766952
-0.54163189804178491
-0.34850335431072155
-0.56849977731988066
-0.37462772084533397
-0.52717650456189125
-0.12237071233570458
-0.27222070458437736
-0.73389911725264201
-0.52733552433406505
-0.38719497674936065
-0.35524478309412189
-0.76105855634980923
-0.68108439762749962
-0.0057214951282583146
-0.41154423470715601
-0.11741095869826741
-0.36916762796792879
-0.20131244024801145
-0.4705268840195248
-0.38971960623603036
-0.32374852712680863
-0.069570694864869498
-0.13390218958057482
-0.049405668310711366
-0.043377624370782374
-0.37404583704967698
-0.36709383093427755
-0.30904691361442116
-0.23436336081723985
-0.61752731904786229
-0.81096441901183636
-0.3960268118389304
-0.26851047210144802
-0.44291064943018005
-0.29614852739204384
-0.4410711604676244
-0.19665692243217225
-0.31939326650999361
-0.30076726034715112
-0.51169820429733603
-0.5323172966262808
-0.45312159800429841
-0.72672814157925458
-0.2675350139751545
-0.57216728538519446
-0.4382699035975407
-0.60591078095920203
-0.49017636637759948
-0.22616507079905784
-0.12761794394571593
-0.3882217785746826
-0.68177975129838797
-0.3507579416625784
-0.24119200916953742
-0.17099824375044503
-0.12536172269778495
-0.34463088500681749
-0.090883012817754058
-0.43531889418961012
-0.31295835316523135
-0.3935207432829016
-0.33818787428663355
-0.34579527938486954
0.041636396845058377
-0.22070791813517504
-0.52455353566353491
-0.25165948342942229
-0.31144231720248777
-0.44722808618863275
-0.18360253469217716
-0.50075049441305952
-0.40759964022285011
-0.21072038906844182
-0.18068039898008981
-0.11800005199466791
-0.24140656221861165
-0.24815803033570491
-0.18694240293954842
-0.14450581856933195
-0.27124483642106206
-0.18100649615243017
-0.010592665200630952
-0.60540208031466547
-0.2982933729603337
-0.13115096745201424
-0.22943639364122398
-0.098222505142165406
-0.24027486218624425
0.0053511385943398023
-0.22539659091331191
-0.43236082052584257
0.012698898850377362
-0.15497058425883684
-0.39071666628907009
-0.24063296407248158
-0.10788558541810207
-0.1900220368127683
-0.14073012933177922
-0.22851559716573649
-0.32467761932978262
0.033549210476910521
-0.213912667841332
0.042864846901177443
-0.25475825159096716
-0.15540002062865621
-0.16571204874109033
-0.42598225109073401
-0.13034482864378721
-0.034833395051168885
0.0057108913542266966
-0.052199887622132055
0.062596122513602442
-0.26588837804392085
-0.034638486692047644
-0.019960052135839814
-0.49338623245839358
-0.022552308628684938
-0.33798880301915968
-0.28589210882165617
-0.027655069124510444
-0.20343290034282507
-0.28284654246984436
0.055728092653706034
-0.3937617884184918
0.30312637824879518
0.058252673044981287
-0.15808692403519359
0.012192100016931122
-0.18517592781654313
0.08706128759880187
-0.06960741131972116
-0.094181881433446024
-0.69703516002979793
0.032314474621278802
0.096189495805544062
-0.33143382837332491
-0.50646940341035585
-0.22170437598481976
-0.45857550863779334
-0.18186943026887911
-0.30352768195236196
-0.44616784834332768
0.13946901275078827
-0.016138435653878513
-0.17572407467967213
0.26487094068216166
-0.18191848425461163
0.067420378572032771
0.061526202338132864
0.030033286143939901
0.035732401460718731
0.16064774815884833
-0.089656838941158182
-0.16624787206259148
-0.071109831148260944
0.25463574868646949
-0.10374214238627358
0.11799753324570036
0.17300759330660059
-0.10517500347160641
0.00150222783374799
0.13033521658890868
-0.26740278627618086
-0.16391459974460804
-0.1062338405035692
-0.23300298243452416
-0.32141582333877483
-0.38887628685563735
0.19438904714221861
-0.066975599508214009
0.10797670196649085
0.15564352070860576
-0.13545246741966846
0.28469475321488075
-0.13372055013637535
-0.23453674310827161
-0.05457721892332508
0.30194253921300995
0.09205908081049724
-0.31081864485107535
0.040804441481145613
-0.028331197927404964
0.17780599061980609
-0.23031937309720762
0.15389860676443745
-0.17967075954955872
-0.053077410658564965
-0.20777596922421337
-0.055373728273209542
-0.40376314996196072
-0.42992971340071251
0.29693036250671218
-0.088444590705513221
0.069181626500442656
0.25936639440390968
0.057499521983604286
0.043514707372230746
0.1932876775484185
-0.22658759967918593
-0.31447425342770291
-0.38784919305826365
-0.17967806046466334
0.088964660323380212
-0.37127876275288429
-0.41003987893013966
-0.073126931687604022
-0.021680007704559631
-0.076003568385453579
0.22030463257692126
-0.21349136078582648
-0.1785602550559689
-0.23955195090644082
0.071087709859393125
0.13481717549157529
-0.091847544636600165
0.013107222464667764
0.070925757746160459
0.060517567179241172
0.079074093450289248
0.15709516085582909
-0.48724781873138628
0.059579835711224272
-0.14819579843084785
0.20149164378902573
0.092694739779325061
0.094482674179128659
0.20408998259139771
-0.26865314322186645
-0.021463830847368671
0.35879436229860506
0.023478399749879739
0.01551135743217205
0.24259724769377233
-0.22341506548352955
-0.053761144156606926
0.030176242161694532
0.16542201547746169
-0.11310719041945783
-0.094584959121846529
-0.054777484277891517
0.098385745640265199
0.26042229861966248
0.35117848993110784
0.33228672352109201
-0.13398593413840376
-0.079069395338710005
-0.26744843035711852
-0.13159155244995913
0.28688841778950674
0.10791202916869304
0.36663125433655341
-0.2086151366000098
-0.31481167591258996
0.13697563109071603
0.013627201592207497
0.13770370963464681
0.043457092690117709
-0.0073246399968722089
0.16650923068503465
-0.055570318108448383
0.42220409810437071
0.29955197042285553
0.058767118054128216
0.044323245713664111
0.33027028070645126
-0.083794925918730209
-0.026134122214510769
0.11974382593115691
0.11683103007582973
0.29126424890982561
0.20579069259832863
-0.036677354203503008
0.18345171476755667
0.31334251294587173
0.21597718988333806
0.0065029266014847622
0.44354213485754318
0.072583438010772661
0.1623710170486462
0.33243041760080932
0.31842023743116327
0.35457389919238202
0.28340366465989214
0.16135436168821282
0.23861232540867033
0.30428921043521712
0.19623871056105607
0.11526145434160361
0.32350510128813553
-0.056382786466561356
0.08470541924611541
0.063872276353233962
0.57709723693671156
-0.14553679190665944
0.44862449343147914
0.2663493382633807
0.34104678686402695
0.19787925903878251
0.2515888543322593
0.27242117296753726
0.1930058525913049
0.00068013674952574282
0.25242069765977487
0.048731273491452363
-0.13399199499237632
-0.095675220683272652
0.18558874416681403
0.38939955334188187
-0.078706546089757773
0.33036389206043071
0.14638528536600087
0.28874324968448295
0.073716583398656499
0.084334993773998224
0.34036588670890916
0.027102783208250956
0.14261787626239636
0.52013194036767707
0.47662767820332486
0.31502538457646628
0.1169820965151022
-0.11254611302875198
0.10670331444465803
0.34330268492825139
0.11745452717817247
0.33153997575778876
-0.050362066076293358
0.24157338025505715
0.43941909254450984
0.49683796720201245
0.23398736434851788
0.25118846113398963
0.38112200744865921
0.42274301038365475
0.39793697425449587
0.062953573499958865
0.48584297929979031
0.16897039946812673
0.2777022535994948
0.067378419076567539
0.14805907508428781
0.24798134597797897
0.2675193792656696
0.59469934143200343
0.33160450616136061
0.35030917034673975
0.52340632919668795
0.21521657479228162
0.131140965171992
0.031057955911922796
0.18854408076946308
0.42874000322860378
0.19164640713917805
0.3691578163475705
0.35285287729962339
0.48215170375792515
0.15499186963435521
0.15927324818343375
0.15259906835128223
0.006546573904190181
0.31580041372286838
0.20156081049811736
0.36251488219071815
-0.19430439574774849
0.6763272136626054
0.71904359398871143
0.21060729484856588
0.446793881350254
0.36272217496885623
0.26493556358951265
0.30335655806061634
0.52702993587088343
0.27072573863618493
0.40769426871576092
-0.058366265768965475
0.10837548794518131
0.4612054860082892
0.38172213663026267
0.27586806966094762
0.40572317556445003
0.66763269964461502
0.39042488704653505
0.7181051430238049
0.20778168367957181
0.31047201065256702
0.50636633922075702
0.75341654955079329
0.28624816135299491
0.40119396438134008
0.35388352706675941
0.33526676147336476
0.32655133155158422
0.58973956349277434
0.14306655503427296
0.61349286058079444
0.49437469959760971
0.4190635738868822
0.57627528384258775
0.22696868075025112
0.25758191037014783
0.4746959568830072
0.53928818482042129
0.29129878182342489
0.53260379043001993
0.32576560160282453
0.53937103217106297
0.46168375672975015
0.59916975350805624
0.30464761304488858
0.57341220085577027
0.28771491736667154
0.2455354627287234
0.40667405377239174
0.15630898399582469
0.75015630934898214
0.35804849028367153
0.14309394042970427
0.65980557796992767
0.42053269389621695
0.29416252894748607
0.3230564083167059
0.56617316632924286
0.50426005268081397
0.44279677837081072
0.64239490838284818
0.60882411025368022
0.57121070972795196
0.44754717777271569
0.10336613476537787
0.30160798204671685
0.67658948936537733
0.27935055805625153
0.3171389129059739
0.49956345616887909
0.29354735197628506
0.42366062988109165
0.62394359047840819
0.20121619953525757
0.56761117837845199
0.61398277594177875
0.57715550339933841
0.58232944756824412
0.51909089328760738
0.2640243549663267
0.52411045540337142
0.63506414647021359
0.32961638395077797
0.38298213905489426
0.72196437750756415
0.48463788453809875
0.64128233823901748
0.57644866479598844
0.78235772153753658
0.77313485378589941
0.58040773722038463
0.29560436047144711
0.72095037965388653
0.36518559625909902
0.36718532352111788
0.61384696779093595
0.2556331688943973
0.40397668145790816
0.23477942697668655
0.4346584939727704
0.43496363162328255
0.49716364044831363
0.38246698030088117
0.69162036959549722
0.42699444506484791
0.4243024483815066
0.39244693223468496
0.15717277903305521
0.43253859964098829
0.79199693405759175
0.75741126572880912
0.55005147822096134
0.49454277051104711
0.82035589081293991
0.85456532667781526
0.35811455085618743
0.46931037709948908
0.67230027394099467
0.31733044830837281
0.41323076425570887
1.0529072017977494
0.74356229529298989
0.79969190461798978
0.65555967273615412
0.39854548584870553
0.58057658001271295
0.46516436647395537
0.74270018375378311
0.76179871596182669
0.33108516784028008
0.66891606783934643
0.35616154995887267
0.39794114578359951
0.52855613633423215
1.0653875008214275
0.78588783307357224
0.25717508015001206
0.92565918974533468
0.8407406283976806
0.71216485201985702
0.52597345847221588
0.47314764538267046
0.65416503220758648
0.68035645009913848
0.44561763565011281
0.29999642847697683
0.46700053680374376
0.88521018135800533
0.66665573822409574
0.85018423566116219
0.74367164339182013
0.63680790696807077
0.40124174941196378
0.90280152100289812
0.27404142099065693
0.60181031144779118
0.50294153413475662
0.62490611696990872
0.80338139765836281
0.6074481501636958
0.81621367197418815
0.80557347456672446
1.0381851579237797
0.78209415375048019
0.61127427801126455
0.25721568446729948
0.81483526393134498
0.76180507138302767
0.64797690555711362
0.61993714601509831
0.50798210842049418
0.78038285212262481
0.68030189677189656
0.8490332037302919
0.95316588949909375
0.59289042866336239
0.64165798390618012
0.71090988177489312
0.65450416832712999
0.73793923942214901
0.65311759166932271
0.63637630710920179
0.63612051795941427
0.67647437737282468
0.64498867216104128
0.54247833135331081
0.68732596500211718
0.77622898939864571
0.63764592552300525
0.54855406071793456
0.82601468333925654
0.84110682438107942
1.004380746663617
0.60973295618446988
0.40425547952917651
0.49580825214400626
0.58398611863361038
0.62716464870653066
0.70588200310959737
0.18949815391277916
0.81715532437881677
0.60334981374970853
0.75720638959426412
0.57700203339753164
0.99235389884004999
0.80581510378125021
0.54505320981353533
0.49893186027657227
0.64151464357962873
0.63997906189484854
0.73181306708916261
0.58583564727485782
0.49424873946847814
0.86857968770676264
1.0012148131129297
0.83785693891870194
0.91183045039413246
0.56000531635014983
0.87696439532203208
0.78802113117131922
0.86003772696290481
0.74562995750296013
0.85713213401727328
0.85506613224810102
0.95325075607513388
0.68103903549410894
0.92413620195163904
0.72984501471160657
0.98579921886669186
0.40458759073153577
0.72562537717409414
0.48314536683309645
0.53137330446874609
0.83015150459204279
0.78471421043276857
1.0095779979738821
0.92617955322089884
1.0417778668391142
0.93566757157905767
0.62639839740357284
0.64112807193495547
0.65956868470415375
1.0820974155015206
0.95502240598059485
1.0317286499453984
0.44921404219004546
0.9343106522093042
0.92562275054681031
0.79747443294834752
1.0678598177038892
0.93049476975886558
0.67505697885836602
0.70629851503502161
0.8763828483883328
1.2283989065735648
0.70702209392790849
0.70185136556219652
0.75777930794974602
0.8266422145479958
0.67679323636251554
0.66457561877545324
0.9107863051788273
0.43753413436179811
0.70887307925956522
0.64747892596840673
0.97234134303123132
0.82035923675605682
0.83018491291987817
0.80482199339309579
0.47208437962498306
0.84297289647307405
1.0145895392289177
1.0056050603152491
1.1476039420558763
0.82852618454908467
1.1188912511635858
0.94712451916770268
0.49390270902463179
0.99512433850632387
1.0231335204878353
1.064216272003508
0.75329534171578183
0.91987238511735825
0.92121961463779567
0.75914277192447199
0.74011448286771453
0.64279388238900659
0.81666952114623292
1.2693271107545614
0.8229374570839082
0.75450226739703052
0.73670686622452375
0.95391294918900071
0.50315048946091068
0.95773426557067354
1.3983632716358103
0.99375213195103651
0.93030418755838573
1.1812489917786249
0.92436864202914593
0.70217667407368045
0.62130494526385571
0.96909242679966079
1.1379029477549893
1.2740683110743614
0.78741502250255369
0.7160098938703684
0.70332506556357555
1.0190173383763856
0.69884210955719683
0.86816250592169408
0.74625211672035452
0.65195756186081877
0.83986790651313892
0.89973271750739481
0.93895319928418142
0.89880359529658493
1.0085881534838881
0.96200907520731604
0.81265294923661457
1.0765170138740698
0.83294450591703506
1.2478189414611309
0.74623578052244999
1.1083074807580233
0.68725724987946823
0.98611787322734012
0.98463039842610633
0.67196276378153719
1.0582074465764164
0.8142936118224855
0.87848397762730013
1.0822123163743029
0.8656661041106678
1.2464697861298988
0.88964326009988159
0.6126717348508578
