-0.90663836185411784
-0.99389738685204976
-0.85955168644311053
-1.2650226458555482
-1.1625457330005229
-1.2090894089423176
-0.9265323225010752
-0.76630952898987437
-1.2042227258398375
-1.1498446764148142
-0.99803822994998381
-0.83843199002868884
-0.98170625269243361
-0.97258872872894186
-1.1511678686123663
-1.1672637310508522
-1.1568598216884081
-1.0593528536531733
-1.0332003758223423
-0.97931259637446921
-0.79878646636591022
-0.80243502372633302
-0.70098454802963028
-0.84824569900338975
-1.1210302990672174
-1.0370802273477095
-0.84374580050941894
-0.91112463020378176
-0.87875882460150534
-0.59463605341821457
-0.87741055579110716
-0.93690893687276311
-0.81869077473282836
-0.9746659456832697
-0.68867650202037323
-0.86512577927883727
-0.63376334728521799
-0.93910502687417063
-0.83942714983378253
-0.90178427288075169
-0.8357081429951827
-0.76106764365255308
-0.76885845106753159
-1.0184176197496804
-0.6124451955860617
-0.92626363454260929
-0.63776806981531331
-0.90147988844739135
-0.82058450596053512
-1.1080522541886144
-0.66565092600171061
-0.8313854466795515
-0.97254611887281484
-0.60803549671505797
-0.9642844495908115
-0.78502274536462757
-1.0592484589560223
-1.0543695130170074
-0.72437006832638551
-0.92995861232822175
-0.70272584280541472
-0.66381150002478095
-0.79231647364842084
-1.163010156982176
-1.0003310532401823
-0.7748729419381184
-0.75533757348393904
-0.69064483602894
-0.81021766826836972
-0.7895187816370659
-0.73912600916385085
-0.63313350985291317
-0.91262740714595902
-0.61950784721924557
-0.68523927475877477
-0.89901348187929486
-0.81727868437402451
-0.78923952895648108
-0.88632166374283239
-1.2337243286184718
-0.64451719578135203
-0.51988041861284973
-1.1450738857583207
-0.79029978079029439
-0.89775492389974709
-0.58843505134933261
-0.65737955864994646
-0.75388224020030292
-0.72740073243927128
-0.52993382676783307
-0.60492772121293936
-0.83477915529050795
-0.95112386797427351
-0.52674327841609103
-1.0938705634388965
-0.92034383480582815
-0.73390237401219538
-0.94031646173390593
-1.0507108255603115
-0.77609792411163037
-0.84634410702536833
-0.82400130592073739
-0.50529250832679262
-0.92384234592430425
-0.7641736037416359
-0.68717323835777511
-1.0529344596210219
-0.79265110670350969
-0.56023639030583661
-0.60306424906221778
-1.0508147699503358
-0.77781917039897475
-0.82325857333410701
-0.71867064654562163
-0.6818917226547232
-0.5521154580331521
-0.82246561758213432
-0.89878512216168382
-0.84566415712179877
-0.99607974862914428
-0.93663245376222992
-1.1706683699133758
-0.43652004531028032
-0.88966848092655104
-0.40550070675782574
-0.57401106114322098
-0.82195681478717419
-0.47579229934060568
-0.8611311440580095
-0.67279514805946328
-0.80239055287897254
-0.37095124494427428
-0.60362178499651109
-0.52699677941453904
-1.063927146873813
-1.0315733998635006
-0.68494450252814898
-0.89907124361481305
-0.97662360609947685
-0.70458044460322233
-0.91607651868525664
-0.85507298440954749
-0.89202425556203691
-0.44146750695737846
-0.85602516735571221
-0.57805935788616591
-0.7026003760994789
-0.79753612383779804
-0.76347521911271699
-0.75128766885170717
-0.97250624257813967
-0.53380013772601398
-0.75331970627932299
-0.63841883293876844
-0.93999965745290615
-0.32952676903443068
-0.71760694757599675
-0.72429909807604864
-0.66577315934836756
-0.3802757692694263
-0.47486218422183363
-0.51904839924012103
-0.68684505489621517
-0.6746820487997004
-0.67626482381833597
-0.63904369593537103
-0.5865952108944964
-0.61920876735198349
-0.70518139854733664
-0.53123003204144825
-0.43772921941127024
-0.46528814364603993
-0.69270372941152314
-0.76296837954429397
-0.89456080447329034
-0.28352447100789319
-0.99430780192160295
-0.89266630308181272
-0.41321252137521786
-0.68548727968361889
-0.56274089691139229
-0.82534685828890264
-0.68316869602581043
-0.80927581305712137
-0.90724815163555161
-0.70301813161548499
-0.5181517442040674
-0.35449456713865551
-0.67515751997328599
-0.80373900816739718
-0.30015168677230064
-0.48504009988235308
-0.58120868077885612
-0.37042047279877993
-0.66722156574796376
-0.54115121165086677
-0.59431942326213227
-0.66831589256514257
-0.91923769836114289
-0.47275547173677762
-0.55263217925289887
-0.59221895505852273
-0.42007283862685446
-0.43826940907743905
-0.39012537474514675
-0.54955527170407903
-0.8007544923198272
-0.43441022007785801
-1.0085721222260602
-0.5499516791011283
-0.64528484209303105
-0.42082312223615792
-0.54898585463397676
-0.58138492012662368
-0.6623269545638435
-0.70798569233275621
-0.41451138212026578
-0.88854853956587643
-0.74085373093015505
-0.18319893897304496
-0.52942422224372476
-0.83872431416290805
-0.46792974358674333
-0.83310537513530236
-0.5228409956579213
-0.84337910713435749
-0.91710185070887085
-0.41847196333347009
-1.0110745731240383
-0.35989832349617917
-0.5126673533581606
-0.69687610124732657
-0.21536120873128964
-0.56045511064256504
-0.88460476884355455
-0.87468866427042069
-0.58005354690545818
-0.60658589954461672
-0.37706998607731218
-0.3420324192496404
-0.61505166240449161
-0.50310385401621971
-0.38861091520500984
-0.54425112167144374
-0.58026922830526906
-0.25114411357633859
-0.65582038544679921
-0.20380652656021944
-0.49162941045719044
-0.095756863176421653
-0.22007864684494674
-0.36220487774699195
-0.74869697250227185
-0.87031720701372184
-0.71685990598686267
-0.22670458163462731
-0.59329333019344199
-0.56947832258405096
-0.26598398350746699
-0.43379002285803014
-0.74970631122792819
-0.51893835343010297
-0.50404546591408494
-0.28837871038620533
-0.78721351294280517
-0.34507056980307699
-0.47231900658219533
-0.48825922266269256
-0.4139171781594041
-0.44898833655665527
-0.44819995927528494
-0.35959338864637341
-0.22921113961622488
-0.51223480438126534
-0.24217602294156745
-0.23691395352509254
-0.62834619005869008
-0.39205213746815609
-0.48610024306718802
-0.64393389086928221
-0.64484168682723375
-0.57507654124902563
-0.070487675102903061
-0.28061488048315142
-0.53099501519556824
-0.5897608884829123
-0.13562095515095129
-0.46120747699026821
-0.50894199986707467
-0.28829996755522225
-0.61647533075772742
-0.37918182330706574
-0.15091025707274164
-0.34232818596486669
-0.51818950184726631
-0.36530733626779943
-0.58871464055236333
-0.30088189578019209
-0.23801463462273226
-0.68043853543616262
-0.52978320037961668
-0.057125697857447692
-0.49702902927865239
-0.10383958326694477
-0.47857683285980762
-0.55086495009437453
-0.24690076312883474
-0.53548861205720455
-0.37091131240698655
-0.24227016453969871
-0.1459391775160673
-0.40292143422571214
-0.63223604720470339
-0.6449965098303545
-0.44469863375378593
-0.0041446728476291729
-0.054473630247602489
-0.12472849370542816
-0.62463253348832948
-0.43624983512650306
-0.70163341682046099
-0.18473809415759818
-0.5726855994648653
-0.1636477707747219
-0.22478661172474576
-0.35347366017040194
-0.49378796776830669
-0.47607128048171843
-0.073024060177273753
-0.39690804614483755
-0.31461944776435014
-0.39082142788700441
-0.19036308393237397
-0.42088914586413534
-0.31904459800274637
-0.64130034714636108
-0.38650635887171342
-0.04064636720567319
-0.19516045344058905
-0.45374065340247832
-0.056163409530272886
-0.25605514196669182
0.046639465413654234
-0.091569397838511715
-0.34511951239315652
-0.6079406386914451
-0.33099648693036937
-0.10095456388906802
-0.44875049492779173
-0.25077620905293946
-0.51326576665901857
-0.38458975514633037
-0.59288525306376638
-0.41029438046720101
-0.011890424401760283
-0.31115375441958593
-0.25666476803101751
-0.2147145518773447
-0.36764140852454547
-0.24185035274376221
-0.22533860687209653
-0.050201263843927244
-0.47629223457612396
-0.52266730707032871
-0.19035707963316068
-0.29601724266983159
-0.45615598536616225
-0.59589947010249933
-0.05561036532734058
-0.27398284441032372
-0.11068808275641694
-0.38773233239385657
-0.2109687469667241
-0.17636368600052363
-0.28019935165347681
-0.2560867132490211
-0.34797987451745788
-0.090332518750939533
-0.54793772226495452
-0.41996752300267043
-0.33276117923664333
-0.40456775726374505
-0.47882598909070317
-0.33577768606136704
-0.36580747904040284
-0.27096549378317991
-0.33704984142807609
-0.20375102395994607
-0.54085931291383249
-0.45474863635249507
0.18472836376131951
-0.078679543698493601
0.063022076245129482
-0.36206933340823749
-0.014163171091278324
-0.18435380590604114
-0.23924738326244743
-0.11235047245681511
-0.24628882607842301
-0.39062632623847876
-0.16403038880051843
-0.17706948790959889
-0.052724185879054752
-0.35715705097904327
-0.23599693146342898
0.19602283098449161
-0.33486522030830684
-0.073933971591571349
-0.44992818835497705
0.14521941715124628
-0.11364400630335858
-0.41682111723775483
-0.1089208149236669
-0.0094498010782738725
-0.02673986553933573
-0.11165560766419567
-0.18511743604043093
-0.14188275334680631
-0.29689766812498852
-0.14413693397130523
-0.28254003763350571
0.21185040075940745
-0.19432129936519194
-0.16719602933264788
-0.038826426147583866
0.20620162705978251
-0.056392429736069026
-0.33134359399100577
-0.19045859882836647
0.04875596419084461
-0.39398681845494093
-0.60715644488521869
-0.12496119616405947
0.16310581373493113
-0.53656547019369616
-0.23853088363980215
-0.22657960563424764
-0.086272249303874879
-0.32854832233940762
-0.29223901755000203
-0.27502492460333239
-0.29443051437210399
-0.23467442907425837
-0.0016763080359124204
0.10365173397141066
-0.34191884593725674
-0.049488148629118621
-0.25172621135020495
0.01442711213038938
-0.26160630701747462
-0.24712527581655633
-0.22011964431203521
-0.27756257521437894
0.44571039971367671
-0.1578494331111609
-0.33493712089830724
-0.0057587654690555781
-0.18501575314906393
0.12722574674159029
0.033236385806325236
-0.017750558451026605
-0.17039247956920808
-0.088319717002954837
0.077797446672092846
-0.18249399351459722
-0.026722415045534381
-0.23904893227888843
0.23224349551689719
-0.053864243428258261
-0.22017173834695664
-0.097852219234866783
0.040037893726520155
-0.048839922350741603
0.031923252937660074
-0.22866373636213666
-0.27790464889456534
-0.30442051406800197
-0.57616664732000311
0.13176606141678257
-0.094483124475647162
-0.16812148511028027
-0.092493045164192031
-0.18429597544997839
-0.080672274115020995
-0.14241871473237316
-0.13977790705721574
0.12650249733077346
0.02205496436189696
-0.34855899014718111
-0.55652440299996742
-0.029611329920243141
-0.30801579469689039
-0.2638680386494649
-0.0095502382250359976
-0.035116992529670703
0.10200413679358684
-0.10297999262052999
-0.3949698865362925
0.11155051616225804
-0.39365446146761485
0.18599399211258286
-0.32688486784863441
-0.096115387395002597
-0.18981414032290295
-0.29539880851155814
0.15011665093318527
0.070921036031632773
0.059533719705584243
0.17187232260212781
0.097799189570466252
-0.07196303582416376
0.11335146760178369
0.20686424138597731
0.056702311074881682
-0.14572478890292634
0.17760221351770822
0.28030765545445402
0.34216247537242056
-0.016885785341332848
0.018311627117264834
-0.11842418863568531
0.26528495137692898
0.014002904457036652
0.16733624034810865
-0.14079778478806462
-0.047141622843571748
0.23198489277161713
0.4813000643132761
-0.10497501348884584
-0.028376249966755675
-0.0602374111279802
0.28452462311521443
0.23967829554837991
0.087857393899630279
2.2804300319806266e-05
0.13288292743097438
-0.082162533712993188
0.079765459356088961
0.012143358526042015
-0.072776136105118766
0.012694401583638068
0.30505105915134539
0.016922771375262158
0.18017233901582219
0.18715031821307193
-0.023862119099290438
0.31607390744922564
0.047586007652817848
0.22733871450316742
0.12308715596799723
-0.0341502965312361
0.13040861811600504
0.42647670531801674
0.057158145396200066
0.19510192332371595
-0.080969577619860442
0.048841524867211245
0.14267147196604918
-0.029133466983195223
0.12368359788392844
0.27960261907607192
0.0796632479260177
0.063046923726435597
-0.035382322615163435
0.43824295301976313
0.088328109573268518
0.15312583078972067
0.38462871311676494
0.086469579520276368
0.23662696652235057
0.27327827677259886
0.28019299250396862
0.1715802798431332
0.11264757379259277
0.34356403766864352
0.032180242540342137
0.16648915780084211
0.10519743401694068
0.25660036136890851
0.24419463514775713
0.1158843536649372
0.13449420245486363
-0.023715195841354036
0.076857302062208435
0.36061379991254616
0.39832490197653203
0.046902743724615358
0.043408052381766669
0.50546622994506762
0.34951022514637353
0.48162191290984163
0.46471137228837883
0.2141883714604477
0.34731873173145611
0.066051724027622466
0.28728277956321996
0.19156566687175391
0.34012470722956656
0.066581888604394152
0.090714164082739954
0.25185752519154586
0.15372811708903783
0.15222528601001414
0.19558290643746976
-0.0080964578229726601
0.29389086656921914
0.15205693117458086
0.59584326348929506
0.21310974823388704
0.27989373139959062
0.35737540640120208
-0.069434701241945146
0.013990177972237687
0.19667581340000723
0.12534735720875637
0.33201973161033066
0.40361514035195362
0.3245638512378432
-0.023678933578063232
0.10361641141567624
-0.073460661208794464
0.20380938059090248
0.080291571705834092
0.20147314341479811
0.096684772987725529
0.24482952359112839
0.052602573501360023
0.68314352364179698
0.63917642451333156
0.12321740126972161
0.090440348363476239
0.37146992113501975
0.20387941677614521
0.30872643101986103
0.60087406783227859
0.40026726105454452
0.2850614465274075
0.23176771248650144
0.49485183138847416
0.38175788842059999
0.41251925414716439
0.41358769023114506
0.71370018546869962
0.49136519258733163
-0.12015186584757494
0.11660030441030728
0.28305407906191815
0.066182639212476232
-0.062530473512717261
0.16360408715619665
0.49333313358403363
0.30269897399535561
-0.085286656415856837
0.26101536563095734
0.28616827246784154
0.073572805084289858
0.32425653148518313
0.27581455070493022
0.3212703785496992
0.26654409398322026
0.45432675609648787
0.36425291330200604
0.35089543461105976
0.30506502241854472
0.34404428057299741
0.5489486787118133
0.12389332466886868
0.079658060918733939
0.18077378120767593
0.56592733180076027
0.49112491442332779
0.43114764076674233
-0.16185229558310144
0.31330177665331271
0.55831905001956483
0.23663228177282797
0.32853983145532689
0.48566945306641407
0.31736363311910026
0.44247928519297158
0.50381891792960254
0.44214543764492498
0.43436623072304476
0.23668483336106028
0.4090521554780906
0.47230552734920189
0.25672699251408648
0.0082126456642721644
0.24479309794576051
0.095233564106653887
0.57033012019098817
0.55212584929047093
0.041760803125902649
0.19047173056920183
0.43509304431379686
0.41354587009529314
0.39398824928011367
0.56146552904035729
0.2864457350168797
0.24336609207636142
0.36450626054826346
0.10488585493051367
0.78375170524865256
0.14153986520490228
0.56130800633457389
0.36467406783367123
0.12844420595356063
0.29632044024976373
0.12326815096609907
0.49838291645694083
0.40852485847239478
0.34162087981460421
0.40399848627883689
0.37771243668986521
0.47872027180044158
0.24703304506998883
0.41111019087118017
0.20904036280343158
0.13983469964365336
0.074176058922215446
0.48390855752040451
0.60569604344180072
0.53560236435818498
0.48540157608455636
0.39349552677258426
0.23940298207733721
0.44196311968735674
0.3372183968865714
0.26803245602716425
0.38087277874460002
0.70268861233800006
0.56717224444559322
0.67225700072539185
0.36927519600943931
0.55831521041885401
0.49251025698601469
0.47195622680384436
0.58261169716162853
0.26077497535552102
0.82486129289857268
0.42158251120799128
0.58185239610312411
0.67097399084398379
0.38989866823269803
0.68765625352596393
0.6378657096398106
0.65757468778048356
0.66215371547352986
0.34187246965489176
0.2979562639962437
0.58274734950312634
0.56983464634282188
0.67293858202448442
0.57172720970995117
0.068862480795182424
0.76018857881882662
0.65133568140527509
0.89700458462028843
0.53047167795179884
0.25713687918662914
0.61819224394223105
0.50968754717585019
0.582095652185598
0.83902090293608633
0.85542196617539734
0.3912571458542356
0.28127383732673866
0.33320790846797954
0.16940213657544051
0.31943063253379333
0.49427609272278794
0.68313247599430638
0.24758982252616929
0.73897091178458096
0.40410365604115361
0.52177146460854273
0.93399941522835395
0.71549049388627128
0.66850457752613057
0.24734856344100589
0.61214255006423746
0.4895335291955607
0.41556688588941526
0.65073967227533902
0.090115710018309481
0.62815047705154303
0.54907607260016289
0.33353538204148175
0.52995913716541054
0.085585608871687327
0.53786251626796699
0.67935146315303074
0.37283157801674083
0.54551157723843757
0.75148962506197248
0.33167713410705613
0.41796325236129223
0.5292186901062218
0.5197086594578133
0.54987655490339815
0.35315931111122484
0.7897924087754663
0.74172972008518745
0.31711552963017703
0.50585951735244972
0.65674074714807873
0.74345552398910753
0.63498684807956129
0.98487208855127739
0.81037361650043194
1.0810394206770189
0.28672554739282496
0.60904916160086764
0.72994215519544525
0.92996110100808638
1.0021039368662876
0.54669971709437026
0.35905626548463876
1.0818277470448132
0.53103068663306408
0.51089527966696346
0.63626442435325348
0.57515909621962658
1.1054845356206751
0.64412567738512361
0.83643900102523872
0.56283525145474378
0.94233579261531486
0.64563223730195463
0.66079329990540525
0.6348410099852887
0.68443663228876939
0.65435328386825131
0.38817986362877788
0.60455997095264258
0.82525212424070848
0.53530777645775141
0.36199502518875332
0.73821141617390362
0.49341558786602052
0.63036490408424062
0.5879517727982837
0.5352360241191364
0.47802973472224219
0.56998341462093505
0.37572493634644455
0.78619088511450574
0.68607293622694332
0.55309780852671953
0.81194016728814489
0.93149502052132316
0.55940157421951175
0.70460017329551172
0.35373420191910421
0.69656564383902708
0.78652168144068657
0.76730604788750711
0.85281602757498809
0.88183475480122764
0.54378504808830286
0.7439389585753593
0.72328925359067964
0.77767277073442009
0.78268077490651444
0.72272617138257889
0.7131177598334919
0.65603937050505734
0.86421684290288658
0.99481502730723581
0.71845460070471001
0.64832664754944302
0.57513643595730424
1.0556889784477559
0.69503408027862312
0.73783158142087002
0.81504631744966316
0.94122914739496699
0.80009375122327431
0.91321675259777979
0.54520667143061152
0.52918169510403101
0.72586057980904051
0.90260729198223855
0.88993175513063494
0.64235125772947244
0.87195129322825582
0.61025910980673614
0.79760844216834148
0.81066608494960513
1.1859724310320687
0.64519339161715006
0.82234711407045546
0.68266331102228794
1.0032865796485622
0.35509487493554426
0.90139567633714657
0.99405340901539407
1.2770304318205821
0.7619095667605652
0.96933015958318236
0.65597276021238671
0.8547618750231859
0.91118662234593772
0.64815444162446034
0.81806378161433402
0.90792007863523916
0.72980138747275169
0.57938256316869508
0.62887264171579949
1.0654962478239958
0.84962833305125329
0.70973692959589896
1.0154012196140214
0.6590202208715048
0.82858707169097312
1.0116868450013197
0.90273285633698608
0.99006845940623711
1.0868367062708024
0.83600183451224985
0.76196520821192626
0.68138673582998854
0.7204629434521429
0.51401630327739634
1.1787711210242056
0.63189162802149934
0.8827078609694643
1.1202667934471271
0.80418784395611964
0.58411805931894822
0.68552542035218866
1.1220092541989741
0.74995933629370914
0.90545791286440125
0.89379593684085135
0.51287343401868157
0.64191584508804356
0.88698410037743136
0.80594134046175703
1.1062358988738339
0.87247118487782371
0.78177086616370828
0.79176410595707181
0.64302722170502757
0.79916181778089013
0.8654550952518465
0.72380464298897895
0.69092885745770227
0.97456689797567264
0.74867990309627053
1.0043249778161669
0.76381590227458618
0.75036476836944321
0.8577125537584962
0.81878674296461751
1.078796433025728
0.77911172456214639
0.90541424533755976
0.9608890957890992
0.78002231902466623
0.96570639730055829
0.8290936197309452
0.94774289410427137
1.0767212807117434
0.42444569189863957
0.86021822116897573
0.78495028028482094
0.8219720886538725
0.91537309926617949
1.0965245333083711
1.1578336583349675
0.89664399225875724
0.70467357956441556
0.81865996695228049
1.0064204770960976
0.78769612833639002
0.91274467333989451
1.1517934979045383
0.95836454304448482
1.2323319946712572
1.1270011480996602
0.71520801873270023
0.60430606822294608
1.0936321088384859
0.85415958755379717
0.74494982465937887
0.40261105159298527
0.86612141392088182
0.90062679216561281
1.2452444442722117
0.80359136290813993
1.137971872979904
0.97865612789830692
1.1293040839211701
1.0685827380423845
0.95453923046523159
0.85553499028143642
1.2360245802384149
0.9111882173389656
1.0568470582095368
