-0.89981069517671652
-0.9878697116548637
-0.84115796703010492
-1.2701180669230385
-1.1818773325790488
-1.2352631279000863
-0.92736935961919087
-0.77228659831959301
-1.2048131437267977
-1.1521592115657373
-0.99473232296488334
-0.82796324140356325
-0.94667750002902218
-0.96697195046550499
-1.1495364286145964
-1.1715410254031859
-1.1531950449355486
-1.0576717461322149
-1.0127847517517143
-0.98902245493176544
-0.78518228553882574
-0.81078857731379561
-0.68796154184054314
-0.85728162645789363
-1.1414905600002374
-1.0434633255613643
-0.84084018307697261
-0.92556238920475853
-0.86049377299442276
-0.60065296835219595
-0.86833162981615941
-0.9535539922399342
-0.82645049715835672
-0.98141077604601845
-0.70780123302821341
-0.84863718414846145
-0.63559331072199687
-0.95354509024888057
-0.84743061123203201
-0.92493005816913421
-0.83746440778344222
-0.76410330661390469
-0.76142393427574306
-0.9880285398313654
-0.60974377954960091
-0.93959264687109545
-0.62523660670143177
-0.92219373374038516
-0.83846307385274421
-1.1028848348511635
-0.65747098399438786
-0.83250766090528339
-0.95853810787071381
-0.61238302503813924
-0.97640611261086763
-0.76809378789746097
-1.0738833858734036
-1.041831238345392
-0.74596677256042387
-0.9162852894423178
-0.68808361256664397
-0.6683835184741912
-0.78867219040291525
-1.1694327669064299
-1.0004519799181641
-0.76505423938766293
-0.77495829138058514
-0.68769254466094387
-0.79720104339068198
-0.80213768887033843
-0.74000044838095669
-0.63352534843261599
-0.90357402041476698
-0.61041995685981409
-0.68476929723534719
-0.88934281843125185
-0.82337414565421485
-0.82578932785176573
-0.88279691139990635
-1.2498619824912711
-0.63679770337451103
-0.5221917816483248
-1.1505910384761748
-0.81911106457914684
-0.89055601294432862
-0.57447611597227799
-0.66363271077030217
-0.76596058851513604
-0.72812694197235228
-0.5605435450993782
-0.62291917636550476
-0.8194595255289151
-0.94214183610076474
-0.52519792128444487
-1.0779740068290833
-0.90783250259946136
-0.72767387704541586
-0.94757996491303853
-1.0618592379668852
-0.76347399271339045
-0.85792436491389512
-0.79309517483386238
-0.49688293987292959
-0.91675669941369664
-0.76502601641625656
-0.68923662938074315
-1.0476421907434503
-0.76853865788466091
-0.52144245677121626
-0.59412183817930797
-1.0412422825769705
-0.75674480575144165
-0.81444333905725896
-0.70290003163202008
-0.68821438664732337
-0.57703215554317477
-0.84445229200119809
-0.88404987202645302
-0.845035154889891
-0.98996521093619116
-0.94755360173228831
-1.1776780045659312
-0.4546493213520853
-0.90459270244291989
-0.42416609299436964
-0.56630453950731308
-0.80217699466951731
-0.4901702677376536
-0.84805997965300306
-0.65446188376183179
-0.79464511693324069
-0.34764232917540272
-0.60813256958175899
-0.52542347525614708
-1.085090501258803
-1.0148653538179715
-0.67907773492930135
-0.89132103851609568
-0.98383096826650895
-0.71408951582969016
-0.92363426031892737
-0.83742097292777684
-0.88195413449186233
-0.43961241064016815
-0.86278312072634622
-0.59441620855189792
-0.7029444406447164
-0.79762922852976315
-0.7714278846667415
-0.72950493274453743
-0.95507212564854915
-0.53766057348328944
-0.74779732794004206
-0.63287917588973785
-0.94083232668376493
-0.3229787820678513
-0.69766731578348462
-0.74342242850468887
-0.66080337121720067
-0.38741958174937252
-0.4554528021394913
-0.53595766811591572
-0.72507468080139992
-0.65510838103007996
-0.68706276716519821
-0.64474743968424908
-0.58955447965258678
-0.62942720039941025
-0.70156663638168826
-0.54607629101044375
-0.4126864637847974
-0.48872968290613028
-0.71835493849009158
-0.74845432274646873
-0.89490337367438422
-0.24614215528012276
-0.99127812389472891
-0.8977879498019018
-0.41795061061032895
-0.68118526668882162
-0.55676504488299072
-0.81070569319617758
-0.68292864063768688
-0.81541040628775241
-0.90160673073009245
-0.71083827038753578
-0.49087224317506067
-0.36579059609758918
-0.67091556165658928
-0.80812554501579981
-0.3155757168362392
-0.49418154894931038
-0.58727905252765933
-0.34848006936884929
-0.6477946923881851
-0.51340952199193157
-0.59507149837356077
-0.68577823392532733
-0.91775161838157426
-0.47197058052095764
-0.54028883591781929
-0.5914187328624525
-0.41703779720052325
-0.46503821380007637
-0.38220621794030613
-0.55105023736805647
-0.81566538626015794
-0.43725533186063403
-1.0084440561414618
-0.54649300240099397
-0.64475955859637923
-0.42109989820982885
-0.5496833335679544
-0.58265181735224203
-0.64668208910423008
-0.70475323706098447
-0.41464162895017798
-0.87045543920953838
-0.75225525849594299
-0.17093338921422874
-0.52090553162833086
-0.84771772312393734
-0.45718748676184845
-0.84344928777208139
-0.51131142618053493
-0.80198596728932792
-0.92786561985575777
-0.42468314135798607
-0.99837325206330096
-0.36449954586715649
-0.49839945582508466
-0.69437369889382938
-0.22114557852774799
-0.57477814821990814
-0.89255179191188938
-0.88821085711844983
-0.58094035989269444
-0.60190232724627835
-0.4028214325100154
-0.34146871741397838
-0.60798946539634291
-0.48999648569023485
-0.38279337916169948
-0.53681654024284353
-0.55779619628701405
-0.24543372909904609
-0.68459154677098122
-0.17833203630441238
-0.48139402324353442
-0.099745570300774244
-0.21873594987680428
-0.37001157296980031
-0.72624669927565622
-0.89411322915011837
-0.74018401903488951
-0.24515227403523318
-0.61877783768288375
-0.54494641981560432
-0.26264955038285631
-0.40123096668646058
-0.76087248719743117
-0.52495850039013514
-0.51132301551052906
-0.28752106652480625
-0.82111229518806261
-0.3528524363656127
-0.46074369910863977
-0.48830095533948686
-0.42325985242227671
-0.45175892159761655
-0.45577590420041897
-0.36641111031319262
-0.22172093289742442
-0.51523585082441892
-0.26680288175851724
-0.24710660309164251
-0.63777627404931658
-0.38935081671822713
-0.47035262735196948
-0.6337022498422854
-0.62740974637343605
-0.58889107489178527
-0.06429537140322493
-0.28344980011043486
-0.53720430571164857
-0.57759024559799821
-0.12120962499731525
-0.45579285677092096
-0.51553670743166879
-0.27878004637494969
-0.62181737528187031
-0.38038969745624551
-0.13706497671017562
-0.33781148502779118
-0.50012070449944879
-0.36689930756232642
-0.57628854529950391
-0.30808102596311621
-0.27318475570021522
-0.67259582531587103
-0.53836542426239609
-0.03574459081197106
-0.52548359306489867
-0.098934302381257153
-0.4754376624428609
-0.56221210492345064
-0.21355755694534934
-0.53661050936909371
-0.39068974332643286
-0.24358586369338425
-0.15015218344142736
-0.40592321451525326
-0.64747284084675105
-0.67001286107772706
-0.46044895579991774
0.014744315973884817
-0.070880955734379358
-0.10732757014023779
-0.60925117267885254
-0.42299964660693967
-0.69570630514060849
-0.17988332254031125
-0.59111821185212554
-0.17709986115624454
-0.23650914358575631
-0.35090663291433299
-0.49111835543076976
-0.46326038389674151
-0.047496695927540807
-0.39756196093316926
-0.32472533296382716
-0.38720137615466682
-0.18645180210176818
-0.40108941085427041
-0.29426733905303959
-0.64907649880531681
-0.39199464149105162
-0.014934805575916001
-0.18718391213790517
-0.45372718705835569
-0.075196639079568708
-0.27874852914649551
0.049460345681856671
-0.071882105565862747
-0.33714915941599344
-0.59413658467827912
-0.33367205849331305
-0.11289932450725745
-0.44785015179273979
-0.25157517117454542
-0.52091637076583219
-0.39665125220724079
-0.59103876941563283
-0.42522517873318721
-0.016816704367556744
-0.29945937725689797
-0.26939969839542027
-0.22701329200122644
-0.35414853832370913
-0.24257772509297298
-0.21161453629405097
-0.070850442226856603
-0.4989036763341948
-0.53529995481573256
-0.20145986708665947
-0.30760769291020457
-0.47242328644546738
-0.6006061256911428
-0.080978049930198595
-0.29137697747153007
-0.10253070188702103
-0.40671075242783206
-0.2192495894385123
-0.17101134618643005
-0.28179550845665885
-0.26959972922409475
-0.33643355580619083
-0.068919730221165723
-0.53362388385954174
-0.40905458510720893
-0.35133669473611107
-0.3987054897991264
-0.4789448826305655
-0.33705225680588291
-0.36431923719057974
-0.28319789941979689
-0.34458391292160528
-0.20562856274043378
-0.54969255691112062
-0.46701173276496494
0.20518657773478619
-0.076500099083709458
0.047940166261294576
-0.35290570238822477
-0.0036047083073242167
-0.19134936165222058
-0.24773653265347692
-0.13237327105138058
-0.25084765694357303
-0.38092067073439989
-0.1533701041995523
-0.14783052191925303
-0.065592764588634583
-0.35485627511481221
-0.24747196800062068
0.19260870910882719
-0.32816382972824487
-0.084952126310676238
-0.43826542396498014
0.12507570249934413
-0.13153472495662338
-0.42286178795290885
-0.093568583408958031
-0.0052963346651064202
-0.0204877516201021
-0.11308245060845663
-0.17164623530774914
-0.14837134093694315
-0.27774353481977687
-0.14483054377510871
-0.29260699856811229
0.19220168795625944
-0.17712894559765421
-0.17794258865951285
-0.047977704002446789
0.19393244799050227
-0.057213515386287155
-0.31627484112737919
-0.18647338974487299
0.032009681968332544
-0.39118797834483671
-0.59328071812892702
-0.11832150600286868
0.15584190539704371
-0.53389347738223092
-0.24279437570574403
-0.23584064105249777
-0.083701698465240962
-0.34472107812022879
-0.29855305759806755
-0.27742662306579424
-0.28672858247677407
-0.24677423076142671
0.0074845491912720642
0.092515439789368756
-0.339809731997057
-0.054865012865645602
-0.25969082738248944
0.029831113514709635
-0.26151890618246576
-0.24322440801754774
-0.22107714251398783
-0.27235600713707608
0.43632206663717449
-0.16429156298000214
-0.30225260663695924
-0.0096414998411654875
-0.20846933739996937
0.13033008715590885
0.009558255400738595
-0.025473926727134607
-0.14112422632421118
-0.072271366655051905
0.07463247861483073
-0.17776356916771258
-0.040388964254162392
-0.26024376519733489
0.23585168769679685
-0.053827721188984871
-0.18682417450227254
-0.10116559224002172
0.049827210888989851
-0.060348232333896176
0.038539908655304066
-0.23579818315599652
-0.27278258778850234
-0.28346831099357972
-0.56379544770495849
0.1458240650293583
-0.074578122496290936
-0.17799419544262401
-0.095233296137346643
-0.17362282110528485
-0.086763307708923362
-0.15731837162875173
-0.1334098692277422
0.12119084667456315
-0.019393816800020003
-0.35629077506017992
-0.55005642871564953
-0.020950249777385601
-0.29462024498365602
-0.24170792055085955
-0.028202699513714628
-0.051340994706622178
0.094011504648682603
-0.087056360791641044
-0.39141515845238206
0.10329836817865554
-0.40372280726057691
0.19289247379535937
-0.34149593679994572
-0.073282567596412121
-0.1941282479547834
-0.29593508835960919
0.13166845123091858
0.083486153107632216
0.02964526317402761
0.18634830110189671
0.075869310162345105
-0.067979050494370405
0.11681609986112117
0.18784800970988746
0.048581354114174392
-0.14479302840835614
0.15400467375873755
0.27869673868566169
0.33910220671711178
-0.029091472758612128
0.015516921814951104
-0.13429000883351799
0.24407400593327575
0.020111351715510865
0.16018709722175431
-0.12601497768601283
-0.043796738533134941
0.22848471768605472
0.49999010527210891
-0.12443386197974407
-0.023796610558891255
-0.052246127311062818
0.31152285008581171
0.23442414986041041
0.10447700107779763
-0.018570916123000131
0.14106448919623307
-0.064891170463040451
0.091703553325675438
0.033381373270433022
-0.070868570178856477
0.0049427887721874382
0.3095393706978764
0.030612121545711121
0.1868496374265303
0.18640600748811956
-0.018326802543820922
0.32399839056265672
0.035806838119372617
0.20672366269374162
0.13061637442839136
-0.053446391975729625
0.14105139579200679
0.43292350127813722
0.059945073397232984
0.20016721700537732
-0.099183805156137436
0.045839580048368717
0.1363075619213478
-0.024841888229666952
0.12599802926112139
0.27940024483225212
0.091599552659436659
0.083573604614406771
-0.019632159167060421
0.45869990876249572
0.057013511178718244
0.17081881377918665
0.40227277150520752
0.052037147178729495
0.23265407822816586
0.29310562956802816
0.29119050227537324
0.19302412917942791
0.088849679487636737
0.33910279847616637
0.059700811075325225
0.16262411406744584
0.092712837046502378
0.24573877594743684
0.22402930296500867
0.10801549162379578
0.13023332788291353
-0.024733623296972537
0.07737233411961171
0.37319016417013651
0.41863168771642589
0.047013075145658417
0.036023665658659755
0.47893894387014263
0.34895809688638429
0.52757472784593451
0.48160711444509502
0.21352517544085309
0.35435736539063756
0.073316538004965376
0.28133964950416968
0.19084556302163039
0.33094638872495258
0.052447704129313377
0.099224467655411527
0.26672359325920636
0.16248016389501249
0.16839875676417321
0.19336755896430141
0.00079871059128038815
0.2978744583382778
0.16981897337636517
0.61655440774468662
0.23672574554488035
0.27861338459322466
0.35257088325365338
-0.040252209673203955
0.0066185210683871558
0.20277075740384182
0.13653434798725594
0.34061131731335137
0.41353063975158794
0.32134283066700958
-0.018146448827823774
0.10374364602325037
-0.058244863652827029
0.2435420614939339
0.085293331731426336
0.1934692124781896
0.11429431097257288
0.24529786212699534
0.061249164271686023
0.67716985011516895
0.63365897720383624
0.14139941333095296
0.076002973582341954
0.34977521443284337
0.19462619702714379
0.29184976791753103
0.60111579014298722
0.38838988490746984
0.28185659430514032
0.2183788143283813
0.49388408515685506
0.38309705884795903
0.41487195672600985
0.4172216181233192
0.71924968789891464
0.48611184407787306
-0.12321362505223794
0.098602347472693225
0.28313335371525805
0.074426291674423634
-0.06920603932447468
0.17543074556437036
0.49866018571352572
0.31309849249883642
-0.085821980004828408
0.25354110231841309
0.27896834528286668
0.086430831330314817
0.32546653850599017
0.23540405904210265
0.31330206798566901
0.26495629831273365
0.426207100106265
0.35910945025115981
0.35314207347370907
0.32127961014196299
0.34425960995693017
0.56979165798419185
0.11049571919591941
0.075904479148760223
0.20342325393878199
0.56210042585429787
0.47838208218600764
0.42772101989870714
-0.14432637969418621
0.3166273249420129
0.54491610780002442
0.24377802060026352
0.32391902219452784
0.46994854065000319
0.32451570011882114
0.43401536291785536
0.51156494009863795
0.43822898350689743
0.44101653161453341
0.21648460834800229
0.41556505435520769
0.46927389236671879
0.22922525605339122
0.026630615780072329
0.23950589235836056
0.10678043641241819
0.59292089858345665
0.54373779928580557
0.042187128817170613
0.208243988608937
0.45312436348894553
0.42349374365507203
0.39072478971562119
0.59096993995805203
0.2978397902005418
0.24460866108770266
0.38217259836431455
0.13009800105541935
0.78472580207969
0.15294766464340484
0.5528418190471186
0.36300109159868826
0.15396921466329253
0.28510677536536594
0.11635237377703428
0.50142382327954826
0.43109305355690236
0.34624239879005375
0.41032187578106594
0.34573175071445406
0.50401514561227878
0.25276729371465118
0.38174570353018922
0.21104499408353747
0.15629242235051291
0.035543458793371889
0.47126321653852116
0.62445009880900659
0.53486353956423371
0.51682391498665314
0.38354273748839546
0.22521194278749423
0.43899811875333927
0.34453039632249621
0.26801523172128811
0.38385942657744465
0.70802423796721181
0.55998346697259549
0.67130119576568803
0.35504280740543048
0.55345790967473507
0.5110744210286462
0.47605392947362901
0.59751491368038667
0.26117874762894566
0.82508686228664374
0.40809550340314238
0.58547275843203184
0.64975167520777166
0.36591715003028685
0.68045214182209168
0.63211344464107544
0.66558931497219009
0.66264006929804975
0.34525246818254668
0.31054542298498844
0.57664546608050871
0.5744853302228905
0.68952814965751807
0.5824877139708976
0.078784286680165405
0.76983459126540221
0.65433547521204294
0.88270204432661903
0.53559335497835903
0.2716081887246663
0.60948943062954208
0.49866237869565483
0.59184713540301925
0.85494865163215761
0.87415681440141513
0.39040847663227363
0.27878244813530612
0.34419984902103945
0.16694235171818197
0.30889746183768774
0.50409774468492852
0.67519941498972957
0.23056196806816445
0.71640419058975446
0.39193672227597204
0.51507822443086382
0.91486054068588163
0.70639342625375701
0.66507521393047941
0.23828472361557437
0.62567967691998039
0.4890782964783193
0.39883034263569211
0.65049230233394173
0.096219914537370166
0.63305536642066718
0.53640935551805791
0.34289439823178008
0.53437458151277506
0.11938690108036482
0.54659204562035901
0.67961876674039678
0.35784063471203548
0.56591624236981186
0.76068034475478241
0.32677365534446656
0.40482934825985162
0.5102033919608957
0.5342257743748634
0.55503324594549175
0.33959709545365657
0.79614651338503362
0.74529096781284676
0.31973894547164938
0.50833508693299212
0.66797971269925227
0.73503830357862576
0.64652846662775676
0.9779188110175413
0.80302817982206121
1.0981667605014807
0.2640183033517815
0.61974767811738651
0.72622622770523526
0.92756785106514783
1.0080828566489519
0.5672281152310602
0.34445678039152844
1.0662161720234458
0.5233523233241143
0.50038135208125334
0.64378548151826165
0.57582617569352479
1.1348463569430285
0.65472445291144499
0.81988683857556399
0.56758315335694298
0.94772680881614546
0.65597340320094666
0.65739136948982735
0.62767291482636256
0.6696788333929703
0.63383939616678642
0.38020202065233816
0.61712033827381141
0.80333273846851694
0.52285355257064947
0.36587603588740608
0.74395888166176172
0.49684683287224901
0.61813160179285487
0.60338836723766942
0.5300191079191815
0.48298516094353916
0.56171009150020046
0.38722662314253453
0.786685736501605
0.66202870784741419
0.57060658548813648
0.80742812825084287
0.93057842601051288
0.55085664937985357
0.68856506372968473
0.33763544137796908
0.68562515009061475
0.78000557661054082
0.73778715117991234
0.85631310963247742
0.89611697003647472
0.5632657486808047
0.76381330748630383
0.72972844552928862
0.77679621474272098
0.76956458855498666
0.73150615987635415
0.71328243812901593
0.65321125804970726
0.85946215566139528
0.99494536194943184
0.68500867800957188
0.64741570620678746
0.57600864070070501
1.0636244371004875
0.70262484539633241
0.73509497669691648
0.81628124137317171
0.94636249634883207
0.81385657892167584
0.91944680723401473
0.55320461489628281
0.50897785085092773
0.7261976708074398
0.90618508432904088
0.89503234286022892
0.65101403703984995
0.86001394367073691
0.60058224046906816
0.80054256818419023
0.80823338194302319
1.202232803490388
0.64862819151779882
0.83662675857900359
0.69170267429239662
1.0025518851412478
0.34342663264318335
0.90779625841209899
1.0025910121896919
1.2606793686834405
0.78631493658220863
0.9563548090507521
0.66800105086165729
0.86403665738662616
0.92964242103259898
0.65289985080189639
0.82669250452018384
0.91972641784776599
0.71221986171725582
0.59564295227614983
0.62756286524988281
1.0592226365966342
0.84359244223321361
0.69436115826941591
1.0204857051031899
0.66782538313504514
0.81711027512942369
1.0212200268789982
0.90158836513718688
0.98981364097864533
1.086360612416887
0.82663673497028112
0.7531620570964368
0.68604645288067068
0.71921133198563147
0.51216681706591416
1.1765228694772705
0.63341384845903026
0.9307484050508541
1.1213277940997497
0.80954887321068525
0.60187605995668225
0.68272014552138405
1.12479691320659
0.74903650001770838
0.91210665927408918
0.8770867579119801
0.51870907335259564
0.64894252165149802
0.87825892055721466
0.82213538104643924
1.0925229995172823
0.87115404433439014
0.76150064501056303
0.81763909588776895
0.64842183543385912
0.78710821697220756
0.8640463495533981
0.73416206168850473
0.70610186112600815
0.96769857356539557
0.73124297929517257
0.99244201064590898
0.78239549741301517
0.74036416544575645
0.87086844734134683
0.8266859483373864
1.0931197034120126
0.7760916460590257
0.92932342838656434
0.96249566222790517
0.78696590726944704
0.93968698191703881
0.84746618061338319
0.9751255051531349
1.0503000180112532
0.40777306353993859
0.86811597156062015
0.78080711240444611
0.81263913504710139
0.90509117819233109
1.1078155055823444
1.1373359995109962
0.90599527925639656
0.69815016468611479
0.82793543185264817
0.99853523565806079
0.79718278019433042
0.91860486998140622
1.1237171764155798
0.96203360274576466
1.2471603723592033
1.1169390677210242
0.70281784896271327
0.63567712128392273
1.1027415904434712
0.83959870197364728
0.76165415146791027
0.39535583034008659
0.85801091962788612
0.89613797086085589
1.2518714974799681
0.80290216319287333
1.139563007962513
0.99308752763831121
1.1387565504598069
1.0709563715795081
0.95531968661324473
0.84990242454662346
1.2187974489123399
0.90572372427937908
1.0688524460720581
