-1.1791800696776944
-1.1604181534060052
-1.2724456747908146
-1.1124806976566219
-0.83520380205498757
-1.050482327283655
-0.82071938924412913
-1.133273866367108
-1.2425570878326999
-1.3642221749461656
-1.2072957268557603
-1.0509024338908837
-0.88081488178973166
-1.2855345062874517
-0.94977026509944862
-0.92472794707676143
-1.19940958249499
-0.9292016205334459
-0.85055408687759126
-1.026308746243755
-0.93943807787399514
-1.3531601591594167
-1.0386228795781873
-0.80517999726469414
-1.0921104162602675
-0.90438386844466545
-1.0627347467268171
-0.81272484108005139
-0.69822360814151496
-0.91007912738825869
-0.8830357652136599
-1.0242407316948259
-0.91482977666638099
-1.0168358730394089
-1.0319049340536242
-1.1128944521098962
-1.1511271733600525
-0.97324116573705033
-0.98112766556082009
-0.76937081773772809
-0.95307963400769502
-1.0296248064895159
-1.1184719724263796
-0.97630412779747033
-0.7783520225605739
-1.0051809557259297
-0.83541504929094035
-0.70786255514344565
-1.1782968239994756
-0.88768364448730541
-1.0298073720386314
-1.1320117933395459
-0.72385017088546666
-0.95566147372266519
-0.68481266431041687
-0.51253242759551088
-0.93083788363669739
-0.9397789281768768
-0.72470294025019411
-0.75645668414775813
-0.9300857540101789
-0.92231844498152682
-0.81619796369386843
-1.1699833370825896
-0.84273348255377223
-0.79904356216201422
-0.86769595058376014
-0.87350820126167106
-1.068655092917516
-0.92099047393819078
-0.82840743588080712
-0.6212302269715837
-0.90815021592934098
-1.0675142781925813
-1.1789487147528488
-0.93578198303658933
-0.93485405070630312
-0.93091039337006676
-0.77117314959784855
-0.85118734304951915
-0.80766308719327207
-0.43318407389531377
-0.72025169217658735
-0.54227059857430293
-0.89904852370571697
-0.79787853094735672
-0.82165983107301044
-0.90810345671330162
-1.0654869918418726
-1.1437108174928894
-0.7826762148356069
-1.0186999340237213
-0.70770547129191996
-0.73470640050099301
-0.85696382830592022
-0.67747910873745287
-0.95488226549040189
-0.81123657103148605
-0.87220371646861394
-0.53403675778854265
-0.67624701160662593
-0.72949219503898677
-0.95365753421938426
-0.78245711932600293
-0.55443374875272666
-0.8546428382430562
-1.1165019864496692
-0.74430504478038484
-1.0423954024994722
-0.79148854653351453
-0.9160785990414142
-0.88890111182533205
-1.207673516324788
-0.51254415312076662
-0.51950726337370534
-1.0708305021551539
-0.83449597851705948
-0.71579803329955594
-1.1456146627842858
-0.40700647847948479
-0.90077156995757635
-0.8754734499098239
-0.92803529857725431
-0.82021678236260187
-0.60827875334550718
-0.83804888942938416
-0.87627517730705595
-1.0807456468278946
-0.81795666633302788
-0.51598608016367686
-0.57144175347123238
-0.83204263474353291
-0.85890681085260212
-0.746979892831938
-0.61839467758289046
-0.71924222389374426
-0.48262452289430452
-0.74782863186683446
-0.88883558873168389
-0.75785097644143096
-0.80434569366392494
-0.500878931671634
-0.83447770817954703
-0.77235796136976387
-0.76494313441040607
-0.96209741384476932
-0.91937107802589613
-0.72650628982004217
-0.5806520265296834
-0.54823317865073051
-0.86761608058091688
-0.64677538139007118
-0.77390926162415397
-0.68216490068024083
-0.43262971072397133
-0.62827210442562309
-0.43210086613802096
-0.27715984223875773
-0.6837305477931922
-0.46229272597114551
-0.5175730322152976
-0.82799379671681061
-0.63518684231440126
-0.83942832516246679
-0.64794839167553642
-0.67852738295163961
-0.5060613661196276
-0.74341548829882476
-0.6141594523244116
-0.66593089759176749
-0.73849369602155435
-0.72745181609905918
-0.42846128786477111
-0.73615581962840915
-0.89575001523283937
-0.7185674464646139
-0.68551649454917241
-0.62532235895429888
-0.48681886619442089
-0.76229136521587892
-0.44544091206015063
-0.42473819190903134
-0.48469326255108153
-0.73259316169416844
-0.65082966984094981
-0.58612676291155441
-0.65646593445600243
-0.71037914689481574
-1.0820959585740417
-0.58633822285475912
-0.53516277946798052
-0.39347839633548781
-0.85526677392703798
-0.80713970998878826
-0.46652524491693198
-0.64429098045694733
-0.55682162689419656
-0.87238584753389292
-0.51019843943343657
-0.9814397635543991
-0.61913991838938487
-0.44280608339763783
-0.78098539307720127
-0.58696258810639657
-0.88686402886819005
-0.48581213455159938
-0.67540844149241142
-0.53321660962017192
-0.69334255123055366
-0.74331479964349079
-0.3792360661829498
-0.61776714855872528
-0.66785643089014635
-0.83376278647567525
-0.63115051167544323
-0.40280077916665324
-0.61860713198098527
-0.65520858669127702
-0.79626718309723354
-0.88775157266723359
-0.54250987009159846
-0.57942399189395521
-0.94452769330400477
-0.59417109573028704
-0.47785590609903322
-0.38311534466466313
-0.61245529817820621
-0.47320940473150647
-0.77260168289578857
-0.53253180750031803
-0.81859245134065817
-0.70011283692138548
-0.44171533143260466
-0.5408321891036848
-0.49176745771576136
-0.71066378007871278
-0.67501037238241601
-0.68322416732911684
-0.69951167782045565
-0.64759831915571542
-0.5655079321691322
-0.20630041585144171
-0.56022058292344468
-0.57280454533163527
-0.48763339320091625
-0.60494887153531829
-0.39781136674598605
-0.52333132948095251
-0.67233132248285576
-0.45516599048848905
-0.65765425911978137
-0.36851086596308591
-0.61164949557102533
-0.60146761922718905
-0.67587479007542672
-0.50085534311034308
-0.58404716748128727
-0.54808140628300461
-0.49795528583181159
-0.66268955510209204
-0.32682930796535481
-0.49652479912483588
-0.71504194469818649
-0.42372697107497675
-0.76710689888084049
-0.51676037360740146
-0.49396181750648188
-0.27852995555020305
-0.46772204136363427
-0.40665266930252858
-0.57196528468329511
-0.64723897434746946
-0.27020997422435072
-0.3987920434642393
-0.569317533695611
-0.58455929989573752
-0.70564047682479669
-0.5618258564422407
-0.4929579274958843
-0.61372861094265019
-0.66715227489644546
-0.35875312073735838
-0.097026733178342484
-0.4530266824223097
-0.39482276828525398
-0.34348246045018826
-0.4618994402366034
-0.55429905504598231
0.035007343503465557
-0.44245400941071239
-0.33597454476193417
-0.50720186201501472
-0.6186414804828656
-0.34536055348295264
-0.35221441753709909
-0.20963583751394968
-0.48675784587264687
-0.38192690480140595
-0.79705596572318493
-0.23152150496578938
-0.24758816584598292
-0.59793208994956859
-0.59733267640927723
-0.65880760348135314
0.037598978570205596
-0.36658210403099989
-0.24149963381224895
-0.15001486541644476
-0.2366494879028436
-0.41215209913337658
-0.49839201689565094
-0.61045069696369036
-0.4861673364323017
-0.47790080066639534
-0.16832554544732498
-0.62164748701908479
-0.45039471675195669
-0.24381171700618884
-0.45478666862007328
-0.48245234467297238
-0.40475361695588463
-0.13466663451626223
-0.75233557065898971
-0.46486456964537898
-0.55869842208914255
-0.092070337223226523
-0.6181588743109846
-0.46648665369096848
-0.3536232967383261
-0.254962775733304
-0.21866884442825615
-0.18176385930839747
-0.29133709295308291
-0.33056625617370855
-0.36294235950161458
-0.47804204076882234
-0.34130076852334612
-0.55194003417499982
-0.46532883543003872
-0.57717366822298588
-0.42624058118133967
-0.53494602744670872
-0.58080973171790473
-0.39244827409408467
-0.12042710450761634
-0.26756268732761113
-0.36121841042627834
-0.39067988965388939
-0.20960326568882495
-0.3466631089558268
-0.43143140447687039
-0.13623649923115239
-0.24434636731745443
-0.13702931928972364
-0.12601539486930483
-0.29740890707966444
-0.36752104896305732
-0.2774294640548578
-0.22463190080581805
-0.0219428292612481
-0.55176390636553307
-0.20003224002878642
-0.16918539099815547
-0.48391886760666125
-0.35316694235908114
-0.29752183887361899
-0.33700637167224989
-0.3525667516875346
-0.42525625166123637
0.0050659700228371379
-0.3653462188348327
-0.30965093439609881
-0.32094363141521842
-0.37376369177201557
-0.31200085136448658
-0.33157861261690058
-0.27749381202486084
-0.31343666865657477
-0.19705954573493695
-0.0036718659079841426
-0.22459479066300037
-0.4761197675664447
-0.40460342344200551
0.15949076429037282
-0.45504846982525632
-0.041017947373766989
-0.26466414736235316
-0.1536880266768566
-0.41801438248287653
-0.25386033132065339
-0.25196599151724364
-0.35415801042091566
-0.36085518984472587
0.10198709603822419
0.17536869598867588
-0.11090704416511823
-0.30914892576500441
-0.0028656447823744288
-0.2693025721745389
-0.48768964556617544
0.012223099510687983
-0.10542099764590118
-0.017173002513134712
-0.27218963541646729
-0.38449229425144377
-0.18280604796436326
-0.23517180621723915
-0.07688162902206791
-0.20076415341025042
-0.091948765985481948
-0.45675824138271237
-0.078441006638010888
-0.021516890430473477
-0.085326994159516778
7.6394031207300444e-05
-0.4905857673023632
0.053064472987240645
-0.070943723672939066
-0.49415350940911829
0.0674859268618659
0.096313967909489887
0.050702541361699542
-0.15398734311896853
-0.090167836998286705
-0.52362263990280433
-0.59434788936827987
-0.11456307179450481
-0.069052705966121272
-0.18180092726084288
-0.018044673108341708
-0.23833976732609136
-0.079947569633150722
-0.35272492895339802
-0.38818945671098004
-0.18102742139558592
0.010983716545520238
-0.096245410907936382
0.030150516636838584
-0.14367893697041423
0.10847212712318634
0.09673134008416906
-0.22991718896388996
-0.0273726200430854
-0.045788927399358949
-0.21717604970172344
-0.31945382222400842
-0.071324390678090988
-0.12063872136463515
-0.09311525769561016
0.088470171496222924
-0.15637681246934232
-0.024268007248150959
0.1837323449020562
-0.1532927381094337
-0.17535787675788814
-0.21122581588557654
-0.014486333937980028
-0.16460281515099187
-0.011701250432624604
0.05692410596475591
-0.099633197156126507
0.22297785447137672
0.26743162818059718
-0.43571538625408807
-0.02485975935563646
0.070997694910516315
-0.28387776533263265
-0.24208807409058586
-0.24257891005494261
-0.068874318909165538
0.076499047173260518
-0.29689648870590102
-0.28597945534356234
-0.050942449388109837
-0.37353290240009751
0.028454275413008188
0.15113395531685764
0.034650423493375354
-0.024737055538238462
0.25315850866491718
-0.24050232923970039
0.021573372911756802
-0.09487088324890515
0.10243408879478662
-0.1612855345644662
-0.18675543934400074
0.028062310539356889
0.032228213443001336
-0.18942637776146251
-0.11397674959045057
-0.098333532871395943
0.11070568857297786
0.0016223760864267944
0.048962988514947986
0.1228934672047385
-0.26044757377420769
-0.17713341721443907
-0.3377044508418317
0.0023076862464026615
-0.16076007936961798
0.1292507122309455
0.1382894965737754
-0.064037068870627295
-0.024450309887709711
-0.14969074502685811
0.12213996091593367
-0.070137167874785189
-0.06495945654256631
-0.16476710848467904
0.26995402682962011
-0.08600981224119178
0.14840656783904735
-0.14317480062619672
0.05174415154466009
0.23692083193890315
-0.12739263526547037
0.17282125156567119
0.21166943120939566
0.12853301465263767
0.019213454688597843
0.011728065397269104
-0.030826460405643543
0.20605023128170252
-0.068325339717568337
0.19670994475610964
0.18440486871277598
0.11136826322164137
0.17436950896003495
0.29621215138986512
-0.054000818520971362
0.031912050251758903
-0.16336516656394298
-0.095727177148756656
0.33379583269623414
0.26556132268918209
-0.34549002169239673
0.25528597502450567
-0.27125692492124437
0.1420497259503602
0.023533676647662597
-0.016532812241026266
0.21307964156416173
-0.0077054989394821586
-0.09580366324972886
-0.12414521976823174
-0.041987987019327974
0.13059778795344826
0.26647787664890688
0.20348950421061393
0.048929982956122879
0.16754170551675102
0.34117971102242339
-0.25595412522936917
0.27336320788759311
0.4935014584602615
0.10866281328002149
0.16743986696333737
0.52419475863879328
0.068766700856258522
0.18379617112468433
0.23890105535440745
-0.14502234815547047
0.078047359104480477
0.10540028727673549
0.29034278385844747
-0.12470068606476201
0.05068818530764807
0.21692715772118357
0.30438233758055211
0.46268961796667207
-0.14710263369449572
-0.045972825181722091
0.01213668865287725
-0.11317010624043695
0.13490303650749619
0.2132988045001292
0.58324359525298175
0.28270057384580588
0.1257610028832597
0.2289688814573588
0.39030426514715783
0.2647719246476028
-0.097392357766522442
0.37883082001217633
0.24802581105464488
0.16977236791376718
-0.16303750420186577
0.4007955298006371
0.089523709353854328
0.36421994778379513
0.5113878883422952
0.17399696358471078
0.20558184434232982
0.23541812910527443
0.46287858213937083
0.15192066588204914
0.29873263764025576
0.15161268098234584
0.28475272527134637
0.36429188534131429
0.28174059255426093
0.2042758406062522
0.4998656870680846
0.23595637752634074
-0.057967691078319575
0.10053662292603663
0.15402078304418884
0.30244522919941053
0.4185833610180093
0.34326969596238932
0.17748147262070318
0.12338189177231264
0.29795430481028873
0.48238131221529962
-0.072402063904674727
0.56450443080860702
4.5074350142625867e-05
0.34403434257118154
0.38947178009553163
0.33500371806649526
0.46739213437951543
0.3585125938846318
0.053008909749571918
0.33563030515318654
0.3097192041976003
0.49306477399732768
0.34038238574866991
0.17582289666457721
0.26619429305687548
0.19529345446079274
0.24884310157246425
0.386680748132399
0.31907130221757168
0.53755108007293395
0.36794875613403649
0.22235968543532206
0.42234466399687615
0.43804264699698453
0.1066255000792635
0.42050125905227964
-0.07679384843257836
0.23018038752352157
0.29089267165295135
0.066480171187899464
0.4663200032949687
0.21692165022557036
0.14720729325465984
0.39695103398700193
0.31915308585425478
0.23914298786978033
0.1156179959691912
0.38047276295571952
0.69633618768285543
0.24707396602911258
0.076108512419719138
0.24308870272383812
0.24688300518358197
0.32785613408532671
0.51814250258417027
0.1775330232121915
0.55356352035398093
0.16132782776208443
0.51452285316102542
0.58998122388439012
0.41470414089979257
0.40127938197005236
0.3551177509231494
0.33662094450692565
0.39206386907564866
0.31976423767224732
0.22051230657768148
0.36428534891483683
0.30728385484996545
0.38667980579524291
0.35338045067405638
0.16609728667349863
0.31920205930971207
0.42549431813260857
0.022088769223726639
0.44839574652073771
-0.050990205267560429
0.023017092634937654
0.46902316481474077
-0.03062371247545612
0.30344870893337128
0.51224359868741753
0.41382883957242056
0.68158823168166882
0.6961667132736219
0.4957624278150416
0.31423118408314926
0.6389111345470041
0.56880391133258823
0.53370750897044161
0.19232265290769376
0.18002819032205689
0.28605172510687549
0.26465773917107144
0.38079756319455738
0.28266960209196967
0.2492010824090298
0.51599044985647247
0.18799558161476326
0.40464432525545996
0.31861213383995785
0.60336749940982204
0.1876141423568761
0.32525885900000351
0.33470746811261332
0.34692603993544463
0.26083584214837657
-0.059293876598550059
0.39819011705043122
0.44519886212762927
0.19577336434066753
0.063694158984927016
0.32048139792973557
0.40743684666648022
0.49936192688764675
0.41517653984951358
0.53519570445240239
0.53911410587235076
0.17615806735540504
0.31496877829381503
0.099512583070958935
0.41708886331835748
0.29641289603085946
0.68019992146257258
0.44161136206629781
0.68317190123333438
0.40875791134713985
0.53648311954977312
0.30402846214943036
0.16414659860020703
0.70758426315056577
0.7277215149502968
0.37175116269098096
0.56420797913497478
0.39197064873984083
0.54259782131949208
0.19030419607740365
0.68689913109960687
0.90754711055765203
0.65052567342415646
0.61877373748333708
0.3408530011972899
0.48323036833073713
0.57527461096669741
0.39492246545358761
0.53781836806225392
0.62016419657409172
0.63455114527944678
0.57075742888765302
0.5815591374146738
0.61931382757294851
0.33638661077808318
0.53195507814053689
0.66541050466845142
0.21316309937370131
0.51724923834969527
0.92226938186999352
0.67095500625018822
0.54499738724072755
0.74635960630436982
0.59521075763671116
0.71874534098758724
0.48598518520046319
0.3899683787132997
0.67618839723669322
0.85371960106654954
0.44970100145764041
0.84787233130494477
0.59395538797808756
0.64762112400252114
0.57834317875480079
0.65705902137959471
0.73966439318297539
0.55337954978289094
0.67965210216799454
0.52520234432502155
0.45968427155487945
0.52372669483618695
0.4923780439853418
0.60750199070151811
0.55484104474937757
0.53172084752285631
0.61136410634648519
0.82503019304263259
0.55240426531139786
0.68233342658847507
0.50318002317070631
0.53036831457830591
0.50488189820353013
0.81903523424182822
0.64426410525946698
0.63054904570141068
0.7186295289354524
0.64200988938380277
0.2210924329907375
0.79025796850738406
0.82671811842876941
0.60399479358322894
1.0017163240422347
0.42434862215878755
0.6381577042954899
0.57687095450979176
0.67745299156280847
0.57522957627587223
0.55373891187566171
0.40976253160354215
0.76592585548792813
0.80663950127089168
0.56670430213825351
0.84899725485908106
0.58855692310068408
0.80785794542693157
0.61867863902591458
0.63350542288552425
0.6277945970517036
0.60408705054235179
0.80996639305412976
0.97182830404475706
0.61547445781840193
0.63094076449918279
0.53061070168786861
0.70530263765112033
0.82635641680104732
0.82056099492254708
0.60396428294844007
0.57205527240527709
0.36024187749517439
0.89985717545741484
0.42234295935356386
0.64335488032715138
0.75920916585680553
1.1289921662317386
0.69156613753866292
0.75260946197051148
0.92489558152949103
0.65141309656196844
0.7804620265037181
0.73497591079082747
0.87246409701666405
0.83562809487679124
0.22817624130748201
0.39609846038313101
0.74078645213044647
0.90943626144312151
0.80725106501492006
0.70876131225160377
0.55054097600084251
0.86075685934814605
0.51849100031053841
1.0470943636709535
0.38016814173704921
0.87186673279199833
0.81848330669476266
0.71362852709450741
0.59109307953093648
0.64140157907038142
0.39167070881914334
0.65441698852813979
0.92057616105521323
0.67751528068714351
0.52330680041382538
0.79879195636317413
1.089718161591952
0.77357212127167818
0.58630778511211756
0.66455197210935313
0.51784067751595242
0.79130442865504602
0.79512947427321379
0.83092620696871999
0.85118156046016968
0.73685866766945296
0.30921717737986215
0.80641786667133986
1.0742159145843608
0.54193725823914374
0.67668785098294726
0.89424550113949086
0.39232462956856079
0.94231596008518803
0.60496511396690655
0.68908252020296556
0.81879094021198229
1.0465076635302228
1.1214736514079862
0.8141340906319644
0.79232449524548809
0.94194264820287044
0.78389257549861369
1.1486286253464935
0.75920896990708098
0.76759561590002501
0.93056148794030802
0.85123550711919704
0.2872874902432459
0.7191560633121411
0.85547200347284524
0.59032626522759413
0.85749329540918195
0.61644173576619865
1.0079117034658511
0.94900824891440771
0.78028202018804604
0.66080170073286626
0.59457907771470409
1.0798457128324215
1.0144756103965398
0.91148272737241853
0.70820807279896636
0.54255574314947486
1.0668620448945736
0.72465893801246062
0.94465114205598677
0.9902491795144025
0.58908005807454811
1.0378456340285389
1.0079969086052534
0.81417222118944943
0.84056044055055579
0.67510561816750891
0.82800627150553197
0.92104340846710731
0.88058839473922046
0.97693627497566304
0.92586849507734725
0.64582498989872006
0.63080252858214658
0.57346369514319251
0.89340059967434471
0.86854392545390258
1.0334576844187751
0.70809700827719546
0.94933204558340578
1.0603071256658105
0.85946338662332
1.0273762368213872
1.163123652149584
0.82700919744809454
0.95620214484051858
1.2435159165630447
0.96700171237235211
0.79201779420692753
0.90644553776407089
0.74243718126434632
0.97009547170339672
0.76401558272037351
0.94605425977058288
1.0301845785439385
1.0131807337845338
0.93229092955148252
0.89776409549904879
0.9277686279884213
1.0462531991799464
1.1100620535168755
0.7630322882043199
0.83083335244083534
0.4242885298586942
0.65996739200810728
0.94072263266598688
1.0525432963772228
0.69233521195192826
1.0532552673040292
0.91643858133738743
1.0266596470159917
0.8756950972790869
0.80456358076089374
1.0032721335808363
1.0330154105057883
0.91078428570274239
0.79551671034018878
0.74273177985486083
1.0001314293221637
0.93167520185536512
1.1792972333958589
1.2709800995630605
0.8868726086701707
0.91477854976987083
0.73882149235925887
0.899452728253615
0.65006512527032911
1.0629074300545716
1.0910521629653054
0.99997498711539823
1.009404381216382
0.92259405084467017
1.2482080932636959
0.88702669292703384
0.75283194973733736
1.1094184734145469
0.90941349632726176
1.0184537111103424
0.93775466740730962
0.88236756777723302
1.0706816573244338
1.0546998398136529
0.71450855464974106
