-1.1901714637658947
-1.1422004200747582
-1.2685448020883836
-1.1304994964463333
-0.84765235453440446
-1.0401553203699154
-0.832435585434248
-1.1367334568477363
-1.2536539556147206
-1.3545676900126666
-1.2127959475842605
-1.0413083708342068
-0.888111022991251
-1.2817602582980978
-0.94610477815981131
-0.93553147954994476
-1.2082098608221359
-0.94229579183418211
-0.83887277234040214
-1.0365169162692554
-0.92905937590520904
-1.3779710058145276
-1.0351192739217974
-0.79187633143996283
-1.0826872521537108
-0.90002141755988208
-1.07256849251015
-0.80404610558320166
-0.71401343280686835
-0.92932165686753865
-0.90336554449521278
-1.0317961039429946
-0.9102552109774702
-0.99743671361161035
-1.0160211354902227
-1.1025194227691808
-1.1476638782089224
-0.94815908873195842
-0.97510213974786553
-0.77410369979452809
-0.94710562535845133
-1.0304858858456483
-1.1183619835674083
-0.97841781415180862
-0.78569220907222648
-1.0163019420549253
-0.8295409344294199
-0.70806082708818541
-1.1660948016721095
-0.89637935118590184
-1.0544514673078611
-1.1298364460818902
-0.71650216879773732
-0.96834927161017026
-0.6976753050115011
-0.49937778378108477
-0.95839072203272979
-0.95976063436862058
-0.71260586984879803
-0.75424290611946665
-0.95795621864868141
-0.91822273863915993
-0.81360017992362954
-1.1974520551927705
-0.86960655335894055
-0.76626120518190888
-0.87282528640960322
-0.85252841783930178
-1.0618029440967423
-0.90402199776502534
-0.83410526812680708
-0.62494721932980468
-0.91088236239221843
-1.0779187105241246
-1.1964983344317512
-0.94178022045857979
-0.94761448513439928
-0.93526990395086429
-0.75331091152392371
-0.8597326124606991
-0.81872939199686823
-0.43463335869019737
-0.70267285033617688
-0.55208684264929886
-0.92012724634494925
-0.8006948998256006
-0.83088336484968328
-0.90882560171248339
-1.0599082018025643
-1.116048922047872
-0.78067656462885604
-1.0398654727247583
-0.71500462392879904
-0.72468990627621377
-0.83126636890537686
-0.68267663125797162
-0.95297357827244011
-0.79711263180831826
-0.87510937363143182
-0.53568313749211272
-0.68273441900326093
-0.74036776169365681
-0.96830309097770761
-0.77148350879011285
-0.54211157632480489
-0.83820320367095202
-1.1296135864208585
-0.74613228621976257
-1.0305064207768473
-0.79613383670674953
-0.92009874647940593
-0.86945854651066046
-1.201292762926381
-0.52202888385586088
-0.50410247222757987
-1.0711800168461068
-0.81661445124223642
-0.69936939301438961
-1.1566825112296444
-0.42399771782876211
-0.91517056081349513
-0.87805521114207619
-0.92186492487803506
-0.82869255725666768
-0.60431782557624114
-0.82838526326647788
-0.86205467184802276
-1.083681717396173
-0.84061769522148277
-0.5003685945692784
-0.56644522549957099
-0.8119491013377067
-0.85525731158021678
-0.7344847531029659
-0.60214446729972682
-0.74952470528597215
-0.48020189552337089
-0.74824569458754975
-0.87913091944863409
-0.74605090328582513
-0.80307566411430475
-0.50471194982344203
-0.83098331752912313
-0.78857265137749877
-0.75716833758374913
-0.96695948603720694
-0.93147358274337211
-0.72849150766604487
-0.55644997784171413
-0.53152189852033871
-0.89581699081661093
-0.64612201756315635
-0.78121159118795802
-0.68535369028893056
-0.42350387517725885
-0.62897330263433027
-0.4074417781932852
-0.30021654157389088
-0.66326411734385837
-0.46236609447477839
-0.51348380184658848
-0.82454323238972027
-0.64190362458273309
-0.83655508876440388
-0.63885361885467762
-0.66818643859835125
-0.51713402086433002
-0.73299802436011519
-0.60531352609691425
-0.662536702451614
-0.72455682804203425
-0.7131136555684815
-0.43968032012240688
-0.74077022112209379
-0.86902520802203798
-0.68730299131020722
-0.67530400730261486
-0.63349986558485094
-0.50108581404497332
-0.7551676360836439
-0.45447274959773526
-0.43382314836117086
-0.48940395926711505
-0.74453254260699209
-0.66074595328751728
-0.59212824278479426
-0.67428551064672515
-0.68546962875893591
-1.0769987357514375
-0.59367874255181563
-0.51825647380000039
-0.40720921122063547
-0.86202466240200459
-0.78962715528149741
-0.4577273241480378
-0.64695063180743528
-0.56554782300569051
-0.88198593705851736
-0.48569039376928014
-0.9879848788296679
-0.64666857157915325
-0.44719983914216832
-0.78608852093332737
-0.58661510486730151
-0.87677247933123126
-0.47255357906508538
-0.68202703191358827
-0.54603582830546138
-0.69661348415860491
-0.7428260228340372
-0.39799414716316134
-0.61095563890731075
-0.64665289298818984
-0.80330848431868174
-0.59604311249828812
-0.39285148794867047
-0.60867714390544225
-0.67069064219587504
-0.78363384557397597
-0.87699776691479403
-0.55187475098503758
-0.5642662400558871
-0.94881606088077119
-0.57377951264734095
-0.48480845861522498
-0.38066592827988177
-0.59975775354453387
-0.47520277402438305
-0.77598435328138093
-0.52504575421380961
-0.80916458247150291
-0.66704463774855405
-0.44289981963180386
-0.54326763452766913
-0.47969999810302483
-0.71768880447266914
-0.69384462738173758
-0.67207550800777793
-0.70552073775380042
-0.66377564320017635
-0.56480751736211943
-0.2044251580271475
-0.53741311266251468
-0.57823149158398712
-0.49210332464747236
-0.59751972126153363
-0.40804397161111888
-0.54251491713290412
-0.67656333010162828
-0.42502792323790961
-0.64975070072061902
-0.3488337834175344
-0.63263468523240751
-0.63379956882439081
-0.66601548289384982
-0.49931191699059246
-0.59587523538891396
-0.5485658793970829
-0.49373293773358118
-0.68117762351800237
-0.31100181995721909
-0.50000033996528281
-0.72671057011712847
-0.39868238270183415
-0.7682102559736752
-0.54302038409669429
-0.46852723340413477
-0.28469695856403621
-0.47429978711025428
-0.420624639771433
-0.58071222300971226
-0.65181574564057798
-0.28029591359755196
-0.39291124475644401
-0.56487642167702934
-0.58205535743260461
-0.69221551258381009
-0.58013246544872454
-0.48789126345623618
-0.61458678496308972
-0.67696748907753268
-0.35971158746151949
-0.12235478789863685
-0.45067988223283428
-0.41400102115245552
-0.35611377012536327
-0.48393649404673827
-0.55204924923157184
0.027081996139491336
-0.4854978713555092
-0.33516127065226153
-0.5234191230232057
-0.62472226087135196
-0.35553227732987075
-0.32189854534061674
-0.19334184292640186
-0.4987291330849416
-0.37973494238086736
-0.79177584159760628
-0.2228121075305291
-0.2669216692965718
-0.60297749386220545
-0.57668446931937201
-0.63712723701341045
0.013531280782219929
-0.38467313123189623
-0.22753587066329209
-0.14358335782168019
-0.2439186217154756
-0.36675325370120077
-0.492039375143771
-0.62960211996946824
-0.47399514483148686
-0.46883241729804259
-0.16669692976745412
-0.59315149832451308
-0.43547903153137674
-0.23384054514284255
-0.44200384755239969
-0.47892607469342857
-0.38460276401683996
-0.14820460661906559
-0.75396732952014167
-0.47170325990097295
-0.53272928109225115
-0.090111547727040997
-0.62806101854675012
-0.48233793714062745
-0.35523198348202006
-0.25138392270340171
-0.19522831881271199
-0.21789435329551624
-0.29129779454296023
-0.34206516877641518
-0.37820547520033265
-0.50176611861259546
-0.33805222502498161
-0.56006460129579916
-0.485671309818831
-0.58287260698228593
-0.43218489841747437
-0.52557173519336764
-0.57443588322596151
-0.39983797387285486
-0.11717326640728054
-0.2692271189643532
-0.36877489737293462
-0.37448109691217135
-0.22192252681179012
-0.34435695545509298
-0.43375964404937511
-0.127639055917213
-0.24970506447524826
-0.15631457610718719
-0.13336787877015804
-0.29872036234107496
-0.35253822408876684
-0.30140322282344778
-0.23098955132956303
-0.0094969558867233819
-0.55707854887553321
-0.21569200273927877
-0.19849074246189935
-0.46930090152061693
-0.36370011615442976
-0.32689921344258382
-0.32582409019974767
-0.33983307736482388
-0.43025298361012143
0.0054421066370634527
-0.35759233118381395
-0.32518930133596635
-0.33607964333535828
-0.37753424978067229
-0.30656956863935625
-0.32255678516248676
-0.28943199081775639
-0.30979412563508862
-0.20049933248033042
0.0028045174986248422
-0.20991137981640276
-0.45975331907135752
-0.41667810588600057
0.18017756609567984
-0.45255355328421054
-0.020595751143007927
-0.27444650299714463
-0.17092281613704766
-0.42387411200361297
-0.26268212153915188
-0.26737009743674872
-0.34118521784684031
-0.36512188509772864
0.10555585084942073
0.20106764815128675
-0.1264247803631085
-0.30482857973696958
-0.0031512488636959756
-0.26681297058584258
-0.48446541862573972
0.018072693354265645
-0.079025430237725097
-0.028947912778816368
-0.27229372962375042
-0.39170180174769798
-0.19054955957972458
-0.23949399803085306
-0.075895869093956958
-0.18963794111567414
-0.081183336238471626
-0.46371852978377898
-0.078604078151803605
-0.030600456169812832
-0.085478793848784151
0.02210244806937952
-0.46424387509972276
0.051363303644101806
-0.060665935616993454
-0.46882220825689863
0.089726507686000767
0.09143988908971018
0.051786020122913196
-0.15446745060194195
-0.10827108057320597
-0.5103586966687127
-0.6073591174421894
-0.12857947532335506
-0.084783047174389309
-0.19522669576427126
-0.028630477668339562
-0.20588844275701937
-0.10014127659442405
-0.35819971834775322
-0.38061404418360784
-0.16961527936737855
0.026010275072776153
-0.11771865202196512
0.033621917041025545
-0.14604082416814232
0.11132186851469553
0.10048412757323645
-0.24419102367363671
-0.033399760049084772
-0.08488677519635289
-0.22308516828355626
-0.34825676381428988
-0.06772808990628805
-0.15516276226123582
-0.10692642154702672
0.091674760087618073
-0.16284669414299247
-0.023778009266559888
0.20507334579209407
-0.15028184276019291
-0.19113655272340904
-0.20420286700434606
-0.00054770578616804928
-0.1568084345214231
-0.019643868944355814
0.070712662221494929
-0.11209778793887767
0.21712172868178503
0.27034333728859877
-0.42613789897321636
-0.021736583178668403
0.07234338152393005
-0.26635767819866568
-0.25304084164089669
-0.25531929517291679
-0.078757378152302313
0.070969723344484051
-0.30292241793982905
-0.28592020053242861
-0.063771721616052532
-0.37499612930146081
0.059586019301743905
0.16549081823932379
0.044503063729460182
-0.035164657070502571
0.26883493344563336
-0.24605884011604429
0.0032867296049437296
-0.083148351770112525
0.10778158458057478
-0.17639604637388553
-0.16564409910911507
0.0047813022752678496
0.028165008426920667
-0.1735367964107227
-0.13468022690507939
-0.08682201983747459
0.11037953538089586
0.002752147317155341
0.068590383404744548
0.12067796771431198
-0.24371579696863094
-0.21704202663213393
-0.33767540491482673
-0.016800014288858724
-0.15433879046458437
0.10591943652559518
0.14014716849485365
-0.083185735924198284
-0.028527573977811797
-0.11959848794475196
0.092098829666211995
-0.053511834707889699
-0.064773650470172056
-0.15711527097532901
0.27079143492195623
-0.0988552566025825
0.14381744112450975
-0.14303618580395774
0.084275108065215307
0.2460818427321638
-0.12544176567983692
0.17879430524555778
0.20016200608095025
0.1418543930328576
0.0033077974900544461
0.023267510285701513
-0.020045292093200138
0.22847732529789241
-0.073174851434995011
0.1699907007308237
0.18904042724848397
0.13695751191501782
0.16708563410850749
0.31511292849416539
-0.046654487744820519
0.053068807473332563
-0.1587839127975966
-0.079549360845769038
0.3545755833795598
0.27090474714512408
-0.31185862261944947
0.27885622231478041
-0.26989271200820797
0.16034984405363464
0.022097078450935698
0.0018936626272383515
0.21020101433566019
-0.011277871687962014
-0.08420602931284682
-0.1273319273073851
-0.056255223811169236
0.13988626578216404
0.25908685566202327
0.18887029915467296
0.035879029511811801
0.17591441635393296
0.32704362552498695
-0.25744546560499643
0.25449786300288263
0.47001341356852455
0.093568998034079046
0.19000548264339365
0.51143605264265635
0.069499994926512321
0.17806689811323184
0.23590842217555144
-0.11525322649644747
0.10515682076787497
0.11547189338540781
0.30074133619380417
-0.12750208662422935
0.060213004656662517
0.20291125408065666
0.32626847797708675
0.46935114245477622
-0.15388719182840466
-0.028418703329317823
0.0044876001846106709
-0.12095387153749994
0.15903064934630159
0.19490139963460984
0.5882194255017329
0.26152338177460016
0.13084890969626178
0.24332563041400698
0.38999506866591505
0.25463240135413584
-0.093524413423948169
0.38424817751421425
0.23675425141431714
0.17010599886578487
-0.15935393844739959
0.41818684644510379
0.096346619684699805
0.35939452311531311
0.49303889727598998
0.17952210582598718
0.19908708087039043
0.22429284384796835
0.46528732394992683
0.14879991619044822
0.3022426925944583
0.1456832363582892
0.28652485649443798
0.34773003631688593
0.27502018627885505
0.19014525677945471
0.48940084379087612
0.23626800556408251
-0.043895486018143061
0.090973909704507652
0.16387276016487082
0.31241677113522093
0.42800494581172016
0.3333817895075637
0.18564386625440968
0.13401749495554449
0.30733477932228132
0.50604124588305077
-0.080232074871317019
0.5742734711936307
-0.0034404679023007177
0.32808751126164692
0.38689221559419973
0.32349034642857327
0.46902094045081494
0.35668678300303719
0.052902225063311922
0.35026794005611744
0.29551968526089811
0.48132339748938346
0.35035646106564011
0.15651277682945838
0.27269669365280952
0.18183466221792244
0.2531915594190271
0.40459377630643295
0.34092569050099447
0.54062705331992111
0.38423559776022442
0.23723896413998719
0.42460795083930297
0.44062436017885181
0.096865569576377278
0.41979568980469512
-0.051955520579889287
0.22616924027961668
0.30498898038435823
0.053264887558325508
0.496166152576893
0.23481254529015064
0.168020818452846
0.41340546495728275
0.3082474983589884
0.278352472584809
0.10918250458676054
0.3822665169884753
0.70157087752371905
0.24809016330154865
0.089684219967782405
0.24802658278596157
0.25342760260190195
0.32411376006944109
0.54279422587086246
0.19320725394978994
0.53739742309673144
0.18430574567127356
0.54923516851111098
0.60160532585264226
0.41280367738875601
0.37590422011508845
0.36605018951339785
0.32612856607718693
0.38017639360016314
0.32263805313552885
0.22495375966417464
0.38441624412154174
0.29192325539372921
0.38897297938483977
0.3324099079148522
0.14879961315874998
0.31170550035696171
0.4239312232272911
0.025766019872520193
0.47294380089353505
-0.048715927120100193
0.010842837058008713
0.48599775349365903
-0.047659976140183295
0.30096152600719761
0.51534708012536901
0.4144106435312796
0.6501078412483694
0.68911020866125883
0.48838738251958141
0.32131019597922567
0.62149027655899336
0.56290161090948332
0.53989884440962055
0.22007413388272201
0.17378563529707147
0.27113882513940446
0.25499376432979914
0.383933910738332
0.27082250468754016
0.22381655654262503
0.48928016656349888
0.20829911034736939
0.3912445685997521
0.30486007411132193
0.61371191785202162
0.18533711029801561
0.31597795261272388
0.3411781633787565
0.33175433081091077
0.24322730299950587
-0.056606768848223299
0.38968250414338734
0.45506452083343607
0.18505508814498761
0.068206341959927308
0.31899877843124436
0.44026212737149645
0.4871650128545108
0.41126696780191146
0.52866446680819035
0.57527153773206952
0.15418252152062478
0.30076566600362942
0.1009502744752466
0.42518857425093093
0.27951490221452363
0.69193207148342173
0.44517078261439497
0.68374536266927122
0.41217935025087915
0.55488672964144847
0.28169895508932175
0.14039364545889277
0.71804219494546317
0.72802943625705152
0.38136353998335448
0.60666799490969903
0.39722991915591843
0.55512081029580662
0.20256082734854131
0.67338275236486878
0.89808432909198344
0.64366291769134332
0.64231672982703358
0.32815090977634159
0.46647328321751536
0.57376565225139986
0.39745630024483136
0.53735237019737625
0.61536178214932868
0.6592892747552358
0.59047943407238956
0.58847568824161234
0.61153473329980967
0.3121432809518751
0.54522324113225906
0.66272414554783921
0.20545438897237256
0.51314812118908104
0.91644649940970135
0.66193216851444603
0.53087417439915519
0.75155906313275733
0.5853644700974594
0.72735229799594681
0.50872863871167739
0.4146775527261175
0.67228273148503159
0.85807230291397829
0.45373251702112599
0.84114980079113422
0.61297466366557074
0.65776852174848754
0.57264979532202676
0.65457465788944069
0.73795352419976423
0.57622116600605799
0.66807527446004822
0.51591989394096927
0.45618055490424236
0.52275448823029458
0.50944135343871699
0.61815022860468416
0.57515093713394516
0.52950996978236997
0.62407749781085253
0.8322771110234447
0.55087574474870205
0.70200986505539376
0.49502133934490394
0.54228416815994185
0.50551825810418405
0.80039761580567237
0.63135578790614644
0.63444678109751351
0.70861306326285023
0.62988317061195831
0.21688661514716723
0.78810476246076799
0.82638795272052845
0.61486244642841803
1.0040827423239878
0.43539769549434626
0.62914651861878812
0.60031229534683217
0.68155682939053275
0.57959248403892083
0.56660859566518773
0.45200613398300127
0.77172018983683299
0.79901951362140533
0.52682662246592127
0.84822070425445029
0.58639968346327254
0.80640638571920487
0.64029035108925014
0.63682875166116959
0.64830755803032503
0.59981121539443205
0.80312400805213735
0.9740244580665296
0.62395403193630783
0.62780443509577921
0.54807615474875493
0.70169497551712812
0.81209677548557657
0.82672849199224785
0.59380357929288097
0.58393646598044235
0.34615778939787911
0.89832057236058638
0.41238324505463747
0.63991064504905226
0.75729131412261852
1.1435528950947487
0.70381292860072431
0.72664686665494849
0.94328517515571408
0.6553326735838888
0.80083869809061414
0.72408741757275319
0.85525977687314392
0.82813216993240435
0.26684454885888514
0.39604764359193362
0.74297073525586699
0.90422795257267052
0.82315339444547841
0.70960038258236369
0.54596404453291381
0.88485203963559567
0.51039137394608236
1.058841460405874
0.37840384706158703
0.89255367691226628
0.82243272922796218
0.7056711437506954
0.57321269780105866
0.65706795133518325
0.3818274552617702
0.66079091201439266
0.94089705376858646
0.66447104649841571
0.5138845408782664
0.79479494492552261
1.077374054107415
0.78349004499871167
0.56891639420505447
0.66336816713083724
0.51585869468739287
0.81008608429076634
0.81028901966747946
0.84157290730879131
0.84485375543008234
0.73312891653561374
0.33695605379307264
0.79539278825528104
1.0716297886014867
0.53008703893982634
0.68431652261304543
0.9104592208811525
0.40995681753589236
0.92969187230624251
0.59978539513429729
0.70339833770409621
0.81998556019450886
1.0557661331548167
1.1128797620029964
0.81828680663151221
0.76704788700431115
0.92584172828018774
0.79369257573846164
1.1374465599914432
0.7330722630446902
0.78712141077326858
0.94344596379488788
0.82940169113179918
0.24191793201323075
0.72270258815141974
0.87061525358377034
0.58913302848348914
0.8647663849349374
0.62403808222449508
1.0048476003839319
0.94879901781808118
0.78677870775283965
0.65004530287698836
0.62068018328024788
1.0831797115532351
1.0073413298315543
0.93248357565255657
0.70580663591541726
0.54775804624874658
1.0671130379038165
0.73344234777462625
0.94656156855572415
0.97759936285592441
0.59806741628610571
1.0278391915817489
0.9989776865196075
0.81508432787531382
0.83320778813852858
0.67583006215468544
0.84380617235908373
0.90317101441098846
0.88524170111522027
0.9981847153735427
0.92476902384208326
0.62742489507947341
0.63428396313253599
0.56866517293017838
0.89437260512164041
0.86736891484959533
1.0253446436985387
0.71369104674902817
0.95466633344370599
1.0705707231458548
0.87215580699470496
1.0160941250433981
1.168392023632669
0.81621045081204358
0.9617706497974059
1.2377138423904501
0.96377422256114287
0.77726474005680268
0.89860287020437768
0.74888750063444609
0.99188641322709936
0.76056783741683542
0.91971033405480118
1.0275869002608231
1.0198867590808756
0.93996558627413584
0.90274069886087516
0.93831156592186671
1.0662502139318597
1.1041932239957095
0.80486108085475072
0.83954573655405706
0.44632444628696694
0.69118934395447029
0.94730414365249649
1.0686771545152529
0.69040139738843054
1.0650585794430547
0.90708276889496542
1.0493743351558169
0.87100611248522197
0.81519258199051881
1.0113269197501307
1.0534896831338925
0.92433756908768827
0.77436164750130443
0.73611477077927423
1.0189205241391996
0.9296102526522102
1.1796952117761574
1.2511575295178461
0.8727814835136396
0.90876560075274249
0.74981558247032132
0.9042492254074439
0.64279305125190267
1.0481732574052729
1.1059348039312091
1.0026112238734868
0.99760879200621455
0.9162937533600275
1.2440903096466804
0.88465009197114919
0.76131645538285109
1.1216376127178169
0.90523063208532595
1.022132880191517
0.94490366818287386
0.87718041582811312
1.0726689134353484
1.0718684019213487
0.71655637143859541
