-0.54293798467893062
-0.88205300900377059
-1.2450822649488509
-1.2090243531895877
-0.91499628684103829
-1.4080775172053712
-0.96044694795038865
-0.77402424590199514
-1.076872057962065
-1.0823401310487988
-1.032063844897422
-1.1705962803101941
-1.0932061700733151
-1.0588568189980103
-1.2375192377958077
-1.0100489008235054
-1.0658408482987711
-0.89811765876148597
-0.86457075714827691
-0.60420064760273706
-0.7862550168882827
-1.0449429657403262
-0.80618531703394147
-0.73617547235812542
-0.97582458264158189
-0.94642487632240357
-1.0785663077332797
-1.2127941965501996
-0.74708529540808744
-0.60089726917523656
-0.66839220699651103
-0.90416854677541669
-1.2049823338367376
-1.0070891224256386
-1.3400249685867123
-1.2045465372812549
-1.0624260626562194
-0.7458370036613754
-0.81907772538369239
-0.83631345729492779
-0.93764467844412613
-0.75960022290246842
-0.78396007541069945
-1.010920716683152
-1.1702280524476139
-0.59330068599380326
-0.63347724310980802
-1.0266759827629557
-1.0415470544373917
-0.94725459230408893
-0.8859944643525044
-1.0039168199686412
-0.74904750714225576
-0.84337523450558982
-0.84350508015229175
-0.73183374756318176
-1.0131885904434021
-1.0146361973601294
-1.0040474245653559
-0.67932303414328865
-0.86410747828719703
-0.92327833430945794
-1.0814130567217943
-0.99085074961826303
-1.0953173326790593
-1.0423136292992854
-0.75024533391729753
-1.1327567051658596
-1.0966048102166968
-0.70447591596671855
-0.6854502260451325
-0.69587594621456472
-0.80183091547167629
-0.97916190584367735
-0.92582837589160794
-0.81536438786405729
-1.0383913018371218
-0.85419697293564578
-0.50298417817345042
-0.85129067663059221
-0.93579223565292768
-0.73145331463106078
-1.1003239627856418
-0.87554650965417735
-0.97794634205339992
-1.2480977886496825
-0.75047500662333388
-0.5946434639219732
-0.71082373023934853
-0.9204673964794472
-1.1667828270087444
-1.0527990350251211
-1.098269067242742
-0.6165893350542786
-0.69186601743815024
-0.89458835307004181
-0.88119637909233828
-1.1431065548012611
-0.61520739071606478
-0.64038099719471064
-0.87970096950363819
-0.47296253024598006
-1.0741549982755743
-0.75139616750105154
-0.79825909790755023
-0.70301930101905385
-0.71658912863954249
-0.79409019313780183
-0.49996771490663316
-0.74403766291990336
-1.0304551420846886
-0.77195213690825049
-0.84266168888611437
-1.0336764129635729
-0.75721058304944577
-0.92642464875093866
-0.62827959537256461
-0.49080355001898224
-0.66425929833601716
-0.5986395597700449
-0.73124751425420598
-0.7069682559000785
-0.77003830111284455
-0.69024946974138146
-0.82901810149547883
-0.82634168405381314
-0.65360720752120893
-0.77834746945907418
-0.96267957197195075
-0.59220860483367987
-0.52852849546366254
-0.48494822078109029
-0.64667322766242463
-0.71559511658833042
-0.94444264086007534
-0.79033871258723365
-0.5982154541703365
-0.18169165356105133
-0.63451589739301983
-0.7439937005140167
-0.66186769013424129
-0.53804677507363308
-0.4914302616577369
-0.47904113215132366
-0.47305698984597527
-0.51901512424177665
-0.61477138460972058
-0.88817461930705621
-0.84031648811478665
-0.51392294694964502
-0.89819554729488782
-1.0165551951711511
-0.60523520995168545
-0.33001720048435124
-0.55912654260739725
-0.59226680604577453
-0.44440832187043666
-0.37605000989256337
-0.48309332195250265
-0.7339224838261027
-0.72659054311105542
-1.1290985875070632
-0.82387210468234395
-0.90026346962486892
-0.66829628023309129
-0.8139637490331002
-0.6235627084575851
-0.95626861771247973
-0.87453045938309171
-0.49819812805169117
-0.60994339889791838
-0.60222129945674885
-0.57756617425966295
-0.4911177510606215
-0.52238650530793207
-0.7206123443093998
-0.69952890060048767
-0.50882730567680223
-0.82246850375819969
-0.42278531365888877
-0.38224325399203463
-0.78399302725644127
-0.50458375050289273
-0.81498206898817427
-0.3661797953125388
-0.40354835337355899
-0.85158425959670925
-0.33793396569970202
-0.40524564316388589
-0.58039731935339622
-0.70611781201095702
-0.60487839520906161
-0.79118589954719987
-0.41001071637369707
-0.68416275906816582
-0.49874441876733522
-0.5757704390851216
-0.86845638629434807
-0.92037613988947142
-0.71124366511581694
-0.79980750317124116
-0.61286210562965104
-0.74660522845381994
-0.47640452841160691
-0.4417117387255946
-0.51848946177237265
-0.80395289527163605
-0.79940914689726217
-0.46839375543463718
-0.60930432379053978
-0.48616284470709048
-1.1693986959392775
-0.41139429369375796
-0.8239552968802708
-0.35382227813300615
-0.48775200851603501
-0.74063003615536271
-0.36250480581487965
-0.26586841862135541
-0.40320247948952387
-0.61481478809463475
-0.61898607032231145
-0.54552632963779202
-0.51130103600492227
-0.54839348678330302
-0.60932108553680853
-0.35898052760005777
-0.52243053962715691
-0.65784072884314337
-0.46346075716689389
0.022394670102623439
-0.50678800903581078
-0.32384262955743931
-0.73561705221198914
-0.49797590694701649
-0.42284919056272491
-0.45207206318486115
-0.86293312139213951
-0.48126256680064861
-0.57262365471921084
-0.38638051919013111
-0.36560338082354549
-0.71527082250517915
-0.84972682343276584
-0.54556128219928912
-0.64673715194883963
-0.64656161171771864
-1.1212630752291139
-0.43488170972611523
-0.56320555499369407
-0.38897685509545338
-0.54280520176910596
-0.79974235368385771
-0.58263562436063943
-0.45304780521267579
-0.4213294553137476
-0.78138483963560468
-0.5700465613144664
-0.90310615838505715
-0.64944041251217477
-0.51084071814826815
-0.4237703209736523
-0.1936955362657494
-0.57512192894034453
-0.72569212271836703
-0.38137938985595687
-0.64516935349852444
-1.132071444746243
-0.53483023479075864
-0.39916679305976049
-0.59669990212738266
-0.39948262064851403
-0.53037054170576992
-0.35141771197528487
-0.56481548327951969
-0.53131789655629913
-0.15353685975132814
-0.70017291851213037
-0.54787159885521031
-0.37751125940958485
-0.55558517371298821
-0.020581080828367782
-0.20077812040792545
-0.41364600609292146
-0.21626583237045494
-0.38859099810443687
-0.11592478889539412
-0.068194647847766382
-0.31029353122004422
-0.25024551418767926
-0.20902004858764706
-0.15819446572864629
-0.16796292658016659
-0.2278403591183997
-0.38961250965312205
0.066057761849195235
-0.68845109856440523
-0.10789752161890508
-0.40409700439144836
-0.17014842295946023
-0.50761692944626557
-0.27599540128270222
-0.27146605099155313
-0.56885467609248541
-0.51669201110561191
-0.073660393512542818
-0.4710494384018859
-0.13472642034286683
-0.53342957858591955
-0.1971957924880455
-0.11196963261182048
-0.39913725138867318
-0.30608048564649304
0.069311665183194357
-0.22666150789553879
-0.37216689496695571
-0.50342617054383954
-0.21888048867407728
-0.48714177767173383
-0.19619781403200146
-0.13140233230402501
-0.14617665189812981
-0.39425915585588189
-0.54775556171612805
-0.33918145384435588
-0.33895396773016101
-0.16121362600424743
-0.41998406982919884
-0.16145057742293631
-0.2456721844278463
-0.28090122912165505
-0.24480003528386998
-0.37281099327017342
-0.4043684495380499
-0.33772997813253158
-0.33920511557942989
-0.45203880174714628
-0.1365564258040699
-0.39721241201525032
-0.5463199964183324
-0.28811856175468475
-0.32760349356664653
-0.13582707591533827
-0.4939930300649748
-0.67329288943899213
-0.31707943693852902
-0.37202614663254568
-0.19751427067661298
-0.27981898687934992
-0.34356320654590006
-0.3845425973490853
-0.45496344785619475
-0.58769665711239105
-0.37392834504268446
-0.086397517390634962
-0.34047073956475005
-0.065157950005333087
-0.42218100278850507
-0.51254418582696337
-0.49269984658184413
-0.47833366027855712
-0.39127628406262838
-0.39340032463236718
-0.60517808097021109
-0.16721005082078949
-0.87966633766042046
-0.25694917170956066
-0.30413439095713246
-0.46114320176316209
-0.03194614812232506
-0.47406759645856805
-0.22870561385808802
0.024820764670053397
-0.040105242117009832
-0.35494891355649361
0.090315290693013278
-0.41451527019603829
0.16133986332963424
-0.094874022466108654
-0.29664403153447411
-0.44352358882254628
-0.37096737382876893
0.0027237717366972542
-0.28365610214109632
-0.49593448575944271
-0.012498336491389362
-0.23291589097184448
-0.36148339094829818
0.061780830801891853
0.011239164942148624
0.14456852728035674
-0.16908256930237839
-0.2727798236286999
-0.71045325945616034
-0.15083686601812463
-0.07847550271176558
-0.34848646780685233
-0.20570695846396439
-0.40514878810823302
-0.0073343288712680605
-0.15672865880602926
-0.11385315098430149
-0.32713498130408525
-0.15386555535425137
0.16973545944862581
-0.30718295305087628
-0.3212456872670329
-0.24549048926272071
-0.40804096000498546
-0.11066456313081896
0.099204954735005388
-0.66592160002270451
-0.27112253739067571
0.2116129765277206
-0.42282004255025674
-0.32372828061835396
-0.034039692141491953
-0.02983511496705776
-0.22789078881976715
-0.31863214786851374
0.36685017502528555
-0.44178160873934491
-0.2885494254792576
0.1079849685596697
-0.22384751065255418
-0.16606079540711932
-0.13770763660692864
-0.52434320535231538
0.04747316733854115
-0.11638336666589343
0.0025614040011143718
-0.28264606614754001
-0.38727634855146142
-0.14773116571956557
0.4061570150830508
-0.05271635848436175
-0.12013892524961624
-0.47353447562581591
-0.24515535008658446
-0.16523417425265483
-0.32180236082901753
-0.022196786290521242
-0.11519887274251052
-0.38796063901391981
-0.060116488856872694
-0.082881584857900148
-0.2846851014451422
-0.38653546293085478
-0.067483264926010644
-0.43834582682084339
0.048952050945848036
-0.066410293895510689
0.11281986857319705
-0.34230281256769451
-0.11087525024624027
-0.035039870341038816
-0.28262717778743174
-0.37496774336878658
-0.23081881528898648
0.13698406150961145
-0.15948259294416323
0.099974017881900912
-0.17404490695482422
-0.35652355235021782
0.18617073214189031
-0.16500278663467732
-0.21999071214946705
-0.084551339603597356
0.01818146050167389
-0.030377959756713802
-0.16716603467417387
-0.07640833459960035
0.14693663703894566
-0.42536839654457748
-0.23389094558880441
-0.29539030135469702
-0.16798556386137406
-0.3307763875110481
-0.011693730747929754
-0.092159076279299854
-0.14816123854248231
-0.0096399709537348111
0.087657973070946041
0.28476642705711586
-0.040216593960763221
-0.24963827310614697
-0.29902367620676074
-0.13974300480762031
0.0065887455660564448
0.024005180976815286
0.12814893573546132
-0.23213123868331229
0.11278862944051569
0.025263249454482852
0.26290553032466096
-0.18689659358864771
-0.020925384947846321
-0.0071565795139115077
0.18474750763056244
-0.29287158669061797
0.079585990651082905
0.37082167317276821
-0.28312370357292443
-0.21414757936768247
-0.023325347947144644
-0.29496723827439447
-0.19440395402507019
0.19368570509797056
0.29322396550315277
0.086046342562099934
-0.011321948817698067
0.30526703654810788
-0.24965596247034302
-0.17871367505432387
0.18012284826933161
-0.14000771374201929
0.075746309972650985
-0.050184775704188896
0.12239470774316505
-0.12720628138869228
0.094889091883256407
0.2632585054663158
-0.14631941726320949
0.2364278950598338
0.046837082367181079
-0.18664314550986705
0.025326418483175826
0.19041462658632008
0.0015411613845091072
-0.14632406184253996
-0.11083134176338591
0.2482179698838036
-0.19361331289027708
-0.15009384108123278
0.029237175627160234
0.25289408048725065
0.2108240874663532
-0.15582456793650076
0.23808407633491704
0.047396829718553697
-0.0045304997020711446
0.26807883069084487
0.14502214666132521
-0.08430525428584433
-0.20592814876482241
0.23576710567920306
0.13369282141684929
0.39589142184575432
-0.21099589164342605
0.071075324049852256
0.20779542455449021
0.22671020526156702
0.10864028025833782
0.092185402200383931
0.371696263769902
0.19352279037265857
0.39152082668483557
-0.0099583676822405636
0.10122320262690328
0.22470513834956224
0.11372410331557758
0.048569663150388229
0.088411252767124887
0.22244803153430792
-0.018751335966692317
0.18140067788495873
-0.094093139264454728
0.053826937723851546
0.073308629208486215
0.4652430318579508
0.42741298824434276
-0.23004157692453817
0.07404075678159136
0.03975279615960052
0.10827346889613323
-0.23852508600754233
0.19840622777367431
-0.066642409154040044
0.14846666500453765
0.2346030153661911
0.32526262043108561
-0.094989223843623072
0.33922163249021209
0.42031189148625847
0.1166144156101781
0.11305994306037093
0.119092817598173
0.070666341069008654
0.35302265631430552
0.38495768428570182
0.26151040409917714
0.38130337004989073
0.21500475745304409
0.10914472084817309
0.37121868798599522
-0.3369701962534824
0.12668355051215066
0.22796347326293395
-0.22322321619437219
0.012120298290412865
0.55546908011510021
0.38132394573478262
-0.067345196358922665
0.53346778902653635
0.061370036928573471
-0.18325155001456311
-0.028359527976115784
0.0012600862536822281
0.032886581211718911
0.25174245797937822
0.56028715863265488
0.10626571156473991
0.28308990576598414
0.26950093682207227
-0.11432026248430054
0.39469321204810381
0.010561070737609094
0.21141512736487258
0.27743594181301839
0.5432502339258144
0.26633017421749922
0.21437486050899102
0.48476495751625215
0.39506521990524501
0.58656275156640991
0.26977662276312364
0.1822379163986742
0.23940322490692481
0.04300084703954829
0.013603176331620339
0.70897497246517782
0.15141722243207997
0.36133168285455669
0.58512145992661835
0.27439752133765039
0.52768012530195996
0.44350300139769439
0.2260822884059652
0.47629344088152853
0.34237047658775632
0.41903174342963434
0.16092865277820625
0.50939910239479225
0.62840263895456949
0.51134895044595785
0.41387382517724747
0.27809012186704091
0.26990407909002506
0.57185957259294951
0.43066446560315325
0.63760984992850589
0.33858768802659928
0.34912535816044793
0.33164136599399824
0.17364819870502399
0.23920434760912482
0.16749111715467094
0.13921415036706905
-0.083610400394294349
0.50694351702982099
0.54971491296087804
0.44865966747169639
0.49620997437809261
0.4385619223947908
0.46264365950417113
0.40302545418258878
0.35556252386676429
0.2266316845631714
0.45939099674119671
0.28338157217670901
0.22047083500258544
0.78845352881258146
0.60267849566991805
0.6995224912214677
0.29785066890063916
0.46180340433701822
-0.020214976772609253
0.21929712280510652
0.32872203225873081
0.23343151180381613
0.085869726426539242
0.40424142215237752
0.34951784601695007
0.36386236820904888
0.42413645973048797
0.68713354495725854
0.26487960499648927
0.11444365835108215
0.14580481330232384
0.3309580408557844
0.3025001667122561
0.27999438282070438
0.17997768149599166
0.23350681058641073
0.51293524990286954
0.0086709141958034863
0.2298849817100061
0.50671015345804427
0.50931824941638049
0.19458468762962969
0.40767046574323956
0.27451101989210464
0.086108049321379249
0.46913343966642251
0.47024673692607244
0.59471902074834848
0.45868770800374725
0.22982902443092151
0.50070279712743815
0.072856380537530782
0.29045739258657033
0.47950324573267156
0.29688870284745106
0.55214059693379136
0.29546309518185987
0.4155364071748372
0.4638138596165704
0.48009019749338078
0.52150939882792779
0.46693404295304713
0.81244857167815066
0.54041108457445419
0.69203956075788953
0.59651047235707422
0.35260196771599966
0.23178983852263857
0.52729405265517604
0.40035035999877461
0.65739574248698629
0.35862437045833473
0.37884595885871591
0.40796418025426034
0.50991132022256402
0.34929696590898707
0.36913776415459931
0.60225064099277192
0.51362017344562239
0.46301997002144085
0.26331923178637112
0.60725555484814286
0.55624479426464402
0.18490049737289474
0.51403089506552735
0.2129612693556785
0.56015627576549787
0.19077877559485545
0.6071470376465079
0.70985739364834932
0.48764804046276533
0.87997478130033935
0.42037000711830508
0.26240082524595115
0.47857992106827713
0.43415687220065219
0.12244556672448635
1.0319473728096242
0.52934223700244853
0.57130131893848823
0.83823374703399389
0.93409535070455052
0.49663057418432854
0.24852571920846475
0.59964346428800264
0.60529860809258862
0.24108330620120846
0.55203085550149478
0.83680366699979913
0.2863652713163764
0.56282864808133326
0.48397263569403048
0.59251649444162691
0.70520373581952012
0.20665178408462054
0.65394479360882152
0.71911722974386949
0.16918926294837014
0.55636470469195332
0.48038200191948088
0.69292227680227336
0.45701215010577556
0.45035277202485524
0.2715253952256485
0.31438413150215727
0.76208962017678616
0.92329824653311521
0.51885053971742312
0.81525817075064311
0.11936616658596806
0.59151344627003277
0.61082696429195971
0.40494383513587751
0.59707521158220966
0.52127937194305773
0.63593977702175697
0.63052654878161929
0.67279082274271829
0.54351726423332614
0.90513633551538275
0.90601550632369288
0.64876308749818323
0.55908477545114565
0.56524496096364019
0.91638398979551028
0.59075977574395
0.82864776458186606
0.83731308672332672
0.47066392694647025
0.71774635865910719
0.14975081195926351
0.72524514009236929
0.62726971866545822
0.87913152940927386
0.87992791425783734
0.60018495561683172
0.90507371229254774
0.51921288554355294
0.54068520739956683
0.58109218545616337
0.63664752889773246
1.038175288229984
0.61107111960947291
0.73045200234255292
0.69904643512896325
0.74937879484575287
0.60205952675483565
0.50349125396372718
0.40457010452073161
0.6625848907489279
0.86924712578885932
0.77819691560619841
0.31121769002703498
0.31246882160952805
0.8255886547591601
0.69295448941094795
1.11118695929767
0.58788636800241034
0.74641018894374001
0.81491043254905005
0.83835635888199289
0.44262286840872822
0.81151421764286646
0.74891391701142807
0.46400626792096744
0.97225774700436718
0.81199432465460575
0.5657570964658245
0.61467197061057899
0.97799540341957403
0.70883572438475906
0.58579306388055086
0.75353238380619059
0.90466944940432514
0.94999079040846812
0.55198235670015439
0.50777148466712974
0.59532630097595085
0.69973309145433937
0.62469361139182
0.975037570607176
0.86266294188905335
0.83764914003878921
0.89703665683142386
0.6649681322243437
0.94836073895032957
0.93104288189912543
0.67245639606567276
0.79817122328785972
1.065407986434634
0.77580996054297113
0.71943769741710517
0.86941602731127421
0.61730645805880269
0.81995195435464885
0.68927212807547822
0.71410008890272603
0.82666120079119454
0.71207559576330826
0.66615088783248788
0.9135278548572846
0.9264374305863381
0.62663252794857172
0.99743976836522907
0.86688997131818446
0.51203161404880415
0.55230099830246016
0.67845064582305581
0.49664728308639783
0.84193713830219463
0.69913115146575866
0.60419713025705457
0.66439269005416002
0.88127447342643606
0.68963830491147871
0.65660890866856181
0.43495434224709639
0.83370837419146615
0.84205497278323793
0.75045964931008335
0.86883978750378998
0.7540694010826815
1.0134474072124975
1.0740644429182797
0.96464239287342524
0.76114499153680282
0.77855736373476481
0.96382760004675405
0.56028654406508194
0.74412648222396394
1.0179326287265349
0.73152746310101335
1.0172613011175569
0.95157801575127254
0.8929340753867272
1.0953700148282584
0.81846252283369014
1.0858690280711616
0.92548520108647181
0.85506572004698378
1.1920924971270397
0.77054533330045782
0.87789846499738577
0.67565389889185956
0.65350116275910863
1.3329869858674022
0.76105178424713249
0.49497801427068422
0.31918162783734289
0.80889040861657768
0.97196780251420789
0.80427677753141402
0.74254327725646607
0.90176421538298157
0.93910754764471471
0.79703650987966856
0.97414031266135603
0.81415355043467708
0.64912035031686377
1.0463014066658878
0.88521327054162602
1.0824987761792955
1.1577247744432728
0.94994400579052451
0.94480612286463839
0.76141630763807788
1.0121808885130301
0.73366900238599897
0.92513804371497022
1.0705412571501998
0.84440682076225893
1.1885798059742527
0.9569992664919319
0.91960587073795319
0.67549907800597453
0.7953022735332187
0.96825400594377953
0.59249940071522067
1.0058439895699152
0.8454086119334201
0.84127441705040407
0.77671912103285656
0.87437297130315328
0.87502401174047451
0.97427964139563705
0.91151912077948194
0.90413540375924006
0.88896890829051101
0.94813237069273637
0.85456420412974443
0.93208894742156068
0.78903990335600394
1.0692595081087384
0.94771348965710789
0.74558552418962487
0.91330589537506279
0.98430454910010878
1.2404673952058156
0.95285684612074106
1.1600505191042771
0.92473443459813909
0.98102915271749036
0.94661756038146794
0.90515664777553839
0.79109297543503521
0.95145788584278357
0.62162009666803408
0.60330018667560792
1.1852691917706975
0.93789570473231587
1.1321087205247133
0.61780439876682836
0.68446670128837739
0.84895151902555754
0.9426061819625855
1.1582090687166013
1.1446341264651971
0.91654731037378379
1.1622993120671725
1.0993931451591028
1.4978510975446648
0.69583860017027499
