-0.75133225048947949
-0.78289214716723621
-1.0952920192724227
-0.75726313094002706
-1.2195008971359167
-1.0477859404456089
-0.77902951814759969
-1.1230972568675639
-0.96684550263732083
-1.1186306481958614
-0.97036188779561738
-1.2076305216933576
-0.97001267264635871
-1.1814734563275486
-0.78067562587584516
-1.0208269336080682
-0.93376390038933177
-0.89503670762445708
-0.83931760299224911
-0.75025634318850543
-0.94720956227106545
-1.0892039911126239
-0.95202743382719135
-0.81948612452896519
-0.70065220952619511
-1.1076045880852148
-0.62267393016746542
-1.0611220732536382
-1.007840922868686
-0.86561354958586267
-1.2524049965437771
-0.57148905890139101
-0.93340596853304847
-0.94069624594439538
-1.0053888181049053
-0.90535205634882698
-1.1108279957529488
-0.90278503062823079
-1.2397542067810647
-1.2066725009883417
-1.0392412194434304
-0.89829631460189263
-0.81251000298446685
-0.86673821695342679
-0.99891915080119564
-1.0356119271232975
-1.0248106619822404
-0.59858562060060305
-0.85557866753537826
-1.2028132608526336
-1.1542384556612293
-0.59408913385709616
-0.71369811940202266
-0.93272010146164031
-0.66261997838085041
-0.72227899153679509
-1.2558617079306262
-0.6973458542258939
-0.88520834011086369
-0.99813659588800463
-0.92370683319704139
-0.94377470629811155
-0.8418918645943102
-0.75415202549993476
-0.83938124370705514
-1.072756848757445
-0.85807387700002602
-0.99514541544258239
-0.65920698673346234
-0.6966242364382329
-0.78108898947258787
-0.63930438665349809
-0.56004088477658087
-0.85443301576266073
-1.0178573208610462
-0.8121452276790887
-0.53173554002448553
-0.77792538019349988
-1.1414041436803404
-0.65477064475596369
-0.81326022240545981
-0.83246437391331618
-1.0405127460006933
-0.8431539185268675
-0.41731543205341126
-1.0471666085331732
-1.0090048789891033
-1.0119309502149001
-0.76264293465144084
-0.71620552332214416
-0.74888778806624812
-0.672580225860408
-1.0033422976958348
-0.56558117805691699
-0.34812358043830055
-0.85303381166849113
-0.93399791942675403
-0.66148574169066809
-0.72350004481115426
-1.0425285679598979
-0.72196002542905968
-0.77292738805528649
-0.92114217576224999
-0.81235108179226023
-1.0113942643005784
-0.76547196284183872
-0.72464394112667141
-0.88472873805923125
-0.79283155526230886
-0.72416845390477347
-0.68466914437361803
-0.74233624134737519
-0.66211214880692459
-0.65524110089300891
-0.83601205396453537
-0.81667367750565778
-1.0838978988141681
-0.48318036478730986
-0.51301124022886202
-0.84848925354706251
-0.82399319172331664
-0.86032287368594951
-1.0660407285502442
-0.63068463562829347
-1.1095826541081328
-0.84859639284277977
-0.91248307622210278
-0.56911023639482528
-0.5693961291376396
-0.63791443532854897
-0.70301667945509383
-1.2190447353577145
-0.76343267108060253
-0.54870436578360771
-0.89318604923055511
-0.85931936618391336
-0.9269250919542984
-0.89525077755579618
-1.2303299464367297
-0.44577452095942888
-0.56110213788142693
-0.6687920930954615
-0.69506350914104076
-0.65115546941793301
-0.70717517120519846
-0.9418534670510661
-0.91645484233887631
-0.87325716782996732
-0.31619134801850235
-0.46706925627317425
-0.37778316863642464
-0.50229585485738493
-0.83555571803212159
-0.86409094038194234
-0.81618601972936078
-0.62755693010627778
-0.85669042231717485
-0.73370807639542945
-0.65265721306513769
-0.52427076010524243
-0.62688107224619916
-0.90313022663137388
-0.60195445505899503
-0.87166589531681982
-0.76319289813847668
-0.51678320204075812
-0.51337803751030797
-0.89526907995408378
-0.65918700443503253
-0.38568115736522735
-0.71779542034281141
-0.77771960228820547
-0.71587626123108372
-0.60486381444199688
-0.44495485485532932
-0.62245779790580802
-0.85874743266781006
-0.58190342340669732
-0.9280614811232003
-0.1109842438577394
-0.5514680529859336
-0.81779354673236215
-0.14650591244455202
-0.8228628850285995
-0.82991187033348601
-0.84075930029736012
-0.42519108852945064
-0.62625167929271763
-0.25218250019844496
-0.65108253027930629
-0.70702191760085231
-0.26058448680487273
-0.43540379160416293
-0.55365295836080242
-0.8932662316519101
-0.4113759311339622
-0.79995462771247516
-0.61572350488101324
-0.3114184882639236
-0.66026160376967225
-0.84739027912272169
-0.91706107625226763
-0.45414624849921165
-0.46657942320824997
-0.8181900781252861
-0.7429413923618895
-0.26227081671994046
-0.57352004545696966
-0.79525563358308049
-0.62517628934980785
-0.59802916289159247
-0.5498609594537851
-0.38592473835993363
0.02099890660486076
-0.41804159840188621
-0.44333484060166367
-0.26647961264363895
-0.59917653429922535
-0.2882335462420858
-0.66165796628248075
-0.33680583974731482
-0.49016528485404937
-0.6510771015878638
-0.45114091574057225
-0.50424132029202762
-0.6111581757265323
-0.33342518906075624
-0.79951568942772022
-0.55800840078033653
-0.3215397443556966
-0.75150480375579087
-0.99424290787758274
-0.5583946007253523
-0.43995686600725881
-0.64344406096195139
-0.52159469270356251
-0.57421284543531259
-0.76962920941022073
-0.44420329577030032
-0.51411527694234693
-0.79796499544276578
-0.31629585314403924
-0.32291454617963411
-0.27176295342125995
-0.81015182155685495
-0.54083876417350396
-0.22566872944499455
-0.35253373112387404
-0.75950573734925009
-0.59174200630611873
-0.29812147754300611
-0.41486012168449915
0.050266420890570242
-0.25127620672271161
-0.0020659713261722639
-0.49891381182323841
-0.73516357120171494
-0.18671908913864024
-0.19162010834990845
-0.44084828774719204
-0.18451427190631145
-0.2871774710228438
-0.58846791974418122
-0.49851993778503395
-0.27124651792000259
-0.40171373214495576
-0.43556123500077126
-0.8848088099233401
-0.837978014599982
-0.65635706969108099
-0.13882133503579092
-1.0523324589052112
-0.1341575724790888
-0.42181929062759771
-0.47959731231605218
-0.34494367086102123
-0.55978623977824127
-0.4498544725980132
-0.21299646608610401
-0.43424386293885842
-0.6118675105147352
-0.29406900074345832
-0.31998725459821553
-0.38166341978050983
-0.46806971466673852
-0.42724293453149798
-0.63385722804330824
-0.35782824635862964
-0.30917034827385792
-0.011051424617084291
-0.47929552087977056
-0.598754289109236
-0.62890254659919809
-0.19816309771448326
-0.10409793428430265
-0.53710549134894148
-0.30553898051525585
-0.37359358425934724
-0.56730992903362143
-0.52219988486572011
-0.34570829923365681
-0.5589656919581073
-0.36155064752759669
-0.525712604020242
-0.13780587166911543
-0.28709333963210554
-0.72076563111317637
-0.52270072957423286
-0.37356017340205688
-0.35166914908706315
-0.74050283831440511
-0.69320328874633463
-0.040332229851415137
-0.41462658672499875
-0.12007900196512886
-0.36948493003300048
-0.1951042809868288
-0.49041951908874037
-0.40237667000925009
-0.31940351183107357
-0.074609450304993066
-0.16097312167336106
-0.072024173488252033
-0.011463260132472671
-0.38567898862381217
-0.35048636769674318
-0.2880018347014473
-0.24966490226516577
-0.59749178672110193
-0.78714653902555376
-0.41061691136283013
-0.2773616761196408
-0.44250933639665035
-0.29998250055451581
-0.44285155390154257
-0.1737643542305071
-0.31005500177418471
-0.31419094421773713
-0.5138704935783901
-0.51019636103311539
-0.46797807585358303
-0.7151217103134333
-0.2731387841369276
-0.57473706532685687
-0.44759822124688431
-0.60252351732588505
-0.4832790903422009
-0.24771438847447783
-0.13386110185665059
-0.38665137163021374
-0.70644640097948574
-0.33142392975984808
-0.22877470367088165
-0.15572339824933251
-0.11481114277891567
-0.33951587637480229
-0.077128265886743444
-0.42871875457900782
-0.28538553537556666
-0.37396796857697262
-0.36606134601186657
-0.34189731990598027
0.041634730621618717
-0.23616558601505069
-0.51118800178376234
-0.24173017155709045
-0.3169395816338324
-0.46312909609085151
-0.19496209030729858
-0.48827608790985655
-0.41573488429220545
-0.22017613149256804
-0.16664838816110508
-0.10652944583041354
-0.21593250738205164
-0.22994528741250034
-0.195095697588058
-0.14913856258701824
-0.25355655899502483
-0.15175694908832782
-0.023874171129943247
-0.59506437162539394
-0.2975431329182423
-0.10770857610593025
-0.23737248052531648
-0.12320626789961195
-0.22838390060550423
0.020196250455905455
-0.21363500845898376
-0.42250352142783215
-0.0024658701559694273
-0.18254452571600838
-0.38560986928677188
-0.26696221855142382
-0.11737752005846522
-0.19537334149848334
-0.1694447972925518
-0.21482973955983636
-0.31688133925383144
0.057205111952571844
-0.22842610388064571
0.025602454255502512
-0.24757266383108026
-0.15201557828994805
-0.1978876943871182
-0.40463183680486914
-0.12419625670267075
-0.052127051746642401
0.023232915756548889
-0.055346248239997287
0.028718572540133314
-0.26491731651621903
-0.050656153671614669
-0.016602068846768046
-0.50461791379983079
-0.0068969831702188952
-0.36804176741593259
-0.29714733033955049
-0.0017164209333945391
-0.20265803151240072
-0.29116608388924481
0.061310099062243918
-0.405752892217566
0.31347591012115555
0.056594673839395794
-0.16211685638968765
0.018654122021758056
-0.17945069757392121
0.086922866982244731
-0.07683203479940412
-0.063486554090787753
-0.69178290260449282
-0.0021347609355342593
0.063567323092533157
-0.31982980387718501
-0.51580257596060797
-0.21067288110835122
-0.43751560277298429
-0.18832999490371119
-0.27377607805792159
-0.44128488641655794
0.15297319406653781
-0.035066169158518755
-0.18116788762012892
0.27401939169372058
-0.16261069883417248
0.066918412974829922
0.070057301943090011
0.025940405550109603
0.042313324430833098
0.16222530281314851
-0.10542182073282728
-0.17073569279433035
-0.082928372546401077
0.25813726557332156
-0.10539080328579525
0.13107330471828513
0.15205765869873647
-0.082126909048154631
-0.011739510088121085
0.12386614678515714
-0.2567642677872406
-0.17468501626008065
-0.11606699684415393
-0.22534500162131391
-0.32734744555246897
-0.36403019224945421
0.17038729660759305
-0.090875877579988967
0.1032784023321945
0.15132554659382982
-0.13129653318602427
0.29091193378512054
-0.14398177805260723
-0.23325521724823303
-0.046326838821548678
0.30339294896202051
0.092303372036414588
-0.317900197974605
0.043995106155027122
-0.02810926213360725
0.14946342108470015
-0.23143337831783667
0.13360052955448226
-0.17941325429367758
-0.066633017062759536
-0.20599072105283942
-0.028379382031368194
-0.42155860753632696
-0.45733800090978166
0.29318749526243204
-0.08828945418513745
0.063988624006473621
0.24581918561467217
0.033148561825172611
0.017789257255918924
0.19384384398274879
-0.23602818380104229
-0.31383835149131573
-0.38194745780257927
-0.15743005881069957
0.088572166087245524
-0.3726425257978665
-0.44352438995475052
-0.060514168706951463
-0.032646148409246109
-0.070886242984738168
0.22039047292832578
-0.20131844496038828
-0.18487251167277388
-0.19690379814067818
0.084428633748724766
0.12009093056377346
-0.10541811502157032
0.035240080235818226
0.088591846836448662
0.05861775092592475
0.070342420125122332
0.14419405819839543
-0.49246504194876572
0.085920885768771715
-0.14135550412425144
0.22149034145112387
0.096885877055483488
0.11406328824277494
0.21491958941528078
-0.270956527797375
-0.0087758678048006789
0.36057901517124402
0.026995938781900358
0.030692403669139001
0.2228130718429964
-0.23716309865412463
-0.052890476224775489
0.030105986020738877
0.16447258526586295
-0.11214417350840006
-0.083968149619155302
-0.02921347530315355
0.060847358191000622
0.28429650401963985
0.37157352178289793
0.32473398590251945
-0.14037552629353051
-0.076534349950176411
-0.25550003118715114
-0.13682455363526946
0.299016157267192
0.13038951422052147
0.3708227463589634
-0.1889445170096048
-0.31447634259992491
0.12930005960361263
-0.001201316095818455
0.12606066528987875
0.05178917788104543
-0.001461362515875735
0.1886466488257921
-0.055264578240169976
0.42068602226116347
0.28196804820531779
0.081798679743595532
0.034682661071260883
0.35950771648434049
-0.061927498581280382
-0.032236545506325834
0.13282683037099105
0.1097597044532833
0.29003420255038076
0.18833526263808692
-0.024285234408086231
0.18216949058345158
0.30940843991288319
0.21413537652592868
0.0030614722370138174
0.45728064494222598
0.080622708243035635
0.16419716521261546
0.32671773520330993
0.33895784045751631
0.3583654418297707
0.28922495080961608
0.17611674637930869
0.24203370447141023
0.3382065852541884
0.20133328581699195
0.10542105805689905
0.31150366219946019
-0.072589651425850957
0.069248609707331862
0.062731629950101037
0.58039655429300308
-0.14956313474443023
0.44630250105596769
0.27145023478668628
0.33532664010890584
0.18213878713640244
0.24172186683083469
0.24765943706663773
0.17804642168217596
-0.0052317006970714298
0.23205722562075257
0.060498169984588915
-0.1197731605149619
-0.084552375308660041
0.18420171226953352
0.36732976005853135
-0.080696796395191547
0.33983019374217938
0.14316864256456471
0.29485763932008247
0.066433994116728401
0.09320467901859017
0.31495501484103572
0.035624240148461786
0.1376049804057195
0.52421605841401964
0.46766041146063059
0.31959776374084414
0.093056181333822693
-0.12330476374562725
0.11223739513296173
0.34239218312030445
0.12158136179831916
0.32914562609287101
-0.021166537484467951
0.23764678752033358
0.44702129444082506
0.48298007965962125
0.24215919325641599
0.23863421764008538
0.39247497863446523
0.43116265137411852
0.41392300529814091
0.062634535151375501
0.47216922452623855
0.16085669349132331
0.2724800905607635
0.0704975241739903
0.12521483991124252
0.22928548457771608
0.28511125632205314
0.61765832573676915
0.32804320452233809
0.35131070458799768
0.49428367408679041
0.20774187643366041
0.11372748077554144
0.040442868593400592
0.20728904065807521
0.42550531527788232
0.18589096846373279
0.36705244736068765
0.35514988225683275
0.50211333114242185
0.1369267297389149
0.14536463934047275
0.13377784224795269
0.00053781373186589053
0.32712906017613069
0.18120499218184696
0.3800012950149218
-0.2010115305655481
0.66605370558520449
0.72298403099303588
0.23347742537628929
0.43753250844916425
0.36527870416319708
0.26144521465114323
0.3134627924216255
0.52626705268769536
0.26778978931050507
0.40093885397057644
-0.058510689846732217
0.10184259194908624
0.47019155074363594
0.37169016684170836
0.23980458219330028
0.38681671652054639
0.66387496910234245
0.40570221806795131
0.69664578221730844
0.23284942695264713
0.30474330367411567
0.48692864502255462
0.74375609657367037
0.24948758856675843
0.37930376210735722
0.35379164525897172
0.33568494766797746
0.29869236863321613
0.57528039769716677
0.14370556777098897
0.6092491054443101
0.45898150383701952
0.40154537853382094
0.57247890288276237
0.25453352209293045
0.26372561694852681
0.4574772014925319
0.52683959598515473
0.30554745469409478
0.52430359676986127
0.33734667285829795
0.53294990170436185
0.46977855776161725
0.60044411565374467
0.31959465233811707
0.56526769290760981
0.29482068569609993
0.2387541954657936
0.40772018593902831
0.13804293181937907
0.73528188037881392
0.36316551217553489
0.12195071962692318
0.64649026924170849
0.4181826937791695
0.2829447318447959
0.31872209175607835
0.5664239098292011
0.50008815846503141
0.40311907765346539
0.64683871965328632
0.60194669516375188
0.56681027232951986
0.45009010810693306
0.084144717577939787
0.31229879332810911
0.69414874295059947
0.29484560853216601
0.29707106635038649
0.50554592276141141
0.27878649955341245
0.40587134668494684
0.6113957719103289
0.20312900003919515
0.55187505613131038
0.60789318460859709
0.57809035078521476
0.54127259989863152
0.52312521291836978
0.29415968157813233
0.52204589636922305
0.66084135857676829
0.32101620260221053
0.40458503670808471
0.7337417346491778
0.47577383121375971
0.62142061726660736
0.59301661059194255
0.7969206662542524
0.75175473387710146
0.55913671625734651
0.28424151464257902
0.70965896058691624
0.37891184736952793
0.35931946385623348
0.6161068075990781
0.22323716996827259
0.39241945152701718
0.22817272824651083
0.42416807239463689
0.44150126387828476
0.47737452518342233
0.38626332766224869
0.69623592634349396
0.42566679921717171
0.42312729796057597
0.38702242554444288
0.14178506386780923
0.44841296608138359
0.80091548984395289
0.75233432323814942
0.5307368836041263
0.51654279432708827
0.84545020839342333
0.86748735170967095
0.3505221976988559
0.49309761034962224
0.67827257091226312
0.31629783753731705
0.4173146831900133
1.0427578338450965
0.76098929344103805
0.7813430887190812
0.64343106832161723
0.40703842280201941
0.5725049451306542
0.47149415573240611
0.74721675920264596
0.77605608198976206
0.36483166368529268
0.67551554951801496
0.35427988204370547
0.3924802436136991
0.52669814341675114
1.0465952082076768
0.77728501342606748
0.27970942443782998
0.92363994711277597
0.83827870191564613
0.72181539214213664
0.53239955365902025
0.46745999987423292
0.64831094999674321
0.67706380358213614
0.44395426818956413
0.25347072417524369
0.47773728448167796
0.88927319105313063
0.67826889478436847
0.83691023101849771
0.74848150045571649
0.64515104503467691
0.37563382283884605
0.90547629631006732
0.26927109237228347
0.59803708091303964
0.50199187156082015
0.61039542147210979
0.80635539145038682
0.62023598518477918
0.83130477925026691
0.8051806164504407
1.0426631851759676
0.77096589392303883
0.62541617983810693
0.25062615963757479
0.82292384174139566
0.76261487117792259
0.65815960875564605
0.61819439659743325
0.51108657874038577
0.80038614924076912
0.67160477340738511
0.86983277586974972
0.97514995802624116
0.58151869411749735
0.64190325245821978
0.70716565266859832
0.67252994950869016
0.76237843279124662
0.65685678389097724
0.65177373368114067
0.64860217462281811
0.66422340627081145
0.65987162594099658
0.54059761482444602
0.71180798808001189
0.80077097294449939
0.64195274042451811
0.54690685713811338
0.81668586087684303
0.80754059148058488
1.0156171436713979
0.61871046945172126
0.42097957133661218
0.49097819078147897
0.58293303490309734
0.58721479715754632
0.69177406879408243
0.19726744247318975
0.8497400306817382
0.58706192112016564
0.75809800194878796
0.5755129486793944
0.97852603567560303
0.82063545108264335
0.55339409047234644
0.50712749862000062
0.65047806963881727
0.64182195593019387
0.72983427286435032
0.56503433853922946
0.48765895964878803
0.89137266849274566
1.0150276335101422
0.83725856570260748
0.90256817183536497
0.5329964281314743
0.88872952410482886
0.78399021063488472
0.86484682727498163
0.73418353056135066
0.84670398787506951
0.83981016712006162
0.95776466496046675
0.69016350628737544
0.92800744388568901
0.74629948119902634
0.98875275727628276
0.40078788641609253
0.6818316088302
0.46653238993435209
0.5359657527526327
0.82810557978594013
0.7996859886823916
1.0043259453192144
0.90353970030797393
1.0454348542727212
0.92349517776137047
0.62656368052280142
0.64439386272830435
0.65559819570691202
1.0684466590834694
0.97067105934247166
1.0454270683344051
0.44559528037444668
0.93607448356903022
0.93698514908427055
0.81869934055997151
1.0724735550956226
0.93423128475301587
0.69788164976533573
0.70413959752081534
0.86721014943020158
1.2218088190808876
0.69742191933262965
0.70686053347826761
0.74204759581778201
0.81142384258415245
0.67330685396815548
0.67070243280680708
0.87591235255159494
0.434687000793268
0.70365618448767486
0.62845873632233062
0.97013897299475116
0.80007351859764464
0.83568851707250225
0.78750718658787877
0.47772247940629231
0.80926836899979449
0.97413054833276325
1.0170609708063687
1.155186243787182
0.80188887317781321
1.122479671503948
0.9537354308556466
0.48339001326405739
1.0030563991584625
1.0268500489727668
1.0551128981735409
0.74034548050383153
0.89446981688343263
0.93272343541748004
0.77469927390791959
0.76557663693865963
0.66056389072000599
0.81474555484579791
1.2663998091079089
0.79751572632202405
0.76079762089839964
0.71448533571808748
0.94462066132884737
0.49594245156768801
0.97126695532827378
1.3917291937785057
0.9873077539787376
0.94169883667574006
1.1674322102226171
0.90958244617379425
0.69752804172807159
0.63928571921547517
0.97309710487280987
1.1493858058091588
1.3029652749527916
0.78438132946717221
0.73828690526474305
0.70516462379838218
1.0085639125915016
0.68127216452097172
0.86780217868272447
0.75606765189591718
0.67744044453675523
0.86299733435811665
0.90250172648790605
0.95073287212936008
0.92088738879697118
1.025596924899919
0.98339092383167492
0.80526359205015063
1.0818155861952785
0.82205514107873545
1.247815682753004
0.7715708870617547
1.0986243543022762
0.67059966200189081
0.98561341746057418
0.9707096789634192
0.69367452208903568
1.0912347382110934
0.82955983122239974
0.86905188330224548
1.1031258684226966
0.83943520709125397
1.246727055043964
0.89170749458882181
0.62203288141715107
