-0.53017413696207583
-0.88158572567540883
-1.2587341134419436
-1.2088606509966979
-0.92313090929733199
-1.4212965386463865
-0.95044955647206208
-0.7930871663376714
-1.0560034835287597
-1.071939173581649
-1.0252380273826924
-1.1620331196626092
-1.0893096787285077
-1.0607577760216065
-1.2368798457618875
-1.0093978619175141
-1.0749565351879118
-0.90231552283416117
-0.84645475285128935
-0.58278799490645117
-0.8077061415228074
-1.0365497360900666
-0.8137948187767533
-0.75950405896588447
-0.96418704659582488
-0.93634358304691978
-1.0696289239312504
-1.2183614936427778
-0.74162506071227807
-0.61705743071419017
-0.65458693172250293
-0.89708729368622397
-1.1997398177483878
-1.0095498456093965
-1.3231307685159022
-1.2004244750288993
-1.0750139343477252
-0.76307672419254191
-0.81760926342212814
-0.82659620422699198
-0.93354049046555276
-0.72573526670646116
-0.77905782927884171
-1.0065165223524777
-1.1761747033767012
-0.61917809248612465
-0.62632487327292219
-1.0288683564271415
-1.0347395858576438
-0.95977084656285239
-0.8696746100953241
-1.0191087315515546
-0.7413709532181153
-0.85693418245170994
-0.83083000711376376
-0.71602192576775536
-1.0162564068799509
-1.0062339362404669
-1.0377409636469914
-0.67523681351836917
-0.86367521016991811
-0.91573546392800986
-1.0960477860383278
-1.0014897410976011
-1.1085230708978033
-1.0579284923475991
-0.74119646975154718
-1.1249685503720346
-1.0937337897657373
-0.70878023256021816
-0.68860047400501068
-0.67163753103665658
-0.79023727983845005
-0.96997628513484679
-0.9304104707311367
-0.82079093164312067
-1.0478978235359258
-0.84907163399101848
-0.52163592999823682
-0.82878945472484655
-0.93715127797773257
-0.70774104171307461
-1.0950045066569536
-0.86685912128407483
-0.97963435056639636
-1.2339256801388661
-0.75455823886601281
-0.62220068004358364
-0.72194056716824395
-0.92845369613641193
-1.1636927769677847
-1.044018907997786
-1.1018343014898091
-0.59984747926230375
-0.68555535523009292
-0.90902137951543494
-0.87337058552775482
-1.0962603427892943
-0.61222049982772919
-0.62321807741161706
-0.86858049505858337
-0.46328715217932309
-1.1044050090081414
-0.73077550961019455
-0.82394319502568669
-0.70765250689123904
-0.70419925761870628
-0.7763820473120342
-0.52014304650750154
-0.73422622274113836
-1.0444144150940242
-0.77725467623843958
-0.85521127800197982
-1.0313772272906145
-0.73560632130097947
-0.92401837793633923
-0.62327135208230111
-0.49753730785030137
-0.66968920704343748
-0.58570254463202309
-0.72130359825236978
-0.71813178807668487
-0.77295949156393318
-0.67178251297030256
-0.82533608290211358
-0.8316412780726915
-0.6631218056337379
-0.76024588899309631
-0.96008834148635069
-0.60441945438509626
-0.53096414884448917
-0.49332991871523169
-0.64648151095766615
-0.71351001949618476
-0.93414410776516876
-0.79139123928704702
-0.61435762471643418
-0.20533065763356875
-0.64443254360923385
-0.75418954303598307
-0.66263103444746085
-0.53464106364710495
-0.47741814598199078
-0.47449761766794918
-0.47793541268228068
-0.53993227601249283
-0.59687558802187812
-0.89332879218085182
-0.84616415308349191
-0.5268815302235399
-0.88379434493185893
-1.0156760281564019
-0.61837221945563747
-0.32547305168193075
-0.56972022419125135
-0.58338589201892366
-0.46620883549713171
-0.37523203027984864
-0.47834146896572599
-0.74270994968006365
-0.73850230714609622
-1.1314704562311757
-0.81172115424938285
-0.89494704333252351
-0.65331266185073433
-0.81162319023754492
-0.61874971907590182
-0.98996623304008957
-0.88003473633291407
-0.50388591951037265
-0.62639577934605029
-0.59220148544448881
-0.5830806228548715
-0.49981768998928483
-0.52561365619717115
-0.72082163848499015
-0.67432843500363748
-0.50745767398134833
-0.84108933258846386
-0.42328505772406372
-0.38405282802216489
-0.78825473928744538
-0.51556144257534153
-0.81474502553177297
-0.37278264955718815
-0.39335353364406395
-0.82967810586408441
-0.32254533440229716
-0.40032679862422599
-0.5852999772555677
-0.72533330767191517
-0.61893271982457743
-0.82094316094307151
-0.43514901835267195
-0.68340487838959352
-0.48642708741958324
-0.57782517867060268
-0.84390474989363418
-0.90827939233396648
-0.69786818651217919
-0.78252321209768883
-0.60819968433331084
-0.75237815652139262
-0.45609081062871232
-0.4450696465240136
-0.5271541128526106
-0.80702032257703193
-0.78867703005766754
-0.4686315294570681
-0.59680033009499422
-0.49520223608327762
-1.1811899207582859
-0.38237392434967288
-0.82857000287656624
-0.33073669392018362
-0.48628069214950953
-0.76227405959252448
-0.3569819939864774
-0.27287723365306887
-0.41671970329970187
-0.62864815554057507
-0.62247535406330545
-0.53910955381695558
-0.49993428217007696
-0.55308629523640551
-0.6207024469680027
-0.37000809617882779
-0.53574694701479009
-0.65932845830493625
-0.47732160557932651
0.036231351229620921
-0.50068729238283094
-0.30340199380700994
-0.73922439653325878
-0.49178469791680751
-0.42711617753778042
-0.44227016004380665
-0.84766057695043773
-0.48206520309970075
-0.55792517040252221
-0.41854117913329869
-0.35947532923322617
-0.71602606884159659
-0.88388787582626205
-0.54034841331829209
-0.64594408807450243
-0.66622087606173819
-1.1417623068360596
-0.45570850972137211
-0.570742501320188
-0.39434680029204056
-0.54038422913569317
-0.80273409544741781
-0.58414782051216962
-0.45361226451905895
-0.43714254036448963
-0.76906181883808877
-0.53152630705683035
-0.91099728456094609
-0.6523067216812839
-0.5000888982995354
-0.4010090546013968
-0.20385797937826361
-0.59050070262124787
-0.71592394726240238
-0.38659669503118516
-0.64187424974198715
-1.1552697353479688
-0.50726691066482077
-0.41922690502009652
-0.58172103680825549
-0.42284840597962531
-0.54101175423334624
-0.34300503393505422
-0.56336404752472224
-0.52798512576451173
-0.13756775555662762
-0.69122259382739137
-0.54815434843953048
-0.37704274125662207
-0.55686675907611116
-0.015601812932534488
-0.20153120704455715
-0.40225156500811693
-0.20566258466697196
-0.37465670233211712
-0.12253570228700709
-0.11027447868929117
-0.30426093132635007
-0.2292665031326675
-0.2018288834818491
-0.15220169021670163
-0.1646092542804718
-0.22903545545740697
-0.39326808135318692
0.062853184895520942
-0.69091699933804662
-0.12459252658102721
-0.40591972448745306
-0.17789329945551718
-0.48932587912892883
-0.26487282239546939
-0.27874228685071256
-0.55596153568883633
-0.51347902076466323
-0.074510441022725998
-0.48512620753074065
-0.1341661096265781
-0.51242544638578746
-0.20685745913806852
-0.10648710019157372
-0.40217958923531016
-0.30615371821317089
0.064242818947658972
-0.23713929670856007
-0.37821764573535077
-0.51111911199071558
-0.2401446147057941
-0.50139508795543375
-0.20299607481327336
-0.10420709185037606
-0.13619538010315868
-0.39522343138876165
-0.54592624966598502
-0.36240114839772902
-0.32629686729515617
-0.15182014826189635
-0.42567638888659193
-0.15464653307874091
-0.2433584313163317
-0.30070499653214933
-0.23187290699053723
-0.39076920284617839
-0.40427190915467859
-0.3265033950681227
-0.36029182955573469
-0.45826435186558329
-0.16254713545028021
-0.40133577961886419
-0.53590431571028219
-0.29675596124319548
-0.31173602198523126
-0.14135802648543372
-0.47898747416912008
-0.68881513353712076
-0.31718682371426121
-0.3706075029992526
-0.20483010453711284
-0.28874837257452884
-0.3485681888806122
-0.39096810355003803
-0.44235570903798216
-0.58741052170477825
-0.37234692615727238
-0.060219597698393294
-0.3222955317457607
-0.074160808927759989
-0.41758284586143785
-0.53551832530616017
-0.48188273470185244
-0.49437890002579737
-0.4033492107539407
-0.38893971425530349
-0.62339220607214119
-0.19237134956092977
-0.87821235033533884
-0.24945571825137766
-0.28313720982980678
-0.44110611737982702
-0.049371348897318
-0.48114999785719115
-0.22718409786237978
0.03246994139456319
-0.036072241837446277
-0.36819337873874802
0.074339502439523766
-0.41288702635787461
0.14884835212692879
-0.08368555972833179
-0.3080960542724594
-0.44354858480184467
-0.36903617552805251
0.008038216745926155
-0.27899917503794552
-0.5077393480165201
-0.018159482654906082
-0.22913452694350708
-0.36418933219337846
0.067481609842380136
0.022188150141866786
0.13115276339039325
-0.16118646408543807
-0.29227255181548745
-0.71348313528577367
-0.16596095505596362
-0.082581340692344476
-0.36507465747411205
-0.20862573574030283
-0.43252801746609565
-0.027508845077711654
-0.15629732632236473
-0.10021619177454749
-0.32969569232875207
-0.13950921432677799
0.16679344161599063
-0.28765776059979503
-0.29428197118195798
-0.2419957616244475
-0.38467032462434253
-0.11498216136142676
0.093772458699287187
-0.68817426053901187
-0.26789713875357773
0.21515482609980799
-0.42010199704660711
-0.32114515339971711
-0.038319476911606878
-0.052662799646968135
-0.26298738485566187
-0.31061585330575742
0.35374256596182369
-0.43922353661875319
-0.2993529975394712
0.11403147304519555
-0.20733081202540007
-0.16688531646133647
-0.14648341077661398
-0.54707634909189806
0.046038979524380796
-0.15467524663418025
0.023342447384837421
-0.27136236375488382
-0.40072885252911733
-0.15620939408472881
0.41082268258912569
-0.050026935181712681
-0.12082346540102094
-0.46041032414588134
-0.22637171470987971
-0.16597606279082613
-0.31771901306624617
-0.017668541095336623
-0.11915376177884347
-0.38632467351770672
-0.080562860826773552
-0.070500968741464345
-0.3040327036480221
-0.39754377492656678
-0.083112379726930724
-0.40523022008951415
0.034041898815360433
-0.068893667462314123
0.10153849849070783
-0.32101099508197389
-0.091781663107459222
-0.045420759753573604
-0.29444244653719054
-0.3655451599224539
-0.23143961342246167
0.12869961351643713
-0.1866574419328374
0.089943951722321419
-0.15939336244786054
-0.35287771657927891
0.15431961503703262
-0.17050636447937187
-0.2118184484065376
-0.066304998235577409
0.036244045820788835
-0.041935435708131789
-0.1757487331677198
-0.07611662280658614
0.15024382016569923
-0.40584085590275654
-0.22176754260154727
-0.28692732758429784
-0.16454356177725651
-0.32121647398588449
-0.016464064270934504
-0.09712728127612151
-0.16768812243230491
0.011201622006150892
0.1014860949109871
0.26953328389192327
-0.055453951550514274
-0.24637664866101613
-0.29559652671482251
-0.13190966702051801
0.024772060262067314
0.023928493937253787
0.123468090994053
-0.20131026907089461
0.098293831581853189
0.020266053316883147
0.25762148055008055
-0.17924342728577544
-0.0043139418921692065
-0.032295600632375888
0.18358820637246184
-0.29728098151559107
0.088939606126668819
0.36616650850182503
-0.27055883600087038
-0.1968137695992786
-0.016480443894131634
-0.30321710207488106
-0.19436420016996958
0.17426805732562942
0.30372510608551428
0.065774694954904941
-0.022646921453507836
0.29860386331891781
-0.26677096699259967
-0.16373090136310928
0.20688932364168763
-0.11911204212197331
0.089188526938322174
-0.049040671321966198
0.12469084712919741
-0.13913919037325553
0.10961655847428163
0.25201093963799809
-0.14721037790495017
0.23271991429740091
0.074036647203077524
-0.18068198834951482
0.0057804933434877047
0.19338520177851271
-0.012942573824284657
-0.15538725585769428
-0.10092454672514371
0.25807717315301848
-0.17534829950299821
-0.13655578047206771
0.020523310347058267
0.24456949448397367
0.22761245645683728
-0.15810009744395057
0.24074362554977816
0.054499460416454676
-0.0047265729334793139
0.27252246809362313
0.11024832800575084
-0.065161853810726075
-0.20265480041120276
0.24689167844871196
0.13253954549124319
0.36883975831179466
-0.21320661287599674
0.067082116831715333
0.21010585815942243
0.20638180386301583
0.10739251608924956
0.096466109768094693
0.37474544868001319
0.17309819342981431
0.38356370528409794
-0.0083606852348472593
0.11966775994897966
0.23383876819978883
0.1010049676490956
0.030651505281187472
0.073822135255849311
0.22731767117213847
-0.023220455944772046
0.18301308597807472
-0.089861341811269285
0.066119730050880329
0.08987723815451347
0.4454396413647676
0.43489134070213575
-0.23153255445489113
0.10415017342076233
0.038835304400118148
0.096637931167141741
-0.23183955881374571
0.19543883832784095
-0.058251408664725036
0.14660818433436679
0.22815620618471069
0.32656050731304759
-0.089176736162218342
0.32155213640670038
0.41671582442858351
0.12104952280752455
0.14193526368435933
0.11850648439437075
0.066350483805262414
0.34941792355725709
0.39652535669735106
0.29041328438963865
0.38311798109109818
0.18751124094656535
0.10685767188981814
0.38296360691022108
-0.32007057112548964
0.1386297771110834
0.22794203458334369
-0.19640101003326529
0.027908180282026351
0.56471757401358369
0.37915910948352349
-0.06868501977404326
0.55469904950159643
0.079284635322013242
-0.18008430222315702
-0.041064464109919173
-0.0097749829787599982
0.048036114838339403
0.25374202323524564
0.57068819631509493
0.11931655020525196
0.26047131293891346
0.26891869265030277
-0.13210453791579679
0.40889135305562646
-0.002338348046440585
0.2158103286123714
0.28144733945249906
0.53559881903886575
0.28010763509032582
0.20883713213492411
0.49155324962436797
0.38715486260687493
0.58244559546546526
0.26664003048982354
0.19555745394631083
0.21348111766890335
0.03282607838297931
-0.0033671007121680884
0.69601235975722098
0.13606975801599813
0.35366070540733013
0.59502173914439638
0.28588709360074571
0.53541690398512698
0.42878804151244471
0.22718156099571371
0.49040909511773401
0.32631458643467864
0.40079959546816429
0.14356761285077185
0.51620437516515416
0.62667040672148966
0.48373195730058938
0.3964379043707788
0.27973279931221445
0.2663395023220379
0.55324057900583445
0.43452060436371576
0.64683466761394393
0.3477560979396524
0.34229470120042799
0.31068506545104879
0.16122008390082554
0.21885632396842714
0.17153785243053063
0.15956213091504315
-0.068732949888936815
0.52928931896210696
0.55896655600147405
0.42135517245010928
0.52000842318865426
0.42977443754120359
0.48735641619054204
0.4318323210981192
0.36711997444727784
0.20068356618175356
0.47969661351807913
0.26207719302899901
0.20609365378590369
0.78513393410140053
0.61337656399400053
0.68024932661338267
0.2878557679169963
0.46446119393720853
-0.035655132908765444
0.23366394719808342
0.30620653255260577
0.2291660988239741
0.10046741790184674
0.38696258084307394
0.35592183854662568
0.34937845137439211
0.38748287393821379
0.6427085206177755
0.2686458747940344
0.10430672850624753
0.14625068602035352
0.32057718088657405
0.30678827682739407
0.29171569003187758
0.17351899523437711
0.22037038574700044
0.4903846035552657
0.016501748989954615
0.22997458396160148
0.50285655757711423
0.50574066083370883
0.20105359535648895
0.39491060525935068
0.28503357534866269
0.086105793460391378
0.46238818529612669
0.44946006330082278
0.5753783567597669
0.45704978468647045
0.23599101166675332
0.5172325947095433
0.056259247973281093
0.29959276737032586
0.49891289557634211
0.30641453707861416
0.54811573245570688
0.30965525734236388
0.41980146044979777
0.46584249356941132
0.4787427532247856
0.52118918866315767
0.45249470072942843
0.80112648407011189
0.5428215630228389
0.70019454938213777
0.56857210641287459
0.3677556659813126
0.20313363388842048
0.53177509833232617
0.39127835248493908
0.62777365211549918
0.35555639716181209
0.38110900114031415
0.40418495093382678
0.4866955362369611
0.33958775018773696
0.38259326049185116
0.63391987404626693
0.49208965398269533
0.46897303428935677
0.27166808701842904
0.6087753867390896
0.56370197637756947
0.20808826736324496
0.53291518774696378
0.23254851198404447
0.54440194753540949
0.18033573452520302
0.6021303423172184
0.698949090601653
0.47781874628520954
0.89172841392834257
0.42200915021598201
0.25794602332343963
0.49999952678392789
0.41547313959066451
0.12555118145356964
1.0391914898323691
0.53504072826837035
0.5562967998467363
0.85232061757994293
0.93584995931472359
0.50669485409131365
0.26723005012017098
0.60885433236306663
0.60194168332874554
0.22588038166312452
0.52491311885809644
0.84422683063229109
0.29470002369687548
0.54484661431774573
0.49777149489652406
0.58143755959789978
0.70712792746316366
0.18963036501754801
0.64968786975249893
0.71573454261409697
0.16228032499223308
0.56229140926361643
0.48148300094710211
0.69244558930937994
0.46737965389327685
0.46030707752805111
0.28788176283060879
0.32234009185173224
0.77361450522130892
0.92117568470738542
0.51649543903766237
0.80407874667898871
0.092950972299579354
0.60149893640139929
0.60665145009279819
0.40225528598973564
0.58874846123566527
0.49995351290355866
0.64970421437514358
0.64439288640103209
0.66854076205276691
0.53775741004189148
0.9287482030656995
0.9031119629330584
0.67229805086335337
0.55728538741788791
0.56078081161262272
0.91615368072163816
0.58098574332114838
0.82297689324602874
0.85657515066564427
0.49200028654468714
0.70015206031947086
0.11898350525481331
0.73246278623487682
0.62274799549781046
0.87547021828600124
0.90407500241132388
0.60026892430788104
0.90788218338366966
0.51306365181843139
0.53112786723831251
0.59025746355776076
0.63611941904868474
1.049180853680447
0.61014974730856497
0.73588967176219555
0.69052696640799505
0.75698182085310695
0.58115287518040071
0.51018222771560662
0.39614063256081677
0.65271106885532126
0.87898615780792499
0.77869525252747496
0.32217482846450413
0.30170826800671402
0.81570093328545235
0.69503543013856672
1.1048624898234309
0.59628667240457467
0.73706163536030855
0.79918810482684277
0.83683262415673809
0.4765388395366375
0.804634549080529
0.73784759928991861
0.44241516846208229
0.96698230256218898
0.81878199500012672
0.56989534009828358
0.59101389731392084
0.9773696249806435
0.72303431339443125
0.56920720458457419
0.75352224181977845
0.90740540157418415
0.95848701626938493
0.53316096705198679
0.50683923937421982
0.59820499325646903
0.72010820062102654
0.63919264634100381
0.95488034151272472
0.86085909754271916
0.84988413185330458
0.91762241581768023
0.66619804509393421
0.96673553625500985
0.94664477302906791
0.66467714809989775
0.81425866681418257
1.0718004903621805
0.76481811153983648
0.72926131002295047
0.85509230729458685
0.60337208027674505
0.82186818790195681
0.68412521312814445
0.73043517512931189
0.83312969531011116
0.70919322442876587
0.65566691021111145
0.91659577275548931
0.93664215929243277
0.6152660988630404
0.99336204200315015
0.86955340849049345
0.49407984683556111
0.56814609688834117
0.67701379234154035
0.50545933052374681
0.85812278142236387
0.69461186273978248
0.60753223888297192
0.6680522243620437
0.88119973558069975
0.68785555126062026
0.66396344747087255
0.43330707769816434
0.83269799016927981
0.84933495630695144
0.73857184599419545
0.86234637850425411
0.73736942633960723
1.0002983857399932
1.0594413749539096
0.97129001382201541
0.7828222248329646
0.77318215013907832
0.94598150242386803
0.55932126593739906
0.7256360701034994
1.0147956541502527
0.72685053386181586
1.0263207309157465
0.94093662823320579
0.90052975159501936
1.1094957490350241
0.82800951100978426
1.0707222725672698
0.93434329575338515
0.83076627295990635
1.1890468015542901
0.76230463492292655
0.88443811490133806
0.67555999585385262
0.68067244847753394
1.3396898200074345
0.73947482512488472
0.49306390535350103
0.3067282166677972
0.80018771637833952
0.97305795165358222
0.82251520909588194
0.71459866979830999
0.8976484255787045
0.95363240840071029
0.78835728482606637
1.0080580595469968
0.81413199552437987
0.67816885916614356
1.042491961304544
0.88418935273617894
1.0790672656416733
1.1550467647907527
0.93752713295711032
0.93815762952285042
0.72944154422075169
1.0071517072333482
0.71921884986872209
0.908262045845457
1.0736079755578805
0.86440409885862524
1.1930849868799822
0.94659026688061987
0.90576390257478157
0.67709449788032317
0.79172889923925693
0.9722451732711892
0.58570240166323695
1.0109952514721576
0.83425157844772035
0.84914361288569307
0.77899487867520645
0.86144053537724807
0.88581391670196263
0.9711183280123018
0.90628305715121271
0.88720106853098801
0.86890659859143093
0.92721385700008008
0.86785537253046896
0.94866358570917841
0.80112680373792911
1.086346821900517
0.95292711887198023
0.73544677527412283
0.88905672169556915
0.98947066610034762
1.2590666738512981
0.97730482357419035
1.1733050952629176
0.92840133820411275
0.99739145720555988
0.94173727307707122
0.9259634942564311
0.81727257477306681
0.94901009441142181
0.64501725798000453
0.62558205398231881
1.193397215626659
0.91619266331899474
1.141430175514685
0.60406085455138991
0.69238868780826834
0.84410968460757774
0.94937354242531824
1.1744076284171605
1.1293369577422672
0.93135021027435494
1.1513715858419249
1.1106954310920798
1.4978745115449805
0.68101570929524513
