-0.54719290147179567
-0.87986079196142875
-1.2644174735980471
-1.1945096683723839
-0.90704172611519573
-1.4161627406441963
-0.96420711973144391
-0.77040180721932339
-1.0615681546594358
-1.0755350070437448
-1.0304441686718804
-1.1678008025402404
-1.0932350899094512
-1.0530761971873801
-1.2363169095103597
-1.013657017283456
-1.0489308621486795
-0.90853599833652299
-0.84530098776184226
-0.59240806255718492
-0.80288478437438393
-1.0526838452583835
-0.79533032415410143
-0.73585133449654971
-0.9568925938391758
-0.92426624846879046
-1.0586149908107847
-1.2165375325211216
-0.75420043189803343
-0.59724708905890045
-0.65708666811667071
-0.90375260869460072
-1.2185369895124269
-0.99602273614156756
-1.3197656372472037
-1.1804395207227871
-1.0608518370948179
-0.74642149713997163
-0.80481442291830085
-0.84624155823376979
-0.91837011578389161
-0.74669070204891552
-0.76601124847744118
-0.99265760304068573
-1.1691008402661389
-0.6113943143653745
-0.62163816789726856
-1.0201257206837082
-1.0094984034619401
-0.94481886815784422
-0.86496606397684217
-1.0125559234237644
-0.7362497685386068
-0.84010334390954766
-0.83274938558241229
-0.71242592879031963
-1.0208477230786031
-1.0121874801926314
-1.0366953726023596
-0.67917980004417899
-0.87657007209084326
-0.91233032191559815
-1.0879641918665341
-0.98352713069583775
-1.1103979527975434
-1.0610223947126227
-0.74702916946146281
-1.1128552135973868
-1.1093301922295014
-0.71255808638375173
-0.66601286609456845
-0.67947425521039606
-0.8011887689885373
-0.99010710777684563
-0.94394479565105294
-0.82120856252769769
-1.062750807021775
-0.86304402772791045
-0.50426733425221626
-0.85281933313076641
-0.91578158398218168
-0.713002026310398
-1.0780221855205323
-0.87132313250076099
-0.97711204400125928
-1.2407261864764452
-0.75375513564455399
-0.62878941885451012
-0.71141826449741064
-0.93000476893628314
-1.1637984998976172
-1.0409107993503597
-1.0964469586968462
-0.5995148434789288
-0.68475034532220713
-0.88813734221854523
-0.86586396927983633
-1.1011564855327927
-0.61928690610129467
-0.64158339715188251
-0.87474337440337313
-0.48950911299908895
-1.0836838817985046
-0.74429547144281571
-0.81307247017926865
-0.70610758542178331
-0.70803411175533204
-0.79621054811362635
-0.49363989518936224
-0.73764908864848411
-1.0269684792897744
-0.75426009272240857
-0.87375467165892706
-1.0281728113662849
-0.75079223589049193
-0.92767809337213514
-0.62301566691569066
-0.51538720391972581
-0.66363836674142196
-0.57560820931217349
-0.70341955086475727
-0.72236772336310573
-0.76894076730679539
-0.67464027025500606
-0.8382541263947284
-0.82939676183523559
-0.66502317673883005
-0.79637163750358408
-0.97484521512713695
-0.60865036129587513
-0.53910980423177968
-0.5030156518670692
-0.64709969227090181
-0.72712919564551781
-0.95115753586599916
-0.78369927589485144
-0.61163055591917681
-0.18119061281011753
-0.65306076489529596
-0.75057371855679222
-0.65950230236066121
-0.54768639577465539
-0.48544532760543196
-0.46858479417644788
-0.47576130892153351
-0.52806819747441303
-0.59773148925658226
-0.87440999381701778
-0.83476809558554299
-0.52584746483749356
-0.88195713489582483
-1.006989047973218
-0.61142079194023669
-0.35188352935992634
-0.58411287759385111
-0.59208129976916968
-0.47479050585218957
-0.39317718491033693
-0.52970070745276243
-0.73631328090273263
-0.74246374182116059
-1.1346517509946723
-0.83052109244268768
-0.87932458189835605
-0.66300928734938003
-0.81227963811173742
-0.62253583505565901
-0.98138123160979485
-0.86996791402395979
-0.50477766659279855
-0.61132945008546025
-0.59269052965552882
-0.58285851136772293
-0.51114381627863625
-0.56367531311598662
-0.71948241452278572
-0.66605791214164212
-0.52789628539400535
-0.84520098203269589
-0.42897025650349285
-0.38312745647208246
-0.77908231102597347
-0.49901691663535014
-0.83213608036212894
-0.36450284860101856
-0.39858886034649915
-0.82567773657064558
-0.33523363154204155
-0.39185561218413428
-0.57111294047898642
-0.7116229188427422
-0.59968009533998312
-0.80601394853125563
-0.42815053762056321
-0.67107186817928188
-0.49736810115146313
-0.55162957397581891
-0.85534007671649059
-0.89365274762719316
-0.69898433063539944
-0.77762409426735202
-0.6230223779010432
-0.72514842796945045
-0.46940884357136192
-0.46045999560827033
-0.5123466174912652
-0.8078341990754847
-0.81099760005498545
-0.45954681922469165
-0.61964361635391352
-0.50069301651322196
-1.1668500354478557
-0.40647430796934692
-0.81048431723096237
-0.34198380457671329
-0.47125296763417884
-0.74981934541684536
-0.35634614660675062
-0.26480009175170882
-0.3987123928207516
-0.60869271421691806
-0.60746908568843061
-0.55055310508294941
-0.50135215044848047
-0.56579924588548847
-0.61066259620873709
-0.35712466598732401
-0.52524823505745966
-0.65221096071999307
-0.47874007371363908
0.021093752003266516
-0.52336765029845345
-0.30237007207570971
-0.73725152063100685
-0.50048816299927235
-0.4021278110729391
-0.44566582168670799
-0.84816446220154551
-0.50313475643773575
-0.54700663087902257
-0.38009161928190027
-0.35745910621258514
-0.72175189695231468
-0.87423049357952798
-0.53863017352944853
-0.64498523733168112
-0.63524961937124169
-1.1317383041815012
-0.44925005059272405
-0.56106126696485081
-0.38677056683969208
-0.53994186085653006
-0.78747184010733495
-0.57962452508468632
-0.45192822533956234
-0.43686288860288813
-0.77545802635404304
-0.54768603672159133
-0.89773919739093988
-0.65274068046815326
-0.5219075088237104
-0.40912042068140536
-0.20613238636492576
-0.60085857710006529
-0.71674344828260483
-0.3794339130361632
-0.65235703190593253
-1.1472779523793089
-0.53220473716264971
-0.41397202296278435
-0.57342950459629216
-0.39939748222626636
-0.54300729642855405
-0.32648842008164092
-0.56474161724098515
-0.53212449409454021
-0.13095863718469131
-0.69598799486100771
-0.54256876243791452
-0.3947034648650925
-0.56135066707256775
-0.023332076884094582
-0.20925880565840196
-0.41716569184646657
-0.18754261318226184
-0.37644904658091621
-0.10876834139055475
-0.10427743004727077
-0.29850211131140358
-0.23051843725083943
-0.21251924008624964
-0.15994059824088133
-0.17158601240592927
-0.24122586814162167
-0.3834845294117743
0.066074305699701769
-0.66071534314313773
-0.1342036582666257
-0.40064704689278186
-0.17548110962079055
-0.48056171728797792
-0.27435666284327431
-0.27183405559087409
-0.56287672925474397
-0.52557355630255942
-0.062537388196073823
-0.48114096913525528
-0.14854498432147348
-0.49829801618851965
-0.23032796043530976
-0.10105094438171294
-0.38410255723302161
-0.31106095034700437
0.064834460090916701
-0.23850967360194128
-0.3768069045605818
-0.50545035551526329
-0.22003268697577563
-0.48293563184408916
-0.20418277857433931
-0.11752058554281231
-0.13047626730282119
-0.39810536789301593
-0.52985783514448892
-0.34345894646516228
-0.34542442883065716
-0.15568359005945703
-0.42381082556200689
-0.15711470792114207
-0.24641050435640571
-0.29720120977947667
-0.24493285729121428
-0.38757627101197317
-0.4213388422606506
-0.31990285104440608
-0.36059083289147775
-0.46368333641034315
-0.1649038619499027
-0.4147042897927477
-0.5495899258816862
-0.29955164734669243
-0.33509358862825883
-0.14335407232148775
-0.47805175884728768
-0.68813812851658285
-0.30325876922874961
-0.35597171905259134
-0.20148485248369497
-0.28456727200292475
-0.33937589150463626
-0.3785516111017504
-0.43825539602649505
-0.58416625380747222
-0.34726079586063169
-0.082475857847207693
-0.32435997909387226
-0.084150439290311296
-0.42136509955829565
-0.51728952304129483
-0.50142124958608303
-0.49052066041289222
-0.3863342774702902
-0.39283823172730248
-0.62350291811646463
-0.17256782292611422
-0.87965629326770278
-0.25657904824470062
-0.30262577304658905
-0.45764074158949575
-0.036324162858481737
-0.48981202088380443
-0.2357667479327655
0.048274145633475152
-0.017289018959565066
-0.34390270797517297
0.095960859026618925
-0.40835951000052989
0.1493783550798265
-0.10003267645104816
-0.28755897326660551
-0.43262922133828324
-0.35207776711176253
0.021599715298186689
-0.29812469189899832
-0.51125804159432786
-0.018981607095353698
-0.23541904373500652
-0.36701621888686936
0.072460038875873031
0.0053919825179447487
0.15622633034686761
-0.17240804439182239
-0.29920885700290867
-0.70782274942572176
-0.15981925893214058
-0.084997940744841904
-0.36515605502775184
-0.19868304474236576
-0.40424755868949946
-0.036872054421966206
-0.17527193929729815
-0.1253890415219644
-0.35783348626676176
-0.14706099702143069
0.18027817180824152
-0.30914402472889729
-0.30422289665445884
-0.24343849273565538
-0.39013778244251146
-0.10053774190179209
0.079631168777908379
-0.66012153439063959
-0.26407811287680044
0.1911070491877303
-0.40756479096482146
-0.30690764385946495
-0.022004957610878634
-0.035116980223349879
-0.23579179833553379
-0.29044654743554343
0.36697139733533263
-0.44064095500924161
-0.29444855054634556
0.097764690466491097
-0.21143355159949725
-0.16379548553964601
-0.12600302018677409
-0.53246537200926136
0.037213418592168063
-0.11945547493609555
-0.0076175705615160192
-0.26564817731318846
-0.37035642090412091
-0.16183758135581353
0.40747611469849437
-0.025410770866261697
-0.10847955600731066
-0.4797541998273453
-0.22027110535499014
-0.16785057132978393
-0.30993831393476051
-0.022186694217897932
-0.10504881192252137
-0.39322258117203773
-0.070388427759235081
-0.072939944785974542
-0.28579063785409164
-0.38056387556120375
-0.063549565119964166
-0.43689518077999834
0.05995108065555943
-0.066687029241374832
0.089053187626764937
-0.33995400743707432
-0.10031766148047365
-0.039840307170733155
-0.30026753906714571
-0.35639289073859581
-0.24219151542432338
0.12929268764912644
-0.18479556817490964
0.095907471235953792
-0.17103749304052621
-0.35233701389378907
0.15682128440696316
-0.18199542548250711
-0.20853139844900628
-0.083347778322324456
0.021989482505800396
-0.027494636744572361
-0.16258712421400426
-0.058411957585965159
0.17282177092543655
-0.41079047225306281
-0.251419269531515
-0.29174919266963795
-0.16264058104519147
-0.33773511798825501
-0.014706679320762405
-0.084754376656020508
-0.1560383868178245
0.0057850638538227538
0.098212540459880732
0.2778823422632557
-0.052803113389480669
-0.27189716628344507
-0.29219993554983609
-0.1204301392123901
0.009247322474008177
0.05518952117243902
0.11529449732040446
-0.21716059362497175
0.099265157495160156
0.021447054730692101
0.25611746662631352
-0.18636069148333254
-0.0054987140308459326
-0.019418469963742586
0.18955542436057593
-0.29437962532732037
0.087936374066514791
0.37443673497952068
-0.28080810713747484
-0.21105749914828095
-0.025656107939750854
-0.31376777781587234
-0.19810783564771556
0.18473500846252291
0.30822238533556523
0.073954294770853496
-0.011838897611822588
0.29764575859947173
-0.25059755320068294
-0.18361779780954141
0.21341620057647817
-0.13283395925305652
0.075838135911359225
-0.061357557067196956
0.12501341900798918
-0.13750826850913486
0.11977431006622732
0.25531336483370265
-0.12061653458177472
0.24857260310058965
0.060066727911559946
-0.19364194905896151
0.021530710998094088
0.19135046589904559
-0.00011820722501263069
-0.14789162633875846
-0.10453061347543299
0.26092167916859782
-0.18915538810510754
-0.16135248541742739
0.029424751971301729
0.24910764890205139
0.22370493602304173
-0.17281653125142099
0.23718974812683738
0.059924578334917315
-0.039522115709851487
0.26880686626508921
0.14278991806329311
-0.094191702531199933
-0.22424430427433323
0.23656288863571934
0.13268202743616428
0.37781539591893809
-0.2137887638982538
0.07859505858961488
0.21533322624371334
0.21465225266337781
0.10131664363061743
0.10330966818186701
0.38227037879935588
0.19682493974809195
0.38776186789341305
0.00078326100700626096
0.11588583295576735
0.23772938872511173
0.11476601183842554
0.036408046362812682
0.077041785959364395
0.21623784519514991
-0.016066652735835012
0.16128408493243579
-0.10851403287045944
0.046981919395852466
0.095776011925174764
0.46082870737797721
0.43141329856722077
-0.22017074167035405
0.099590303798420085
0.046557597720676039
0.10418681515829549
-0.24565144177804943
0.17971235442397157
-0.065968785036602265
0.15472860895974697
0.22519262055849257
0.33692047457222885
-0.062792165928607674
0.32351811682191356
0.41035535415261098
0.12305258242586611
0.12794735269021873
0.094176906605412281
0.069479794227419872
0.3652016470289175
0.39355239286614835
0.26781375433410121
0.37222344968281568
0.1884769295813036
0.10573798418055798
0.38512048315229624
-0.31218224881398088
0.13173886556481901
0.22531948255152681
-0.20351414859025704
-0.004206311605738919
0.56598830458382277
0.36513858823252709
-0.06167053026994284
0.5337923007224521
0.093388816120089313
-0.19112163722081008
-0.053798059539988202
-0.014419222903149738
0.033457973512251465
0.23462468244378937
0.55436198337354059
0.10670659356850534
0.26787127354521539
0.28435151068285131
-0.14321157007726676
0.4174914066182695
-0.0010142188203144434
0.21806363570207563
0.28129654927067138
0.53326976168402695
0.28184309934370677
0.19274810111560389
0.48632168529529346
0.38817205783916647
0.58016631059820889
0.25835819710735713
0.1770983370550116
0.21373505860632916
0.033192969547059657
0.0048702476967927791
0.70070722530898311
0.15254691955887448
0.38125579651224367
0.57552842499797741
0.2762340659480057
0.54415984392269201
0.43444064287918449
0.24029606556920899
0.48162045048132607
0.36056541847906126
0.42930737172599359
0.14908980089423779
0.49291945635794182
0.62769944606217232
0.50397749665039926
0.40261202322391798
0.26395292797458164
0.27116497206978618
0.56618389534522306
0.43686971719619533
0.64939869290227847
0.31987461149237773
0.34141438470555907
0.32334309217761931
0.18337639668191977
0.23396660488217838
0.17594488423199328
0.16078302248261181
-0.07509088796395065
0.53118646891289145
0.55339314012650076
0.43608837108032034
0.50551173569163932
0.42638012394776825
0.46215134324564922
0.40526000033363135
0.38450751640275949
0.23132930506736499
0.47134437010689112
0.27406146233793838
0.21709275673527217
0.79343584499357023
0.60513049333743385
0.68967839828718069
0.29391376161826149
0.4484263140966368
-0.010335133631781113
0.21968984163253211
0.32683083592406015
0.23497457402615343
0.097030432873870462
0.39493040222417147
0.35628383389670454
0.35911066712950734
0.40706681304445702
0.66635596563509114
0.26355178027356407
0.1113318151364128
0.16605208393117393
0.31452461303500839
0.30352517789934963
0.29741104282945596
0.15473946426475321
0.22471061435560319
0.49572054588948483
0.013193808265818318
0.24297716886164986
0.49129625893886647
0.50094193537208132
0.17958576998974266
0.3891967396664277
0.29225215237375946
0.081420428700536202
0.43612744900281109
0.45500928925099809
0.58470524438124793
0.46820472799452628
0.22818620872600445
0.51367600674309832
0.058177281522102289
0.30711623135406024
0.48457306701503744
0.29202131670422682
0.54041330045057501
0.32354207781715721
0.41174560454105419
0.46117786641447334
0.46713579194379012
0.54183596624547303
0.45856978490071082
0.79126269080092193
0.54251403345967431
0.69563527410865411
0.59770553649240632
0.35695444330631493
0.21198899339812019
0.51680595341947566
0.39603470034574645
0.62665864394136694
0.34765339257773065
0.36181653119220691
0.40054151483298123
0.48961083488423401
0.34384240658421322
0.36067706213116496
0.62216933185626355
0.50929215989726806
0.45891122720371619
0.25837781970707813
0.61348236130901423
0.56408452817181709
0.17361625864689295
0.52657033836517719
0.21311309630904013
0.54207505860995042
0.19891319678126976
0.60189714187369903
0.70883146825860643
0.48474334538309843
0.88997595131245411
0.40910829449230279
0.24144977672142881
0.51233164734818093
0.41696902698667787
0.1166273787355686
1.0476619723314753
0.52870055432427165
0.54443391656362849
0.84309472536425656
0.92487103877076993
0.47758715162460735
0.23736678319317395
0.58772342104605102
0.60995617637186117
0.23989306240473993
0.54835043311152953
0.82697109521196932
0.28290663336884458
0.55430475595503137
0.51036738764948308
0.58896580583820313
0.69104886362504714
0.19869262373444099
0.64826452682090197
0.71941411356722262
0.160542717039897
0.57779515696870609
0.46912537899213264
0.6877289803558333
0.44497849970114506
0.45002916146066851
0.2742552159780885
0.30011429428391401
0.77589599391181541
0.91037697429114706
0.50837000777865993
0.80549452235733443
0.11419072204317707
0.5940475603368226
0.62660075349756061
0.4032425048123085
0.59844817842391695
0.51670779223563734
0.65343097955291318
0.62329562267145655
0.65692323397544272
0.56133937164931291
0.91603404824318502
0.92895038863758939
0.67226183372591652
0.54673650784246397
0.56406297487508716
0.93626671409990381
0.5788966954160476
0.80564876472760238
0.83298795983988849
0.47689370368834538
0.73608061546806181
0.12625129319250525
0.73347190913582094
0.62861335354780323
0.87265452556752932
0.8955349182249156
0.59423585209727492
0.92030909260628868
0.51760263950321106
0.53388969230451155
0.58025763928867524
0.64629564189067923
1.0205666270042544
0.58843532004305166
0.73614102737551557
0.69319337680478799
0.73267769767915203
0.60226667891116792
0.50363538629322047
0.41270943997257525
0.64977597548293753
0.86410036855824213
0.76729334395686599
0.32670476960917116
0.29669394204479282
0.83303113747333135
0.70682942414266969
1.0774392749451569
0.57182005698670813
0.76008413343107661
0.79992010125641122
0.83212888069625779
0.44367528963203678
0.80361258634868193
0.75248920532602759
0.44290286688462471
0.98046899696224088
0.82026235909692768
0.58154270996101021
0.58954786326149489
0.98611221195828691
0.72751008155817509
0.60226765748701638
0.75685967945428789
0.89779104529714759
0.94795746865024189
0.54024244869007398
0.52627394756913881
0.60303903122182667
0.71576759751002728
0.62056207813004693
0.97323856986271717
0.87984264173261295
0.8262361480495537
0.89682006651793844
0.66304215677658973
0.94319825498347221
0.95056924557296696
0.6744576025488872
0.78825360260549127
1.078592822262644
0.77780348518004716
0.71655822293913563
0.85759109541167966
0.60763875536125844
0.81474428131103649
0.68701394862893672
0.71569564782635675
0.82397957161931512
0.69813870548243351
0.67579049292080007
0.9180141704831436
0.94136273357086331
0.6306005362136381
0.99249922696026216
0.8766336136765861
0.49769350056690154
0.58053422444613678
0.67710625600878149
0.50421278784549006
0.85925226097072871
0.68173147550638336
0.61268112735561586
0.66265271801663272
0.87806895112560956
0.7040075713047157
0.65156528697691418
0.44746749458221319
0.82970701862351881
0.83894420124911973
0.73758185359744866
0.84751167738411937
0.71803161201379295
1.0067010837391854
1.0698523863322489
0.9710071242999353
0.77773113548476258
0.76973771966664128
0.9260742882455073
0.57326160439437512
0.73157555321273848
0.99964961729805901
0.74594000654558412
1.0209763439971573
0.94756549146233171
0.8925729081328394
1.098847068230151
0.84529246708691841
1.0686679588447734
0.91374481591642165
0.84205478691491631
1.2007041263047149
0.76526657843806467
0.89698470632702176
0.68105484892011758
0.64751467784369043
1.3332551149017651
0.72904149536309704
0.51058521431890636
0.32576823916334519
0.79721020066910409
0.99533241127674177
0.81967885000814378
0.70807222588134411
0.91297854890163233
0.94646138330574059
0.79833691829170161
1.0173561976186538
0.79807094183304972
0.67424168891683034
1.0559264358152849
0.87966289574411882
1.0838724700945181
1.1596910755401117
0.9440283354383886
0.92634841907490251
0.75918056323258487
0.98813550951179718
0.73062870462804286
0.91594600222852152
1.0617661002201622
0.86471190319047642
1.2118799853292017
0.94493287409292515
0.90164588712506388
0.67010031771168532
0.7703153370669813
0.95544967546254544
0.58710217563134426
1.0046891947394594
0.8347236209091986
0.85444981115230989
0.76090701643028558
0.8727752265293458
0.87571020977982827
0.98933261978016485
0.92169660272787446
0.89353364884106401
0.89848055518126579
0.93562438053611185
0.85732937939786946
0.95220236676331749
0.80828711577419965
1.0980773885502966
0.95702845488798205
0.73879142599993763
0.88127730145367766
0.98802238699686151
1.2718096932802887
0.94366287994457365
1.178507877379289
0.92178361845044887
0.98834828744911618
0.92741984561095325
0.92949536774867558
0.8240354322971768
0.93224524413751897
0.63170832555674439
0.62087235973844779
1.1920456979349217
0.92545524274469415
1.1594944806141005
0.60388641798082365
0.69773339333196638
0.82991447059982082
0.94599324378464511
1.1604344166444065
1.1292480894058929
0.92671420042682739
1.1553343232095563
1.1066181736232621
1.4817901169929601
0.68466595430889987
