-0.89337260680546149
-0.97143809437307349
-0.85349147886239463
-1.2883943508646905
-1.1906416514669449
-1.2432245466969054
-0.93381878959544007
-0.76879364437877118
-1.1961906081923885
-1.1520175117930576
-0.9989171279298098
-0.8474376934022767
-0.952430551991159
-0.98075552416018597
-1.1431511626634629
-1.1871098481907842
-1.1377926522565687
-1.058089302926468
-1.0275859451677698
-0.97573496215786348
-0.78884190763111406
-0.80071032284002641
-0.69711532899689521
-0.86931591876381586
-1.1517229172477976
-1.031420136567613
-0.83467982156067866
-0.90131811325962841
-0.87751383738058963
-0.61437265705240529
-0.87399082671838713
-0.95566959028788678
-0.79913026680896504
-0.99031760546010039
-0.71148445343003019
-0.84285192075632553
-0.63233780309090726
-0.93759270377640369
-0.84345041990212266
-0.91566166987584974
-0.80479045497295565
-0.77145999050372971
-0.76587579950886575
-1.0066711601114453
-0.62178153624965127
-0.93293973311465506
-0.63335106329429458
-0.90052528634811047
-0.83383453810874653
-1.1029944983872646
-0.65655812018643533
-0.81076911265017548
-0.97549827418063473
-0.60445004966594318
-0.98889924877889168
-0.78532130053587834
-1.064821657543624
-1.0468360908439227
-0.72785854775373326
-0.92411656153933686
-0.69558860439622583
-0.66499938887012133
-0.79736825386880761
-1.1621008464048839
-0.99450115014697815
-0.76544068179176861
-0.77751474145974508
-0.6690601232922222
-0.80174084580418681
-0.8044962667724912
-0.73110493965208889
-0.62601400580111966
-0.90640425093106003
-0.62590123095774097
-0.66985632688674224
-0.88667413960141916
-0.8263512530512801
-0.80682114936925919
-0.87757859289404438
-1.2649646804376522
-0.64236426310100603
-0.52506490734507338
-1.152465183432708
-0.81278948434109399
-0.87182858907791838
-0.59267257016786035
-0.65747864047204763
-0.7447598023750327
-0.75285759565040511
-0.54313663297742987
-0.60788565231533465
-0.79338786792298155
-0.95750305802700686
-0.53213549357919876
-1.0785541890878667
-0.90443331166327345
-0.74368308565653996
-0.94012533092810224
-1.0581489933450883
-0.7689712171715164
-0.83898457076793842
-0.82436190003674326
-0.5033452015272194
-0.92392372834574021
-0.7487440069721597
-0.68984815459480675
-1.065583337268809
-0.77710768853913215
-0.54371842120874525
-0.6017261169591368
-1.0466577143680376
-0.78145719922680512
-0.81919355911460712
-0.69708272664902227
-0.67888611327409232
-0.56552912074826933
-0.83042558443368131
-0.89950370419670744
-0.86217553718323126
-1.0008102731564152
-0.94708094641144092
-1.1675169129066685
-0.46902814811431409
-0.89408244633496958
-0.40359667764730778
-0.57218824349429809
-0.82794065033756004
-0.44791140807474467
-0.83937181793847448
-0.65105800435806205
-0.8143599480675241
-0.37324038869766629
-0.60264698437444242
-0.52490836336834878
-1.0711240847473367
-1.0045404553661454
-0.67140314927035827
-0.89621222403182532
-0.94895431904692784
-0.69139618441131312
-0.90602234529495229
-0.84926359030659504
-0.8816800085798252
-0.42898737131155124
-0.8693649486677788
-0.58923504115270775
-0.70947779749205619
-0.80535114762487681
-0.77358255857667502
-0.7502708068363636
-0.98633095211069011
-0.52803711198997538
-0.74641223698852066
-0.63449473132101974
-0.94768491729806859
-0.31439392423649026
-0.69791696196992448
-0.73255943179035776
-0.65913691349150605
-0.38986098054850993
-0.4740236653494283
-0.50377397827131087
-0.72451167385536042
-0.66725679217542455
-0.67879806590016545
-0.62212492465172742
-0.58863442033458113
-0.62168391133849177
-0.69048220078805345
-0.52386588094040076
-0.41459564987750047
-0.49412753526809705
-0.72585627647738793
-0.76070597086223501
-0.87364745489321038
-0.25013341942510248
-0.99775194910293319
-0.89881479324493074
-0.41062289537202756
-0.69008375078328432
-0.5699526435949992
-0.79918316785739341
-0.66290880142362996
-0.83117969514731715
-0.90729041675631461
-0.680096020067261
-0.50194444925373471
-0.35062437146386344
-0.6699853865777553
-0.81965709568013267
-0.28166888982033578
-0.49326946863506921
-0.61298614031246079
-0.34273085717332175
-0.64580041431970936
-0.51520587749428304
-0.60845712440001565
-0.64871954474784299
-0.92080615894473372
-0.46083214115847815
-0.5603175853735155
-0.608872981613644
-0.42346145743137975
-0.42659194126365968
-0.38704466152766615
-0.54004184850328496
-0.8024774520589103
-0.42475848061998533
-1.030063949861129
-0.55273373102420575
-0.61997524439184037
-0.41738946514582581
-0.55518693922933748
-0.58408081387107114
-0.66307122621649017
-0.68063929829028702
-0.43211249457273671
-0.89827716728454143
-0.72258916450129362
-0.17455724326080707
-0.55109730524322631
-0.83041221736367576
-0.48623646027401968
-0.83744333146348826
-0.51343820889506553
-0.82059161898969601
-0.92997678396240424
-0.41961861580533494
-1.0111207774042443
-0.36681350729610918
-0.51092418169148601
-0.70074136944009835
-0.20938032271489262
-0.56236821844813878
-0.88433394413700128
-0.8892921936429421
-0.56954476402388499
-0.60658979351896303
-0.3867480043299682
-0.369928818456846
-0.60101879540305603
-0.49628369906405795
-0.37689237894989491
-0.55376038971004204
-0.55491712292900808
-0.23626662612582305
-0.66136866704560771
-0.19549403545193023
-0.48196341905501022
-0.092588906335028892
-0.21933515569555831
-0.38245830693488519
-0.7414031016620235
-0.88567000092590042
-0.72513021067536443
-0.23520764514164438
-0.5808302154417212
-0.5651622376617349
-0.2820986048406548
-0.42933132659570822
-0.73581673335452702
-0.5204918963306161
-0.50344251836210097
-0.28738718455727386
-0.80976642891982387
-0.35415599849283191
-0.47035801314899295
-0.49654661878966611
-0.43054680202062573
-0.46779292100073111
-0.45081749452556397
-0.34211815668094014
-0.22183232952800125
-0.50826954639654187
-0.24039315294291036
-0.24921659536999594
-0.64881596017513776
-0.40393933613842414
-0.47172680599363809
-0.64707951703192801
-0.64045765417773148
-0.57042781305570045
-0.075685316299255734
-0.28214539388849147
-0.53472789758044159
-0.58149393956751505
-0.1315503400633922
-0.46086097436943285
-0.51643367762839454
-0.28500869918651384
-0.61268506544791002
-0.39661588925851565
-0.14694884972199496
-0.3177543661339351
-0.53245862216675299
-0.36018998645821315
-0.57852645212963205
-0.29359454439575017
-0.25724374813204515
-0.66663489181814384
-0.55131014257415678
-0.050515720507466763
-0.50447781746801346
-0.091031485602798543
-0.49790043515909543
-0.55977677180253416
-0.25182549795069542
-0.51224332261279526
-0.35905404467895563
-0.22393237391199206
-0.16846869962245392
-0.38604320052314595
-0.63713202446866446
-0.6470907189324504
-0.44447376974069575
-0.0066235565375713581
-0.06048367523443425
-0.10721688803432991
-0.63105482248889644
-0.40457356502348679
-0.67390965721608087
-0.19472430557438097
-0.59032075908822268
-0.17126205842988573
-0.22134661221266042
-0.36188839353970709
-0.48748068453561799
-0.48227489315884609
-0.052510032540918961
-0.38822699328300447
-0.30391996598972498
-0.39158549698743106
-0.22198686554033886
-0.38828336175778605
-0.2881936214913276
-0.66034101660451816
-0.39894934697652196
-0.038689661679011819
-0.16856163283657463
-0.46623919532561614
-0.062992998388368582
-0.26839146589355561
0.073508206843518678
-0.080547353521788864
-0.34055845217673253
-0.6029261163842724
-0.33423716689688265
-0.12384970521173651
-0.46099781447757843
-0.24312630605127866
-0.49561668162077593
-0.39114091892241604
-0.58401435878155927
-0.41426394279275541
-0.012669779970056168
-0.30520420705540968
-0.2528897480889708
-0.2145574025218954
-0.36993063131423592
-0.23651798499805712
-0.20317055357162644
-0.060217157797203144
-0.4820102750273022
-0.51532182958188133
-0.20931353173334272
-0.3065436394366946
-0.46525746651102812
-0.59199729503047749
-0.068893393114099574
-0.28611658660342421
-0.12949147411574682
-0.39562290826719587
-0.20125180309089571
-0.17931533118932319
-0.25709551896217031
-0.24607351279651843
-0.32986564940677993
-0.072191879820139235
-0.53036781864278681
-0.41358567840218263
-0.35548557456510366
-0.39399502017998012
-0.48321970465913699
-0.3348004188261145
-0.34771079449734205
-0.26113759465846353
-0.34239869701872955
-0.20422677620379368
-0.56335194225163088
-0.46657282686780188
0.17838332538045221
-0.075324399538222744
0.039266873109945657
-0.35036342869904391
-0.02947630154074336
-0.1921186559408922
-0.22569488486125724
-0.10636194703978059
-0.25228199483084407
-0.37898399354627965
-0.15017684674293524
-0.17696873598362409
-0.049457681730503932
-0.36442548297298372
-0.21999439177464897
0.20632892199111605
-0.323066825073756
-0.084335178937033628
-0.46973478636162502
0.14292325767565861
-0.11893558337111651
-0.41186931181804143
-0.092485179349005811
-0.011407595307252515
-0.01587414719704841
-0.11282188916843708
-0.19355971133675476
-0.13329539072970031
-0.27100365864069303
-0.14461327987163627
-0.29557300128618802
0.22444749329390956
-0.19043395768157026
-0.1742679857269358
-0.042375779931762621
0.20014681713178925
-0.079444893469781466
-0.31213472820336735
-0.18520286312798223
0.047633634119044491
-0.39660602031679004
-0.57241560242747902
-0.10701181283264508
0.13317634607705381
-0.52706629884038192
-0.24139359888446552
-0.22942515087038462
-0.097428042786499483
-0.33350796989413128
-0.31427337318732479
-0.27808898006831917
-0.30907879525010856
-0.25863281775081215
0.0047047648266435767
0.10595412946777162
-0.34921488544736012
-0.048834859596670353
-0.26491148772598455
0.015312276210459079
-0.25928893727500546
-0.25474469503011482
-0.21028710512986876
-0.25978615756102752
0.43235466315852505
-0.16488395806201364
-0.28756691730506556
0.012718450993305994
-0.21390565369128609
0.14404811487431643
0.01141155033541983
-0.048310329846879226
-0.15183668318348992
-0.095759816240017726
0.084468223613108684
-0.20239591644812441
-0.053127325462829555
-0.27010350137650546
0.22165567331034963
-0.067198003393518793
-0.19818170433939483
-0.12027015440776655
0.040605878762121426
-0.065399105882605904
0.025426022484223824
-0.2335274230433145
-0.26619750018439592
-0.28182720146411833
-0.55329673251931866
0.15479842793763143
-0.06663304652469719
-0.16704466532063927
-0.10415038820902395
-0.18526765953158156
-0.087876930694623476
-0.15047827114772122
-0.12205470632824562
0.11189956601948098
0.014840035592062052
-0.36770053710211537
-0.53809738957464137
-0.022570116027909936
-0.28096169645501745
-0.24377654201880369
-0.036647619874210988
-0.033152777614625428
0.097840468895807331
-0.087610547058152327
-0.38925029388942856
0.095384667071392246
-0.39646856785422657
0.19890197931176273
-0.34181794880421396
-0.054880631489491016
-0.18949224756689764
-0.30041389331623497
0.14594154934690179
0.070774220458431472
0.016141565013882822
0.1659832707619277
0.092306383713283979
-0.083758211597201607
0.14065329636283552
0.20153445475644949
0.045390239975281452
-0.15664182340306324
0.15643083179898001
0.28168564843032312
0.34942516342625951
-0.012191633359554194
0.001373096419113432
-0.1400632469382338
0.26161845630068542
0.0039406664672791136
0.15286130269579956
-0.13222490449408938
-0.041022632901474308
0.23337289075196163
0.48720729720906586
-0.13056178858996514
-0.023722676944986049
-0.060081538788883282
0.28916782068332492
0.22274955842269611
0.11471928552812304
-0.013859630692195583
0.14032834714982798
-0.062093967774055271
0.096623390419149011
0.024940575626161726
-0.073688895813226421
0.014144371061825377
0.33217716424144444
0.045619159698698793
0.17491493214481138
0.18702806589379828
-0.034271843589861309
0.34382124162664901
0.034066307644402181
0.21449621721194082
0.099635996198940618
-0.05208129767027813
0.15216083006285519
0.43262699867989712
0.035854117432284109
0.20840347657256852
-0.088909728681675348
0.037950651643172933
0.14672874372916808
-0.050203491139388032
0.13155072123039768
0.27832537992991646
0.096326015114162042
0.06486423240227894
-0.010269047024272305
0.48402782849667808
0.087109095698944719
0.14815554199034034
0.3835300029031885
0.059412223156943285
0.23612668515288418
0.28771994885627161
0.31564242870998049
0.18247902651187853
0.1002782092248361
0.34975901394426318
0.036917318501058401
0.13997514732036509
0.10129579884299622
0.2629655456490827
0.23726357196428741
0.10950103181100258
0.16080630283169395
-0.021686291275028372
0.069094623619587972
0.38400599250230882
0.40467825355861925
0.031504601219497608
0.022651802495573935
0.48595763003423942
0.34589394486400588
0.51494141820332462
0.49057864460267969
0.20593414089654768
0.37686577796667309
0.074209744119547533
0.285573347777486
0.19747839207193077
0.32036069609607309
0.058851600909711692
0.088920203796345382
0.27365967910207772
0.14888298875091827
0.16812822387647908
0.19950442432251725
-0.005521560358978485
0.30898589467801207
0.1658468514174532
0.61425593982803106
0.24095739687236581
0.28392273606535828
0.35098833751106168
-0.066718897998852056
0.041239240132067478
0.2055728073085876
0.1665941306990264
0.34208856479242528
0.42303357119974722
0.32183287706485325
-0.038992798975603808
0.10555687639759484
-0.067939234674820728
0.25830785398266987
0.095124850059734117
0.17384709302618964
0.10688140886436048
0.22740949575842695
0.038615413905886679
0.66533434011252846
0.64643567544362546
0.11750447941785135
0.076529921281280361
0.38588082414892244
0.21022425957354512
0.28542822585034383
0.60491185815597015
0.39959976195665398
0.28457658759902205
0.23057439711388358
0.49686810738202647
0.38071701698809918
0.40592065291874496
0.41695290034006627
0.68772744356546456
0.4785886237314752
-0.1102646445653498
0.10889003776832137
0.28310329850874688
0.076716725426972471
-0.058841588490417991
0.16196517230829741
0.50046609184030721
0.29813856554612705
-0.078544581187093357
0.25879609115237268
0.28576223519074295
0.073962580707225528
0.32284196969382839
0.26433694353569054
0.31661980120839628
0.25762907518939743
0.45426476664692217
0.36921574571758597
0.36752326593399975
0.31193605314435147
0.34533736362029283
0.55830558348216475
0.098421514399328072
0.063901761167082863
0.20508323837482315
0.57663638779277615
0.47572008733593041
0.42004773198544798
-0.15011832935127101
0.34547370983479242
0.55564878272406404
0.22710846485120509
0.31987610371715963
0.4900771346915751
0.33647691798982848
0.42654282284353556
0.4961276737573127
0.44381276417161558
0.43602340004085649
0.2323856327672208
0.3992472896270588
0.45977892703841305
0.26795653591028756
0.03578859503968914
0.25128143436235451
0.098563453701066603
0.56385377779341905
0.54313127756340929
0.038027417277544814
0.20483348840182664
0.43327842744305306
0.4108080475550519
0.39658848905428251
0.57741293241002944
0.30003180422402964
0.23192727432225824
0.38732485071861728
0.12207461760177307
0.79299042293864452
0.12576170548373547
0.56021308192540575
0.3703314829150906
0.13421828394824853
0.2867232577429325
0.096948590593488704
0.4951418760882243
0.40504764586181657
0.34821747864777408
0.43648304178392572
0.3552193365918147
0.47593970233604782
0.22599132569586161
0.38806789990137219
0.23343353984483795
0.15668286548987653
0.059760347702439431
0.46784112215262735
0.61240043914495979
0.54290446379687429
0.49013757451010442
0.3950411486564025
0.24498663020683134
0.43812680763961415
0.34016448081931527
0.24180695479771686
0.36395289478557097
0.70466996733754317
0.55412615225264616
0.66261079361634156
0.34380966038694466
0.55445249796539342
0.49211320595727248
0.48698156814759763
0.59244953274965195
0.25414744105034304
0.83451718840862132
0.41591527547313817
0.57598931709656309
0.68475392908976584
0.39273206018674295
0.68061821604402972
0.63065593226681138
0.65428552137705442
0.63985788859446258
0.35877249273076056
0.31515305233679841
0.59847183129361747
0.56581439133799805
0.69184715387753126
0.57157185759902163
0.083995599222135273
0.76475844521812575
0.6484771125985771
0.8763498658340555
0.52997966551557851
0.24312403328677457
0.61712298233426666
0.52794709038924847
0.59643397249049668
0.84027049002714316
0.87885309759330976
0.41175124203497759
0.27711104616580257
0.32248965736924134
0.15547150981403221
0.29947085548112118
0.48728814540656779
0.67960941589550294
0.24380187899614178
0.73380897376013132
0.4072323737675192
0.51395016994028908
0.94315695165121471
0.7229041044406318
0.68043801577900787
0.24857673299033056
0.61064845275242541
0.47927415545855628
0.41000019892531003
0.64057372059106055
0.1015896645513138
0.6333685615612048
0.53437039942474907
0.36544533986667305
0.54037201980094862
0.087066717139141075
0.5418421207678068
0.67678348674116606
0.3694283581906509
0.55711598227180648
0.7571252426536933
0.32089953734846161
0.38425020122936621
0.51389077588974252
0.52394981538481611
0.54101385841376093
0.34314983275856437
0.79246203872979182
0.75796184802925759
0.29301988880232982
0.50535925237560964
0.63957216500049241
0.75725109987127792
0.64187647192220887
0.95538257870196841
0.81544398894666092
1.0794933531010877
0.275933593099906
0.58884623039714934
0.74537564624833197
0.94276901220475473
0.99114142425377338
0.56341187369455292
0.35680535901102417
1.0793228357100679
0.52929646359459026
0.49764274534405628
0.63602200067548531
0.59095687423436172
1.125255504475547
0.63378104343825437
0.84086561580173247
0.54715446659754674
0.96128278754197483
0.65386768562914577
0.63755052068321061
0.63536192554348347
0.70127645286674367
0.61761177590280003
0.36316935062293348
0.60036440834490667
0.79695614260094128
0.53626802660323503
0.37443187098605724
0.72744347075409121
0.49453693879003052
0.62059635013808934
0.59542110492555922
0.56755926775119803
0.48290748183012794
0.5637175430564777
0.37676397467977751
0.78008425511575841
0.6752521885372933
0.56422005768177164
0.80092931486325192
0.93520066799977852
0.53924727834577202
0.69520702694201031
0.35383531171989735
0.66935722474752635
0.7643669874018415
0.74534389037399418
0.86682775715248706
0.88974427319422777
0.5606534832215645
0.75736542009068253
0.74036809510709489
0.78022924389590342
0.78075922836197975
0.72169995273936005
0.7080734958375372
0.63717166094147981
0.8793837140993801
1.0109889065176423
0.69384120824297291
0.65122503414421828
0.5861857141752761
1.0617952907848929
0.67851626576054747
0.73048230838210737
0.81801484942881497
0.92434705196678357
0.81406941297756152
0.90904184825184797
0.53364509603258248
0.51074213886590969
0.74782183377074118
0.90428748059356157
0.89570572054705355
0.64651043150933007
0.87626525607918149
0.5912023443543909
0.79777620689557294
0.81618119101957787
1.1838313666026807
0.65610448323191051
0.82350572263375088
0.68602956604863308
1.0080317820671252
0.35848684082855869
0.92997818067169813
0.98716034172133538
1.2501027824088409
0.76947924234710807
0.97073469462641127
0.66011035412680119
0.87022724032974164
0.90651346920234666
0.65594548402847064
0.83016171786909276
0.90576196737596282
0.73402941525568421
0.60230867938771238
0.61686429578406698
1.063056966247053
0.86271267664579143
0.69697031466485404
1.0169448934381453
0.67878967063250994
0.84026450593364388
1.026945594958274
0.90830610409671753
0.99851530369781016
1.0892020475793129
0.84432991445103567
0.75967278882584421
0.67958863114260437
0.73361323229972597
0.50627338515027076
1.1832420104034229
0.62749853123441712
0.91316044807763252
1.1257383274923065
0.81420763856306122
0.58285668047282368
0.69695109662335097
1.1169237270822838
0.76305159960873992
0.92797817549966222
0.89270205667865965
0.50243561226920264
0.64482360132629524
0.87230650358982342
0.80462175763307087
1.1115685823217452
0.88678776361496647
0.77603300861366042
0.81280067375752052
0.64679592000852781
0.76238420643028493
0.86456575667774538
0.74052287766504998
0.69757072766298656
0.95647649374511945
0.73192892015185407
1.0040555311730874
0.77005504727510143
0.7470810852429608
0.87546841831131805
0.83403397061869877
1.0689842666434541
0.7914335206030344
0.90085831591880372
0.94952003027702891
0.79964795572929936
0.92459541594190553
0.82533409717516837
0.94645131438651653
1.0549156350672835
0.3949949049998982
0.86069849931191234
0.79673382808287119
0.80088836598847091
0.93552197996824904
1.1017039149220098
1.1510450962706014
0.8976672670131538
0.67795822193926358
0.81740953189333188
1.0079484887918055
0.79064930815220769
0.91788680949741985
1.1457071161258914
0.9624487498424118
1.2683185346068138
1.1004266524662876
0.7073569865832886
0.61844746487819635
1.0943483348424261
0.84827884913779272
0.73033115366618429
0.3966520200492562
0.85053465679803597
0.89124740272797176
1.2336860845627065
0.81782634038842594
1.1403500205446886
0.96670195495150391
1.1389565232406496
1.0655346581818872
0.94800175167347622
0.85805199797564236
1.2341272056503081
0.90221321063857196
1.0510803570958778
