-0.75081981989887558
-0.77891052246189085
-1.1018117419669582
-0.77168910356803511
-1.1993281408835974
-1.0588084985282704
-0.74729632525694123
-1.1496068114001274
-0.9433789339455535
-1.1233858430663723
-0.98078064272826693
-1.2316608507674696
-0.98478170628930706
-1.1801320734654193
-0.7891835914288291
-1.058731380898754
-0.92886143360710149
-0.89935304255114978
-0.82697510096422022
-0.75323415553489592
-0.96029585963357333
-1.0842223414584864
-0.95508950868487441
-0.82889608105883861
-0.69041430858562425
-1.116390743915981
-0.60334162017640292
-1.0406999335138378
-0.99710750034255946
-0.84934066846755019
-1.2465540310828909
-0.56702131039276127
-0.92414844418343545
-0.92960158120161429
-0.9851634506441086
-0.9476056377151798
-1.1104246066685501
-0.87615013736054193
-1.2272871399566208
-1.2246573041752553
-1.0248939855139323
-0.90410357153076959
-0.81349464194478449
-0.87202027695749029
-0.99607529960411278
-1.0336405886130322
-1.0371509865834043
-0.57732217029788013
-0.8718149511275709
-1.1975189581242049
-1.1385809659998922
-0.58721222519618277
-0.70496787483127632
-0.94554154577458294
-0.66985985943195858
-0.75017398099161992
-1.2256513122284671
-0.72704673512991103
-0.90413824043060043
-0.99538833243557223
-0.92786178197709501
-0.95449262903622767
-0.86639681130912805
-0.74328689808409898
-0.85186937910290006
-1.0772023868462137
-0.84307020741864525
-0.98700217543676627
-0.66365060684811172
-0.69251901160022467
-0.78732669538614219
-0.63876148812458222
-0.57080882935145516
-0.85660983777460464
-1.0161513658560664
-0.8250871058486805
-0.51790000617788967
-0.78817987573816783
-1.1379760096361231
-0.66845156489451585
-0.80677251169246422
-0.82970773843016155
-1.0357936444698725
-0.82797468690979459
-0.43204351044829614
-1.0353446064022407
-1.0490705211283893
-0.99475206743620748
-0.74108430448865936
-0.71998953025638368
-0.75112737204633806
-0.64015802146804524
-1.0036564778404504
-0.56373017272956427
-0.3423486206221022
-0.85984261841330334
-0.94259940173282786
-0.65715425319259213
-0.70758652728366245
-1.0390513210386036
-0.73169810972470806
-0.75595713297117573
-0.93264209778757956
-0.79510717968417588
-1.0071300518637323
-0.75364278195137613
-0.72844065041119022
-0.8785400983006233
-0.79417289828332205
-0.71042401233225216
-0.68482119245247897
-0.75633373058279563
-0.63361653353829661
-0.67244667353245335
-0.83846932016437259
-0.83310858835389734
-1.1101836207990972
-0.47640451259851463
-0.47654750361503218
-0.8400649094201359
-0.84027586020429768
-0.86449366142286332
-1.0854191764290404
-0.59930890535326653
-1.1085404588964669
-0.85483848677296503
-0.9037589078440702
-0.58555431640649536
-0.5450104723928465
-0.63970311544435199
-0.71425781689791423
-1.2086127250461878
-0.77283080594351861
-0.57074164657496962
-0.86203250811474053
-0.86832603627959881
-0.93780424847556099
-0.91800174572045823
-1.2446362187061284
-0.44470995094382965
-0.58173067762343778
-0.67166371316056861
-0.69537795466177088
-0.66387227661864157
-0.73819507258708428
-0.91515570692556969
-0.90600002842022642
-0.85846590295342073
-0.32643837340625742
-0.45088155730547391
-0.35774506222937336
-0.49104880509989385
-0.83280758488692219
-0.85492621100189059
-0.80481204220290403
-0.63491079782808391
-0.86443686751590554
-0.70702323176096948
-0.62620860649582843
-0.54397696810113283
-0.63317734133303272
-0.90926330263642041
-0.60333606537376361
-0.85431258837794155
-0.7489685245341493
-0.51195669964524804
-0.52442717168989661
-0.88949636493678386
-0.6625337525077476
-0.39713299479503911
-0.71061677038062554
-0.76323020148068921
-0.74537157779174712
-0.59481893248502915
-0.46785495903234392
-0.63620075326769199
-0.86852728753729125
-0.57794997677332871
-0.94002144105408902
-0.098002368694593736
-0.56874050896875805
-0.81922309673011773
-0.15662546144799605
-0.83042450094514619
-0.81480037610215261
-0.82896595340112722
-0.4398941626788398
-0.60717708164142703
-0.22878434900201208
-0.64357404832819654
-0.71219068165244959
-0.25642109516170142
-0.43736172634112785
-0.55200215262400032
-0.88700791708058413
-0.37617573455219078
-0.80312287267241922
-0.60609631412262066
-0.32408722465298928
-0.65863867830413392
-0.84837898235822262
-0.91174531489094612
-0.46934723358125524
-0.45517747288173593
-0.81363905482128784
-0.72136729917473796
-0.27372653352043069
-0.57154869559882171
-0.79334241423771368
-0.6305164758964108
-0.58163346682967398
-0.55555065161715422
-0.38186936606511324
0.032011072813815412
-0.40768797653113931
-0.43567505193216621
-0.26954427122220753
-0.60661974702983046
-0.28181057250013763
-0.65818203882384263
-0.352746786631978
-0.48544633738970749
-0.63777128927928028
-0.44261844647854776
-0.49763064791708206
-0.59909360107411025
-0.32441803287302451
-0.78113270164765081
-0.53490295366808105
-0.32243107919199543
-0.73733207466033557
-1.0138875258371967
-0.55411302709838628
-0.4205102464016463
-0.65058150868985964
-0.53693880700958163
-0.58169169445779279
-0.76572114641895828
-0.43677287378512353
-0.4926435241427371
-0.78498641511906264
-0.32265401745283845
-0.32176277939614473
-0.24629796140206645
-0.78169225583073976
-0.53074345090678687
-0.22203113882449377
-0.34638652370743928
-0.78191381468601151
-0.57777354773743761
-0.30866216665750451
-0.37370382843645106
0.055062641411348485
-0.26660301488686494
0.0061227357137995878
-0.49382381977931145
-0.74025202076614616
-0.17634948766552239
-0.16850282153090082
-0.44304283954183032
-0.17487936978662758
-0.30067569764408408
-0.58057043564609367
-0.49264178800025932
-0.28724476773296115
-0.41819855833656588
-0.43311940475454913
-0.89168163608171191
-0.84577962034855536
-0.66415454977125543
-0.15066773906599032
-1.0541739850646763
-0.12975736334447571
-0.44085979534714015
-0.48087227801925003
-0.32890810196180748
-0.5486230400090385
-0.42254486629128873
-0.2086870222901791
-0.46163057635753041
-0.61401742258850656
-0.29226944855335113
-0.3258114567733908
-0.37006487327897614
-0.45035325823221223
-0.42379550075951011
-0.65219404000434789
-0.33871348320076861
-0.30734955158913385
-0.0069699371370255721
-0.48424343270757741
-0.60879396758891791
-0.6430261057742056
-0.18982872702251469
-0.072783933676992235
-0.53776668824260132
-0.29429702760471493
-0.38848876440026475
-0.55515558937413889
-0.52386284097985736
-0.34899517051481738
-0.55880691508979863
-0.37895691418147431
-0.53259704426387677
-0.13052531899737183
-0.2706626097921655
-0.73451897481772066
-0.53568387146753527
-0.35643631911163914
-0.38082734329361678
-0.76468534482827843
-0.67730816217258971
-0.021534729058976854
-0.41982209193380926
-0.10470718147255215
-0.36253186443968011
-0.20483415096332708
-0.47841929259021759
-0.38616773769442336
-0.33764784754208244
-0.050974534169073264
-0.17634126713324544
-0.068084510597332476
-0.040491958948545077
-0.37865076588907876
-0.37428375700306515
-0.29508030487756376
-0.24723575614762178
-0.60932701180882209
-0.80658188952706067
-0.40468520004471425
-0.26995551835084525
-0.42542091802330095
-0.29441876455696342
-0.43169287942337964
-0.19204462001609698
-0.31858175593496052
-0.30445921699738621
-0.5183278423235288
-0.54522279577174892
-0.44322998202668301
-0.72217967126241089
-0.25174912671371019
-0.57602683934000831
-0.46433604053583344
-0.59921776398628024
-0.50383830198584301
-0.24538767634877931
-0.12925463095763942
-0.39606136040368645
-0.69152025140396511
-0.34837939725795253
-0.21745562840084975
-0.17173191782157371
-0.13163767739303719
-0.33028115622495613
-0.094516114565290785
-0.44028250351133164
-0.28590868330837871
-0.38334135930348334
-0.33667339908457045
-0.36109847712385035
0.033607318242370211
-0.24417410300614598
-0.52047152551513465
-0.25176445685756443
-0.30808666364821247
-0.44621105136530592
-0.19736421240863825
-0.49120815280426666
-0.41364785044272234
-0.22505025009019508
-0.1702226672281886
-0.12524664616292314
-0.24572263872489092
-0.23852791736995579
-0.20090652602770209
-0.14775614650908087
-0.28628843712741014
-0.15877988921306635
-0.013073770190751045
-0.59306074073188908
-0.29597423398065309
-0.14033752650786738
-0.26438359835446623
-0.1001783114002711
-0.25297454901666999
0.015515167969517319
-0.22860832856411556
-0.432758971126745
0.011604115526724868
-0.15767724717763837
-0.38930999237217723
-0.23794145449176071
-0.11019047561454448
-0.18908412921954473
-0.15542693733177687
-0.22553105716277291
-0.31073782731530408
0.038904106447449051
-0.22827603051756107
0.037152937949110162
-0.26132240816683483
-0.16013924961966866
-0.17343050044529687
-0.4261687892286718
-0.15614016789531041
-0.057202122749222283
0.011641576699126181
-0.037210119923011077
0.036983054005631122
-0.25388076988328301
-0.030693075746992513
-0.0016734722556396705
-0.49111529791705472
0.014866667806362161
-0.3529584162067812
-0.2902508362363791
-0.021334158509493967
-0.21167240234494594
-0.29552242810533319
0.055463384837792312
-0.40609671491645249
0.29528534793662181
0.076675438672211105
-0.14216417875735052
0.021699868300957863
-0.19289235355478468
0.086054545092598744
-0.067830637645694969
-0.08345812653786551
-0.71016530066754935
0.028703802905781738
0.076207748165629849
-0.32253485480959176
-0.49684448448800239
-0.23723624202378041
-0.45571233564130115
-0.17310196238737852
-0.28325369803737227
-0.4387776604035451
0.15116952030819561
-0.023838851124338777
-0.18009989166065996
0.2529407496858545
-0.16999916538836704
0.073482882433712648
0.069604972736590776
0.029269358686983486
0.054627405186477976
0.1596507917671707
-0.093429314681715184
-0.18108998480644026
-0.069533113494988322
0.27409984425072925
-0.106220668974273
0.13777931704596522
0.13511451994599719
-0.093426834601390132
-0.0052361151551387581
0.12354243231098821
-0.24152409693680735
-0.15171983571007419
-0.12842016188150548
-0.24197223932097833
-0.31198525233213059
-0.36740572047556053
0.18443641272545647
-0.067824397663785146
0.11918841587349663
0.15173477869096538
-0.14070866751689243
0.29941135012215842
-0.14050350187269997
-0.24389253520321388
-0.048933115052899212
0.29569394407852218
0.089261227196186455
-0.33125963489821519
0.036283975750119546
-0.0062064149583546478
0.16503715265938851
-0.23257736112760866
0.12256795183280535
-0.19998576757197753
-0.079047547149703287
-0.21337204264797222
-0.046231807995511999
-0.42804753849072591
-0.45380591023616895
0.28355241954813903
-0.098627137696606734
0.060980860190696574
0.23525387314125798
0.059144569945297883
0.033832109965788212
0.19093472781784762
-0.22578526685951006
-0.29271565837398178
-0.37583185684383213
-0.15394615833684819
0.10068587936945393
-0.36895198223948322
-0.43193743598080758
-0.055001188290026967
-0.040326508523763363
-0.086642250205873558
0.22796530183689395
-0.22890566715011579
-0.19149809178318758
-0.22139549526170271
0.057047451729446773
0.11306423573279085
-0.10384272666194753
0.011370718599227477
0.082138545609786187
0.071582060387814797
0.096099581527081243
0.13347469203534004
-0.47235572353575733
0.069273036196515717
-0.15952294030411276
0.22667629769202904
0.095983493682714097
0.11865094501842023
0.19282676366418705
-0.26230139633638094
-0.024847271161813525
0.36861782760419276
0.022409024466582949
0.026802881831663652
0.21868413533475919
-0.21199140112163928
-0.06034369819848899
0.044793111797725181
0.15693450135191808
-0.10251143851158716
-0.091224238093467594
-0.06176016039576903
0.082830476552457566
0.27434003965289749
0.37538461888325625
0.30211799961226848
-0.1390157318210952
-0.084985360296017859
-0.26847844268310928
-0.1441874618321238
0.31172676317665016
0.11410797827592259
0.36774127696477982
-0.1635056687244652
-0.32743280164826954
0.14943033285810359
-0.0065234507685105886
0.13092289567724416
0.058573674149080809
-0.0058558957802218314
0.18081922499208089
-0.039105490084188982
0.43070315413927163
0.28304416114660735
0.067231134426299438
0.061346264447944901
0.34415392239110482
-0.080467157811828574
-0.042632424999965481
0.11500958734667503
0.093348542669685147
0.28757073450280718
0.19588875220484916
-0.0070014759420977263
0.18820627415696112
0.30799992216410738
0.23202881395276742
-0.010989768799556657
0.46289894604969406
0.078968781868940699
0.15203972631556548
0.3296155277280659
0.34148215478331306
0.33312356905319213
0.27868492031808179
0.17972803191104786
0.24119014852679174
0.34726313153336996
0.19989600164252069
0.11007833397761053
0.29772897421355576
-0.079803635896422462
0.09369728768671183
0.077887420208980637
0.56099472636404013
-0.15281800426643896
0.44165538098992246
0.28072789876051774
0.33477724352544153
0.17662380028906111
0.25949573014371358
0.27754532570958368
0.1775878878645302
0.0021135535779189685
0.25359431597299936
0.069093821242492581
-0.10497282764286357
-0.091922932271227553
0.18852478193154798
0.36256933751170234
-0.092223857362051909
0.32396842630659811
0.1343714631237832
0.3090111519153077
0.075177511863586705
0.093948512388771638
0.31623219921409745
0.037250635449651487
0.13374008347457852
0.52666269657113252
0.46042132495586668
0.30783954555677978
0.11025971086748865
-0.12243991347767819
0.11617868009798243
0.34724289446588397
0.12102373856018213
0.33366806286733719
-0.03616810513691987
0.22342435176354328
0.44836712754364355
0.48024485843597881
0.23498347393882374
0.2504257130879573
0.39512153037514169
0.43037007079478795
0.40511871575802416
0.046986048994052551
0.4643070851272087
0.15751808812477389
0.27630771660157877
0.05495663770190682
0.11958710310331254
0.23142960168361956
0.27807757884050727
0.59677562258264372
0.31649353615379738
0.32493552406337278
0.51887755831352778
0.20486754780229119
0.12776795384105322
0.020892244683618142
0.20187442801058511
0.42310023309978417
0.19541346556595812
0.38425903211461432
0.34644606154952423
0.48528293191479949
0.14101591240692676
0.13463772849348946
0.13639414015622151
0.0065341975130170059
0.34599788881363491
0.20400693994941285
0.35053160568256131
-0.18970181124343571
0.66738151972764881
0.70040955545229566
0.2279077949992471
0.45796045232913246
0.34847604582432373
0.2793190602472807
0.29932908495875604
0.51972813113025274
0.27051077543803054
0.42208224418092022
-0.072161977323971879
0.11060992539556048
0.45041080499616482
0.35185710436945988
0.2758434644170405
0.40400378699205064
0.65370933853499913
0.39638525043957606
0.72202195076621589
0.22638232706759989
0.31106304351171793
0.50214760956736815
0.76225862137534117
0.27537893311605549
0.40210900025557678
0.35209096754637265
0.32525738158190576
0.31370106229601197
0.57701876459939938
0.16009544645821164
0.60463691069635139
0.48645296569442453
0.41122995195924145
0.58384704798371068
0.26144915070031227
0.26798798423773307
0.47289885123811343
0.54221679600811556
0.2975304293946977
0.53276061088680249
0.3334026925786322
0.52487736767883963
0.46410659115105557
0.60074164538340158
0.29048166662895142
0.58072918683651409
0.29833551822254095
0.2489197178308887
0.40678131478924751
0.16680708846903439
0.73794781261036679
0.3487362031577777
0.13866929837409259
0.66857821993118127
0.43942033518330648
0.29794031643360325
0.32916643336068091
0.56064489115708416
0.53101588737566341
0.42322565630844455
0.62140391955036833
0.59773812327203346
0.57799489114978808
0.43101779061286266
0.093693945953597077
0.31624595512840603
0.69353098228127952
0.26848142306862605
0.3295130941125553
0.49741549320526862
0.31302047303378344
0.43452874572298639
0.60917450261426298
0.21305262483683632
0.54855472047395226
0.63281463678923422
0.57344023750975848
0.550747295814352
0.52144445472771739
0.27910428404546228
0.49964427419603286
0.64653981889568157
0.33229625182198247
0.38085035175286586
0.7264328244050503
0.46699799695364008
0.63550216863622755
0.59161494304940532
0.79805347455363118
0.74263141055486226
0.56071656662204816
0.27769293990828181
0.71354540839550396
0.36830252342876568
0.36118081457509099
0.60236975425124151
0.21374415767104404
0.42064578460256746
0.22795694505463648
0.39879688681938574
0.43823972499225872
0.48091354310311751
0.39755593174487303
0.69964018531975269
0.43791901954988238
0.40875506321975552
0.39989766107487662
0.14574682409243078
0.39384178227650662
0.78583551332750423
0.75054096019363137
0.54410954357532082
0.49594719737548554
0.83060749626373254
0.85797110669760723
0.36213458207704607
0.48864976899561929
0.6945697144183467
0.32185872589331566
0.41855682858027321
1.0512078953246473
0.74729080820112925
0.80805254104998436
0.64722629424919764
0.39735530486364096
0.57371672637804683
0.47794146481196625
0.73684404495224332
0.7774438486795765
0.35316125748515975
0.64210867282364414
0.32413925730154247
0.37876430523125165
0.51280724466380467
1.0632775632296949
0.79398736196869579
0.26770492051540551
0.92728001952053918
0.84859842886667991
0.69688783859917036
0.53582829689680067
0.46887758555144649
0.65166365366466572
0.67596987421380861
0.46164703425180359
0.26944857986888521
0.45658860263950513
0.88419793933969826
0.65047600327443755
0.82484955478436384
0.75885195243876657
0.61732278681496278
0.41363562841064982
0.90702570694810047
0.26780021243977914
0.59001254015245741
0.51061852820739595
0.60423559578604935
0.78335846560927658
0.63717936452068591
0.826784985128038
0.82360773904064788
1.0591346338748098
0.785738890624752
0.61931676546329639
0.26228028793218744
0.83781754623324389
0.75803870814977325
0.65466027858179399
0.62776205926018724
0.53940681316316075
0.78157967929091909
0.66737293287118482
0.85088859906872505
0.97687426487437135
0.58400338776880067
0.64561222994086687
0.69759953257999407
0.66126826322919763
0.7457600226027199
0.65298024571675384
0.64171684403527873
0.62812499850601422
0.66901857164410938
0.63442863051998499
0.53583322456428883
0.68156529870520821
0.77911726145113636
0.64092453158241913
0.53903270309569695
0.80501043685216245
0.83724260804080719
1.0123425177718923
0.5966052831532318
0.42528660217227227
0.4976046327559151
0.57988833311698296
0.61141016518498426
0.73148868419665936
0.19115753783908684
0.84825831407644769
0.59775705999138085
0.75191457631619574
0.55760144939935508
0.9703532500243286
0.80836839151953443
0.54347712952396132
0.51117119258855703
0.65588918678446184
0.66092617977377255
0.73554393648169014
0.56973964937644761
0.50772269249801594
0.88798891110463196
1.0018741893070124
0.82842517307185848
0.89163944847521059
0.52361144579165542
0.8827898649217496
0.77843370541789569
0.85971617295197278
0.73557891713772239
0.86092915930112324
0.86576590966273681
0.96856236789490835
0.66696675844408804
0.9345143210369059
0.72140901147896663
0.96949013348619284
0.40818379275388977
0.7310751699398087
0.46948647493019818
0.52958856558301293
0.79951953766825712
0.81643676029386425
1.006600670829882
0.92276483325132108
1.0406407018966461
0.93337638112145271
0.63615660993027856
0.62840775509704727
0.65717620686949629
1.0822091783938501
0.94359327936920712
1.0730390708910496
0.44335986791826598
0.94781693503757813
0.95360424925927301
0.80917155901746296
1.0784970143291353
0.92817687532734305
0.70274557057498599
0.71982211336148705
0.89431810183823335
1.2329946158771479
0.68598651021664647
0.70124694828454659
0.74400207848617517
0.83260586293988004
0.66812053388361181
0.66941471509720096
0.8997575784557702
0.45439658773539832
0.70874416838414578
0.64388258649095653
0.9849716308889106
0.81913806228465336
0.80894743057358443
0.7962436768147495
0.4768919620186225
0.83012893335337057
0.9847166330637066
1.0274463734665582
1.1421735997755624
0.82400572260825033
1.1440236215464494
0.95811303250863289
0.49902144815903698
1.0135331562829268
1.0112550030976957
1.0532307578903095
0.70718731599375606
0.91162470637227022
0.94258351548038899
0.75294221223647584
0.77022471226888423
0.66885926485940672
0.79353322686694383
1.2640608157727486
0.80291209579843292
0.74300620191929934
0.71439762426415621
0.94073332542791011
0.50809339314663782
0.96612511725681938
1.3925142644734403
0.97581792331848616
0.93283662709839177
1.1863967690857209
0.93343805183923534
0.69893430667227463
0.63071685630433016
0.96224415806492059
1.1312960154895573
1.291188393652777
0.79258389273388485
0.71261484077942261
0.69385724181473052
1.0056266781630876
0.69691928450813567
0.88548711477054654
0.75853935072679668
0.65785255685766786
0.86083623550696742
0.90940701539387836
0.92757441130911444
0.92423932748603121
1.0060855741597343
0.97364774394745757
0.81369632893514843
1.0860283392556167
0.82763836837653348
1.2408466562720666
0.75728554867277575
1.0965283312460308
0.6553229159646955
0.96659148708931497
0.96680953317061802
0.70379971078877135
1.0436330080227143
0.80430598167278733
0.88655244347559081
1.1014011918958619
0.84756317148868987
1.2517459145170287
0.872566752508663
0.61919164546633565
