-1.1920652350180507
-1.1491620120311943
-1.2914516541123644
-1.1116726382587676
-0.83150993326141032
-1.0283480995863468
-0.82217127940133528
-1.1368473262841825
-1.2477740882030275
-1.3651091648610483
-1.2163588850533289
-1.0299893482386915
-0.85913804653497905
-1.2793899592721814
-0.96271117165890385
-0.91251713755396879
-1.2034555406256338
-0.94990700468060885
-0.83441319437725425
-1.0406765819014689
-0.91635370302635588
-1.3529055637875487
-1.0345088372752722
-0.80083084186156717
-1.0815728050697149
-0.89438737706960325
-1.0551619432845456
-0.8303348372066065
-0.70746872022432972
-0.91361414518790174
-0.89577199350917525
-1.0192559829572649
-0.91182306783784839
-0.99311750317637715
-1.0168879432935973
-1.0834332121514756
-1.1396016078903715
-0.97043509782305382
-0.95562957332448373
-0.74211087198530856
-0.95937268801581188
-1.0248948674344063
-1.1279441264753682
-0.96576436458719539
-0.77882853598840018
-0.98080563495658413
-0.83584954998610705
-0.69420400885606726
-1.179474622873937
-0.90447231153414354
-1.0496524065625061
-1.1472958676791056
-0.71491993129122289
-0.9517574854095342
-0.70330908385481239
-0.49027116383001462
-0.94719028103117164
-0.94785228926400367
-0.71430441210277695
-0.75456086878268824
-0.9507377420963008
-0.91792703569569112
-0.798182584726567
-1.1844850735509129
-0.86430549261095457
-0.78644426149568458
-0.88332896197321042
-0.8771085942571818
-1.0899587663807564
-0.91200188539884897
-0.83694887520707406
-0.63498339201960063
-0.91199623786971906
-1.0749793864821759
-1.1722642006716608
-0.93878495438836096
-0.93750625975815838
-0.92125963159488733
-0.77672717243310485
-0.86792032249364681
-0.80899745944511359
-0.44482344709954874
-0.71922757534408455
-0.53853798939791686
-0.91547092035003619
-0.78232802415767955
-0.81562470795321029
-0.89186882430407577
-1.071790074097589
-1.1576797292852661
-0.7744150062721521
-1.0221067743260766
-0.72271476411353042
-0.73069083887407871
-0.83125210363669044
-0.68791165295968026
-0.94246638225662605
-0.82047821700199719
-0.87737878088938981
-0.54031440016879539
-0.69139552123724535
-0.74157165527529667
-0.93280683827786171
-0.76854012127447424
-0.54218689813580778
-0.84579447037610522
-1.1161997104806054
-0.73711051558914553
-1.0616217754107475
-0.77146683780959358
-0.90865383502607966
-0.87867705358542103
-1.193520364101796
-0.50960033705578911
-0.50518865567274895
-1.0599151246823448
-0.83519381506086099
-0.69754353330310093
-1.1381016076520751
-0.42103085031856602
-0.90774705757636454
-0.85923426053949492
-0.92334695541247014
-0.83696208233891489
-0.59479500048092959
-0.8412223884133363
-0.88212645128135148
-1.0935543061950663
-0.83661060271147503
-0.50018198822562165
-0.55470783647615574
-0.81350554872090008
-0.84707343131145352
-0.74218611994378481
-0.59904877500220799
-0.74548231294231437
-0.49327374490744341
-0.75376343900299736
-0.89941936138297096
-0.76262543558027396
-0.81277980061695076
-0.4855870935206979
-0.82690175147697553
-0.77981941161612078
-0.77101747859891712
-0.97816800630698597
-0.92138680997367761
-0.70520601026798491
-0.58248576333338908
-0.55775962667816015
-0.89514213133009402
-0.65832682814490451
-0.77178679323981003
-0.68011209632823455
-0.40337282006163538
-0.63966990022516557
-0.40618314165151326
-0.28718849119015194
-0.6542159604668355
-0.45901106519251617
-0.52960728613323516
-0.8150690395337139
-0.66041596758579413
-0.83418753446329486
-0.64106678823192453
-0.67321350554453796
-0.50161678926498121
-0.74636149946925001
-0.60298981624416992
-0.67562046875050108
-0.73186080941522624
-0.71748486174082049
-0.43006148925990934
-0.72324699852083818
-0.89910311556737466
-0.69757010564211597
-0.67372053927808362
-0.63116269429744676
-0.51499553397476672
-0.76320922934018176
-0.43450879173586987
-0.40519774729278191
-0.49162214431975343
-0.73171526635304651
-0.64207511826594255
-0.61364673163050865
-0.65202075793988479
-0.70775573726064578
-1.0646496311494729
-0.57699553754707722
-0.53070357390053047
-0.4143743853114521
-0.89604770130619016
-0.78522430127197429
-0.46014239868992263
-0.64691158758519329
-0.55708522124684801
-0.8968864567435868
-0.50500443631322711
-0.98870718908970312
-0.62234767238900346
-0.44756307922673638
-0.77132170554930723
-0.59773292971094794
-0.88092777450168236
-0.49103420937632936
-0.6704736146692013
-0.58058012083272015
-0.67978789919290394
-0.76479224178208005
-0.38346308462354806
-0.62758769961815575
-0.65106701854300597
-0.81237189062778414
-0.62582195448722955
-0.39855454093948955
-0.6030810844943798
-0.67954212091550392
-0.79163659984459578
-0.88289069118057217
-0.56061879766881972
-0.56236403268604285
-0.93866780541424
-0.60268396752600495
-0.48573913571303501
-0.37849913172578403
-0.61052099014025185
-0.45842860636536958
-0.77662587781819981
-0.51666591189880562
-0.80648278687611752
-0.67439745066383716
-0.44994093139819319
-0.52273714428940521
-0.50107642921891127
-0.71774188439982323
-0.68330176668035358
-0.66906313941714468
-0.71226146321382666
-0.67337859094835362
-0.58394243153168324
-0.19507600269996431
-0.56418468671290556
-0.55888268631702165
-0.50934434662929662
-0.577357623485658
-0.42543060236393482
-0.52449016260579151
-0.68212918266400113
-0.44552215284621755
-0.65621079134929672
-0.34649267993605409
-0.60499319786268579
-0.60175101189675262
-0.68864786164499447
-0.51373179290580062
-0.59670643001021284
-0.54819271269728798
-0.484844685927945
-0.6694186461238979
-0.28673712970662585
-0.51727184025473527
-0.72425594779853375
-0.41149959446891382
-0.74269337757960563
-0.52648133350299398
-0.47662914305205939
-0.29984738676457007
-0.48231526392204643
-0.41779948771726522
-0.59817084944579313
-0.640680799065655
-0.27596013920572682
-0.40082692012634985
-0.5623096385149966
-0.57053985842985822
-0.70780527295459272
-0.59705282352400868
-0.51673439509579733
-0.62111638822435811
-0.68782171899007893
-0.36267447952086168
-0.097914931580629916
-0.45436387305757892
-0.39097370720748309
-0.37381923734924333
-0.46233205927194537
-0.56224382415329655
0.034891809962941604
-0.45740361370854715
-0.33254104858873795
-0.50706187858126162
-0.63046556340832238
-0.33901699751905434
-0.33682044992945415
-0.19463732862016114
-0.50401520652594844
-0.37781156002827326
-0.77849751684324819
-0.207947313588877
-0.25908578750374828
-0.60121277495226655
-0.59494661227989554
-0.64791505627960166
0.037552754592084042
-0.38007358508075983
-0.23156158128411028
-0.14506297519220412
-0.2449673336938761
-0.39930583549407211
-0.49493310756720427
-0.62646250518935087
-0.47625701006593157
-0.48334166200539125
-0.17273818575612432
-0.59756180440552498
-0.44146014475540057
-0.24806683895797921
-0.43936927768672285
-0.47811497070616565
-0.37450488983243235
-0.15242706186877769
-0.75305238231214955
-0.46252441394617855
-0.54347660574253953
-0.088204900747344647
-0.60194011321112262
-0.48842844350918974
-0.37451112117136054
-0.24841852162709013
-0.21343357497752424
-0.19622376149126497
-0.30205205027214704
-0.31150460128638285
-0.34718329528035463
-0.48915220217105726
-0.34269531862608388
-0.55691072096896721
-0.47287018132610936
-0.57291002510914169
-0.44612892650312191
-0.52143477698551444
-0.58141801404511961
-0.40760402121473882
-0.12082789687637306
-0.27578091808564664
-0.37350391951256562
-0.37738379473774591
-0.22676483578017395
-0.33365795289910805
-0.43688160947045451
-0.14317244217254621
-0.23823169959339147
-0.14977449312987845
-0.14012605675068976
-0.28871252539233294
-0.34104681207229498
-0.283535461935019
-0.22524366767905926
-0.015058121877923235
-0.572653720787339
-0.21730824089481454
-0.17119248054087111
-0.46143351694616808
-0.35880335176718575
-0.31447004685244073
-0.33890556935563954
-0.35590671677560404
-0.41180092693302039
-0.0037094309761763994
-0.36498533398503313
-0.31193220534796018
-0.31870259606454077
-0.37131753419048197
-0.31879525187756996
-0.33458810487605728
-0.29245162609616709
-0.32150968872773006
-0.19560907506752598
-0.01334915816338627
-0.24561203966012474
-0.45800436018692625
-0.4130863422273538
0.17813833883544838
-0.45705671158586259
-0.023149649101626282
-0.27143049054123564
-0.16538525676550694
-0.43670593716546419
-0.2603579148732682
-0.27854150866372113
-0.37015315525629944
-0.35856484873081312
0.10055800501006533
0.17178387891077668
-0.13743701491538429
-0.31598204216468645
-0.0018328842100998677
-0.27091540743953851
-0.48247571169553932
0.020657125423360751
-0.083813478575724187
-0.027942222796252542
-0.27048348976763603
-0.4047177133515979
-0.18741778367950379
-0.26072859466441223
-0.093437132215857338
-0.22110398433910258
-0.091645207850106034
-0.44001452878213948
-0.072618115970047914
-0.035518979976675004
-0.075576417320611072
-0.00038197073444757326
-0.47022684702214812
0.064736234980457316
-0.065208442561061453
-0.47954425224471525
0.091474434144175845
0.086091865391748623
0.0458731076254131
-0.14035620469893653
-0.090288703675459242
-0.51858051892921841
-0.61373434961866524
-0.10916263430913499
-0.053395681476246799
-0.170075740340938
0.00078325833176218847
-0.22703679026025783
-0.071902361584142732
-0.34544555537893312
-0.39891333931241946
-0.15876997418522834
-0.010450284635515755
-0.090556704320774409
0.043187866897298456
-0.14387375816262452
0.11903897878899498
0.098414278293355306
-0.25151660234112988
-0.032334841987643137
-0.058165212238778866
-0.21377039668205386
-0.31934725732626079
-0.064140019057793554
-0.13624751133780647
-0.11397866614553599
0.094118654186168577
-0.13829822018379087
-0.023551053163692957
0.18570102579724806
-0.13854534369525151
-0.19331016059904957
-0.20927123937192024
-0.014830866591256528
-0.18444390234908517
0.0032496628930993097
0.051496648840704332
-0.088965984794120267
0.21882401655532566
0.26583283656578793
-0.44741188438547008
-0.0077377725617219957
0.080658048211826761
-0.27440612700467326
-0.25384286032273151
-0.22073469281005564
-0.069972666787316298
0.07888104938732593
-0.31999760316632475
-0.27016982500269499
-0.072662673879108491
-0.38591212231880351
0.03051890362538183
0.16346545791941963
0.038598966022135479
-0.026066158037320031
0.27788115814272224
-0.24656733606503434
0.023937094306802818
-0.091207453094714633
0.075832484649854093
-0.17603071105486001
-0.17945852202774229
0.012698511454364217
0.034561763953149055
-0.18782946950156523
-0.11711886637758327
-0.086295109657700958
0.10152875540799189
0.028708394974801533
0.075189813678468234
0.11811097733261634
-0.23902099970645024
-0.21907265793708344
-0.2991257623336781
0.0032104831669859959
-0.1742344123969235
0.12811209494487902
0.15222419169884932
-0.052259610651015309
-0.00078146830949062758
-0.15166360988402852
0.084681644421978203
-0.061108108635246662
-0.058102011921415106
-0.15616037955818268
0.24950281196470328
-0.086889925344824953
0.12835020720313703
-0.16309246617919873
0.083225774050159546
0.23549544340263301
-0.11652116960901655
0.16341965472399325
0.1944718497187867
0.12073874870160164
0.0011671362709478922
0.020845177765541557
-0.0084776540059992769
0.21790661889092794
-0.085130329618739828
0.20121948068094347
0.18125191508279404
0.11167870238191567
0.16787904541532414
0.28323766845475856
-0.058350164515171728
0.03855128363675827
-0.18034197713886838
-0.093832893468261791
0.32037863977181158
0.26646895353015077
-0.34418547743307359
0.25412881193272402
-0.25085817235958047
0.17988845936441381
0.034969538612252035
0.0097700033314556418
0.20702845695905395
0.019393990920020979
-0.10830252968644978
-0.1260584982608198
-0.046394274548607832
0.13990580071828654
0.26146641943605614
0.18847705894910041
0.045138349449120124
0.15719293670358367
0.33364799759309238
-0.27746582641371359
0.2502539397600162
0.46493313643575213
0.11243472696939159
0.17493515127724921
0.5335824206896399
0.055841406527454306
0.16674964962738659
0.22491209860874425
-0.12554250851183835
0.10830900553274896
0.095284244370689719
0.29952197041437317
-0.12959192409883832
0.051580042413454534
0.22719278769822354
0.31263347402836328
0.45511693525046992
-0.1444120416400296
-0.052783350066914293
0.017386832461096735
-0.11124294539941146
0.14266782042074358
0.19974061474787533
0.59544797084131684
0.27876673589474127
0.10302819103111736
0.2330300013826708
0.38204544186160194
0.25693587911903082
-0.083245435333605233
0.38676019060212619
0.24186031453940324
0.18189149855024409
-0.17348602005344238
0.39487097265827381
0.11489916640954037
0.36490647861422432
0.53625505084542191
0.17734229920054978
0.21757916186953349
0.25358970777258677
0.44973422281486497
0.14041425306232824
0.2856558132767637
0.14957225811924355
0.26879043372555583
0.35547275022499769
0.29301150510417162
0.2058192348530235
0.49342143367605029
0.23010817467021341
-0.047391576601113337
0.10757559813276314
0.16286706297122189
0.32173179698087306
0.44416877743282185
0.32003854589701736
0.1956332194665874
0.10829702402680534
0.32538600411908242
0.46346111626464509
-0.074668796652456015
0.55816420378635223
0.0051254458001330373
0.33542061849444371
0.40272753729166927
0.33277374443771995
0.45296306125618879
0.3531761947703827
0.034430866001736525
0.33356000348252279
0.28910359852168049
0.49754333953940955
0.35039145624943202
0.1864593494199652
0.28196044202648091
0.18924663149616319
0.26112641939294473
0.41730512477342063
0.32581595085238202
0.53060735279139881
0.37291813634983118
0.21998654152061828
0.43772095801309696
0.44012054097227865
0.082490758999898967
0.41870149620221142
-0.039656886775698508
0.23431079287598847
0.29018395358103077
0.078925144576186212
0.47309983498166441
0.23425933336644725
0.14587803008638692
0.39680543717700262
0.30265794061488416
0.25759578071633377
0.11809658199472728
0.37767374341852888
0.69585992141313557
0.25223708954265622
0.084314918859802704
0.25422282261947798
0.26439494117332663
0.31854151979413359
0.52867553425484115
0.16885284204345863
0.57414271037732922
0.19247183847747248
0.50926555300531851
0.59109250819294945
0.43946130520235849
0.39529461144544503
0.36076939371460864
0.3256174911801869
0.39716042871818569
0.31317734792044583
0.2284574153553362
0.36543934893831947
0.29666839825836028
0.37553530052931439
0.33873377519401582
0.15531843454991565
0.34514742631146678
0.43299230727226462
0.026654767310703219
0.47888644032306904
-0.049626894729007061
0.018261147997686532
0.45711057090860169
-0.029415914391124547
0.27645897781914869
0.51274623613170023
0.44016499712773771
0.67972246789070223
0.68268194505036861
0.47962976647561306
0.33349648928816361
0.61612050919160688
0.57325794999002
0.52267424291593523
0.19383056345264099
0.16905514107031214
0.28233118605325724
0.26348720726772024
0.39464831939148676
0.28255688983620547
0.21788368097812222
0.49867121042114149
0.19218237322711088
0.37966112083744441
0.30263159795302819
0.61947111694052659
0.17536962093463312
0.31862374520698716
0.34187196911054368
0.33838212002681667
0.26214402630649619
-0.043847223703542597
0.39747710453396934
0.43477722683069164
0.20633803521898242
0.075260426607165129
0.30854140150699338
0.41551076677155796
0.48448020663008251
0.4230816076175441
0.53230767285590752
0.54239156749855877
0.15077418615367397
0.28600802691150423
0.11474333404819319
0.40345840530795807
0.30810476208196413
0.67878240800111411
0.41564960616844571
0.67185302990370588
0.41271289173611242
0.56160353753774261
0.29384714105578758
0.14272640851857216
0.71395399886227884
0.72258094311402787
0.344826645886259
0.58815778896025928
0.3772052771721765
0.54130805460279718
0.20789482649956462
0.66109802638204329
0.88034005493099821
0.65354049865223318
0.65619670790814455
0.31929840511619934
0.49179653107960947
0.57092106355369143
0.39418875849541113
0.52414512202157726
0.61541177057494334
0.6305070104791638
0.57626878174425855
0.58991977814536856
0.60064766797190106
0.32443695190099042
0.53720802563249781
0.64662945266390315
0.2142442277798044
0.50802318215761522
0.90104201978862541
0.67540199369382925
0.54892663732531022
0.74814292306542096
0.59457504243903825
0.7311944932789417
0.4892555430945244
0.39599573088825407
0.67392699064870443
0.85949254685300902
0.46059285128722999
0.82740755517559939
0.58859243411843365
0.64420496495335811
0.55953992423657262
0.66792554140704141
0.73908242343778785
0.5466720360940005
0.68095662704007509
0.52442778260020373
0.4707800128442482
0.53598017702329903
0.49925227060389954
0.60588723387723353
0.56634608860970892
0.51036761863179547
0.61967341866677184
0.80969394965326835
0.54858618729965858
0.70023265437400795
0.54185602593110727
0.53666900854821142
0.49649684483446033
0.8113444198116766
0.63019509800691198
0.61349637437452653
0.73243463590675251
0.6410086307575299
0.21681170481021175
0.78524137241570491
0.8338343666917849
0.59962412383101926
0.99677051148519413
0.44200475345321766
0.65805973972844389
0.56175824040327671
0.68012560747383788
0.56796035370041797
0.56435330291924768
0.46210643215149283
0.76800467821746332
0.79118922714790385
0.52535811857895609
0.8525106064703285
0.58751658041411203
0.80403836685357866
0.65262347067733228
0.64604156104984545
0.64493265869627536
0.60649078201993367
0.8034394449664235
0.96991524390373585
0.62236646147209229
0.61805648159787085
0.56573126066045676
0.74545759272806789
0.80892004071930579
0.82765824476526628
0.59374149222676642
0.56279531379419911
0.34547511009870691
0.92862162911730717
0.42054073345976306
0.63625590614725414
0.77794307657460504
1.1363608364832121
0.69952860976298092
0.73748181212503494
0.94117669231803491
0.63872643756613656
0.80308564620630651
0.72071358265515517
0.84875353209947046
0.8403071284848036
0.25685223510031652
0.41260976871806732
0.76117654364796894
0.94811840237521039
0.81612543059102227
0.72633382826962989
0.55123406160195043
0.88325045184403883
0.52222782137504398
1.0438463683862469
0.37511360589243614
0.88957196091586632
0.8352356039818446
0.70247027509259552
0.58801864200679854
0.65312431934251258
0.37723373847995839
0.66397328512685938
0.92072197184782056
0.6925198806303462
0.50945150649891235
0.79593202701446464
1.0945847662289458
0.78780900417655952
0.60158481716352297
0.67447700349435702
0.53886183610936378
0.80144229739786155
0.7855588002922963
0.84586002951745753
0.82725373024785598
0.762376032968061
0.31968829306177177
0.80827115147194428
1.0674912126088394
0.5414988954964266
0.67702504925801577
0.90803188700856519
0.4107552104859904
0.93350035382641006
0.62099529929602892
0.69357926144620796
0.81068392488378582
1.0565709340723739
1.1156965877221883
0.84164853370249459
0.78968594038905171
0.93454434480750059
0.77241573248204876
1.1643636161531783
0.75786733336320711
0.78269109368444723
0.92778240148285107
0.83362261813972238
0.26593165128312823
0.74095373023744338
0.84729072693755914
0.5799947900354081
0.88842390083531508
0.6205131676733735
1.0180173468096496
0.97842501370720425
0.78969630094541343
0.65744819704489865
0.61040990290785291
1.0973223869289548
1.0153226464006451
0.90751761270294595
0.71278027466127347
0.55761260127015022
1.0610170286872329
0.73317497222208572
0.9431036609805844
0.96098467907798057
0.59495098281985093
1.0230833701733126
1.0047782661521998
0.84895472913950865
0.81485534371917334
0.69037356495194924
0.83025938772255803
0.91096277859113117
0.88243417707288918
0.98326644333071278
0.92858146249094586
0.64446776255037053
0.6258220295793584
0.57261474706164217
0.88241498901579418
0.88505008611126346
1.028874872387491
0.70718688302972466
0.97064987336101327
1.055857361361132
0.88884105925161683
1.0215640241223276
1.1653460720704094
0.84241014684024473
0.94868539347307401
1.2391453859295007
0.97331992869103767
0.80031009423934074
0.90906657369460264
0.76410854625219626
0.9515619650781284
0.78376441722281687
0.94892837164055421
1.0449692483460595
1.0274399414239646
0.92573970233109037
0.90320870759668137
0.94318650887274036
1.055858148425155
1.1090254176853112
0.79843187004109051
0.8354219037937497
0.42914078574834996
0.6829965441009862
0.9420134963112704
1.0755666872298335
0.69558216248084948
1.0367665622710331
0.9198814699432416
1.047741177926097
0.85399568408412607
0.79755321327163609
1.0278562538843157
1.0370591959884496
0.89837952481532835
0.79629256725309927
0.76464985948133402
0.99872092716169625
0.93662810088367077
1.1849708559359862
1.2610428195238841
0.872597377632372
0.903686575836391
0.74040719524639598
0.9188905747870808
0.65729750003663945
1.0567061848972539
1.0882364900981705
0.99418969945627611
0.99813551401675249
0.89389804466408984
1.2450534913435598
0.90305375972288426
0.74089948821423679
1.101050354085285
0.88394883459600837
1.0260515774015677
0.92648024951173291
0.8805245969604395
1.074227133836118
1.0641820622720208
0.71080509414019533
