-0.77416455106341253
-0.77877730509081666
-1.0992321021092584
-0.77133131021410994
-1.2161171042456016
-1.0600134178993705
-0.7795288347112197
-1.138414294666017
-0.93687050128032412
-1.1332342882138855
-0.97143363254746806
-1.2292541481182413
-0.98813218051374752
-1.167032645277583
-0.78220707648786769
-1.035785879519515
-0.9303766270599797
-0.90912752421081466
-0.83164580321325843
-0.76155194615551303
-0.95837866194765864
-1.1195535799231471
-0.96326189060681733
-0.81648813098859729
-0.69635121583486614
-1.1208571949595745
-0.61920356692078427
-1.0423616747524425
-1.0225527472684544
-0.86754881832113073
-1.2628165887658744
-0.5549349525942161
-0.93407291945745341
-0.93357914638785866
-0.97962926183853039
-0.93959596170307125
-1.1106621998920605
-0.89132488692439227
-1.2261125345515913
-1.226552559075506
-1.0246459739885538
-0.87696999737277392
-0.81185878999787542
-0.8647621868616312
-0.98918782460679411
-1.0333708643196871
-1.0365159390338796
-0.59996791897686041
-0.86324220710012545
-1.2094388027508216
-1.1374344357312673
-0.59383890069658185
-0.71343770426787712
-0.90553664289145852
-0.67477696136391774
-0.73660573850674127
-1.2424856320832496
-0.7043448468823551
-0.88417136408837727
-0.99749773864881774
-0.90385517478381494
-0.9350830619467172
-0.84666894119464142
-0.73628078528238206
-0.84670915633573574
-1.0798788716796539
-0.81899085339355315
-1.0030878308331648
-0.64653216858511842
-0.67308523194750347
-0.78037051641085864
-0.63552089984234073
-0.55497370364225895
-0.87963758109053114
-1.0179759771636006
-0.8301858205157171
-0.53803600493490433
-0.78497299330353565
-1.1277772761063005
-0.66703097728239003
-0.80567319947450988
-0.81996381682424935
-1.034676324334634
-0.83081729211709232
-0.42110734057545057
-1.0362789120601046
-1.0281335648417385
-0.99644086815105537
-0.75582907710653024
-0.72734434909083212
-0.74373799944399044
-0.66841359145332746
-1.0004002311663907
-0.55174589288676823
-0.34389878716452532
-0.84952894472654739
-0.947221808296143
-0.65412156337123617
-0.68584047836536122
-1.0502350452980749
-0.73140079374782851
-0.76915332205811793
-0.93507098012986345
-0.82949121997186748
-0.99888025785525825
-0.75244353082165771
-0.73811743701467558
-0.87139848140067266
-0.78982537543103171
-0.73294903393352828
-0.6942867140017378
-0.73692950915230471
-0.63768272486073574
-0.6739622943041178
-0.81311711157162447
-0.82726365297378834
-1.101939713822883
-0.48717417217792608
-0.49013856104928016
-0.84551624369096445
-0.83383969681817627
-0.86421416449709831
-1.1036875197816793
-0.61408329706367049
-1.1007572989641135
-0.84832274207355118
-0.89827049642105661
-0.58155341537089866
-0.53437514469292036
-0.64290594908969323
-0.71389026654782051
-1.202647448569133
-0.77436170738495602
-0.55531972152976883
-0.86931611786621044
-0.85889890098625898
-0.91606462501930219
-0.87917985275191024
-1.2189101382951226
-0.43709878202130581
-0.56005780170111763
-0.66045309794030593
-0.69054413167214512
-0.69146002813762886
-0.72144856581280492
-0.93015268521268457
-0.9111028359194151
-0.8718633549296102
-0.33208979768604757
-0.44601215307568887
-0.35532731667296863
-0.4936588084958915
-0.84305372972646753
-0.85344740852598044
-0.80428874387895577
-0.63382704049673011
-0.84185159961553913
-0.71689320438252002
-0.6278111614209555
-0.52730852727930144
-0.62143697943976939
-0.90298008552079523
-0.60932541142675456
-0.8670803256354247
-0.76007756827094919
-0.50255391751281919
-0.51599311173579121
-0.89920253084131085
-0.66462376194006556
-0.41493845189803558
-0.71912538525389613
-0.76908429668061817
-0.71888221287035026
-0.59740178610955419
-0.45182494305372528
-0.62973262818821041
-0.87634133922482782
-0.58514621477937301
-0.94020937336338173
-0.10143156903940805
-0.56431597401515399
-0.8423105022842583
-0.13514354557662853
-0.84073493530189169
-0.837114121824173
-0.84313629518448507
-0.43765664760776873
-0.60122728839189066
-0.23889892226091
-0.65636092762269771
-0.70720916769690834
-0.24565525346368347
-0.42115579418931742
-0.55772123983464961
-0.9134194284581244
-0.41048386803462372
-0.8093727986269077
-0.60425730476702499
-0.3252946662817483
-0.65372670623715323
-0.84614505861866385
-0.90349197273394699
-0.46069470715909705
-0.44726339253468933
-0.83620141292854477
-0.72948428907148455
-0.25289012611856881
-0.56578486950557438
-0.80461750633181339
-0.64181484913797038
-0.6091621237286281
-0.55433668986684337
-0.4076872513059609
0.010574144711503388
-0.42842338081962938
-0.43363136415623149
-0.27478127483125375
-0.60044130999590462
-0.29555304199295723
-0.67723768611774648
-0.35403256420002788
-0.47824993237380231
-0.63531589425375035
-0.42430887970946307
-0.49738167253753113
-0.60621341775728366
-0.35494896808168813
-0.78414724271425895
-0.56220923229782194
-0.32966161917383463
-0.74843156538621791
-1.0114463832060352
-0.56311746657927297
-0.42675563207122502
-0.63453426419613912
-0.54097338473204071
-0.58267839901333529
-0.7610746291810413
-0.45739332196631716
-0.49727688545661686
-0.79493326646422657
-0.31746504569984979
-0.31628954869111153
-0.23978916960690252
-0.79987211911239875
-0.51457601953130871
-0.21927007484264319
-0.38330094272845455
-0.75641139454992767
-0.58262596103373432
-0.30067230443265941
-0.40479914424347935
0.069631711872202379
-0.23556087259081698
0.013710592267857029
-0.49840120850118286
-0.73635395084890187
-0.18065010731090902
-0.18223209718573066
-0.42849707242939167
-0.17016664875743603
-0.28113131537686803
-0.56838829435838201
-0.50853388765080132
-0.27041136128315796
-0.40244762458477168
-0.44434339958435037
-0.90493143705580326
-0.84133778382671665
-0.6579284784013768
-0.15216311604085067
-1.0640659000452031
-0.13049884588169286
-0.44489216811246834
-0.47695855763857753
-0.34861758941324039
-0.54494754845819116
-0.42669541357499474
-0.21220914557453527
-0.44237260882069074
-0.60311761700531741
-0.32394209095118426
-0.33473187683950184
-0.37278359933282229
-0.45330101970862324
-0.42024674228069647
-0.62860638516099621
-0.33699190435656495
-0.32343426591754737
-0.013696730900336851
-0.49386356492514638
-0.60012109680481462
-0.64066461780939588
-0.18911525551057387
-0.090172337757288668
-0.52257354862999417
-0.30328160821344124
-0.40204826312923514
-0.57020859864594997
-0.50896294372097683
-0.34671727892817877
-0.56647544632298186
-0.36140196959115967
-0.52712333497127162
-0.13729137174771289
-0.28169965056966573
-0.75506966479992133
-0.54474933999262054
-0.37696892841399532
-0.35629821763270164
-0.75418540000194867
-0.67750112683103803
-0.036063448373293922
-0.43114736070228504
-0.11402292206802576
-0.3492294806125093
-0.21023731966944459
-0.47720334375899487
-0.41571773988908145
-0.3190606876326616
-0.076684598811810972
-0.14893803748742104
-0.065632578511113246
-0.038887648323860241
-0.38142922732617818
-0.3652365024883496
-0.29922002922292362
-0.23779995364197198
-0.60478385031633886
-0.77596132986032018
-0.38893609825313757
-0.25680929485932064
-0.42132824321138007
-0.29767057968506233
-0.41213392573388563
-0.18701507393437575
-0.33325939767099166
-0.30287265862245005
-0.5411119370029871
-0.53378637545728613
-0.44017835057836302
-0.70441755820274166
-0.27186893672263113
-0.58773449013208223
-0.45627473261082835
-0.60473272129290845
-0.49025401088334414
-0.23068912695232655
-0.13634539881320906
-0.3870872627519098
-0.69776090226464371
-0.35759292096917744
-0.25626082364771469
-0.16230982616793974
-0.10881214933132452
-0.33490663497332468
-0.075357866379590174
-0.44506857290698704
-0.28511802846123602
-0.39748836237823881
-0.35282767513199248
-0.37053429916801339
0.025365395864485964
-0.23624280534190198
-0.52555752440331405
-0.24960928162951124
-0.31187155495836311
-0.44678296767477516
-0.18626597011630083
-0.47880993974021674
-0.42066576811925399
-0.23119835150448423
-0.18711877508376104
-0.12465991545257382
-0.24389495789200558
-0.24306775580461262
-0.18803767364867355
-0.14873695432732928
-0.27501121835325459
-0.18579264159201198
-0.031051310136431379
-0.59907975787874868
-0.27688548085667369
-0.14820447338431139
-0.252643603912383
-0.10767931067767665
-0.23574080578669898
0.015477965595990477
-0.20526310081444057
-0.41218204811132697
0.020290428226662036
-0.1614079218409345
-0.41061032537100173
-0.2386218737762188
-0.11527307329015345
-0.18662314908283067
-0.16274012664119156
-0.20615041757947428
-0.31715867434058603
0.029305418675774915
-0.22284784795025731
0.030874051530586397
-0.21871525068172695
-0.15201402156179739
-0.184642091195029
-0.4154926082638698
-0.1359844667272917
-0.042386336735627292
0.012477222692155957
-0.054710397979407702
0.031834340709714408
-0.26200523794408154
-0.03722142168068255
-0.00083236476169434241
-0.48873846667203391
-0.0056345400433516794
-0.34871272735915776
-0.28961367684906836
0.0038810377153617615
-0.19954788059353043
-0.29553359873050983
0.061889671197110967
-0.39040565284939049
0.30828100024329669
0.059405171607595716
-0.14621646416326342
0.0084062940236519293
-0.17247087971388875
0.081033169058370449
-0.065079536648632461
-0.075094922617860799
-0.70347666834359535
0.03501452758699878
0.07361599164895366
-0.32143530798875508
-0.49458325392269686
-0.21241179452595677
-0.44905924049248697
-0.16846760915105202
-0.28349395532370381
-0.45524184159932246
0.14473133691953602
-0.021448231408665364
-0.1725724290398615
0.25560210778430231
-0.15439233885525125
0.056425177193362652
0.066908012846184722
0.034911092051537994
0.067090632857794777
0.14896140205044234
-0.10014616149943864
-0.20080636723414413
-0.08024127228054323
0.25501017131913445
-0.10916556065925768
0.11232589634805129
0.15510655084652467
-0.085845685911090736
-0.0055442345635929018
0.13049214409321361
-0.26671080191601454
-0.14938509321428245
-0.12071735324595065
-0.22491497073767974
-0.33402466369803802
-0.37643273083962847
0.17521855378008458
-0.068670693594564111
0.1195409897642612
0.16129312421532427
-0.14207708744850969
0.29211032429809664
-0.12953274863688516
-0.24414587566660076
-0.053022592565612162
0.3102191432510123
0.094586638067782891
-0.31298244650314205
0.047158987156317521
-0.010752344422650457
0.1761155264521298
-0.2371342701040639
0.15962123901639416
-0.17985914125025834
-0.050163685344058837
-0.20441084590508798
-0.02773498152293712
-0.41611785962799402
-0.45101815448659244
0.27177115174998517
-0.080179809134264104
0.056679948889177094
0.24656941528110843
0.078886530229874255
0.032636970799341705
0.16782583341125593
-0.21784690638288393
-0.28953819180630397
-0.37681726837880941
-0.14582655532630087
0.091901487086903169
-0.37124343144123295
-0.44321610693868563
-0.043366042752630174
-0.037202653950451352
-0.060554396470398113
0.20853448284361698
-0.21228126500224492
-0.19724984848110536
-0.22667424273976738
0.088353449810402065
0.11000636995445813
-0.08102871348674888
0.014555265245570728
0.079598712702422997
0.060902983152745241
0.077146977379520795
0.13217031798397488
-0.49315729195912095
0.090792453116446167
-0.15071092209429512
0.22838652466987044
0.083252784757856552
0.078347588330003881
0.21509902630120187
-0.27169575369439453
-0.030052495455103544
0.36785433473752116
0.015276578809405727
0.026659237326049873
0.24071237578159274
-0.22985863318268823
-0.064533572952914009
0.019734343557141185
0.16767006977156429
-0.11257195267763588
-0.092484164608005723
-0.053115662372281859
0.079488075437172859
0.26209771646446062
0.3780444819327417
0.33847429504155319
-0.14187114149629032
-0.08940696657129478
-0.26121337847694509
-0.14472192875707435
0.30777790041516112
0.12792619049439546
0.37112215125371906
-0.20700053755237899
-0.31482550472818194
0.12815498918033161
0.0015070066890788894
0.1308070425227757
0.064828349318631601
-0.0048221241400807757
0.16887787862034681
-0.042608284748809268
0.41690662352931107
0.28020454439337716
0.065394687073847421
0.05249275824315365
0.34513623688069434
-0.074468141203088825
-0.053258143868825186
0.11327804695589816
0.093134674809897608
0.31253957423325329
0.19991720928007609
-0.016457789259246847
0.197425665557206
0.30594639243303862
0.24674521490849718
0.011485792037906476
0.45520596184306683
0.078911469717922372
0.15524029275498763
0.31679882289680977
0.3343455009586595
0.35982564629433794
0.27765071369848021
0.15663572667355363
0.23343585028907365
0.33712691298398534
0.1954448947256672
0.12131436626531925
0.31765726785004922
-0.06276376523662347
0.072336765291256086
0.074000397760085893
0.56781044053059182
-0.1522405381972862
0.43205504323458183
0.27548913397611724
0.34300374490512597
0.1846992700507136
0.26539684722323054
0.27499311014458161
0.1883102942131796
0.0028607207460303076
0.25330552651720795
0.06243466187858112
-0.1240164000429553
-0.074422935692672124
0.17962730191669921
0.37858748476394599
-0.077938163243367137
0.31868884398774233
0.15261914565443158
0.30449683331663774
0.069076618279110644
0.07833000705140003
0.31045798346217951
0.052276758627492342
0.12889831739545934
0.52196987567047792
0.482422380824923
0.31058948407237358
0.11223154048813458
-0.11963638172640607
0.11629353076968067
0.35315822662770635
0.12656344547538342
0.31869798502273133
-0.029685007718727702
0.23601654358984669
0.42928957946283181
0.47816532272604095
0.23647927191484025
0.24574381853516725
0.38803594037939981
0.43603074722244478
0.40986893643283384
0.046568281839288489
0.45077664051115324
0.17241421937443502
0.28847670514011536
0.060602905762701366
0.12582532878375535
0.25142961508261052
0.27104557213318786
0.60184828557346726
0.33255665391897099
0.34770484212461555
0.50591801352881749
0.210319493683226
0.11628502782206562
0.028885452924144926
0.20353671578467558
0.42115516898292932
0.18842161122624601
0.37555502658743606
0.34007173236168131
0.48560784295166365
0.14940765606526249
0.16458697001469089
0.13490357000710942
-0.0068738726785174502
0.36224272751840675
0.18915799517560419
0.36787594930646828
-0.18573857574923805
0.66497791554594632
0.70928555342900246
0.21705953335411549
0.45903188063337502
0.35933481814990204
0.2871243071248738
0.30118059606637848
0.52802409933229488
0.28335010206586092
0.402697081596885
-0.064062036803790148
0.11821177372423471
0.46175541232976702
0.35393127736121965
0.26396374115428062
0.38037458261191059
0.66062580825459938
0.40253912223154215
0.71140968213149847
0.23387374833223362
0.29539644344084448
0.48165195170222375
0.7628173980531151
0.27745721792370404
0.41106696095751993
0.34069888931618381
0.32751460049780989
0.29912930440032481
0.59672298328530904
0.14008400442478566
0.62498681388996702
0.49877735021094244
0.40007249103750286
0.56743798652375332
0.2724810327874842
0.24564157706644221
0.4440876764812931
0.56091120335494093
0.30196955573217815
0.53384282301120545
0.34212807396830708
0.53730333281884257
0.45563525971948238
0.59650942661262651
0.29956181588814906
0.57865670135443237
0.27977668024424551
0.24455662190436386
0.38972380389597311
0.16032893936540468
0.7565571710789879
0.3497425315344217
0.12667904824453016
0.64423747382032048
0.43462307124718202
0.31215993065367936
0.3349616679548223
0.56527840186812417
0.52627195795798776
0.42316471980451542
0.63252983187732215
0.59988005079167617
0.57976155994176948
0.46798526777582605
0.090537461072485823
0.32520216320640677
0.69160876224525403
0.27610181135992312
0.32271709417017375
0.46913140578454021
0.28779062602248529
0.40766761086111514
0.63277451986102973
0.21039159331903126
0.56116069180183126
0.623906605082308
0.58229841007377903
0.54811200196329513
0.52461834329026824
0.2875947392495265
0.52715576981607226
0.62762162600697813
0.31331109954262415
0.39224795367056225
0.72573076494504218
0.46619597923951278
0.6413998149521305
0.5958479186550758
0.79943467860189121
0.7544508376800847
0.55915868036391669
0.29947393548569484
0.69933007257571544
0.38856773173891407
0.35071710152309332
0.61660090723957983
0.23192872343664314
0.41623135893772245
0.22357127106107269
0.40582704753199716
0.44041363228017638
0.47285093660721145
0.37620283278431732
0.70500584797208599
0.44295872334057856
0.43536809573267532
0.39552656866783664
0.14841249949242552
0.42490779532205231
0.79998707720198181
0.73046022873995997
0.51257542711852699
0.50202219108863977
0.82999628832688654
0.8598342304617459
0.36069288811963574
0.45043115361902081
0.68501669097420925
0.31651614133613021
0.41225661505648004
1.0328745062765363
0.73569245701584962
0.77833704592106301
0.65272642356120991
0.39828196529458837
0.55669442587890905
0.47649354827324686
0.73775556949715737
0.77509305365072856
0.36336170895569819
0.66865645358670456
0.34097725410309981
0.40611319387206918
0.52566905441690237
1.0474427037289813
0.77793646880114486
0.28273001084344607
0.92638467673410663
0.84711908239283185
0.7050820255523369
0.53334795278529112
0.48796183811866534
0.65962877456781355
0.68153891609883144
0.46013797634724746
0.27557924818219037
0.46212327166738265
0.89254147144230334
0.65709275412689916
0.81255253861503307
0.75596858146973267
0.6172312940769451
0.39882080030008538
0.90851065940095399
0.28724045429049172
0.60467394768587701
0.50374891087430429
0.6197001436960986
0.81334753073168553
0.61317952597565328
0.80643669638317739
0.82055434607931921
1.0477050726735326
0.76396697828996585
0.62929364347372685
0.2546659110373834
0.82303790740220339
0.74962656801387284
0.64998097840866675
0.63953322364081899
0.52194443248900069
0.77608387446509663
0.67346130487190936
0.84423566853513277
0.95974603872684794
0.56544597836377453
0.64570082560595965
0.70863815213111014
0.66656669763321652
0.74103571344729524
0.65727231593973201
0.66494255210100783
0.63572479878954391
0.65832850799549658
0.65838921379187543
0.52370253108356302
0.69526813134985865
0.79100734341653001
0.64881943492644945
0.54623388176688903
0.81399133299472604
0.81616815684381383
1.0104498089858676
0.62364572624763936
0.41569412949290274
0.49278647110699192
0.59049857489019442
0.61191124567974242
0.7145439796178259
0.17695007358576581
0.8295194947348794
0.57498728479880357
0.7407694746228306
0.58316664337685153
0.97767124374606784
0.80679099175468394
0.56278740571170505
0.50148927231840612
0.64653988269673279
0.63417119352059104
0.71629825454708629
0.56990881010371552
0.50218171507303833
0.86909030736168968
0.98912040411192048
0.83570345928771861
0.89424261422173845
0.56381397477217499
0.89380722561162096
0.7779224586424407
0.86696442370740323
0.74744717438846575
0.84762046471861607
0.8432271993405609
0.94180320260494466
0.67348452690259175
0.91857931212013988
0.7322919706230071
0.98714699054865185
0.39925019955084606
0.72058822360750174
0.47391739215255746
0.51524088986501115
0.81608532572371062
0.80067813436426838
1.0012513578086399
0.92676297890704029
1.0309829112176676
0.91457653870064359
0.62981734886699825
0.65090047012507612
0.66307150541719362
1.0892611482868904
0.95256866932040007
1.0531611126651181
0.4341988744012894
0.95692598561133135
0.94094319640902424
0.79815932293380487
1.0870681686697152
0.92779636682059907
0.68672504984905902
0.685762892800721
0.89474575102216447
1.2307817618950072
0.68338219514114262
0.70083441322125606
0.74939838371008005
0.80499045828499805
0.66325761439323938
0.70498138561445367
0.89868549459850311
0.44079866777458754
0.69318664161441679
0.6337930812378112
0.95407639116202969
0.79828628725684192
0.81676412895383199
0.82165817263053809
0.4793587546777513
0.83872473868639608
0.9912311300760771
0.9940302708140798
1.1467185782845479
0.81319426722914523
1.1231344229315079
0.94362904473279663
0.47588965776371311
0.98052673055760275
1.0384207280511313
1.0316843118146699
0.72570844453650363
0.90771111686746209
0.94809377526540428
0.76802373546572067
0.78730970535573908
0.64854870038992274
0.79891048080258309
1.2640029716784762
0.80455533218969399
0.75378847208069399
0.73769582348330798
0.96799948543377823
0.50488248693450011
0.97248127442687038
1.3932165572183477
0.98616156173873437
0.92469975350040257
1.1863209263576016
0.9187360281079866
0.69469144744672129
0.62334855222718111
0.97816672537546245
1.1394643214107922
1.284591661806521
0.8111958487862535
0.72489775274975121
0.70726288006863425
0.99280732646551451
0.69837164017341424
0.8834831762334856
0.76081091453199512
0.66644642340409677
0.85935123160755322
0.90802181286950612
0.93013538762925074
0.94004618780230775
0.99207739530398087
0.98671840629363172
0.80163727105997951
1.0827591585949348
0.81890069808855592
1.249051497079342
0.76715336153726355
1.0922725356824532
0.6439982116449654
0.97135235225442962
0.98807175227410138
0.67827742909412447
1.0654470043998219
0.82175538855971619
0.86412768314901545
1.1014819122025601
0.85509192605657047
1.2332735615924606
0.90587375851843321
0.62335730929043376
