-0.94642788031336367
-1.267150232764684
-1.0241255851039801
-0.70621930847921843
-1.0639781956606258
-0.92050976302196441
-0.85133046753542863
-0.90474771732685144
-0.82529223185852962
-1.2272306634827168
-1.2033475223006169
-0.86884950141784278
-0.8898287942503762
-0.96113469586787048
-0.93293918876903648
-1.0397783155100178
-1.1348718739223336
-1.2066517630655744
-0.74465019443593172
-0.71240673170506086
-1.1458669075184613
-0.83810882223805494
-1.0175038254575233
-1.0078964540975801
-0.79682870819815921
-1.0659383405180411
-1.0982500334999397
-0.95968415296190623
-1.1296973758298885
-0.6390056313528989
-0.74948831686203421
-1.1552295267271742
-1.0514502579969081
-1.0030694708149321
-0.76875969075309436
-0.75506185307094598
-0.95727036106564256
-0.86426141165831738
-0.68178306730131844
-0.79695033088452605
-1.0127087775245938
-0.89182552828766826
-0.75135686321649953
-0.96182405857855124
-1.1599102128982726
-1.2647843964684444
-0.96105183137893613
-0.77502751117245339
-0.4683155855230377
-0.93248730948191605
-0.75401268374415398
-0.99933440322398603
-0.61736054376882665
-1.0176852460707235
-1.0579235868954791
-0.9319158064036771
-0.96421394247537029
-1.1296646471821827
-0.78509290301683854
-0.66779018331052975
-1.0111505184960368
-0.61146458940637749
-0.8212921194454057
-1.0210658205041447
-0.82381044948644799
-1.377885932146272
-1.0285201009374338
-0.81870179721587255
-0.3537956102548882
-0.75444467068544696
-0.84586761316285253
-0.70193606362763028
-1.0326711568977998
-1.0305579745163305
-0.8195690193227807
-0.70090608988397085
-0.56708289573904125
-1.0402983602969738
-0.73030872273347769
-0.82697280229740378
-0.88025755377006798
-0.73067814751191318
-0.78074463597098276
-1.0486492168175641
-0.9459802535282249
-0.73327423897499411
-0.81917553465521287
-0.81136842882872517
-0.55994332386447521
-0.78964635948079298
-0.82678945373811119
-0.74532607720362498
-0.98448963496974418
-0.80572439900434223
-1.0210221977351011
-0.8631810149941529
-0.45619367716318104
-0.88264893902310981
-1.0042770728468535
-0.51718750001768576
-0.59313416488293091
-0.61684363317778479
-1.0789982830611826
-0.61785271030276445
-0.69291202019439102
-0.95723325691327454
-0.65359976257636299
-0.94471141040582007
-0.71868369295605528
-0.75439632789577782
-1.094047386690836
-1.2911378635779625
-0.7795466017938405
-0.55829652086090598
-0.74933986848877998
-0.82847808828885439
-0.95319215874448782
-0.64358210271676508
-0.57023318836886627
-0.76365664253300947
-0.61050910582211859
-0.69443743362861443
-0.73765808487086904
-0.48108792888909652
-0.73725874393842672
-0.5006538104702517
-0.64374677333243457
-0.51745443243291034
-0.56663948266250486
-0.64587828372996459
-0.811775555338904
-0.84211722932952504
-0.52913113936070133
-0.68153033338367708
-0.72667453435709128
-0.66389279121389999
-0.85788382686826681
-0.3572189920460781
-0.48406740564412276
-0.70932293115011502
-0.81806715060654833
-0.94725989106712394
-0.62989795672272009
-0.70564600009569234
-0.74068156086602899
-0.69102170288990927
-0.62236596552421175
-0.56534688473405836
-1.0016655184183068
-0.74803343757826579
-0.57197981893399508
-0.74461573132386549
-0.59025955043926226
-1.0143198320668334
-0.88229389060078134
-0.78712323350084878
-0.77151868332797624
-0.67062983357238326
-0.9805370692906783
-0.62976076659534974
-0.6348733508826071
-0.3729816688636044
-0.63583967787268458
-0.69524376755186712
-0.7809460934979674
-0.90592200464299177
-0.62431726132991749
-0.62817329479000628
-0.96673352183882189
-0.71661871672304922
-0.60910333284704588
-0.59447807340854275
-0.40891262681856955
-0.79241027731299263
-0.6546064305266357
-0.71081406094738131
-0.71538831203035758
-0.50632360083208994
-0.62418642891181386
-0.76790905551880828
-0.45171250186775252
-0.77050045183996407
-0.43773505108816696
-0.6065377755094542
-0.35146226845575462
-0.62571359312463715
-0.46130329557471283
-0.86739333425920007
-0.94882717308707298
-0.64346448924783617
-0.75711386730628083
-0.73060426586311755
-0.82778972750812363
-0.48842945817264488
-0.77500090985681225
-0.72258325780254673
-0.52835706688410888
-0.62509323720113208
-0.85480023241708381
-0.77564848554547172
-0.65365888734663091
-0.32447211519642072
-0.56866001133126398
-0.37093040867696608
-0.63028416638032558
-1.0112460781607506
-0.44814930948135773
-0.683821564941958
-0.69025524418291084
-0.44051300251423492
-0.86199202765475591
-0.66018089360390375
-0.57844080999225389
-0.37283446493410255
-0.44524089018657026
-0.41196941226602274
-0.7924769139049892
-0.58471226557449796
-0.60386662277108549
-0.50881579410600286
-0.3786196970888413
-0.60764208206930381
-0.5537603938261243
-0.41410885602342523
-0.77414430841995341
-0.72067929742766068
-0.77876914004860009
-0.39767572528428813
-0.22642157034434954
-0.56193549705627788
-0.3101946554600763
-0.61770010329717662
-0.44081832525402159
-0.39904429593485824
-0.33507454630109473
-0.56480193535381795
-0.39770443716600473
-0.6982317450196095
-0.81506170535668165
-0.42760703024945845
-0.38326409111798448
-0.83659150173692243
-0.5504315448987589
-0.13773216532852903
-0.58059828514563283
-0.4532596477798263
-0.59986929167348102
-0.41861348221995465
-0.15603927989016153
-0.5826792451107603
-0.3575226605231217
-0.62450233424177293
-0.45907142191389894
-0.78370720047469611
-0.40769118496279177
-0.47014859470056314
-0.42769268501598823
-0.36033319130611741
-0.26785885727629244
-0.41373252180832826
-0.62206086474316591
-0.66232790812335529
-0.33546092306719238
-0.614007032599025
-0.47274994232679973
-0.78121437404775496
-0.19272228587548743
-0.52325516713311337
-0.41968334581761363
-0.274043989430584
-0.3578721309033191
-0.48437911864426453
-0.66824328713208769
-0.51645854823756099
-0.48584759386385634
-0.26737406743638725
-0.29194616397182999
-0.57583926843716571
-0.35733367463286103
-0.16122393625381556
-0.1309121961890761
-0.3029122241872777
-0.45980304266993616
-0.38419292410582706
-0.62170280248600052
-0.44401825086993324
-0.39880697503086837
-0.63668764597962624
-0.5039242364752512
-0.39465127152492341
-0.57286865653484476
-0.39156722963032892
-0.67359041942835296
-0.56447857707744054
-0.5059126412825099
-0.57325653158055112
-0.51883519768317687
-0.32464777723667382
-0.64312294642792311
-0.21967118018932938
-0.54642137089456433
-0.25459788737107353
-0.69830315103089902
-0.48064810396927582
-0.36917181077917793
-0.61260380488299415
-0.5949205565692407
-0.24634473197307372
-0.4695827757612816
-0.39496236248508448
-0.55587502947192236
-0.40894681727947835
-0.32317791380104555
-0.0016606092935455461
-0.19881530821572496
-0.72040698155593719
-0.47264409736662932
-0.5369326700049234
-0.10986366059928096
-0.38888025943093735
-0.1254185939638808
-0.27417920197407508
-0.16734218720412375
-0.35780996189160835
0.095784371213123165
-0.32810103757136261
-0.27706327344278869
-0.31142931950906555
-0.37242162812620139
-0.68820451857047737
-0.4185304808357268
-0.25653216480585267
-0.23604637389609098
-0.55793897606437548
-0.40825964139716747
-0.43964205164548237
-0.51700848394837917
-0.45127594135451776
-0.1044488336882346
-0.31103388329041642
-0.15763908374795341
-0.34422743912808113
-0.50595004441049707
-0.35058536732640094
-0.35453878256570559
-0.097232999171782797
-0.36277964360886172
-0.19837753372227354
0.11357649956127676
-0.20576878062625187
-0.25571191655974485
-0.18922326721522889
-0.20338593614349271
-0.23762240313927666
-0.44049587003440083
0.18572049102827301
-0.52749800955474613
-0.032600407910290383
-0.087960647761767652
-0.45827665054185013
-0.27063452551161471
-0.39775580205229139
-0.48884734966197702
-0.25981069654947919
-0.12038124641426606
-0.11134806780004461
-0.28877439814436362
-0.45425905721283683
-0.01525853050925321
-0.3869127916525224
-0.030841365958858426
-0.15969958886173125
-0.074647589468353953
-0.2565969699900546
-0.33838870317013603
-0.50063383481653834
-0.29415600998035568
-0.56486647294503167
-0.39885975365457549
-0.49340514460931312
-0.24059761056971643
-0.61682356556672246
0.058059373195096027
-0.6054774415094899
-0.39577943205748001
-0.20881591796777194
-0.21118071338927991
-0.10206073938599847
-0.19138991664367502
-0.21721299249845741
-0.16924779790549019
-0.41116548764671246
0.036481731023442432
-0.0087720267353526386
-0.035938255168427274
-0.11332687242647961
-0.083689487252817787
-0.023071743912012898
-0.23706137657224544
-0.091598511340417882
-0.11743116719319589
-0.37502681231012336
0.048823422712076105
-0.090452304221113083
-0.30482506789668679
-0.26994955272329985
-0.13558959468233928
-0.073345544937642379
0.39823434088825932
-0.5771723572280808
-0.10302488215096822
-0.45129171135235624
-0.18425770543179676
-0.16099577578746799
-0.013327710647569619
-0.065660370794869471
-0.20710336507499327
-0.33688798208346377
-0.18989572784754577
-0.15691185761501938
-0.20030588489639739
-0.12409123313105129
-0.090388544835674725
-0.23310531713461458
-0.14990372600426868
-0.50394465859563475
-0.031794553016157891
0.27589196418815992
-0.0024196397733287803
-0.34420360889851498
-0.2138887409814883
0.068698597772223507
-0.24871187415157606
-0.055060424153131324
-0.30614320852743782
-0.12202790448246389
-0.18056353779630419
-0.20537277757933639
0.075470408299294842
-0.40201219189923482
-0.24238015088738363
-0.20715641514277966
-0.2811333840740049
0.0027042754683183506
-0.22861369859857034
-0.2580381367479318
-0.33099113848777451
-0.20600909309744705
-0.28102656677926308
-0.14014032687043729
-0.40984290438466325
-0.10170109260805681
-0.14169379420973474
-0.24926833941883753
-0.166686088671052
-0.11683955159004918
0.059445817920596812
-0.31218884646629796
-0.018398199002548878
0.31523399872372293
-0.41709194160946234
0.15983247855829721
-0.19582742992866173
-0.33777265580404636
-0.26079662608955817
0.074594476549385696
-0.15182990534392318
-0.35193807227395668
-0.07402035862526786
-0.17195868407327117
-0.19097155207978686
-0.054162029900547713
-0.16074326492354502
-0.14301999483440031
0.21248108367386978
-0.091798473682084158
-0.028269626028525032
-0.33069827793202228
-0.10188347408776301
0.079671678491558914
-0.30528506530715477
0.2626221717248331
-0.059873563292305226
-0.28954027772101754
0.24956492300251037
0.10476829209816554
-0.094888746699047788
0.31935516898105998
-0.083524609838654659
-0.14917494291752262
-0.14446348213091645
-0.12461606568793406
0.032255555516728748
0.10086378267184043
0.059158824744223813
0.012907620488608671
-0.37307348761348436
0.044420959220113576
-0.034096112788953928
0.17673958653584035
0.19700792597576786
0.0082997037025995743
-0.026201230698172311
-0.0035340288598248596
-0.076234918826026246
-0.31706108022663321
0.016866244702387099
0.3300698169933059
-0.038113398214010899
-0.024200931987359578
-0.13365743937592051
0.22395270932048533
-0.21293081569108985
0.15809670658197658
0.23929061693855747
-0.098606488245621599
-0.042834948791743654
0.064048134943060567
-0.06639685720117644
0.05353460439794229
0.28630791405939082
-0.061208104476975125
0.12787199081753009
0.14771135337825478
0.18366044224485367
0.28577039522119407
0.289344443538672
-0.016685248900343719
-0.025914697472948316
0.18787059882206264
0.090484090816564208
-0.21181435956905931
0.27063693819134033
-0.10522229994662537
0.22798410169123628
-0.12571467149822022
-0.035524063380715447
0.020701764053741991
0.23277586337926162
-0.0190454909690226
0.036909148855782906
0.086762953915587859
-0.25103844819851545
0.01334300411060196
0.17838868871964578
-0.1757218256442305
0.1952062646478015
0.099704785885285654
0.31021341613785769
0.49822409520156102
-0.12102093151910909
0.53956566835837394
0.24318082023862883
-0.01505434208605025
0.37247118193332263
0.19202517162038338
0.070871709185924281
0.064914137499539837
0.1163454087701381
0.27394240413981508
0.098879240636040699
-0.074024347139555385
-0.0032715437503204616
0.29214354038652779
-0.022341450883664276
-0.14071011085120258
0.19466993021506468
0.23754061184076572
0.23013215490660749
0.14129983813294342
0.18579710679477437
0.11444225107654096
-0.018291078862863956
0.16725188877043745
-0.040213027658611518
0.23901020030806316
-0.099214111104453592
0.30331193489762148
0.19235485781742201
0.073684568748457094
0.099990168490367959
0.28972535508440478
0.095246806396970848
0.21814839435625161
0.00014838767059470218
0.33365859208759829
0.070337503613017063
0.64598055412374877
0.31957349458001366
-0.068502478965956251
0.1310212322150012
0.18966244671393484
-0.06584306068575764
0.35466066194150231
-0.0044683194909788835
0.15527810418628687
0.33056047686554929
0.063597023177120973
0.23083227067444728
0.42139951064688991
0.06382284358924567
0.0017954937619808267
0.040649194672720934
0.18997745919264508
0.39869563602026903
0.29812100518815893
0.49396853725491846
0.38893870543731529
0.089766271224532082
0.13980766239857817
0.090674718592554757
0.44539541265460592
0.060973273848798935
0.16714655690971514
0.21869642553179908
0.18380577776737614
0.46782467491957824
0.31337694149240963
0.17967140343406784
0.23989296977401778
0.52621060684856469
0.40349445270656309
0.17458741149528295
0.34192549272438605
-0.0025619846282403649
0.32267080449462976
0.17671260966852809
0.35857137552331708
0.49082876526064795
0.37613219683173094
0.49968012282469487
0.22808675227101161
0.068429767656855378
0.52703656217720118
0.26486974046250611
0.31482069945216856
0.099985697937691062
0.20932769371684098
0.61687332317774513
0.3599538733446328
0.20327541886431547
0.20178556482653254
0.054481690236623831
0.53342367265336665
0.39332511483102622
0.46161088369490089
0.45434453484105292
0.22234060053966895
0.41049929976892019
0.55246535839927557
0.5668461248761022
0.50209762744654507
0.27188599790571921
0.59843077991300098
0.16983131684979688
0.15686654384178689
0.43638841431694231
0.41201080758589442
0.3176876030423984
0.30907417394434678
-0.014944714799863545
0.40171679215257877
-0.025540270466890679
0.1578974786851472
0.46261539320891831
0.53090214114933931
0.52286043742168631
0.31812711269922256
0.27960752417008955
0.41597928267896306
0.099517302301166816
0.20096826064830772
0.44875467163091654
0.231874182218753
0.4413475431696508
0.23133146644422425
0.37869464140317288
0.43215798563822783
0.35729582064559484
0.15738216588342199
0.45776436686375616
0.27148079312590667
0.23978517976616581
0.3868882604348256
0.18746490039076552
0.44281971842863244
0.31782015597534025
0.39669534271054757
0.60371967809427673
0.47056926692828505
0.1556959269132541
0.32239141816444294
0.55366131980033706
0.31357811434949334
0.090594731251399704
0.64417248960596796
0.18038565526286598
0.40265387232506111
0.4706276394009945
0.52801611107026547
0.37053636672978052
0.56019680506428571
0.67571227819987223
0.37955970908387338
0.23009980320477785
0.19090100216784842
0.64561687846498794
0.41657508101834712
0.27846040800878474
0.41049813307762711
0.84708126376096693
0.35355511498128861
0.76550104516112694
0.46660868239859327
0.6067637670291135
0.26872962987250432
0.5156426442289922
-0.070659417849630896
0.51984857425714104
0.39621825415996026
0.3391862162742571
0.37655245164039053
0.5568753608067194
0.4762162779817341
0.42492252219693427
0.1761826186605806
0.72416882916504233
0.48044734047749815
0.35891718284214763
0.54556174314310124
0.58731384134009479
0.23773501893429655
0.34847093406512764
0.48039857383643908
0.63886771133443676
0.21862972619239718
0.13644022561089669
0.80648682662573579
0.56805817724726027
0.86896474358492581
0.4243825788234456
0.279882780360038
0.25552318314446465
0.52490949564549583
0.44629466459683909
0.68188398365832847
0.85644864172306956
0.91105023125310702
0.75107926717873197
0.41248634222888653
0.60106940577848089
0.63763555589766385
0.46460168175777927
0.80394227133416185
0.41894089418237768
0.64746499375309918
0.91875971226307684
0.47224107571182589
0.25170560764077565
0.79058001001529343
0.30215512839842551
0.50679477362084668
0.078543396733639387
0.55672617505811128
0.76420890234812799
0.58189408022226929
0.61835927869571972
0.62069668138671885
0.58925503118037548
0.62739575418635696
0.77147489664799351
0.44142435136604979
0.47751197140488688
0.57405323744961134
0.43787124711552355
0.60129022201385551
0.46355211427089116
0.89326115550198548
0.58322872659268921
0.435495445527049
0.42545753489935573
0.47486398609595937
0.63566150949518518
0.56362278234634111
0.90617369936576075
0.36176044487746872
0.49514909060743784
0.53839624668929864
0.37492734172993047
0.29894196990361793
0.4437611091199829
0.41822829669978523
0.36401163535314168
0.80422469301192734
0.68577392294223816
0.61539307963606427
0.64500043322613831
0.81588467123714126
0.38746783776728499
0.52128852197179909
0.24094492611899632
0.45140478892969221
0.76589014474117723
0.50823567175077478
0.55967057656538499
0.7944836790814187
0.557429982627203
0.9896623532147456
0.50895254357032982
0.53191736174044346
0.70551502416004142
0.47654795326779231
0.6644266614988571
0.53574698915682439
0.89206082866786374
0.5768798714442932
0.66331370164395875
0.58864158326467242
0.86565003579657296
0.69272332674623949
0.7583774874283592
0.28810232433325406
0.69706096762630732
0.8102286670715011
0.31174687078168173
1.0349512579639948
0.44294309477810678
1.0856014318508105
0.52143667386256254
0.65110959043558281
0.86789355321011896
0.64449345453535267
0.77527651304686307
0.61648397295721391
0.90317243362190003
0.82678633474066232
0.60887653096104033
0.8977642789761604
0.93160177194203009
0.73606204355600036
0.55368633927864208
0.77366120677565298
0.53719611134929834
0.59401891892919745
0.63234287763113251
0.66099416653171172
0.53808586358238086
0.39319084230333673
0.66031114453967699
0.62774873380017659
1.0378551504660667
0.78265472069412745
0.44168070770157841
0.52545567420762895
0.69094182978649132
1.1148879413762811
0.63517408388187091
0.80194851540501055
0.71491506162114327
0.72808645466307909
0.82006537797075585
0.53481148303567461
0.77155158478629171
0.6971759190006368
0.75732145745090218
0.69780955142558831
0.963882365950117
0.49529311859961211
0.92470943783205228
0.32138928083190299
0.59027882946479293
0.77226845572462111
0.89447686246805702
0.44142605142694169
0.79408841025767918
0.68176825582168288
0.81310171805193487
0.67602600036478655
0.87485923102566077
0.77116476454718963
0.63681906994522319
0.80569268641137493
0.85312819121744876
1.0607731660970137
0.63243382413762328
0.53412931770682326
0.43754803783346563
0.7492531721889365
0.82775310277959746
0.65021854993057726
0.63217698247729615
0.95699435209095329
1.0364205405322706
0.70725515697932351
1.0080495687616187
0.86844557256250798
1.0031095440876099
1.1332499636979372
0.57667018251582891
0.80459898906170435
0.86180867332679867
0.48728758116640686
0.90737093665838564
0.85890828268764918
0.51554274527957289
1.0125016588481157
1.0175040383067682
0.75134462047963568
0.9470244013400646
1.0681446653664
1.0647957859537818
0.79304223129582541
0.88770632963369012
0.9642591616196422
0.93881309188079332
0.54999982200452124
0.92076270825968975
0.76416109626896356
0.75920716950601763
0.89742271079992375
0.81052135908883405
0.97576794442381842
1.0160323517437322
0.79359891242764247
0.76400592479070906
1.1365122392517395
0.74570249820985635
0.90768164350824831
0.68128124407363277
0.64340913573078939
0.84213255440509049
0.88633521945389526
1.2436798696433768
1.1287012470846847
0.96034631127591941
0.87265655232132555
0.58981232250793669
1.0021400967177103
0.98357425913498298
0.90226926577235034
1.0565054129097089
0.76488319898459323
0.93345649307572531
1.1950646496705106
0.94298845019958255
0.84777577592314968
0.63932051893035635
0.50925130866460366
0.68896021602486635
0.71529008708967534
0.84299146355765386
0.57877803411418471
0.68283837871538433
0.96446823679279303
1.0843366788121112
0.72967872943664025
1.1590833945508243
0.97737324489045951
0.77646466940608394
0.86813202553356217
0.87771767074470541
0.75015616035027666
0.51980194108964295
0.83493317497685893
1.0266971395253079
0.91498632508839783
0.54536401213316732
0.85708133086953919
0.99155761375299067
0.83350697820385089
0.83710739341134732
0.93781638527856592
0.96889565696859159
1.2494662645004437
0.81151264066262341
1.3786258336406696
0.767434998998753
0.97945350370986528
1.1083144135103893
0.73530393590897791
0.87839349903677466
0.97637167272766123
1.0798494499315074
0.75602672680265803
1.0456113472115134
0.88195107500691472
1.0002073665717377
0.72981978010514537
1.2695829913879806
1.0233947867048006
1.3126766523359359
1.3308552611311582
0.89387596327170815
1.0285141818767254
0.81294927086027913
0.97580298353521233
1.2011856316981468
1.0353193393842262
1.3117169236165671
1.015564566399709
