-0.8998295239438443
-0.99130626166133584
-0.8594735547832818
-1.2608228282023048
-1.157086738541858
-1.2331787228276589
-0.92500451171886278
-0.77744006403573596
-1.2064445238368113
-1.1455540690985744
-0.99771459824783615
-0.81443482599608175
-0.96903224544818956
-0.9790523591065512
-1.1437426163845759
-1.1478158619144259
-1.1547234371654955
-1.0557337669852853
-1.0096752962383728
-0.9773924488288831
-0.79916131150763414
-0.80346507400318301
-0.70761413147243346
-0.8699492792472876
-1.133113576002315
-1.051829887239675
-0.80706862584445804
-0.9168029175009218
-0.89178918978499244
-0.61030736967854871
-0.87482733335236995
-0.96989191593105717
-0.81316449188630713
-0.97428703593791699
-0.69672669214235039
-0.84206198963852075
-0.63160506245858383
-0.93691650673979709
-0.83946533142327984
-0.90826903784750901
-0.82809857575240198
-0.77932792701133824
-0.76871373181675018
-1.0039802368498139
-0.59909490289533962
-0.93643826326011237
-0.61768890504057072
-0.90505238800456733
-0.83749688618181362
-1.0935740086620966
-0.67196216669591402
-0.84255651040469193
-0.9500232844774803
-0.59998797256498204
-0.98203478148775025
-0.78745195259145828
-1.0680538715385433
-1.0260021447928274
-0.72813098530004849
-0.93270171994120377
-0.70269894434502589
-0.64812582223314275
-0.79781109583851917
-1.1611799337318438
-0.99764988144333355
-0.76994571879902329
-0.76701068958204255
-0.68372122861023588
-0.80618807577394513
-0.79057787868129503
-0.71922852068015874
-0.63273633980367405
-0.9019165202433479
-0.63055615485399641
-0.68344677500717654
-0.87200358527402411
-0.82940251842263535
-0.81896730929546324
-0.86709369981235063
-1.2525087711474561
-0.66524690246341101
-0.53411200506015188
-1.1500274482196464
-0.82013926061380249
-0.89830275386062197
-0.60131864501163745
-0.65454559093489173
-0.74527627513848893
-0.74183925766956127
-0.5307408916550006
-0.60451051927192434
-0.82354259824285703
-0.94142420488393908
-0.50698971749661559
-1.0771288955684135
-0.91794765662513322
-0.73802601336961426
-0.95775347119946663
-1.0578242111038221
-0.76135615012099234
-0.8499662873153776
-0.81420887446440982
-0.51711025689843526
-0.93127318135054726
-0.77731071078249592
-0.68546455922413896
-1.0383252299505636
-0.77240807337686834
-0.55108788532064013
-0.59065042458586681
-1.0491829853489727
-0.76437620712501253
-0.79795982042868696
-0.69517350506966769
-0.70429442066253978
-0.57367692341098753
-0.84164803410605071
-0.90842487244346071
-0.85851040205434026
-0.98375903081488159
-0.93961797722975182
-1.1783135092856336
-0.45341672843899039
-0.89987393259642012
-0.40938030760879313
-0.56411624592427978
-0.84472650705786745
-0.45921959256078582
-0.84826363293073315
-0.67302262937321533
-0.80134548855075616
-0.34544024255679978
-0.6194975731659651
-0.50142839261574379
-1.0713922776494571
-1.0190436336770929
-0.67827268247555639
-0.90281955732632069
-0.97738960119010276
-0.69008789066326215
-0.91118274405241517
-0.83116477486558304
-0.87320633025515748
-0.43019272209506876
-0.86058041932367135
-0.60508931651412579
-0.7038996506092281
-0.81182241849740466
-0.79061566438837283
-0.74053484055115282
-0.97302375389425799
-0.53857459096517291
-0.7585641222348386
-0.64209221540302797
-0.92811878367149514
-0.31466895817519758
-0.70189206310006702
-0.7317992504698716
-0.6491993223446848
-0.38750991278472474
-0.4616129722530542
-0.53472577000175026
-0.69125411079311994
-0.67452139596113625
-0.68094157630007135
-0.63583172746122985
-0.57443941498563433
-0.61630552395199145
-0.70695306917246126
-0.53773361073232184
-0.41918755778335037
-0.46267463228958627
-0.72109107752819779
-0.75692515438031494
-0.9035715338297774
-0.26649851390624135
-1.0074525455669827
-0.89049559958762203
-0.42521611659939273
-0.67257761925869097
-0.54965527134712544
-0.81736057474959989
-0.68270506045698309
-0.80880594138866713
-0.90554104543939695
-0.71204110501139484
-0.49843211020606276
-0.35336599809139352
-0.66740083033405051
-0.81639517365958225
-0.29244343116175936
-0.4901355950511409
-0.57664867733211267
-0.34610819687324174
-0.65269059639257565
-0.52714475433257102
-0.59435215382883999
-0.67505494545360434
-0.90760805938229938
-0.47436285796850436
-0.54190830528030598
-0.59852651068743956
-0.42160436132798207
-0.43602931758011182
-0.38889107298604925
-0.52538881618246802
-0.80596704375185158
-0.44977264130444994
-0.99428047738730052
-0.55368377887223608
-0.63678944901839196
-0.40173341028638815
-0.53851663549756812
-0.59081613674953903
-0.64311484006917785
-0.6988008264657759
-0.43367476034245683
-0.89197909865629987
-0.74861177015547575
-0.17171718576011061
-0.55615450240556552
-0.81688062107367265
-0.45878589312308576
-0.84023193391623097
-0.5198541137766185
-0.81132462042646269
-0.94143850801932649
-0.44400560369943487
-1.0137552014113764
-0.35472150969832145
-0.50641770347013193
-0.69679878934600281
-0.2201929713247639
-0.56611277659776371
-0.86890848439441437
-0.87928230051529022
-0.57071794835672329
-0.5904986190760374
-0.38710698699995894
-0.3632253789465037
-0.60637175042530034
-0.51531085004827326
-0.40114018265976409
-0.54938661458840721
-0.55753472405092053
-0.23780793597770131
-0.68243987129388295
-0.18634278578815633
-0.49048522577981635
-0.09769573179867308
-0.20833346869811328
-0.38223900488345075
-0.72864501117655867
-0.89704815230718271
-0.73185473310570248
-0.24788102171472989
-0.58366369239272065
-0.57834177427152678
-0.28069137488338314
-0.39220678522271502
-0.74991010542215986
-0.51447284481276156
-0.50713856131810586
-0.28681991839602111
-0.79259721760364166
-0.34910999205568038
-0.45989600899130345
-0.5017867500822516
-0.42506969308451686
-0.45112788403531562
-0.46148499603467669
-0.36651157626787778
-0.20540419935409102
-0.50889471670320496
-0.23832260416295023
-0.23341747493197637
-0.6458674130266715
-0.38338235260290182
-0.48147236906287155
-0.63560582616726524
-0.62789577433914234
-0.56957407385083325
-0.085529870393768831
-0.26754750690994256
-0.53324266979762902
-0.58298478415051869
-0.13372918166416367
-0.46790821927354997
-0.49834999151960147
-0.27804667725207832
-0.60772753471091501
-0.39716713130494974
-0.14604619943760577
-0.33752297845617085
-0.50468064673694568
-0.34250612366610422
-0.60647244468628136
-0.29419611213385349
-0.24186001593980111
-0.68545604255672354
-0.53986779273541396
-0.042333009545097167
-0.50525232375670093
-0.09270922883469071
-0.47530614549183059
-0.55481732051128818
-0.23081436374361516
-0.52322487058340095
-0.37375221362582078
-0.24332320903767587
-0.13986954874591009
-0.41174061303904652
-0.63456276412230872
-0.65702058470777469
-0.45391753892334069
0.0088963975569903795
-0.06088711232184147
-0.11797112425360094
-0.64623519156757558
-0.43133333553004982
-0.66096941142886689
-0.17299086018576243
-0.56722402879666567
-0.16498467783127554
-0.21462036881958715
-0.36159873883712912
-0.48550155595132799
-0.47812263447019027
-0.055482540825731792
-0.39969436772293065
-0.30765984420825065
-0.37548431039492353
-0.21811402002408345
-0.38839121210622746
-0.30391979528892438
-0.64952844159387968
-0.39174554699592662
-0.01758093206454955
-0.18217731302364021
-0.4369562418988171
-0.065025524764405998
-0.27678317517487061
0.040498761441084823
-0.072830116412693241
-0.33642927700431824
-0.59050802295126026
-0.34072540897149245
-0.11024224809423987
-0.46311908325816165
-0.24329836813902889
-0.5103777163237917
-0.40074263977883201
-0.59787910113764819
-0.40281384466403686
-0.02991216779628332
-0.28091568717575266
-0.23457928271628273
-0.21005655544748003
-0.375922803286934
-0.2232322826800936
-0.18800287283822881
-0.053036283757478125
-0.48541608544344178
-0.53821994695438269
-0.20334927413125337
-0.30580761697126285
-0.47330516156791863
-0.59684920438752587
-0.085653129191525387
-0.26032359579360653
-0.12385594420622356
-0.38753072701490421
-0.20400977625218422
-0.15590851171943981
-0.27323831112774383
-0.27918931117711704
-0.33710258037019186
-0.038408253341805122
-0.52814103008443958
-0.40616101090664708
-0.35231475752098623
-0.38211437470135501
-0.51647588764837826
-0.33659576761011334
-0.33887592657110988
-0.25625427574354598
-0.34139295938686753
-0.20536447781829295
-0.53555225197688039
-0.46842806172771673
0.19445877591956823
-0.071367225280109983
0.03064094160185149
-0.35810375661825616
-0.030724777237631593
-0.21956538481024662
-0.23918269919657026
-0.12265578093505795
-0.25284388933199142
-0.37684891358822775
-0.1467820033976146
-0.16606731325016125
-0.056911626748965036
-0.36291564747456345
-0.23181724940221998
0.18758889149822047
-0.32672745878240333
-0.074222340045013213
-0.44871455121262332
0.14727754947670976
-0.13336744715405366
-0.44001543827662776
-0.10698363739295948
0.011441710551457056
-0.018628050103984592
-0.1149522377618587
-0.18319973179446486
-0.14940898724271504
-0.29843283587373587
-0.13912619135437071
-0.29046517513186643
0.20760718813049117
-0.18708392515098429
-0.14970892878449812
-0.043717398443172205
0.21943571470482681
-0.058555951857038442
-0.3210930773170374
-0.18302100494951215
0.056818842391769431
-0.36944338275906535
-0.59752166444578492
-0.1084926352573618
0.15988021444473244
-0.52932549693204767
-0.24557282883752432
-0.21512355214525949
-0.080925050251240901
-0.33647862003575957
-0.29744398144089179
-0.30213382313340076
-0.27693487212698403
-0.2484225557459363
0.0048525936912423105
0.092370981172636923
-0.33724754403105828
-0.06244944941062458
-0.26305521449212943
0.020829201931394259
-0.23545170572320701
-0.23147374728004866
-0.20966427490209666
-0.27513962401704017
0.4494900200084066
-0.15867857532067833
-0.2903409363890227
-0.0054723472275414967
-0.19577693447457969
0.11803803132207448
0.017447828514841217
-0.032616089141998289
-0.14806967601666013
-0.08580575592721422
0.056590641065252648
-0.19142139084240833
-0.036011591769807172
-0.24738408405987519
0.24580051907092254
-0.078101299778573691
-0.21886243466422733
-0.097808567906791086
0.042299205096411593
-0.05062469843509617
0.035593030216026993
-0.2365258034999182
-0.25789942231833107
-0.29414117284410413
-0.5667275235690129
0.1426428348989586
-0.10446977182220443
-0.17063811043962679
-0.10260680423818419
-0.16294501050462798
-0.083744759520057888
-0.14169100421202604
-0.13584222491562542
0.12781711462138964
0.0026982005729891071
-0.35401223367519302
-0.55781763326584377
-0.033542737858007259
-0.28762196077869595
-0.25663946625067824
-0.035230084089645217
-0.031699213112147059
0.10317752210781574
-0.084500922702873169
-0.38032968469242401
0.096783595744325657
-0.40501833636458195
0.20809795905647208
-0.32563783107169086
-0.084590910169108538
-0.17344354580417073
-0.25677180030221775
0.14059776223112269
0.067172159646870108
0.017853384257245149
0.17385548820280541
0.079342407082911501
-0.08844343030471051
0.12128362966894861
0.21507752955680928
0.052867649650010749
-0.14149358200918158
0.14443597530652943
0.30568960484779034
0.36240095007199419
-0.022355324444237136
0.026743670795161927
-0.13921128830996998
0.26288069682610971
0.010331566537506307
0.1522281616999128
-0.12295629716330728
-0.046856181929736028
0.22217900529660037
0.48614294730147717
-0.12124863476206132
-0.018880977670679828
-0.072856492174453724
0.27897436846140516
0.24508997494158197
0.11055334218713754
-0.024998299666844609
0.15729024194784116
-0.056295656681702472
0.096837466276715772
0.024426053028222146
-0.084246053319375847
0.024458628569454705
0.30794137173626523
0.040324013588923291
0.17621895563675971
0.19036451730749587
-0.01445550573361761
0.30146516429231535
0.029610482403145753
0.21202733884971703
0.11737651858433003
-0.05159392150477804
0.12918486453973024
0.4294326962731228
0.036523081472793144
0.2014806075386108
-0.066972574678932625
0.037480950146629027
0.13530944295758454
-0.019197589039105678
0.115697230421644
0.28366415397413658
0.070591821383347131
0.063234715601180339
0.00061364623193434469
0.46657629395157096
0.069111477939549526
0.15072468230026626
0.38474581319507156
0.066791016679789483
0.21782052928030116
0.2879544589658109
0.28539027276267026
0.17246504339203048
0.10954038543449159
0.31702905151423805
0.038141167780856682
0.14152443809380319
0.093581314979178515
0.25347524126884807
0.2418926567435728
0.10800151185093899
0.14518573623097206
-0.029417340056464472
0.060272487253686849
0.37052490047359754
0.40027519175224346
0.056288078302790215
0.055617848938769081
0.45811303112340207
0.35546457767665607
0.50402259726407883
0.47609614319113924
0.22614845180095439
0.34659577311518713
0.06965721762937431
0.26001702523202458
0.19132373811146203
0.31322259872733726
0.076246339430342452
0.095456862747403434
0.27815275881915341
0.14194505845010388
0.15408997330240526
0.17476617124148114
0.0010844249454818359
0.31761829197322017
0.15623499425348009
0.60042280750446586
0.2478556050987234
0.27531632843998144
0.33950082983513746
-0.074387491506523906
-0.0057593309875385206
0.19961347997951651
0.14103318398536246
0.35372611848756352
0.41250950400470965
0.30964334798876281
-0.04193872592295441
0.1133551566997804
-0.080983900284227542
0.24855110488309021
0.11189358933573032
0.19038677820412669
0.069861108781915329
0.23643064422473337
0.037013939503436399
0.68388112909635701
0.60262784733185271
0.13049578218711511
0.076668906340845389
0.35950600721081938
0.23034582081500626
0.29776760343677783
0.59836708818477236
0.40219805089052313
0.29269728057502459
0.233575532551659
0.50121997588822753
0.38634603232886516
0.41098000928945599
0.42078605644997885
0.69784323933477788
0.48516239868797312
-0.10821855955130071
0.11331143782011735
0.28672124979929697
0.073498739086522213
-0.06345805949855246
0.15592475473243675
0.49392445323108608
0.31162659203092741
-0.10147612173399143
0.26422506149346298
0.26575386656609806
0.063789578628898572
0.34030244420334044
0.2518656814263911
0.29936479032960628
0.25195724679275688
0.45521586424381022
0.363427325171297
0.38591035177521876
0.30162747342675567
0.35749882949871498
0.55719472201910691
0.10435919729789638
0.079598445683874058
0.19962560429358067
0.55054915797016224
0.48733317512065649
0.44183516620565738
-0.16646670110021139
0.29571720826985298
0.54829122005154307
0.2308780967418278
0.31578107325001992
0.48728761084471783
0.32678766886351424
0.42408907761942494
0.48438675376422169
0.4470863189545955
0.44324877942292412
0.22659151421987109
0.41225500939779286
0.49988870586012291
0.25383605207988014
0.017415954062686752
0.25745136000794122
0.091766799433283655
0.58874012964062472
0.55552455409601453
0.035421597163032503
0.22178061802622356
0.44127756597196516
0.41899452262621373
0.39825986084884368
0.55843278468574742
0.28390956728563227
0.22579194597941737
0.37198009878185717
0.11139440853558225
0.76316132124651814
0.10931328455422294
0.57098803828967115
0.35306002357611399
0.12933679061316811
0.28718337437571312
0.099704231671022228
0.49426698989844292
0.41317158886010824
0.36307242063850947
0.40856149554369542
0.37083605964807342
0.49157434591330212
0.24687602487573726
0.40033760073937086
0.19360236979699219
0.16021755899053786
0.054740953442942837
0.47848562834955266
0.59753672819775705
0.52648607766247357
0.49744969104773706
0.39141150694357879
0.24824221109660644
0.43477642726742216
0.34953929411539375
0.26952345831481472
0.37596687088622438
0.71578091540928279
0.55396927811588759
0.67720596578119974
0.35091914272422042
0.56356436725042969
0.50630942699042991
0.468450373164981
0.59075701436063444
0.25671026028258115
0.8094503048265298
0.40451289292478915
0.55455686174013741
0.67113386262757901
0.36920832266894121
0.67111063720979081
0.62398191932823144
0.63318643927304552
0.65171130382798648
0.36676493849096004
0.31547229043319702
0.57841672236705122
0.57839755726957887
0.69912351725243582
0.56654370640641261
0.083731118540173219
0.76766446059286497
0.64731301139264363
0.8639016794337665
0.53489671208875511
0.25311781467450145
0.64995630518738789
0.51092673064633454
0.57830336485246137
0.84477865512010253
0.86438352747430702
0.39535904450447806
0.29320796572380414
0.35954787886840917
0.17567629288979988
0.3198714049803994
0.51750798635961426
0.6508532857565682
0.24227801791541051
0.73065754908501424
0.4031017143246276
0.49545516038449838
0.92563068482821664
0.71563233240279889
0.66421453637807171
0.22302404675082554
0.59324015430399124
0.48592549555484743
0.39661464089201354
0.63979979705363488
0.085378145482902179
0.6520048323390818
0.54170757145600879
0.35329292462712447
0.53760896836909877
0.082552704273279542
0.51768690980897702
0.68223291181828838
0.36545063188114618
0.57409432658628434
0.76396252669461973
0.32428151575932018
0.40661253405649139
0.52767129129941248
0.5142469310311959
0.53561976036112358
0.35580881661536629
0.77350412903487054
0.74171124014592671
0.29766279690610359
0.5233489395063019
0.65031260991468853
0.75423208708018075
0.65107253065313331
0.9815150054890921
0.79757319402070692
1.0722143961471791
0.2613386752113126
0.6306162562046409
0.71510370963053049
0.94019719444309491
0.99093782672053499
0.56893469946604447
0.35404128480408664
1.0747211011222491
0.52600103965640221
0.50552483823078476
0.66276415354451501
0.56875707541632081
1.1233843224155873
0.65732955663438419
0.84484481004501155
0.55138291288945496
0.94203645302890127
0.66867483084857615
0.65664217607977493
0.63627324444747169
0.6862874733222567
0.62656928491485742
0.37014955036322383
0.6029246311780192
0.81400099607788168
0.52305151561646768
0.37732303116561272
0.75160435274349013
0.49187403986857536
0.62258905360439587
0.61607732572502627
0.53719451331308343
0.47709658803350669
0.5720584914599115
0.37656817699266704
0.75671890629334815
0.68199465049947727
0.54883477192838825
0.79627713425243218
0.93786509912319105
0.55591172062938143
0.69791688863791423
0.33308284178699432
0.66746829818860243
0.76821957184525713
0.7553755477583135
0.86795681772601685
0.88464943100317872
0.57370743327603468
0.7651987467796757
0.71583702532917459
0.78491440223783659
0.77984422159634259
0.71656653817501037
0.70455337823892705
0.64466217954161953
0.87222812748418976
1.0160217783897365
0.68393258070684293
0.65695397647616949
0.55851472188667739
1.0446149941997878
0.68378811774390147
0.72831358886415387
0.81304157469427463
0.93544514563668113
0.8061972841784053
0.93221019722943699
0.53880315002395573
0.50467578942925106
0.73739806276974507
0.93176322827062275
0.89668735019158141
0.66954283795419034
0.88190724737335346
0.59175298623098016
0.79853948372865158
0.81201373144205746
1.169386470083817
0.66743697705596161
0.80391584212139566
0.67659981324619156
0.99660765835311926
0.35375911586859882
0.92053368578514194
1.0073918783343292
1.2644342205551677
0.78450789425703271
0.94739983201610545
0.6509976995385407
0.86123270039235611
0.91418051737562556
0.64935861891359459
0.8445924085029205
0.90876358909377053
0.7167041867213827
0.59436607720298151
0.62949115504422604
1.0517883389616998
0.83197231374800851
0.71146599153085521
1.0173360279721881
0.67784892454265233
0.82633353397700637
1.0357347196796816
0.90396084303309254
0.98049815736292856
1.0864129942336638
0.83406655901731164
0.7584133920966446
0.67983865435765567
0.72294048262242305
0.50868864151322513
1.1979151960881003
0.64094288482668482
0.89182939371187764
1.1140590984313217
0.8255370845986818
0.60004363945377082
0.67154005236165093
1.1142228331672157
0.7561508987532467
0.92155822698837608
0.89738944412765187
0.50777340304338048
0.65315881990074742
0.8879534733108424
0.82389266901393587
1.1106171624015435
0.86458109871439637
0.78288613108895588
0.81215068617262565
0.65791048249042006
0.77646895944506178
0.85566518277573866
0.73604923736639882
0.68430555600919762
0.96493839173183449
0.72890270574570282
1.0069559391586445
0.76777787558348587
0.72835773516749036
0.86205018874838601
0.81962321481924638
1.0585025022863055
0.77733217122772102
0.93944031725360999
0.96714007365074883
0.7765432113804529
0.95932415036016627
0.81583082172010368
0.95852834469245352
1.0537282323965746
0.41137427501410956
0.85876937411815479
0.78875843449349137
0.79696232616633578
0.90262764633343928
1.1209249320138794
1.1261231290699392
0.9086288919319484
0.70028259288881645
0.80634119396770099
1.0107635918492226
0.78697243939653183
0.94005593742600491
1.1355106400702772
0.94684703478900856
1.2664774012357849
1.1189952596585235
0.70107246904840614
0.5934868957828332
1.0971537661161515
0.84927044742548841
0.75120791621318084
0.39826786879796505
0.85825133174717816
0.89554096212717149
1.2308923833898191
0.82052456129216678
1.1085623774195412
0.98972061453506099
1.1458898763513461
1.0790368337718275
0.95601414177840105
0.86089019723565186
1.2192250164954792
0.90624318265263981
1.0388339628496901
