-0.90375236900230171
-0.99476671052046572
-0.85686164204462434
-1.2684046470177497
-1.1760119585598341
-1.2475329651219935
-0.92957705003325297
-0.77414008323970984
-1.1928144456045187
-1.1494864120330681
-0.99422966786097167
-0.83989699491535952
-0.95073481042097951
-0.99514480873565336
-1.1495720571774066
-1.1708573810924714
-1.1452572142768738
-1.0549798944582554
-1.0010106072521949
-0.98218724475063401
-0.80138971439539508
-0.80214442211198644
-0.70594315040912636
-0.85090884715818516
-1.1452808651946285
-1.0374977597722164
-0.84702484157819558
-0.93198931706675059
-0.87802862702309492
-0.61096919981849662
-0.8916358997004582
-0.95589300050980042
-0.81647447852180133
-0.98323687300849094
-0.70496237074863055
-0.84425011086497881
-0.61960491376880755
-0.93544269801218671
-0.85723051779101
-0.9068811594755074
-0.80494788031446129
-0.78234976036159554
-0.74854999748322537
-1.015150776830817
-0.60613890548167426
-0.9268335582454893
-0.61238503723069049
-0.91037639171555396
-0.82861991710911809
-1.0822007377928218
-0.65251999578863806
-0.81884619515199364
-0.95329727589558222
-0.61103847217746121
-0.98388337886265542
-0.78849912880825634
-1.0826830422745934
-1.0419365723938614
-0.73307828104272654
-0.92350656571493961
-0.68254795399401225
-0.664762588084024
-0.78568448996536022
-1.1512406459644842
-1.0151197866289794
-0.77358419179856686
-0.76533693274663628
-0.67115293553755351
-0.81600230480066527
-0.79364041136373065
-0.73765035064231832
-0.63807582902414972
-0.8999792617282808
-0.6086173471249916
-0.69344464076399948
-0.87732214919951435
-0.81337365448653165
-0.80510380048076602
-0.89519248198168155
-1.2386221105063218
-0.64615133604289909
-0.53816887488593501
-1.1750493095883692
-0.825194425324281
-0.90332024089975183
-0.56517745441091605
-0.66253728436537018
-0.76311788242334078
-0.73772723909155069
-0.54167705226291751
-0.59587774792079384
-0.8084451813358714
-0.95752850700135705
-0.53167680209225521
-1.0908469174474602
-0.91562724997274769
-0.73876271256237502
-0.92429128323448484
-1.0514931388525968
-0.75817542416977457
-0.85676001483169795
-0.80552720305402781
-0.49975387975563224
-0.94114655795616409
-0.74440381287700019
-0.69549573735464354
-1.0611683623294859
-0.77943824078517232
-0.53598293872766956
-0.61951772913431546
-1.034726932631183
-0.77541435859913577
-0.83258734427300862
-0.6957954265123214
-0.68851960883601926
-0.57054897912642466
-0.8313840037252207
-0.88660613706989844
-0.84061075772240645
-0.99778631108008486
-0.94550295225085856
-1.1859696414563503
-0.45416799621297199
-0.88873076705341225
-0.4082315449437815
-0.57835153793803007
-0.82535232476235421
-0.48347443354591191
-0.85061186948185274
-0.65520139289763668
-0.78991519457690318
-0.34958044235355518
-0.58328621266567693
-0.53018785402060287
-1.0814686967206359
-1.0116885345465505
-0.67499054422712623
-0.90874958811458195
-0.98814841939961828
-0.69886617319913524
-0.9185561124652547
-0.84131030156134567
-0.86505960140595561
-0.41031439194741509
-0.87267618863783791
-0.60975660441373358
-0.69180910062682033
-0.80262066763724549
-0.77263045028363553
-0.75224761564607401
-0.97391155999776335
-0.52383698127121747
-0.75103566441207514
-0.66034853932813309
-0.95088891883608206
-0.30801395347827559
-0.69525591779372764
-0.73621442677210924
-0.67325148095583087
-0.37938134721582734
-0.45969538562033918
-0.54449663744547205
-0.7063774397921323
-0.66629270724498468
-0.67469637694758122
-0.64130595929228729
-0.59777417401808008
-0.62910076756437505
-0.70682948523255984
-0.53595467092997995
-0.41913167316111249
-0.49528334800708412
-0.71052994154342208
-0.76105695707954313
-0.87969526674104148
-0.27681429381074196
-0.99684674550541763
-0.88878560465809653
-0.41936748800847767
-0.67683262741583161
-0.5615775644105111
-0.8015226160546931
-0.69233971870539368
-0.8209164505310157
-0.91945822917974818
-0.70253163383082073
-0.5077944964730986
-0.35690820221754477
-0.67503280954342093
-0.81088636246260759
-0.29459592421717518
-0.48656710091595595
-0.56830108549379366
-0.3622992831193611
-0.65898047201761478
-0.51781918379414393
-0.60421592536168856
-0.66715456567197073
-0.9000443769987948
-0.46048010426305702
-0.55544213420722788
-0.58397917790342246
-0.41320394997961302
-0.47735136216059998
-0.37390007825928961
-0.53665914857107444
-0.80438064378195062
-0.45008548819429955
-1.0117354603634259
-0.56479466078307539
-0.63401992964574982
-0.39266117877179746
-0.52770318417234141
-0.57895083567490935
-0.65473903318188253
-0.68855692901850452
-0.41751321392556795
-0.88234532636737373
-0.73765025990247179
-0.1667461338041612
-0.53837604520464666
-0.81289413547472134
-0.47794335293421675
-0.84215486469720358
-0.52215649678401166
-0.83902721839487016
-0.91648490190314935
-0.41272708627497273
-1.0120857452885463
-0.35175984917295439
-0.52682144260269703
-0.71705802505360194
-0.23302136831940706
-0.54841366648056422
-0.87815257853577222
-0.88085375735257709
-0.57809290038249417
-0.59667302170214698
-0.40020852233163096
-0.3662333619486689
-0.60217750665051262
-0.49503038289506529
-0.39693432272087881
-0.53121892080679167
-0.55515915073401545
-0.23443168004229423
-0.65268582927114649
-0.20275559487842343
-0.4889184618235356
-0.13066443767128216
-0.2136556348053871
-0.38056344220099314
-0.75554145492070401
-0.89111260621037813
-0.73403458360724738
-0.24678806032064982
-0.58719814180843299
-0.57269625234470334
-0.28600571265774155
-0.4034505970343073
-0.75572983148261597
-0.51988049355997523
-0.5051218367357212
-0.2884998474097813
-0.80546632607712609
-0.34825185535157743
-0.47553881099806455
-0.49407631595020118
-0.42995637842374662
-0.44529797170446683
-0.45480690603537632
-0.35242399858262891
-0.22523417478506896
-0.51120000989156955
-0.24730306671907776
-0.2390802979008754
-0.6374423980661057
-0.38606588217488602
-0.45646966738095252
-0.62986898303806327
-0.63351681908657587
-0.56135962641810566
-0.089534664149207299
-0.26920215524343427
-0.5396644387472288
-0.58955130068656403
-0.11838388425043013
-0.47594066181252492
-0.53525790490484981
-0.28286172241981267
-0.63251922913980385
-0.39143922971102291
-0.14189707706467233
-0.33983953132054878
-0.49941841387102021
-0.3690946171426599
-0.57927564337489745
-0.30721308054045865
-0.25937172725101953
-0.68875772150549619
-0.54464690987895981
-0.054204303086834618
-0.51343544007790942
-0.084594996208446085
-0.48574538371670917
-0.55684080763110422
-0.24802905424063881
-0.5396477833314306
-0.36321086602290276
-0.24399867997066221
-0.15386440765097681
-0.4160413401560516
-0.62404344338108575
-0.65036194898723254
-0.44713511460062438
0.0041871754608999731
-0.064087397180238051
-0.08373793983878644
-0.64167787945562149
-0.42800977677445434
-0.69531137197911408
-0.18660423751243596
-0.58353670996891904
-0.14409706300060357
-0.22950533222602587
-0.34776685244028344
-0.49881122588611088
-0.46716996164369418
-0.060327609175188458
-0.37918349532157958
-0.3024857022999774
-0.389995103089262
-0.19657059810024635
-0.38123069853286573
-0.29680164458362801
-0.6528608218241273
-0.39923638971610276
-0.019799544447271222
-0.1708505732742818
-0.4670102344897476
-0.080743982198891506
-0.2581669685878093
0.035398257697060738
-0.079756461248555538
-0.36376523307062542
-0.61183054252880664
-0.30604607839498699
-0.12831161433274599
-0.45427933709595958
-0.23761988430949776
-0.51558329620783738
-0.39937024359820505
-0.59926945720581559
-0.42365524136474747
-0.03393635070442861
-0.29986276626419395
-0.27013979165041435
-0.21410282592261268
-0.35593033507980854
-0.22517043781449614
-0.20396134969865706
-0.069085752095355016
-0.48257108347795025
-0.53104742151349538
-0.20810409129823551
-0.29963725581264566
-0.46604244564998892
-0.60172005027620257
-0.072620533431619991
-0.27010462830658188
-0.13401462711756165
-0.40339448578398385
-0.20505241347731076
-0.16107947006430012
-0.25733837557797079
-0.24959697953773452
-0.32240154977901142
-0.080622433443694963
-0.54770638631407487
-0.40731052217850566
-0.3338249872285558
-0.38545954624440726
-0.48143656650804811
-0.34752967403788809
-0.33926349418939117
-0.28437097273453943
-0.32728181209091101
-0.19595012672415446
-0.54894927255120407
-0.44591791396421138
0.20354288483041588
-0.081228872627911147
0.035547739512652582
-0.35250300587171873
-0.011911107659086293
-0.18561495424717706
-0.22431779980346062
-0.11085397622198795
-0.24133514281520385
-0.38900234685622231
-0.16677622044657503
-0.15580400584875082
-0.054661126294599419
-0.34765832705043004
-0.23391405948266544
0.19855664623190153
-0.3177404780520236
-0.075891201158012719
-0.44363733245224751
0.15294213121407377
-0.13135709468691753
-0.41948037084647788
-0.10048621055474662
-0.0074103470054666127
-0.0098167016205887511
-0.13858529133874187
-0.20827795441228975
-0.14168286931424021
-0.26770013882506771
-0.1503610975021272
-0.28551536105178849
0.20577285758656544
-0.17286467883985063
-0.16796521239170686
-0.03483398067951321
0.19827902216216733
-0.070182931769709883
-0.30186773938037231
-0.17995801696129549
0.042733260377817668
-0.3887856198677811
-0.60389462533420113
-0.098392809732991082
0.1415867163339545
-0.53934130343864328
-0.22451995794070592
-0.23904770409924397
-0.088487384536551264
-0.33745320818409669
-0.32791820636828239
-0.29898453868931518
-0.27810684773641359
-0.26306714073422943
0.016341844091743784
0.08812445653907662
-0.36448029428298684
-0.055061608834826449
-0.25756157136568297
0.014569633861707815
-0.25540814784093568
-0.24236761533226167
-0.2060084619571699
-0.25592703590157467
0.44615523638978477
-0.15730176975455745
-0.30264853476341108
0.012047834888601151
-0.20261565389337527
0.11995478561115913
0.026746331623124973
-0.038073404232774284
-0.13331088596130058
-0.078790166856848309
0.072874417741013608
-0.18345073674790785
-0.036325480987327442
-0.25590621132262514
0.21843155699527164
-0.05952923339368435
-0.19966594982017052
-0.10260637895188432
0.043364797162382347
-0.055960257177664563
0.038251296250355719
-0.22149598279646038
-0.26201971137950592
-0.3021306332383194
-0.56565504785623033
0.14109370256885909
-0.075096203500894229
-0.1628523022687425
-0.10710479283701878
-0.155932037152756
-0.083299797659314223
-0.14363923007437607
-0.13277625033352988
0.1210374600022075
0.014376596995269527
-0.36458327892680825
-0.54177671778126535
-0.018647350837989577
-0.27605732118593862
-0.26196205413210172
-0.021955078628306264
-0.034514789541357137
0.1047443589379505
-0.094037224036574843
-0.38050528570179731
0.094064964048971314
-0.40507346785204962
0.1924762460515852
-0.33047461016049456
-0.10198659822239736
-0.17222925212595647
-0.27414209409898627
0.13948297101841903
0.076987331927627564
0.041817315491465536
0.17748949884212264
0.067479116649004411
-0.095125568015629325
0.12422214344073687
0.19406905177432773
0.043624117700405494
-0.14700591221903359
0.15145651724176587
0.30130041068283048
0.34961525383264846
-0.031842412511053721
0.025586176147754068
-0.13883778883596232
0.24109291132025182
0.0186087534636874
0.14851794356898515
-0.1152263289381743
-0.035651238223136539
0.22355757828392431
0.47923297287608502
-0.12370623832916322
-0.023008522828410032
-0.081002810977482728
0.28475143467056424
0.22478247221689041
0.10083638347840525
-0.0025318330129792408
0.13591047393674865
-0.064329096360787277
0.091572044082773724
0.019723111549156368
-0.062164962645420908
0.019088325251380611
0.32492759143331856
0.02387503622359715
0.17757149501770625
0.16561144430021368
-0.039877952185099784
0.30571647286780751
0.034216535844925802
0.23514551139195974
0.12913939912454203
-0.040038765943834383
0.12881162707938495
0.41125963419941414
0.041267784423587618
0.21249662638230252
-0.082896384763184436
0.040140796411691576
0.1456561704594527
-0.050966382455382951
0.118353995498718
0.28112986705486426
0.072176824579073789
0.058954316063359019
-0.029106705957831176
0.47841457716578023
0.093005375220470504
0.14464060836651604
0.38371869062348879
0.048093902481659748
0.22456154848200002
0.2825585152040288
0.28816279898461772
0.16871400629397484
0.089402991439491486
0.33645387338451904
0.042830793842383197
0.13170114837820049
0.1012945179112589
0.26207374913401454
0.23310616775393631
0.1121446906665815
0.15311464684222012
-0.0075087002899645282
0.064488784943450839
0.36824380327467471
0.43484569000153034
0.043567750231619858
0.024107158183959823
0.47643554822618767
0.3551697244973871
0.50649320531293018
0.48062431837722464
0.22715505475527251
0.36483586437526883
0.084712985684466696
0.28756682726355842
0.19854048827326068
0.33241351307939176
0.054380879998609542
0.074824024578768536
0.26438218200835689
0.16049981688406698
0.16799803417984274
0.18854612461370027
-0.0074702432968905856
0.3121320875272704
0.17489410323782947
0.61167341979644618
0.22771967282049413
0.27563004686197262
0.34390433438011442
-0.06177447516742518
0.014159554462879385
0.18399017122286998
0.15090821999338028
0.35954565832191704
0.41840299764351369
0.33744107378030924
-0.014863372751561146
0.11528060027267936
-0.073048044593528719
0.23540236931659858
0.091329616274930692
0.19201189340135619
0.09149723943582562
0.24569761458354022
0.054631353688528339
0.67400667754960786
0.62941264113660333
0.12758408183064571
0.086843366009853692
0.36215650436847058
0.19070339825837188
0.30943456306825773
0.59206200718413715
0.40589577476675487
0.2742568625047373
0.22806715617509074
0.51452110220751512
0.40113788357641411
0.39582477071828825
0.42934233963637175
0.69543540705499196
0.49940634601442824
-0.11282967745985435
0.11843825840330734
0.2747730232375763
0.0722629756761375
-0.048379058940492645
0.15003002303992782
0.49114081548443417
0.28475889776066976
-0.082666275177098528
0.23649008811557853
0.27770717056019001
0.079836501883225303
0.32451728734030527
0.24694034979028506
0.30211233999455983
0.24609474446700777
0.44931092225609898
0.35929560391328202
0.36326804855895733
0.29790757197707574
0.3455377240583854
0.55707836453261539
0.098505756611132173
0.094411375856513144
0.18214196543360875
0.5568956516650051
0.48509511927141735
0.44130854494233063
-0.15377292691487571
0.3210032497675499
0.5594869520855299
0.23913364932300907
0.32401123496259876
0.48152948829397801
0.33833859670906102
0.41862447843081702
0.49106989431771358
0.43894743451126728
0.41988164988027249
0.21998229812876716
0.4125099865187179
0.45073780582309025
0.27666142486539008
0.028989638592121711
0.22748403472024514
0.088578532224196538
0.59357851948642226
0.55627201571390228
0.038424128622480479
0.20132879248431218
0.45622208684551335
0.4061509365064308
0.40235750281276927
0.58066604547051848
0.2860562325852633
0.22934558707505481
0.38074707778102967
0.098124844045314324
0.76563527236094564
0.13765157003255885
0.57243113142968316
0.3538208294391525
0.1253065343967921
0.31191423558779036
0.10138073857703174
0.49537943490300035
0.43949147699572905
0.33679273493324013
0.42155473996575205
0.37272329385489028
0.4861241767811047
0.23671070364575988
0.38270941988020363
0.20532331848137206
0.14891121986288663
0.048529383865755796
0.50245188428553589
0.60462249723949368
0.52759660777826989
0.48972682572684589
0.39549386116518859
0.23652720950769512
0.43270647028225306
0.33881924327686325
0.24324333438095222
0.3716067979075125
0.70677417212960114
0.57964368002802658
0.64578278622285923
0.34352285636099222
0.55235141096445317
0.50169393845251919
0.47183269872626754
0.57981014713872059
0.25138427854072271
0.8130829706904118
0.40288050916210888
0.55578548950159212
0.64725714643879939
0.38634055374211895
0.68034472419305048
0.62690382141003653
0.65163509411472331
0.65285781694892375
0.3393869313435216
0.31184439672003478
0.58065685168882797
0.57382264176777342
0.6741628292662043
0.57298446765352662
0.080936444282214054
0.76628429893094574
0.64813282150810314
0.86613520476666528
0.52381445274675509
0.24381125100478077
0.6452364744469411
0.51354287481071892
0.59066056734447026
0.8548468787974306
0.89621202753461504
0.38664422071557225
0.28402507547091732
0.3300141710718022
0.15905502165490307
0.30492436510430787
0.49364978988394687
0.66422646082094428
0.23885532813543223
0.72949369586620494
0.40242612326144417
0.52150030285671201
0.92233373474102442
0.71299979351831166
0.67740707776444831
0.24113082796080845
0.63147473046991076
0.49581646912940103
0.40784744152757119
0.63802570468288555
0.085471481339534444
0.64818027668042288
0.55296686062418487
0.36459995461026673
0.52076230375318289
0.094243772513289553
0.52813176032085429
0.66258034434195689
0.38275313692179774
0.57989559666816781
0.78517459797621902
0.3334406503598723
0.41830370897867042
0.53484785032142201
0.52169719730372655
0.53607024777046963
0.35759298808373408
0.76515953890648913
0.73759935183147873
0.30727074351809203
0.51117422554662717
0.66435506407071354
0.72275962734757482
0.64004041491095187
0.9673601165778748
0.81638193901132039
1.0845605550064352
0.28803527756925673
0.61133041009922495
0.71972437550189583
0.93832341906200578
0.99618734921785257
0.58676620982886374
0.34295751231425337
1.0852674421749988
0.54080508083382051
0.51474795820856911
0.63780141934902013
0.5656072436540398
1.1032633066931876
0.65087895870587453
0.8215381715422323
0.55139108354137156
0.95809766642487559
0.63663806813302237
0.66234803738023829
0.6163408160004421
0.66558892975456752
0.64104436097140838
0.3675713375016828
0.63099883891298658
0.80679481249657936
0.52855814150276637
0.36304268266547518
0.75944297455111731
0.49952712979886821
0.62865342796394241
0.58886836025151323
0.54781018818031002
0.48250235710798839
0.56732544771211058
0.36665302368192859
0.76706254922792638
0.66288586841662078
0.57800008869793051
0.77747530317048685
0.93310401360048723
0.55240019023432474
0.6862954434258236
0.32201143048701664
0.67884780497489372
0.78090850931523048
0.73470715586515711
0.84475097518548947
0.88734799512122231
0.56444839622788157
0.75316024531352621
0.71492461141503638
0.76618500192273986
0.77663787131812156
0.7210990767547959
0.68842090453382199
0.65006679608047013
0.87509653508951035
0.99083216322171697
0.70105435051891474
0.63058048249369125
0.5745430679579403
1.0496492004833438
0.69914153928356582
0.71917250591969228
0.82471046333286424
0.94128070548111009
0.80074402399757028
0.93315253859411629
0.53803379473199686
0.51401541611053914
0.73422783173074058
0.91197695684043334
0.9028242230740563
0.65018452692986517
0.86477527326914672
0.59912176942918238
0.79492784955544804
0.82710069807048758
1.1929430743906182
0.64399830360709298
0.8225963616035582
0.68037439990112336
1.0077051655936824
0.34860444605287955
0.93954783247609064
0.99211413040215757
1.2552533096099703
0.76524583990883699
0.95718741504166072
0.64729361740824676
0.87374936412982496
0.91473447828278698
0.66118961611812477
0.8141300818555518
0.93054683731766086
0.70512461900570278
0.58868121768223158
0.64372892433207429
1.0690331285190899
0.85955086409618964
0.69696101381244124
1.0143255192846237
0.65417214463331674
0.83647278480833764
1.0266345677301159
0.91279624503723511
1.0136817787525998
1.0884212822253798
0.8326118430926478
0.74523296755837976
0.68695332968770517
0.7286406719720131
0.51565457083073163
1.1953385847899307
0.63795640636441786
0.88424427700514163
1.1188522813844064
0.7976619968522658
0.59506456358785964
0.6617283224234336
1.1104119928193708
0.75601709750160684
0.93319220255757407
0.89475548742414901
0.52190115092937672
0.65980289027117489
0.89545306018552229
0.80944830078405428
1.1406822208882781
0.86020791655697315
0.77917566015624606
0.80034653959903024
0.66538971995491869
0.77847961581370329
0.86336502978063678
0.74496363057434389
0.70169542216472414
0.96854430640181399
0.72716543658122124
0.99924842202283437
0.76585807638575554
0.74938613716386215
0.87086490254053384
0.83321777763696669
1.0594510963061634
0.77836435435158791
0.93119417949154104
0.95357517271108339
0.78818325604076656
0.94731206442199301
0.82180428741472644
0.95204710983421414
1.0297480573537805
0.40162748939679627
0.87149800663387511
0.79539003452906909
0.79760186067036576
0.92250841593308008
1.1133702859065524
1.1307950625232894
0.92843531644100885
0.70445360012533087
0.81159102649566872
1.0071363395108421
0.76682268134835607
0.9145113998640394
1.1376167796865604
0.95540889965942788
1.2570468506793653
1.1170406868461638
0.71507553347679387
0.61980050618092475
1.1063123996715485
0.83907813725140357
0.74655983819285487
0.41208492266144853
0.84434758737368099
0.90311492595522269
1.2525882900894401
0.83527362145810191
1.1330199704323642
0.99610594400880903
1.1427996197208583
1.082925124053427
0.97451037122826301
0.8434134301075813
1.2316691976696061
0.89257292559602008
1.0539902664671172
