-1.1909916382573498
-1.1498769567153202
-1.282064812777413
-1.1120651421032632
-0.83959888192049315
-1.0302043333011286
-0.83533871585304442
-1.1521416020156641
-1.2369128904178583
-1.3531614825516163
-1.2094456859056608
-1.0515802237525209
-0.86376585098535186
-1.2866830667423521
-0.94154794306748824
-0.93489746930878437
-1.2151352902889596
-0.93469007746302601
-0.84776724050326602
-1.0180057475704982
-0.93857983543184798
-1.3762003880303915
-1.036957014997808
-0.79707918564063229
-1.0843446350971302
-0.90205921766164887
-1.0570456399228012
-0.80093330764502479
-0.70574599490504464
-0.91419579352107183
-0.88959951091258194
-1.0141631966034506
-0.92486379199471191
-1.0121160610519537
-1.0266983487601109
-1.0887592206314716
-1.1409795568728438
-0.96452747620928692
-0.97734533182190553
-0.77237636488431716
-0.94331331709178479
-1.0332052449757827
-1.12628563442037
-0.9560583140593284
-0.77113441676775374
-1.0075667338482259
-0.82234277982937365
-0.72815345280568666
-1.1718782492685282
-0.90381749633078345
-1.0162877339026852
-1.1151622693947114
-0.7212035296264856
-0.95528305139485392
-0.69735214527977274
-0.50983024238907892
-0.93576868245565858
-0.94801216181794423
-0.73361484455095705
-0.76184047500540664
-0.93687927787990677
-0.90650977617952599
-0.81795335726292073
-1.1913683174382534
-0.86517723208261799
-0.78012847440137634
-0.8714258660628641
-0.87494616862219465
-1.0525469948717554
-0.91544655161579713
-0.82543296786688458
-0.62486574520445415
-0.90460100503118179
-1.0687565828167529
-1.186435287391753
-0.96335108976995998
-0.96476831622674353
-0.92076301619081247
-0.76635462662043741
-0.85500878033665773
-0.82090802769573989
-0.4382865741060199
-0.697612968680978
-0.52760357479830677
-0.90447657047408891
-0.80520242531182806
-0.82143281570258653
-0.90872538981543505
-1.0542583851251328
-1.1319875462463087
-0.7952286764675337
-1.0365850598508601
-0.70309246321653851
-0.72454033047344224
-0.84217305449557633
-0.674423737486888
-0.9720189982329499
-0.7926355501546769
-0.88991865670711301
-0.52801751056649671
-0.69692636729177271
-0.72451939664827891
-0.95544280863954689
-0.79658414668990529
-0.53088298452098504
-0.84438194651091969
-1.1080746899134921
-0.76869235478086551
-1.0303303785480495
-0.79219244968384905
-0.92389693616883872
-0.87636987266996413
-1.1879693088445857
-0.494904469203646
-0.51244449229806399
-1.0623862573321383
-0.82849026789740188
-0.7289957614182877
-1.1395097770724922
-0.42580523443504065
-0.9329962469680888
-0.85226153149528538
-0.92105924230563241
-0.81500551340238747
-0.59844965992985277
-0.83461122854419367
-0.88040493916528473
-1.1073536591122872
-0.81464475393224622
-0.49984421197472612
-0.56882519233413353
-0.81180689911137605
-0.8578005790443517
-0.74025841696318773
-0.61297916775113048
-0.72797267387032238
-0.49027302334051043
-0.75685254642472766
-0.89906746418798666
-0.76177891685990673
-0.80063151050620107
-0.50391234448121758
-0.85083513309439418
-0.78273358920074509
-0.74739462832834047
-0.95427636305530883
-0.9359397246991541
-0.73093053990872447
-0.55811094882873913
-0.54261272517181869
-0.86640045006327759
-0.63479882875875282
-0.78465624796028077
-0.67243816342852791
-0.41207256261422681
-0.63085448388179066
-0.40724221883683881
-0.28336643149039475
-0.67445140815070881
-0.46018400376017127
-0.52781291591273694
-0.81774313858205805
-0.6499952060939217
-0.83868091508196607
-0.62631685876340715
-0.67952992610993213
-0.52650444662269846
-0.73110386503402947
-0.60965912327686655
-0.68046622886246211
-0.72676828316830622
-0.72273205765590154
-0.44439602313614351
-0.76244749877376117
-0.88956601420659598
-0.71237367606819746
-0.67088551857939138
-0.62971478344098941
-0.50370733467965201
-0.76219537344013133
-0.45581520085212729
-0.4073973286139736
-0.49154036283131108
-0.74611021724680793
-0.63075967685096945
-0.6190431569434407
-0.66602985827708505
-0.68738752471529818
-1.0583889074949839
-0.58433864465324181
-0.52055068186764242
-0.39284024621516717
-0.86070683699672912
-0.81096520604430844
-0.45933051751770421
-0.64005144927846391
-0.56018572554433732
-0.87503789300299295
-0.49555668734522085
-0.98276687275259933
-0.62378684797780815
-0.45489251454809854
-0.76456891273300265
-0.58156124469713966
-0.88247994844174471
-0.47848206254765668
-0.67958952936351125
-0.55600168289967933
-0.70542596534111002
-0.76490428043936676
-0.39113099410309859
-0.6265505693851352
-0.66586071838162586
-0.82167114823854304
-0.61203864996761947
-0.3879857805058986
-0.6056855299158509
-0.64457115247213093
-0.77273416973945808
-0.88076253675544625
-0.55385585115717839
-0.55337396729988986
-0.9432283634705757
-0.59146086432773437
-0.4827001612897045
-0.37785056919146592
-0.58210636480531308
-0.47807590011919171
-0.7668091553441525
-0.54274393304225399
-0.82709475454938552
-0.68418437965107326
-0.46155947809351527
-0.52444518440570287
-0.47934506919781189
-0.6901663564739422
-0.70530699762099713
-0.66792521590998355
-0.69799340632044626
-0.65390822534274551
-0.59304840079765897
-0.20561451850337997
-0.54452878054119924
-0.5675113361623696
-0.49505702192487661
-0.57446578293254158
-0.41439455427681948
-0.54804633340732989
-0.67453890957219464
-0.41367019433635716
-0.66458645941021532
-0.34698258463234372
-0.62464190336229797
-0.63110294742674355
-0.67843349848798118
-0.51006794061304195
-0.59564515902277027
-0.54292797293698536
-0.48860086805856701
-0.68680699445676519
-0.29908869874022936
-0.50028121855229402
-0.7263099078144708
-0.41431295074762031
-0.76493981615369377
-0.51587888728250852
-0.50386468582973865
-0.28634228199363171
-0.4908777483914451
-0.40950513014762502
-0.58824501721327616
-0.6685157231916159
-0.26668067092436049
-0.40273467526945755
-0.55374585657737541
-0.57301378220605392
-0.70610055416085737
-0.59148805618092137
-0.48778367127340927
-0.6134095419982214
-0.66084716813073141
-0.36675275829960874
-0.10697692925648292
-0.45331825276995324
-0.38711649854344377
-0.32841537252108799
-0.46721696478615127
-0.56160743933948898
0.032835092519318598
-0.44925009735833854
-0.34126505846009936
-0.52697186389031991
-0.62414316145443127
-0.34701418335624135
-0.32859780559688678
-0.18952397826555589
-0.49541554890176143
-0.37990900827318763
-0.79443781451128237
-0.22712377004339077
-0.26818206833744701
-0.5712818587498657
-0.61997772639331672
-0.61630289660311344
0.032442605426767822
-0.3653648548015076
-0.22258603487362874
-0.12551709186285404
-0.24647617037241315
-0.39746394666998092
-0.5171428716550871
-0.63098462986669335
-0.47852824752205525
-0.46570574488897321
-0.16393460591353745
-0.61723572630771517
-0.42703063368954275
-0.24489525116492575
-0.44522347003552037
-0.47435734032244176
-0.41248728478939567
-0.13889365362685183
-0.74346684022309262
-0.46396423143630039
-0.54806246685579785
-0.075332652598550695
-0.60617054310867757
-0.47726096245281469
-0.3684295721907721
-0.26905877467894468
-0.21373206316203133
-0.18012444439444125
-0.28702296936342647
-0.31193605618858589
-0.39216680086872663
-0.47844995478423891
-0.35060788325280179
-0.5566468341100369
-0.46331325055810285
-0.56052007876461252
-0.4272128514237209
-0.5158356800017545
-0.58889844909955502
-0.41322803170831079
-0.11895969787032036
-0.27933164831210044
-0.38204653525368493
-0.37668660845856777
-0.2117004176658632
-0.35092285063358131
-0.44540114176737733
-0.13860758638558363
-0.24626797058807939
-0.15101078583466504
-0.12631288734667753
-0.27507754722184374
-0.34781783971651065
-0.29032027934839089
-0.23326382052534081
-0.022415857715027555
-0.56120215091970405
-0.21797171722805
-0.19067737166328222
-0.44418346854673185
-0.34856260155464153
-0.29947133173986062
-0.31424801274319841
-0.34607572766503963
-0.42319032246581872
0.022328624851880474
-0.36556528216630768
-0.32098193276096365
-0.32107376326715797
-0.37701341709543668
-0.31599150562206058
-0.31286848428901431
-0.30356827188023167
-0.29699168442102775
-0.19204111935073898
-0.025551827034058821
-0.23504129710345015
-0.46346672800157629
-0.41109844502196602
0.18622802754925796
-0.43698591398325426
-0.01628940671373405
-0.26453562998083407
-0.17762243703318828
-0.44555260265787155
-0.26480022843481044
-0.26618172610505453
-0.3546742079629987
-0.35936037660591968
0.12347133225052802
0.18363889828918961
-0.12049520289631564
-0.30430185157051703
0.0078088007269086507
-0.26227345614830416
-0.49423505586200778
0.020630596040266087
-0.074176610434885562
-0.027706782311352325
-0.26717204898537117
-0.37956702251164104
-0.18949665477420488
-0.2499667591438591
-0.08020007770396341
-0.20919061914447484
-0.095168118976447183
-0.44310935751837288
-0.07625729557455839
-0.040361949637806385
-0.09890323081814914
-0.007473598711023881
-0.45970685937659578
0.040654733566872256
-0.04961614446728603
-0.46804319142816359
0.078635032983927572
0.070339317414768468
0.056238645101068713
-0.16344534667092767
-0.093910749116485254
-0.52917012364645533
-0.61022406764029513
-0.12828601395402819
-0.06689050634089358
-0.17724358081980279
-0.0021005318101923647
-0.24447939664663748
-0.079269772037486877
-0.34819485049128157
-0.38237641285113222
-0.17103197072531329
0.020139253875434616
-0.079696663527040981
0.036300859185427962
-0.14624856533127253
0.11261613892011937
0.094091004406612333
-0.24810514862992422
-0.024924235617149935
-0.06010595521286665
-0.20790904400124527
-0.29939870457421069
-0.05431187292287832
-0.12900552606944632
-0.10808358414892444
0.090620388875777183
-0.15662753386033768
-0.016595204104909975
0.19021628038593039
-0.14852198302497724
-0.1858483835278848
-0.21634905010443201
-0.014360948208798118
-0.17960952694233864
-0.02770064923959319
0.070658822087949436
-0.098278314395551153
0.2250689307575893
0.25465201062685344
-0.42528050825006219
-0.026013886917645977
0.08615145464442954
-0.28717542940889068
-0.22255493824621667
-0.24852637248830722
-0.064461037858550382
0.085590233100523896
-0.32100007231806404
-0.29725347338560193
-0.061547171340744937
-0.38993683064550216
0.050656468283690533
0.15622704544022126
0.033690061940354878
-0.023233613644643769
0.26831016453045375
-0.22473833151707753
0.013921758908282051
-0.091987139868500489
0.074025546802604605
-0.15126673761183859
-0.17025748358017265
0.017482661814482388
0.035808216771253752
-0.17751912425982108
-0.11980188347865606
-0.075644533159447774
0.10534531926779744
0.009124041511043731
0.052133040706401859
0.11621551897812786
-0.24190080448170875
-0.20734312850619319
-0.32083164256466662
-0.0012139088199722421
-0.15469793048367406
0.10795266481311196
0.13999200248925989
-0.096728363758809999
-0.013953138040707889
-0.1296296550776008
0.11086172314911152
-0.06190007824732343
-0.068987780275259508
-0.15640892943528883
0.29885420816807329
-0.097405599134222531
0.14262779475618712
-0.17161221791626943
0.079166416455610567
0.24496053430213013
-0.12720267687731185
0.16460332945419415
0.21078671874671526
0.13802799387158299
0.012734573875963329
0.01026784221142904
-0.032021353989456998
0.23233856962695287
-0.071018169512586507
0.19042773344672489
0.16959452751347373
0.13891110608460672
0.17309744628577167
0.30204727980265494
-0.051215294160031365
0.039724418110664218
-0.14360168447882429
-0.097730505810093821
0.34315880684341465
0.27949776729921222
-0.33933702764815704
0.26805451571718852
-0.26832480837823186
0.15691021905488448
0.02690115449163746
-0.005387797054971521
0.2076765003917001
-0.017452567240405371
-0.10313646259049163
-0.12792090697900618
-0.031030083021498817
0.12928404366837154
0.26118664229885263
0.17291056666948088
0.044797921067178038
0.17805477815884702
0.33940903733856648
-0.25119737286802757
0.23906163181581908
0.46676896946428198
0.10420047342040303
0.18615859879095645
0.52625459762073334
0.070538063396785367
0.19525491193664557
0.23132227904408448
-0.12560046323263427
0.086744754122012921
0.12114502868362494
0.30882966139726969
-0.13808534505130482
0.063250979377321548
0.20252596888682248
0.30404640575291586
0.47306611248707148
-0.13710322982603254
-0.035943302076812761
0.025451527877741478
-0.11563367994587902
0.13757675719365775
0.17870361265460033
0.60754905896931921
0.2834547117881237
0.12842322833580441
0.23825343185954323
0.39476560747958495
0.2457616446859629
-0.097491489087227878
0.36809720418459785
0.24953695868498499
0.16716907510309589
-0.17098055778334437
0.4249100702379271
0.10410004699137432
0.35624833482607421
0.49953598533646187
0.19410281971845073
0.19445504911015637
0.22336081094926469
0.49679912668404269
0.14171035484699959
0.31633058119166069
0.15224724057115449
0.28843142875869049
0.36329500437802398
0.29373223789313596
0.20570551215748056
0.50229333514726349
0.22633271604207769
-0.050485787586785867
0.10581798505954658
0.16584700000233987
0.31499208073476198
0.42401169769411451
0.33361481532777693
0.16589734372941106
0.13739873957754259
0.31496421527463786
0.49272153505438065
-0.077031183628602229
0.58196557584908215
-0.0010990185192331461
0.35125775036492968
0.38964915910675108
0.34338081653313723
0.46130392760319711
0.33944163949436418
0.048177582253466918
0.34329606902659093
0.28462820547581591
0.47658258401033288
0.34153367474569069
0.18485023472647588
0.27280078951642966
0.19441463389107139
0.2659845554634459
0.38545157686629411
0.33136694424428959
0.54348129979968696
0.38536976529091993
0.22349048264566293
0.42410301926330818
0.44755508753220952
0.11814222470489223
0.41753494692385407
-0.052330738092448939
0.23152834091455848
0.28508357254516775
0.080097697718322397
0.46171145070284453
0.20492999612409099
0.15028461940730736
0.4003588691440218
0.30981709198173396
0.25254340716510437
0.10406155106736549
0.3707266578046588
0.68798825684208997
0.23078512087499117
0.063350041928939102
0.26562831186675712
0.25808482294171375
0.32476327421107126
0.52563251608611827
0.18168930472388611
0.52607314932841387
0.18060026246288743
0.5340438093312907
0.58388541209374145
0.41365216266768057
0.40189212642657385
0.35667013911037726
0.31486582441314048
0.40403778766276383
0.32841256220870574
0.22746602915803429
0.38693609138144192
0.28696411928657128
0.35195141432505145
0.33698154162345645
0.14865958523954814
0.3140727545759821
0.42627231068100357
0.033667744348203105
0.47489269064356993
-0.050015017822179542
0.024625569015479673
0.48049907239844608
-0.059901567482328125
0.29116058278947005
0.51253909588388746
0.43138848532132062
0.66296083644021875
0.6949578819399419
0.4941554882599426
0.31667573558270884
0.60949668358399689
0.57629109925964539
0.53371551639702552
0.21383214795092584
0.17178369472079114
0.27505308795846817
0.27653899379925162
0.37907442076930731
0.26894703485371724
0.23258864327728485
0.50453776484427915
0.21239717163922234
0.40502538282401473
0.29357371288861944
0.61796297514663734
0.18247995556978056
0.31132178963269563
0.35569347398254519
0.35193070246927594
0.25199035623355726
-0.042828016114702556
0.39405890223505269
0.4441260402502174
0.19185699680474883
0.060120121067353975
0.32248589379696374
0.43416789007078777
0.49185675419721508
0.41642092744282272
0.55184391348447215
0.55942015351544094
0.14475068797631152
0.30081776650081532
0.12510030907752895
0.41820255447716159
0.30160120008721869
0.68708373398365008
0.43325010898084976
0.70357990434218831
0.41563015930174146
0.56251756519910878
0.31603267998551565
0.1371190866997932
0.69835117501483079
0.71979705080818479
0.3671790659317794
0.59454791158941112
0.37411464316619009
0.54803833862113038
0.20455868989462664
0.64853141996515618
0.87979007432724732
0.65098197965114435
0.63908799223263446
0.32962737615805682
0.47055113574836821
0.56577140484075639
0.40776231132255802
0.51949869131123483
0.62134805777927182
0.62667238237830813
0.56600716921161487
0.58148390938456751
0.61946820071132902
0.32067178768262022
0.53707549357423079
0.6468544285006621
0.20927142899494278
0.5101129643626392
0.88625445250165658
0.66637037311256664
0.55411775075387204
0.75800422002325096
0.59575559267348377
0.72462272684625106
0.49107109708526597
0.39996535669598471
0.67847838707430586
0.85526051455470564
0.46411094051574314
0.82685887648391032
0.58964029941372487
0.65579468230500848
0.57337727112240744
0.67627242420716749
0.74067787439572375
0.54202961209509593
0.67345112661221485
0.52599723748582772
0.46989325382435027
0.52980452182725701
0.50275022696540372
0.59489699165599674
0.55792863357739908
0.53558407901903038
0.63686149382295065
0.79866285336639853
0.54597025267000254
0.7078854636607651
0.51420361319880292
0.53116310184022819
0.49470074090407662
0.82684753171189129
0.62782742189247143
0.61792798820891937
0.70541046737826008
0.63213334533780441
0.22369834950764964
0.76770138429174162
0.82579239426477602
0.63374364521488802
0.98828912823998616
0.43560245714444962
0.6504839494962682
0.58587528532376865
0.67789272915384124
0.57194626535430959
0.5640715845949783
0.44681592522828395
0.79170223322982936
0.80566721450467627
0.52269147659512871
0.86428987923140221
0.59966064030469013
0.82420600637051689
0.63234290174211238
0.63862668024294145
0.63464048013956254
0.60535304706065807
0.79813099484372851
0.97556943485677783
0.61736895146119364
0.63244743451567775
0.54730276714925485
0.73480120126645332
0.80214781952873071
0.81822015143171078
0.61330912691626804
0.54728588281707946
0.34060574202108307
0.90265990852807576
0.41410789818665394
0.64721349366994196
0.75616520425935374
1.1344662124875311
0.69959374504441518
0.73504573134094953
0.914642105100548
0.65560613032405168
0.78675519971155283
0.73521979133809456
0.83849137576945498
0.81721012409020932
0.24106317280282197
0.39070209322961874
0.7501681659131364
0.91500555580738119
0.79187407496318052
0.70448487895127188
0.56177060760401121
0.88593386404016405
0.53119344671741731
1.0474444174594717
0.38472901771425438
0.87953926988642672
0.85222316012615207
0.69776218520636168
0.60894223235825062
0.6573551104676203
0.37162407734454761
0.64028078306256653
0.94176605742305863
0.66496872322120792
0.51771743909640711
0.79996748489218372
1.0881700541686294
0.76803129480657462
0.58487337516082749
0.67391975110286917
0.5162681704792057
0.79783683440297448
0.7977893424365593
0.82643021198600097
0.84028048254154331
0.76054936184314514
0.32938968281989589
0.80274651785340523
1.0806588008297708
0.55976705482846556
0.68343433759189565
0.9213915001334031
0.39817279821982005
0.95739076428227865
0.61148716443469175
0.71403378548360974
0.82675933839101368
1.0570881063508504
1.1037894837124844
0.83664684086406371
0.77395982865291169
0.94096538677729802
0.75867656033384945
1.1390950918136622
0.73746464380117005
0.78084197758706342
0.9324287474972458
0.84056021268941206
0.27721647365437796
0.71607059753989732
0.86484850200563612
0.59387926270648173
0.86185261517188938
0.62349645998641234
1.0147847693872327
0.96430580496069651
0.79589822062257087
0.66559850570474099
0.61738330909809436
1.0994938253256674
1.0222515460802299
0.91995888431232464
0.70935424974615924
0.54837389318299246
1.0674013849689421
0.73581431622572824
0.94554249384682243
0.97459919092419611
0.59542834548453327
1.0433615299153318
1.0179944209649427
0.79519474272203095
0.81512866402450812
0.65811647022311281
0.83690903881137257
0.91985693747193376
0.87730182766433829
0.98131301646541913
0.92247954605918681
0.65350875093521277
0.63471938423404672
0.58504280582301582
0.88365901460440666
0.86457504164212062
1.0370296639080145
0.6989666602755521
0.95693211950432577
1.0866666884724283
0.8984045472581994
1.0159839772856383
1.1658908822551015
0.83880838017315762
0.96172515872182596
1.2136147492973168
0.96860584974350727
0.78963656728076981
0.89283481258532404
0.73654448355162416
0.96087874284565311
0.76464389528993548
0.91913715133953522
1.0397202406286572
1.0129526568125591
0.92909403742707541
0.89851306941438314
0.91502779139291834
1.0572804746112918
1.1025322556568498
0.77971703036805551
0.83709918136924233
0.42133689026593396
0.67718956034812627
0.9258510019702777
1.0485210478520735
0.6990054900880408
1.0562000681591042
0.90925760447040704
1.0098093912046571
0.87092817681785695
0.80904467558811244
0.98216293177952929
1.0520645845344612
0.91557766217894498
0.76850985931790217
0.74165519256013668
1.0170644055709148
0.93655907851223152
1.1847213322043448
1.2574110232554421
0.88936355788813137
0.88533855968463693
0.72115661243073892
0.90852067342209963
0.64296637089055231
1.062142248227147
1.0975468148452767
1.001369444949564
1.0124817755872653
0.91772665396849462
1.2444615552646558
0.88968893398340676
0.75196075367866833
1.1135936839920508
0.88091557742532101
1.0242686630571174
0.93734217191721791
0.88370165999639716
1.0928877251690379
1.0792833014209222
0.70441641538283606
