-0.9469195146547692
-1.2484710911413746
-1.0279153091495565
-0.70915141667687676
-1.0762640264258942
-0.92216725712702619
-0.84087410776745131
-0.90721974709022801
-0.83571342672020732
-1.1936734991751448
-1.2186212752532632
-0.87072643648212045
-0.8801972980545727
-0.96309017371941508
-0.95601999853393627
-1.0446544867225542
-1.1436117516370976
-1.208090320798022
-0.74643625002529157
-0.70249521316590069
-1.1607465700808595
-0.85765498140549523
-1.0109232821453396
-0.99819475870496877
-0.78911321643590415
-1.0542159495603596
-1.092671670109397
-0.96417032152636106
-1.1127234884232791
-0.62993836089750566
-0.75759994522203244
-1.1435791432176896
-1.0554077897849374
-1.0133782627976358
-0.76800179393506407
-0.77246328283797683
-0.95859412895470442
-0.85708370930249611
-0.67175700027653773
-0.78852075387273246
-1.0050064964021428
-0.88354915083891006
-0.76738028616897247
-0.94412355430674233
-1.1788952708494702
-1.2902899919586215
-0.98736239367771028
-0.75288124411596224
-0.4705416366344411
-0.93854370059546954
-0.75920490107282845
-0.99056643223259422
-0.62541795689471791
-1.0240102780013121
-1.0925088619744703
-0.9219028106166558
-0.97965942476579815
-1.1492693670163538
-0.78660128035997934
-0.64976407063486263
-1.0039037499464918
-0.63138476168633639
-0.8173915426760151
-1.0188285779550859
-0.83770307851965709
-1.3676706254875535
-1.0129304999635449
-0.81784759155494591
-0.37033640791603301
-0.77223938789955027
-0.84210574111416947
-0.69287824074703375
-1.0096364728447396
-1.0290731275781881
-0.81429541261906724
-0.71223653093745942
-0.58222196931422121
-0.99941519580634608
-0.7153033407850139
-0.8207361507557086
-0.89105673596950796
-0.69263884356356398
-0.77882527204462337
-1.067828263015328
-0.97296138603072491
-0.72202664247503512
-0.81861602526609845
-0.82483258399656834
-0.57977026214408733
-0.78335613055363684
-0.83145856060366119
-0.72362999965055663
-0.97827555807229838
-0.81777591893755874
-1.0249090980470064
-0.87284425309822145
-0.44530998808368893
-0.8944535176206283
-0.99442971233127775
-0.52292225322362862
-0.58830999477715529
-0.60869656493276458
-1.0647203008852077
-0.61499579545912053
-0.69187799100876446
-0.94297260930906501
-0.6481404125147241
-0.94022686593580218
-0.74118697252006704
-0.7426376209944141
-1.1102686368053065
-1.2963911036797491
-0.78446451885791779
-0.58218839477079543
-0.73516505466132431
-0.85368845844390751
-0.93962121545103672
-0.64018196725965726
-0.56366910691004202
-0.76369349870386805
-0.61384558212352158
-0.70293249286315629
-0.72284815513400813
-0.49810019796413202
-0.7443275717383111
-0.51113949233101064
-0.63656994653174981
-0.5290378263796448
-0.56416080642748967
-0.63877454761424257
-0.80900721730632963
-0.83437500909110585
-0.54525468102716679
-0.66536306924601385
-0.70694530013700729
-0.66780022737836786
-0.86064974611872613
-0.34128091258486093
-0.49170185400917699
-0.69657054598440848
-0.82268031501147798
-0.93715452782580677
-0.63149042038666614
-0.6945802898010609
-0.75572530768724178
-0.70319613648205415
-0.64946703105256154
-0.56398310973924892
-0.98227715834545581
-0.73637094320968666
-0.57644666922098553
-0.73829287159312706
-0.59233324253241482
-1.0062043983678166
-0.86574072006825897
-0.77330011901338791
-0.76546476280881959
-0.67475469513570041
-0.96531503958724652
-0.62071100654403943
-0.65026128567681196
-0.37390137439270066
-0.65221863730610563
-0.69722479259309544
-0.79024434973404645
-0.90033169065446728
-0.62987717029002677
-0.62771375745939728
-0.98511829545775875
-0.72623296797193382
-0.61901750858208149
-0.59072087075371416
-0.40478959367361694
-0.80092031520608931
-0.6646261808750662
-0.69347130862986095
-0.69953875324819192
-0.48741377257501417
-0.62611235093076079
-0.75891667312662492
-0.45379386733515259
-0.78460046451679355
-0.43537282165684549
-0.62680945115920916
-0.31018007723849456
-0.62227961584228575
-0.45458983695303284
-0.87496591279246927
-0.95424499066097346
-0.65561860691694629
-0.74464728142193148
-0.74145430509988786
-0.8223132476319065
-0.49091476085651437
-0.76938611584456751
-0.70223413096558307
-0.5208580867672632
-0.61875629874506
-0.83825952665187431
-0.78454393622247609
-0.65689036418883417
-0.32098720157253502
-0.5804602939740483
-0.35377292059041038
-0.62335927315433648
-0.99656732261963021
-0.45963965886791702
-0.65547268139661452
-0.68228610989483429
-0.46824596459287998
-0.85662717704498559
-0.65301487052898211
-0.5894202053504326
-0.37406632986622473
-0.43599490659505102
-0.40455354651653047
-0.76582007037912991
-0.57679766203336358
-0.59813396957584219
-0.4861647434261912
-0.3787975275834034
-0.58755780111312839
-0.54861536234003938
-0.38537506772744734
-0.77033333774755852
-0.73183411677444998
-0.79417976590027362
-0.39168114163051138
-0.24329379729405703
-0.57559754637122373
-0.29943233555608545
-0.61929675063839751
-0.43820882560909125
-0.41052894166419363
-0.32261449916727736
-0.5803331746108652
-0.39150459479006988
-0.70532046703713969
-0.81263406603173161
-0.41108740508878006
-0.41097464933259337
-0.85357732242849715
-0.53488948783001711
-0.14420267798232869
-0.56067848843197621
-0.4367571487001381
-0.60256117906474405
-0.38991828493471054
-0.17071930142257033
-0.6128140001786675
-0.3621715153357421
-0.63170045042919754
-0.45808603241407864
-0.77314056074792115
-0.41722377394559668
-0.502029025487706
-0.3922517601759547
-0.38194193066768906
-0.27622683534743941
-0.39778849726847892
-0.64718720088978354
-0.67552540418062423
-0.37091389070334446
-0.58517537516463036
-0.4806777276344506
-0.77957597170082638
-0.16117182253275714
-0.51493321640719658
-0.40851628019463726
-0.24707488376515876
-0.35127433744567921
-0.4914362372639649
-0.67283031368600699
-0.54211579710314961
-0.47929736002758111
-0.27001458002208534
-0.26072415358241113
-0.57708800246783809
-0.3626251216432938
-0.1622825021328321
-0.11131202223301556
-0.30157784190454828
-0.44993870372811984
-0.38945311732460547
-0.63866517945593115
-0.43999675628656404
-0.39113971736657144
-0.65199162441769931
-0.51726849765242788
-0.38856808932537995
-0.59345542194077683
-0.39322951042684584
-0.66245398383612342
-0.55913231468374025
-0.5059001641615084
-0.58512122650884379
-0.52797576908888921
-0.31944137070706879
-0.63993364898951133
-0.20363035594341644
-0.52729482822869744
-0.24973962955423518
-0.67899994201480007
-0.50514972345328402
-0.3694634964478018
-0.60778915689268309
-0.60870539628179243
-0.24321065904038758
-0.46616137488814174
-0.40943346727293595
-0.53914014147026279
-0.415398589830064
-0.3241425164761465
0.014587735130680785
-0.21367542199047879
-0.71917930173680167
-0.46261879659165506
-0.53266137474310427
-0.11549911458671412
-0.3863547718567476
-0.14042619749168625
-0.26034007394853903
-0.1528114609814844
-0.35638284015986826
0.084909236761230106
-0.33489913050101222
-0.28915736525667535
-0.32460607254992507
-0.3515256872536705
-0.69212473751627024
-0.41863957543528041
-0.27088602948297275
-0.25441347616506532
-0.54838663369828278
-0.430077863181484
-0.43583807445104972
-0.53462354441010429
-0.50588619152141656
-0.096769175973336147
-0.2805058615507437
-0.16400940252583118
-0.3408951273846314
-0.50556280496903039
-0.3651769209562758
-0.33642171044565999
-0.096877365589160172
-0.36346102178028017
-0.1770369160879055
0.13182656168140813
-0.21924636799392597
-0.24917893502145044
-0.20917718058829443
-0.18070658250406124
-0.24819826428709577
-0.42963491575792162
0.1864207796458052
-0.50843503945753177
-0.050070914068095614
-0.096794999400635073
-0.45382655621272977
-0.28722487861240081
-0.38737702662183537
-0.49338498457134161
-0.25110958768808422
-0.11828717118559384
-0.1341807128520601
-0.30667474690385332
-0.440358618953266
-0.028978186634839635
-0.37939558901000586
-0.039451994209651578
-0.17114577961454164
-0.086919672511375293
-0.26140544393669918
-0.33406330908609577
-0.46941566729785683
-0.28887735602344594
-0.55582174646548332
-0.40468712738223439
-0.50329127640340543
-0.21434184858514871
-0.61157761659553711
0.040909324434508412
-0.59506953269385077
-0.39881969579294912
-0.21665664848395635
-0.20301496153850593
-0.10474192579028747
-0.18411028641560248
-0.2182703063662452
-0.17708626367213456
-0.41908087660050647
0.041100194423490923
-0.0031436373624015466
-0.046179366066264584
-0.13009276182112611
-0.095115695194334507
-0.049048476051053072
-0.23526852845032245
-0.10017070770040876
-0.12553772533267288
-0.37395008282579734
0.041100870666923223
-0.08997710527754782
-0.29648647923629706
-0.26122010310153704
-0.13686083499382534
-0.071318812275980289
0.4148181136754242
-0.60033258872767703
-0.11309761599706905
-0.45800166712794277
-0.18741630450893337
-0.14725544348073327
0.002297528822473045
-0.050850342913026723
-0.18490202895018235
-0.34504589448072809
-0.19875922376454197
-0.14625920167411111
-0.22281552830164258
-0.13653116965650816
-0.11334024998350462
-0.2403403887842992
-0.19507920745196242
-0.50319770878980974
-0.0053929849526579126
0.27769649422540077
-0.026537046206398386
-0.34583334320960707
-0.19679743016621448
0.076749476674814229
-0.25635311402352412
-0.044379642677390141
-0.2926868110152076
-0.12607407967615672
-0.19535956750147809
-0.21298248625392002
0.07062967986775362
-0.40339430425764183
-0.21554445007212095
-0.2306800338434474
-0.26534903383960012
-0.0061801577394846761
-0.2336553717666377
-0.28272501314492082
-0.35580852969613441
-0.21522675588400619
-0.28371673271699122
-0.15321114066058983
-0.39434280051632364
-0.10456789455618892
-0.13534820231328495
-0.25202362631860109
-0.19487831879154976
-0.10946488547489294
0.053237469334760049
-0.3177773213192332
-0.020074205607727769
0.34042247201411813
-0.41356929053877423
0.16580274480321719
-0.18575263014610888
-0.34973015635164567
-0.24633344607475768
0.073483181051848298
-0.15460730617787227
-0.34940570144425787
-0.082457947274045887
-0.1972186671038528
-0.18891085450962511
-0.076073159648651967
-0.17902052258305484
-0.13673301264463614
0.19604462565877476
-0.10488519025165509
-0.047146447147279114
-0.33599226806953764
-0.12416987576588348
0.059423150847048072
-0.2959067460619127
0.26827181779695564
-0.079237095333020757
-0.3035777185990704
0.22594253928561658
0.094211959806387441
-0.10417213838435545
0.32214539961497202
-0.087508834307867323
-0.14999968251843049
-0.16218775584007125
-0.1339998596125665
0.026428244772775646
0.12017337399416768
0.079781579199452446
0.024410758773515298
-0.40672485448057089
0.035641858714139406
-0.046268049722381653
0.15179412691753785
0.18063667244648371
0.027807852057187207
-0.031853884631274997
0.0095144898894492704
-0.081595264788780361
-0.31841218130074961
0.043164863648861788
0.32748559608767636
-0.064116762989869958
-0.035161031133017946
-0.14170292226982611
0.21436615195772094
-0.20438677741220576
0.15837039479590917
0.23579273131574779
-0.10729595040263158
-0.043426561205432278
0.065109847362084181
-0.050114716961646003
0.088976722020283963
0.27601080884780249
-0.06863803049303055
0.11590141354071563
0.1701089996929753
0.19399275167678634
0.28596463942192224
0.30544196300235127
-0.0014788918291677095
-0.027195550821805137
0.17871793280412179
0.070137816352433935
-0.18937718726627364
0.29735963273187538
-0.12771096478571337
0.26483585173270491
-0.13178142178242477
-0.057730501686039798
0.023737565696197737
0.21229529298983657
-0.012735529784007793
0.02844193085864347
0.070711035532688746
-0.23388576851445436
0.0061971816112097351
0.19764643596532544
-0.16830163688391436
0.18857696321760073
0.066422910542699581
0.29888239544260503
0.50725797109990423
-0.13860772714010364
0.55800051401264594
0.24277099442504069
-0.0099216711852732446
0.37371889035073463
0.18475150240260571
0.077031932324273703
0.058348704274896759
0.1088497737204456
0.28107469391091094
0.10574118530812075
-0.10087615626079074
0.0017546575354768668
0.31107507777149929
0.0096310201716200746
-0.11107080779855277
0.19442256601668045
0.23383333774391526
0.21608188131195225
0.12194673082630154
0.19372478673158838
0.081922108657542375
-0.041041572701767157
0.15498623380996243
-0.059060134410049453
0.23085970336517436
-0.10445058171548134
0.32484800976142714
0.18974398288584304
0.10139982467769816
0.09637156475529178
0.27928325319136127
0.098851546023516437
0.20359718442992117
0.010783281814393298
0.32248593151393951
0.080661357585521079
0.63067167007984504
0.32185785067320072
-0.061569788301743957
0.11537300021097062
0.16771692164722188
-0.081185239688663827
0.36548670502874331
-0.026057004719801029
0.15210618826409758
0.33440385399627465
0.056941268545295916
0.2239791735112259
0.42463608208306874
0.06258805262356755
-0.0081640159751969234
0.025391608529294823
0.15988179359589744
0.40386303318484096
0.29202837400851778
0.49865372743342745
0.38118126802232366
0.087592016647003487
0.13027024294240536
0.097976881018775955
0.43541582182567645
0.061602452560746
0.15603436314438562
0.20817849307324224
0.17730796485211192
0.48200845670517084
0.32296630721948777
0.19858775137062504
0.25247579124354402
0.53181731344459726
0.37683781772273278
0.16498307874599352
0.35256563779027694
-0.0063846356398653374
0.32435310592418803
0.16796304368984821
0.34580202260612242
0.46797733951900217
0.37732035268900643
0.52745192033194288
0.25215762018951865
0.079495121066540678
0.54102124650869188
0.28041682253906058
0.33824994086283011
0.10862719765057269
0.21489730202483107
0.61955733363514576
0.36754218569756791
0.19488667538944324
0.22738803080985015
0.064131714636770379
0.53819171087567941
0.38597993027215011
0.44929954606290917
0.45922648881758643
0.21191942456100343
0.40470011360347807
0.54201080928144474
0.57905530418572937
0.51604645230705426
0.27837106740164469
0.58721257610759203
0.15159728161676361
0.17314522006170069
0.45199849920424434
0.42226694295401818
0.32653965806879903
0.30592114224536465
0.013770635037466757
0.38690899161092102
-0.0096376438349558835
0.15850160536982394
0.46843937415551073
0.53297939062718713
0.50660436358644223
0.33156433739592794
0.27370351867522152
0.41648044195376943
0.10770856940420015
0.21332432066226081
0.42929621682408398
0.23135135209706054
0.44221243001124028
0.25972680028506573
0.37836774786539584
0.42334655293572188
0.34966021985949675
0.17078701289119602
0.46429948787184888
0.29377766176660142
0.20136602707816664
0.41191559507314257
0.18569039431168655
0.44832940070145122
0.31371656195002828
0.38633618996567265
0.5738170284649553
0.47753939530202111
0.14667591402151031
0.33181921921716884
0.53645581904635875
0.31481671259119964
0.08063193787295371
0.62994897554188267
0.18045911792367766
0.42412399100295489
0.45999337383541022
0.52638957440100642
0.36371443843825796
0.55986889014062602
0.70663769756954953
0.37667792186523136
0.2188575199344874
0.19262205850579239
0.66127411531241009
0.39741513066255557
0.28612593536656356
0.43149123152103053
0.84121034509475257
0.35417387857760801
0.75997291082587981
0.49501053506631693
0.5894986928393906
0.28705539205707842
0.49740336266917579
-0.087667808058818977
0.51365278764793065
0.38652499023831993
0.34458881201466118
0.39138143783374602
0.56035791962575865
0.47479826472371789
0.41341970202055622
0.15925670536395242
0.72604767443488816
0.4778042583597138
0.36735880498181478
0.56965018164126724
0.60550815051869289
0.24069710418052087
0.36739147619229712
0.467128094469554
0.6428772789232865
0.21318100874411477
0.1331819156308395
0.83117926950293486
0.57966498616101014
0.88717109553225115
0.43436172853438837
0.29375409190735469
0.26654091863750518
0.53928976813252993
0.44561896894694358
0.6945968688370795
0.88843459409057668
0.90110677611191448
0.72371650130046339
0.40221470765180256
0.59787816366612034
0.65705446282427482
0.46712156590961051
0.81216233316342201
0.43151507797029126
0.65452905386098958
0.90118103397378124
0.45719362011975156
0.27602702637663229
0.77119858948224296
0.28401679426795085
0.52823826889969372
0.077654212588839339
0.56144941425151806
0.77061336726190233
0.58199065981207543
0.61095257653342461
0.61804303745002753
0.56894485944168027
0.60240573690365151
0.76718409679178601
0.47072675076530429
0.48244569580029412
0.54299122874118455
0.45551299597438089
0.5944726570331168
0.46861213296194304
0.88987692000865337
0.58006741533039941
0.46648874069287877
0.41999759474562243
0.47270194575998487
0.63661413298924829
0.57154168381459292
0.90342990014889357
0.37842336210287508
0.50654288151103122
0.53213436467536601
0.37145783296263168
0.27511819295698264
0.44647893629093294
0.40597104872592527
0.36289956076424384
0.76372882881856652
0.67689583371480966
0.6165612990211421
0.6501321602210639
0.82400892455062535
0.39890035443056654
0.53426397799729841
0.23614091944491597
0.46124619613182122
0.76463413977306738
0.52931444090755209
0.5546581596768807
0.79992300127196136
0.54813492327922209
1.0175247750176031
0.50131578124518861
0.55889057691791744
0.69576255056909453
0.48053793560018432
0.652641185361159
0.52701732681535318
0.88682575964103938
0.55100729782723323
0.66433097175504674
0.58953553971871031
0.85575005356296396
0.69053407906533348
0.75770525885966722
0.29089816655704753
0.68230197751371291
0.81417778249316364
0.29743218110788477
1.0366222204919058
0.42273715519273075
1.0853462822962563
0.50240436567865621
0.65885068434947125
0.84823315637827468
0.65558433655978965
0.7898133115630408
0.60768036812304005
0.9040654001113787
0.82857631382402053
0.60526129141304907
0.91847368484853009
0.91683269480317597
0.73609877089560294
0.54803955749617139
0.76400991084917547
0.52528714597522397
0.62656194943039234
0.63187745090258551
0.64663205565552084
0.5151293937792818
0.39436715133821715
0.64751171548808351
0.65073407887238099
1.0607429073603623
0.78780679623597427
0.45314992397722126
0.52844660104712804
0.68997511400221068
1.1320115302924185
0.65592412258310651
0.80048090245989378
0.71030843673925048
0.70653760379012942
0.81784860931142211
0.5315775181325767
0.78010507843116617
0.68789887919741377
0.74591152087831003
0.69490752205958883
0.98319664100030368
0.49969797196201482
0.91322426722249195
0.31562356982081408
0.59657681074463964
0.7734308302362396
0.8632160347255079
0.42702716935920138
0.81282838772829613
0.68259057462197303
0.79995345019300701
0.6602540081741578
0.91786834720375066
0.76583150628220442
0.66760377498187262
0.82970770399955907
0.85313309621222477
1.066307779313886
0.62711425123441811
0.54021842713459967
0.43570469757266006
0.76266048260856401
0.82408302542319656
0.64380766032146963
0.6408430529866358
0.94232186756584002
1.0357365589569036
0.71095504151213351
1.0024715059883695
0.88968359389703955
0.98437397677040073
1.1185854613670672
0.58469389633532887
0.79455255037981731
0.8322948475997819
0.49443728257472352
0.88606974811648009
0.85249175378134368
0.52592210357235114
1.0087270015470413
1.0058468724710701
0.7662394375893441
0.95084270051102704
1.0653778029249725
1.0550540251512575
0.78444247930367472
0.88437267477527104
0.98730206239272456
0.92721225502000615
0.54154722264075805
0.91498835380526167
0.7681303966226577
0.77341834190239256
0.90542943395782238
0.81081667778679156
0.9749967135046762
1.0072540320252978
0.78914837628568202
0.7570978419663954
1.1369173612320251
0.71980515868472805
0.91192459372804213
0.69194384491584093
0.66762986658642975
0.85135333639334143
0.91400092036553326
1.2607236540539501
1.1151829823027879
0.96705935762746531
0.86779791477781043
0.60151399137012496
0.99619773978070458
0.97767895342768174
0.90155414543047585
1.0385232565707023
0.75704703690348596
0.95856704303978491
1.1747890658771869
0.95302390047489727
0.85853205433981028
0.64862828247603721
0.49762519125795085
0.68918756519363933
0.73812875152937885
0.8637315446705216
0.58353449842407668
0.6936802308879263
0.9968173692386505
1.0671059044280242
0.72172409478410493
1.1522541733023626
0.97339880954768032
0.77239272065779574
0.87146226062492183
0.8893960052973745
0.72971552079476831
0.52191296665364251
0.82958805219870169
1.0032419810669397
0.91927505754653327
0.55233048617046876
0.86795431871835649
1.0010565023559828
0.85476949663980772
0.86692394017571184
0.93225768267585629
0.95739676958345932
1.2574689757096651
0.80763999694542754
1.3979108670020164
0.76365777177833083
0.97013820748113822
1.1114403635684413
0.72929714785152366
0.89947481953518404
0.97125051610925739
1.048328643069282
0.75544543589049062
1.0409255863779061
0.87272072429524683
0.99909578980222258
0.72055378780754153
1.2752668936241938
1.0269721662500784
1.2947858569101931
1.2996334372587253
0.9040224043752414
1.0363807479611136
0.82045715037019407
0.95938006424738043
1.1945525642442878
1.0487466096482039
1.3214009624368015
1.0080691631085008
