-1.1881073796930028
-1.1411317213398962
-1.2771019519246551
-1.1226882674279017
-0.83466961716166521
-1.0365581256617511
-0.84448015076512384
-1.1127138462284971
-1.2366967902023509
-1.3759695255025826
-1.2246749527221199
-1.0384783194015117
-0.88214447665284768
-1.2705398047312628
-0.93916772201892829
-0.9343481725813878
-1.2059840597338458
-0.94335183163418246
-0.83263700309587008
-1.02773023511887
-0.94270966220760222
-1.3621693349198425
-1.0562956334245779
-0.79716452413832051
-1.0944896883231121
-0.88625921629006521
-1.0689477445686955
-0.83694900471813527
-0.71056121491837587
-0.92900421718248383
-0.92134601124477233
-0.99809816860428391
-0.91082984557335966
-1.0110456577508005
-1.025112525686769
-1.085779545752741
-1.1579987094531288
-0.95235857356914977
-0.98532814735541463
-0.77166790141155839
-0.95891545827705804
-1.0178831685350591
-1.1295651132342512
-0.97920764234902491
-0.77545941983128719
-1.0135125374570915
-0.85216324158209777
-0.72945877808197079
-1.1922206657745114
-0.90050508007166596
-1.0317811457657264
-1.1540025799263069
-0.72034591554442795
-0.9491450148268592
-0.69501167747950254
-0.51586353552465536
-0.94655079750884186
-0.94155203038227775
-0.71954303673644615
-0.74905997807223523
-0.95222176343512865
-0.91833939011346422
-0.82404363233025801
-1.2044730989371921
-0.85823241796225835
-0.7819589284255154
-0.86442787319612924
-0.89465544463007296
-1.0789790682856211
-0.9020413489646566
-0.86622652009255885
-0.62781264613817034
-0.8978496534466992
-1.0693600384425945
-1.17954636732969
-0.92702632792420436
-0.92128832082676015
-0.92582784482102043
-0.7914681671985585
-0.8483900418985304
-0.81064891923869364
-0.4559273444997069
-0.71543961934455702
-0.53088376667170001
-0.89316245450097997
-0.79404085736623209
-0.84098069028859768
-0.90680468797768532
-1.058820719758
-1.150320263140701
-0.79398171001202344
-1.0132384429581724
-0.73486628781462437
-0.72757615022773281
-0.81835316885300446
-0.68435976950962119
-0.97023952476638775
-0.79144918264889075
-0.87836740401539037
-0.541723825186612
-0.69250440259322954
-0.74591361012231783
-0.92029450080571995
-0.78482308760734765
-0.56098995516643646
-0.84445730018668774
-1.1380816642020346
-0.74630531856031479
-1.0362681124174955
-0.77982049509668649
-0.9283384182769564
-0.87872281023134946
-1.1904456879897243
-0.53005723298348795
-0.51496167453963537
-1.0663686946419111
-0.83605916265275726
-0.72665544366319867
-1.143908974779908
-0.40765385429060075
-0.93738121156063359
-0.87014669206542516
-0.89631184584132673
-0.82471491411400066
-0.6052668104935528
-0.83183899712774212
-0.86718215644699459
-1.0982547930792987
-0.8503527099138255
-0.50314460451726217
-0.57578508236681492
-0.84194046320099269
-0.86036568817915382
-0.74093402880268044
-0.59879564758581794
-0.7407820424962549
-0.47981393572234493
-0.7663824177794335
-0.87580484240977363
-0.73421493567128526
-0.80488835503055323
-0.51376484189702265
-0.84094848571862402
-0.76602645195240215
-0.76778453435994254
-0.96373341444485316
-0.93319676211608049
-0.70877498364681379
-0.55975525405585869
-0.55221435208327985
-0.88282471106917415
-0.65005181720481264
-0.76951256435814797
-0.6844225978285895
-0.43181612071469533
-0.62364340550171893
-0.41497226901421758
-0.29560568662165471
-0.66334421335341487
-0.47277500816803975
-0.51623858335108086
-0.8123118797188944
-0.63861589075626046
-0.8203118624343263
-0.62469790696822636
-0.6672554925054428
-0.5182615234790735
-0.74548984074727709
-0.61676710127087953
-0.67273899676415017
-0.72044758370947004
-0.72238336346000365
-0.43576753588823774
-0.74211599315913468
-0.88783758850244321
-0.70292383013745097
-0.65253252862023481
-0.61396460938472386
-0.5049137947927731
-0.75057256944503448
-0.42059152535915584
-0.39484661756656753
-0.47647406301041628
-0.72663398930473522
-0.63034412068325785
-0.59135668899330529
-0.67130486323144989
-0.70942162612683857
-1.0832218811447667
-0.60571155289574619
-0.53716078387743404
-0.42308008093286781
-0.87324996075766381
-0.79471906024716255
-0.45700891993578591
-0.63547796083378483
-0.5755068693744454
-0.88572004114624348
-0.50299411472919697
-0.99454588924820386
-0.63262969455484441
-0.46869332330158919
-0.77750952779901572
-0.61767699332501802
-0.874016630013701
-0.49594347114986936
-0.69195544953011856
-0.55725746154849209
-0.70673713143555783
-0.74110786660805139
-0.39183400570160071
-0.6108034845173792
-0.6779213116735725
-0.84098738823671826
-0.61924028408172271
-0.38257976812620448
-0.5885319645429693
-0.67306608122570144
-0.78859658752253692
-0.87315129367766409
-0.53860139264553575
-0.57607751275123276
-0.93207246828105539
-0.5837780628765874
-0.48441352538949473
-0.37887524940835182
-0.60504301272095762
-0.44448192558288374
-0.76381106861625758
-0.52534222888353344
-0.80268829729137159
-0.66627012714062239
-0.45277464932861966
-0.50457038527129261
-0.48662481888481768
-0.70882598113956974
-0.67850618684152453
-0.66599768545201576
-0.6767705737444677
-0.67451131746523652
-0.57899958496144766
-0.19667555350059779
-0.55070116901806943
-0.56688228309224242
-0.49218077869412696
-0.57900317403493262
-0.41098087731301552
-0.52857653257628667
-0.69594136466971324
-0.42346004078596439
-0.64007694367906709
-0.36557850159674721
-0.61375057230119678
-0.61048980473218284
-0.66389161242747086
-0.51304449516338491
-0.58552261408833561
-0.52476401674389472
-0.47669334774442312
-0.66348415824337181
-0.30377297308843587
-0.50455656054953524
-0.7275619487812669
-0.39990686869995407
-0.74975909953731557
-0.5308523820091513
-0.48990539865462951
-0.29980254869043171
-0.49266146024932805
-0.41795069048741029
-0.58397730004044568
-0.67742332602802735
-0.24886287202473997
-0.39686495045949527
-0.5475658422426527
-0.55470027062511629
-0.70120587762555553
-0.5752612169172544
-0.48414386954749772
-0.61214687498146847
-0.6699060129235499
-0.3740670331676777
-0.11888208275923612
-0.4454157398254418
-0.39900190323863144
-0.35657390076357076
-0.46084346582746499
-0.57466916047987271
0.01183521932099251
-0.47414502451359625
-0.32902040076956218
-0.5169811680454186
-0.61420253551261494
-0.36535033789183496
-0.35503927813512609
-0.20458531807728034
-0.50258331350717389
-0.36337824011814124
-0.79635729358882168
-0.22083660488242304
-0.27098416102582662
-0.60921523220197127
-0.62481870178771182
-0.62118206401754961
0.035059102013074467
-0.38538634647871051
-0.24538449488572397
-0.15424133861469386
-0.23692157938315422
-0.3799045961405304
-0.49489104692720237
-0.64513639933060463
-0.47635855292195772
-0.47831046800562838
-0.1579689305078204
-0.61752528781093308
-0.46096084603336346
-0.2425648434363287
-0.44038073845984887
-0.4690802179979684
-0.39313054474261566
-0.11900779611278399
-0.73546264081815793
-0.45707233812177628
-0.54133864526699982
-0.099531773574872695
-0.5840948245300519
-0.48108056487859496
-0.35133267865622037
-0.26346301214304463
-0.20372137765282292
-0.18494300520535648
-0.29639032810031779
-0.30352880712305369
-0.36177663874917837
-0.49306352941450493
-0.35936318285207819
-0.55296630530711532
-0.46581530726290443
-0.58369330465420233
-0.42986048404029487
-0.53545118446258588
-0.57178382918322723
-0.41907432941607409
-0.1406075833811519
-0.24922174656068069
-0.3903970699139907
-0.37019036271193889
-0.22628706330091103
-0.32475871774727993
-0.41112859423939824
-0.14143950972288574
-0.24207195955649843
-0.13386496139576173
-0.1311479929859099
-0.28296218979424798
-0.3790120435388577
-0.28611984108959554
-0.23424895795619663
-0.015210170624591955
-0.56872404719849734
-0.20201089985912202
-0.16729100205590527
-0.46138343689482025
-0.37344122586739609
-0.31142741581513955
-0.32411422100747433
-0.36172740293696992
-0.41365198841544282
0.0082639062173421665
-0.36323786288269205
-0.32351426302543179
-0.32978199867565872
-0.35215689082493423
-0.33231582068496363
-0.3282035871454877
-0.29319879017863248
-0.30547583075338808
-0.20039492594215877
-0.034013779202907567
-0.24820766367958047
-0.46605886696824855
-0.40874876915155306
0.16378589595985352
-0.44928974175630848
-0.01048260045117253
-0.26899142381015173
-0.17654050073821961
-0.45250347518777689
-0.25379561539537238
-0.25633233842154851
-0.35549875938224001
-0.36455380271404736
0.094931932359229462
0.19341155895185555
-0.11823230883182383
-0.31064346069850779
-0.019346937572282733
-0.28390791641498792
-0.49798250261962484
0.024541241122108884
-0.10477866371392262
-0.02559908732996935
-0.26649919758086649
-0.38691054318186135
-0.1839841055882839
-0.25801981080816311
-0.069585486279966857
-0.21675666770300323
-0.077284070744835648
-0.43862749057677836
-0.087226111277700094
-0.035889306357259634
-0.082440522755977061
0.0055439051998524584
-0.46836763969699713
0.049655291261270461
-0.06259537180252378
-0.47282710752607571
0.066943338566229985
0.099057787082444893
0.050766739722413121
-0.16296920014668362
-0.09433387862480222
-0.51401278121568372
-0.62190656113565312
-0.10685473667196681
-0.066357902776542341
-0.18555512541317667
-0.0047467059301020895
-0.2200704576565522
-0.085606393391749469
-0.36814823812135983
-0.38446620257411129
-0.15427857864191391
0.032585887973121598
-0.067104992889316872
0.034938975186831804
-0.14843171834782856
0.089714067491068042
0.10309231144886137
-0.223164912900711
-0.037809489079202528
-0.055433092567100072
-0.22998965642232805
-0.3257406211458348
-0.075010077038149409
-0.12999865568048311
-0.10358750063642548
0.096489432259459842
-0.15193663985706843
-0.027294446779682451
0.19703589365611526
-0.12500898896118096
-0.19571147984477358
-0.20841602173947277
0.0018254975147881103
-0.16994054085217658
-0.014538695205708326
0.048972494028448624
-0.10972649465460182
0.21393007691804172
0.25185704060103081
-0.43458448175591163
-0.02125204438612828
0.067848773370380019
-0.26635759210078419
-0.2468750962343067
-0.22935323424762602
-0.052740654816238096
0.035002244729913728
-0.31172625934103831
-0.27922886475510267
-0.063914424417909219
-0.37682160069464349
0.035237629949665103
0.17058412397050104
0.033568143121653092
-0.036188426880562938
0.25407256649280113
-0.25191747868190489
0.018718880147742895
-0.071353404683758129
0.10184267540312336
-0.15460575988673067
-0.17867870140875047
0.0070735338678144955
0.042514093717130705
-0.18755226397472111
-0.11079789557333312
-0.09752288905215771
0.10814057157721851
0.018306537401853281
0.076548366664349651
0.11532626912443857
-0.22860573932038597
-0.1939754104986573
-0.30460844331292009
-0.012342819668018382
-0.15168833699084386
0.13541039277460157
0.14560779940983917
-0.059236082853435762
-0.012575226952619131
-0.12291290107747098
0.11145139970486562
-0.071037364605102724
-0.053701315771604453
-0.15855518975975955
0.26524261785847864
-0.089578948581024595
0.14127512004810688
-0.1654769283325703
0.074452687299368006
0.24902846659608049
-0.12433780873123784
0.17067902128351092
0.19141922618627163
0.13279333094739057
-0.0068100319151560996
0.014411945282048337
-0.022968915692766736
0.22323910350634005
-0.087966058733295133
0.18371960181024247
0.16638894482224995
0.1380591534426758
0.18730815036486673
0.29091721628122502
-0.045057721163704871
0.037185908997999569
-0.16792753561047116
-0.074266488093500255
0.34383423938298274
0.27618955691147962
-0.3409242580490412
0.2708858862716354
-0.24400279018548307
0.15444512017915582
0.038745574099085967
-0.0032864735631823756
0.21841111610390945
0.00037302433110396777
-0.11258885548143281
-0.1345103811661861
-0.037699653179344657
0.15619734758877024
0.26101638781326064
0.20701072853149474
0.04702875679498994
0.17689352246666601
0.34199850620195238
-0.25260094773702568
0.25343764513167272
0.47400924799515459
0.10907434740972416
0.17156921878885747
0.51544942966348672
0.08017890960937904
0.16552609421405173
0.23107184211259052
-0.11050400012169659
0.1084976924601297
0.11694584086611573
0.2885065800332583
-0.12674320752379287
0.041044657684970953
0.20805496909876886
0.3286337217977926
0.46244163507058911
-0.12753172481584604
-0.046728155267289344
0.0098479126590034181
-0.10940485134368194
0.16276798262818848
0.18973444205497189
0.58422911420531376
0.27978547691968131
0.110842283599538
0.23916923693340986
0.41156058743729812
0.24301943426841036
-0.085344724636532671
0.38525517624080746
0.25204236750378867
0.17288088645295618
-0.18058176722455321
0.40453455558026191
0.099018659329970046
0.34384962642161532
0.51890362975005988
0.18811283284566824
0.19563606771209294
0.21558654140913158
0.49300042536677274
0.15235281714400292
0.29379921971441764
0.16897785626344355
0.28192376381053463
0.35548885593508789
0.2926248664263606
0.20998071546008246
0.50010312548536073
0.2273117808889013
-0.03749567382814447
0.11054807938574808
0.1692122447065349
0.31565916391560173
0.4243971182417236
0.32617041808643477
0.16365415837749109
0.092888805141009376
0.30906314704133814
0.48979665878830858
-0.079426714032508977
0.54088523004266831
0.0058977914004294156
0.34161458318153998
0.38863868333562213
0.32821559151278618
0.45568381808478298
0.33752475763198653
0.047619468503919654
0.35012991829734263
0.29565280991210874
0.52085257721296785
0.34566501810479128
0.17715331444911131
0.28033579075232407
0.19811483384934689
0.27084487477187441
0.38486038161439196
0.31544144242360922
0.54424776861000479
0.38537615340205256
0.25094579645676751
0.42481523792401515
0.42608900531759092
0.11262590180580709
0.42131232121809925
-0.041852497080590384
0.23253244639440976
0.30707982474549489
0.058633175331856441
0.46862410205884869
0.21220893004885785
0.16858105132722456
0.40592097000123845
0.33204410598600503
0.27070671667979584
0.10025331358765564
0.37835996723936793
0.67867153790037937
0.24722654375908881
0.08317334930841376
0.24930593812645596
0.26600406117637643
0.31351376946906129
0.51434524770256806
0.17243220756471322
0.54203506073653196
0.16944447290417267
0.52892553391342723
0.58241133263894473
0.43071851433792674
0.37979543983942932
0.33910731962387047
0.32260094910076215
0.38139563313433816
0.3180231746990666
0.22292018144662684
0.36436147144857339
0.29151009518117776
0.37248218882302198
0.3374159670983603
0.14856214657535199
0.33491895190482524
0.41727135264912518
0.027033129128594961
0.4714913960092198
-0.048711023259350658
0.0033125143672655174
0.47241082275985274
-0.029460500480417165
0.28607598494677583
0.50438662277793644
0.4380406051899759
0.66654845418617237
0.67586083486318027
0.48433846099795147
0.34364635811704142
0.6343848722663824
0.56136825909724253
0.52503334974643501
0.19426582125894654
0.18455342963369667
0.2837005631453971
0.23168648389227259
0.39237634052449494
0.26791613626418803
0.23762671166703322
0.50240516478013797
0.19982348803408506
0.40478858387202171
0.28722426125337341
0.61596755719914265
0.18826590859946371
0.32003156736234012
0.35060060213840133
0.34564893909943167
0.25847024939210866
-0.041520587245217802
0.40816616270717465
0.42767027115184864
0.18663516253452911
0.078550184692949512
0.32036259625306918
0.43550297305600316
0.48981045390623695
0.4234966117308665
0.51852038134208012
0.56011540599261178
0.17182864155107419
0.31141581033500576
0.10997649547049074
0.4035547707032805
0.31025608523909737
0.68239084358147961
0.44711504043738132
0.71303776197857649
0.4210947987118695
0.56870770664768178
0.30402662345282122
0.154549225736034
0.73234557478473339
0.73373766363177617
0.35095599595874999
0.60495622354961631
0.3832104563852663
0.55200503267910039
0.1929940303766903
0.67695060572328469
0.88323751597699141
0.63162307371115678
0.61446356101549926
0.31162346641168454
0.48360072578524133
0.58258681889225483
0.38884608351678085
0.50639158975650289
0.60640444341062616
0.62818389499901628
0.57391467602615154
0.5807465538407196
0.6235933174641527
0.34852581124895776
0.55093076723905288
0.67095170501227619
0.21545566764129326
0.48928330522155028
0.91487220105989608
0.64626532771483758
0.55113265002019418
0.75025453686431798
0.58657825858417711
0.70495138939264168
0.49356913317801759
0.38639368515548717
0.68232165101911613
0.85843843204296533
0.44906036455250753
0.84832250838885037
0.5920170069426367
0.63581378838640012
0.56435911469769706
0.66263834704297708
0.74020968090504091
0.56360250018936586
0.69873368822267545
0.51641204231178384
0.46165943575882984
0.5314577957178892
0.50684757036776185
0.59943194242483167
0.56021254129918585
0.52787923401357884
0.61967076311790448
0.81092646626045872
0.53939808806533074
0.69360634098229124
0.50884218068091347
0.52139653196226232
0.49264086001123158
0.80679555839245687
0.64800262010680121
0.62461347438883152
0.72121477744596485
0.64865979306095412
0.21674589098815356
0.80709599649053254
0.83459926320339684
0.60317093015575451
0.98336549183160282
0.44604347254995197
0.65633891680917522
0.58929589907500446
0.6806491582835047
0.56300380195129129
0.56880098243209976
0.4565040176291697
0.76608906083865225
0.80575036341132944
0.52757269142927621
0.87092064188502372
0.58072488709482772
0.79673261082962687
0.63590830345280325
0.63105522191944186
0.63141752330573964
0.59749349899202109
0.79676891957557383
0.97627228630685703
0.61723706371490816
0.61551294202993079
0.55258344359793576
0.70946039668387773
0.82040690148438777
0.82293770587760418
0.60323270701669607
0.56269015324001148
0.34725776490593263
0.91407614475510046
0.40194162056488736
0.64838036878897154
0.78008581898657148
1.1295679457713639
0.71124858792951995
0.729796358151099
0.93115433818594417
0.67737134332765236
0.79841546030399879
0.72079185406506607
0.84306035541448587
0.82556738624598958
0.23869456135428119
0.4071510345753156
0.72939041061466003
0.92004680410841089
0.80053660357829837
0.72136767285341108
0.54214232988192634
0.8815103041803124
0.5379393556235802
1.0190148721295349
0.38914384045675632
0.89115528386824561
0.82175638017356745
0.69453025746784192
0.59794391400848712
0.65067263039310963
0.36867273895290104
0.63544175269826431
0.92153233676978796
0.66038078084141649
0.500562695252184
0.80589544007387248
1.0809158685681717
0.77972785780290732
0.58950861106668162
0.66587799776762913
0.50985765378257819
0.8138566319194882
0.78417875787461888
0.8293406671777096
0.82439337209976093
0.75223756721305701
0.32252211332311864
0.79173508810311333
1.0661027047945968
0.55752470686537769
0.69156920094825514
0.90415372180618847
0.42581493656602742
0.94705877670700023
0.57797894280033235
0.69145927200049329
0.82097188329195059
1.0451612911020232
1.1266633962456896
0.81755562789979352
0.77368124349373457
0.92177720460537627
0.77426881220934674
1.1484145018884759
0.75388276551311162
0.75460711795325264
0.91730241117743905
0.83869672184755062
0.28327040669828552
0.74519158552023002
0.85676886710757671
0.60167155611117329
0.87142997576550685
0.60582997934089511
0.98848136892071192
0.95966854290512371
0.78365631625905652
0.65686570253268328
0.61090613431705798
1.1109808603680089
1.0107978605392032
0.92693131583169719
0.70574619000008298
0.54775467719411675
1.0576598497171363
0.74903728611687359
0.93222990580806309
0.95404956857883916
0.58706249879930839
1.0327871960815975
1.0068667748260161
0.81783188379555272
0.85829276571642599
0.69074990850818818
0.83151288640304521
0.90770727511814919
0.86400176796645611
0.98715181468650348
0.91197260313374762
0.64465007286933451
0.63324530834279258
0.57860647647690244
0.90308172669889708
0.8646689733800913
1.059440391654737
0.72623641825016061
0.94799642207279144
1.0856503144786667
0.9018638638863159
1.0233383803343843
1.1705426231582088
0.83021443134017792
0.9510298936092777
1.2262183430429106
0.97093089714776126
0.78754955563977413
0.88548733470889329
0.75959473201574845
0.99037528085984561
0.77978092436751922
0.9176894478778741
1.0301439289100776
1.0172417100987936
0.93332174144175117
0.91046426552448279
0.94579961557306669
1.0523698206513605
1.119947739905101
0.78683323997040355
0.83105069048004809
0.42804543331471445
0.68774808825350076
0.95256273417226878
1.0434921681668947
0.68043246411209835
1.0601905041708226
0.90740103652642157
1.0370279046979467
0.84114893850778949
0.81016984070748344
0.9983150483829879
1.0492452370998409
0.91720350504787562
0.8023827553147943
0.77016826024287843
1.0096779991223139
0.90799093342145321
1.1901127096184365
1.2476667100943861
0.88776125087349123
0.88381791242966801
0.72703682489398047
0.88743628440132127
0.63833798969351085
1.0678194690903688
1.1017709457378142
1.0273707269106376
0.99633896240542963
0.90127207813040555
1.2480740901254728
0.88553591255870701
0.76942729076856586
1.1079484317087882
0.88981786232972471
1.0220161705080664
0.91131975864299752
0.88817934213368754
1.0636871450592458
1.0651089565769434
0.70649231294750769
