-1.1809160541744836
-1.1521971136271596
-1.2866849295691796
-1.1185401226462128
-0.83027004370067947
-1.0385430186979976
-0.83367957380007718
-1.1423595022004791
-1.213706247822216
-1.3641442705073969
-1.2110313980622631
-1.031150730386345
-0.86577180337256532
-1.2719504586212755
-0.9525908947649665
-0.930856897473189
-1.1752540374059226
-0.93841071453336777
-0.84517663368873464
-1.0220775600792762
-0.929897483549746
-1.3660622985202617
-1.0304810490154603
-0.78508167273612184
-1.0742283040162217
-0.89850655591827711
-1.0570059268273149
-0.81730605871964324
-0.71081382479269484
-0.93452625016796487
-0.89885654935600934
-1.0222096587316811
-0.90224484024691509
-0.99901750898111297
-1.0197039781230126
-1.099915642273223
-1.1516158981308398
-0.94374924309254826
-0.97766797600096722
-0.7663498089955052
-0.95830381021064703
-1.04427141557909
-1.107554910398084
-0.97839036402306723
-0.77164429321419947
-0.99559973793617984
-0.84663881372081118
-0.70074628652144288
-1.1714294121376363
-0.90825897486585327
-1.0388207815880701
-1.1158128128435072
-0.71501619286780083
-0.94888006410105719
-0.70785920025217508
-0.51897551655097518
-0.94352807958808449
-0.9400206117379013
-0.72545046893807763
-0.76758543003298185
-0.95204202555278628
-0.92820155138053417
-0.82201102369971613
-1.18324653482403
-0.86145511201026648
-0.77721938608671293
-0.88509178298182201
-0.85995044617761207
-1.0622762915243362
-0.91602163555340155
-0.83350036471943767
-0.63416891814927545
-0.91540251310927623
-1.0452038556373833
-1.1885692959932463
-0.94472222339331058
-0.95717277289379732
-0.91458800702239085
-0.76987695924979771
-0.85434314219172169
-0.81797938977793971
-0.43479023714098924
-0.68931608344330497
-0.55124020008670693
-0.90777737392236924
-0.77921656675829354
-0.82668773449703337
-0.90555516432073813
-1.0626403041382915
-1.1401779472182598
-0.77394397892500577
-1.0317633514816769
-0.71365250733532182
-0.72427765952409917
-0.8421119638802258
-0.67756965435390459
-0.98022826488505788
-0.79312128326074394
-0.85997483624907323
-0.5423697665325411
-0.67457539875801675
-0.73021471399237625
-0.95555637659064729
-0.75746823742030744
-0.54159631698578081
-0.83998340536899796
-1.1320978587429193
-0.75955984497129969
-1.0262433192249452
-0.79012652245381154
-0.92736755967433493
-0.88240549002811308
-1.1877131052008445
-0.50654569926286197
-0.51536201883739441
-1.072468982391948
-0.82517103340884457
-0.72793950645261374
-1.1380444338229279
-0.40536320832875866
-0.91599623821040643
-0.88199593171130775
-0.91066682340871741
-0.81862032208645386
-0.59090262860494547
-0.83342138771545082
-0.85631056081241008
-1.0872402243939807
-0.8298612321123795
-0.49660731426047822
-0.55004632722495062
-0.81907413656281247
-0.84301789414926886
-0.743464116864194
-0.60959297072155094
-0.73970916121241725
-0.48779868035206031
-0.76249218230382465
-0.87634819034315325
-0.75930431526351716
-0.78716867113604261
-0.49824965810736715
-0.83090182175723426
-0.76498832808536132
-0.76766616033969393
-0.991275414992425
-0.94674920270460916
-0.72130023968031931
-0.58632515683408448
-0.53665156789049262
-0.88297737633305007
-0.64381735267324236
-0.77878295481177473
-0.68537631100998408
-0.40943609708349377
-0.61240798529106877
-0.43673505792716899
-0.28245612179169621
-0.68370679094444897
-0.45817083437522649
-0.52166603352356011
-0.82589611054654333
-0.64079245739013502
-0.82224980299843187
-0.63451266504568593
-0.69585820195802894
-0.52167226692307789
-0.7412407359649803
-0.61885086849148518
-0.67485505542459823
-0.74404492765445829
-0.73080301071450771
-0.43192333525407939
-0.73530587380586865
-0.89010648825991789
-0.72213743126494079
-0.66494891086956598
-0.62215016022774638
-0.49427180510858637
-0.77529761026221755
-0.42338130962383846
-0.39710604996117227
-0.48751390796554422
-0.72448047230337742
-0.65234950263084546
-0.59890508599885994
-0.65171426157699841
-0.70342382806278769
-1.0640338874731676
-0.5715330133599853
-0.50086533416931234
-0.40337264163782338
-0.87389775996940366
-0.80542039576784741
-0.46472910077318696
-0.63290470664859055
-0.54035130479499205
-0.87863388429288836
-0.50049819279736518
-0.98153441469351277
-0.61440328259770871
-0.46488475972989701
-0.77447623180809755
-0.57754514731058404
-0.8946451268966541
-0.49737763656030171
-0.6950177448822078
-0.55453398293405809
-0.69841384388554006
-0.73917703136653201
-0.38366458071259535
-0.60368110776307615
-0.65284032619826049
-0.82271948791813521
-0.63496876473425501
-0.37585403615771223
-0.58568739812808679
-0.65713243368779262
-0.78370008469084229
-0.86852597954900379
-0.5401946109608694
-0.56969988643955138
-0.94967452637594885
-0.59023938323042169
-0.48476292592213416
-0.38466772626319184
-0.5918622682627811
-0.47269968152617325
-0.75895824895096753
-0.52345208881510452
-0.82337618778692134
-0.66419813157116592
-0.42443218652371767
-0.53721097578685639
-0.4902408567000241
-0.71686739274240896
-0.69695639208889082
-0.66785538000195055
-0.7014611674721406
-0.66076033129772505
-0.58543755302776457
-0.19244923010622694
-0.53009170495413471
-0.55646727026655551
-0.50437985053709622
-0.59694510200982853
-0.40417083239918949
-0.52934552315955641
-0.67215144293724449
-0.41615954757846507
-0.66885953828556877
-0.35239977937751898
-0.62602398581399055
-0.61481707424147147
-0.68119317079273078
-0.52317646761974501
-0.59486550163096896
-0.55283239640120219
-0.47489135368786306
-0.66484988111743148
-0.30284488249032743
-0.50156829899206345
-0.70010589174918658
-0.4104255432207955
-0.75316442659175609
-0.51580435975837657
-0.49379182397695426
-0.28639750506174899
-0.48120285550518421
-0.40783299460792205
-0.56829839928714332
-0.6655501584560396
-0.26573389084370763
-0.38352575459996907
-0.57357228846759079
-0.59182914349002536
-0.70058761708650474
-0.58218558457197045
-0.49586125648834584
-0.6117168289590138
-0.67267521696909272
-0.36363617221106348
-0.10826963056937482
-0.45222219377858103
-0.4083854154892762
-0.36345788862504708
-0.46438326287041909
-0.55260369024482903
0.050392189938884668
-0.4630531564141398
-0.34323771233332595
-0.50097470836858249
-0.60966200198358467
-0.3505003298969977
-0.33802376931873396
-0.20348374530513877
-0.49954590917499786
-0.38781235853362905
-0.81421619530867395
-0.2272905148913176
-0.26142459529759249
-0.6106504809527572
-0.59996810138947598
-0.61562955351972926
0.031817367474870004
-0.37762819538508446
-0.22587693986746993
-0.16099703541022015
-0.25119599611627419
-0.39026696573716463
-0.49872414722740044
-0.61872626146218668
-0.46884926002034322
-0.48104087675864021
-0.16508743328907252
-0.59186501803500502
-0.44728699248613146
-0.2424877154782816
-0.419922353178731
-0.47575159757951607
-0.39602950620166666
-0.15557766952175017
-0.74963951321073363
-0.47159886214809121
-0.5317658165569179
-0.096240504853636194
-0.5861105721836728
-0.48266399910490992
-0.34637651263015695
-0.2595274720580395
-0.2029744879008954
-0.201678071170143
-0.30049608963858498
-0.31104422800139414
-0.3683586774201319
-0.49602800068547614
-0.35166034328096885
-0.5695938099486072
-0.47739801848016089
-0.56353418738737748
-0.42221694558405642
-0.51499390585878058
-0.58948839605113712
-0.40905428547905515
-0.10221794385815501
-0.26793721535382287
-0.37823250963355709
-0.3759275874222815
-0.21347888056693529
-0.34310370579848354
-0.4160561256511095
-0.14374950560549729
-0.25550746780607408
-0.13753780209562397
-0.13213705024480385
-0.29731863477796122
-0.36210572719725204
-0.27567074267734598
-0.25085624934649503
-0.026018350023585626
-0.5573609429934725
-0.19577634440827071
-0.18338684703633842
-0.45189173130015864
-0.35955845427919064
-0.29274812391827193
-0.33517586132283511
-0.3309080819056644
-0.40332932164521901
-0.011422313955167173
-0.36790913779457168
-0.30864667645229543
-0.326028517480136
-0.3835375731857541
-0.30147181509179166
-0.33521727730107143
-0.30972284176879628
-0.33088931920483355
-0.18996614791621369
-0.020735011530510567
-0.24483789412721069
-0.4613093866692452
-0.41474495164188285
0.16926917395397423
-0.44865263877086337
-0.025790199416257382
-0.25905603534947386
-0.14738585807773291
-0.44903337084285599
-0.27007199795659681
-0.2511329298800557
-0.33458381448844859
-0.35318826304193052
0.098944549375276469
0.18222454706680072
-0.12452171829285398
-0.30960902332025481
0.0056607975355837097
-0.28343283876294273
-0.4782316020409067
0.041917930438028689
-0.092929638231524433
-0.035179461257262526
-0.28078739336551567
-0.37499765941240543
-0.18992578911187508
-0.24054161683091677
-0.065057912159458178
-0.193973325564614
-0.082320236282450915
-0.45818676959361915
-0.094004493678864529
-0.028840561918428344
-0.098283284667190524
0.0007663164185281805
-0.45574884431026097
0.040830623732159489
-0.043324244193237597
-0.45996545698021102
0.091382755204504659
0.095248142182793025
0.053333948893115893
-0.14339490908432581
-0.10392325134837113
-0.51510053875479644
-0.60945877908335655
-0.11577799893380374
-0.08517187329617705
-0.20513845487343732
-0.017345376662355479
-0.23998139301272486
-0.082376617385772982
-0.36023919713826646
-0.36840922833778461
-0.16215163207826222
0.018548929274991542
-0.09050811618968245
0.044160181745735112
-0.1487194474802552
0.1115184697076798
0.10558575421057
-0.25595150591393534
-0.018467334599939791
-0.058708992862274163
-0.23345297466628989
-0.30074149818114254
-0.068184503478923714
-0.1321070225914443
-0.11464718460543387
0.084998156928918503
-0.17032367042411492
-0.021831683622703699
0.18121469607025473
-0.1628002293511854
-0.16841390149865051
-0.2102691824532332
-0.010193223130443673
-0.17770318119245249
-0.02844266438182004
0.063045404480956996
-0.1011696121800879
0.21294038385705702
0.27472932414382928
-0.44300177236404742
-0.017864013231786508
0.075977538678024897
-0.25200791907936537
-0.25307134071376552
-0.25383846318245451
-0.070266721714413713
0.072808437021480335
-0.29296857742665527
-0.27374373812470038
-0.076827354386540328
-0.35188426854373139
0.039428707092812314
0.15502844600936441
0.047793180279114188
-0.029912798811874499
0.29169828252909813
-0.24195622112890292
0.01097905212473425
-0.060588939012168795
0.085876386234924773
-0.17757393322986412
-0.18061767003994128
0.026078055611602473
0.029950657871769242
-0.18549769260252796
-0.12728145687737949
-0.084183734110858999
0.084095966834773342
0.038391386975381116
0.063682149928223103
0.12860687858011008
-0.24534598099023644
-0.19746498173795704
-0.32985269708339937
0.0089458162744904604
-0.17319527382674355
0.10804569635506553
0.12829873128732536
-0.063620659836500282
-0.023960330454084217
-0.13737707463343571
0.10740644687735802
-0.038184142146441551
-0.056986522983065883
-0.15118722783945163
0.25513589304384371
-0.094526350798782535
0.14466318955061166
-0.15283014101842551
0.079145353838905821
0.2214375914159922
-0.13638575742784792
0.17058445550201573
0.2200051695375605
0.1573256647992454
-0.00051594757235279623
0.019241638849224408
-0.033018169109749029
0.22380388353208372
-0.091308679734264001
0.19199819363601811
0.17912908630881613
0.13435486432219557
0.17166794345169709
0.30319774467252963
-0.080770179521883673
0.02910532140322776
-0.16332576864901763
-0.062661850723374629
0.33373357262636727
0.25400362966885182
-0.34767157330687387
0.26893568496564368
-0.2454626835403427
0.15179259940518827
0.051386020618639949
0.00020200489383007415
0.21440981947265492
-0.0045757195010968869
-0.082890125748215138
-0.11707329113152105
-0.066516551162428605
0.14447160339929924
0.27554852614586639
0.18947830077828595
0.049243420329682229
0.17272435800582678
0.33479689145591079
-0.26077173643439822
0.2480199420045458
0.46047222534051235
0.098280212055418759
0.1887365805230429
0.5195606531268655
0.076229139014495725
0.1918696907997644
0.24990296273092014
-0.12603183459865414
0.084705321823743157
0.10421307586232062
0.30466751061547148
-0.10863356866710697
0.025683423879713459
0.20218057697265751
0.31774724592817699
0.47220256153546813
-0.13195471192734162
-0.035931439187966256
0.0083118401998405634
-0.10475509222454626
0.11777676412448182
0.19113244656176584
0.57788717758552011
0.27538985509683062
0.12916518806700605
0.23873371523829631
0.39197833758090378
0.2523573842471738
-0.10621553411435905
0.3849518109400053
0.24468330415495049
0.18597974739753387
-0.19039387366861335
0.41002173614845344
0.096847288899716916
0.35170299206647238
0.5013713707391515
0.1835648841975622
0.20423633874618133
0.23382556285076153
0.48705903102000192
0.13415606055356344
0.32032300409246678
0.14429543975024839
0.29127888688839887
0.35183068114676741
0.26959022363355617
0.21576454923404448
0.49080850967580286
0.24526318206013864
-0.050242425875954129
0.098565945793517143
0.14609460944641081
0.32343559141737116
0.41136663161287851
0.33217901109275844
0.17708562190274599
0.11833099571902315
0.30677262297008656
0.48182635582153993
-0.087784578104872293
0.57022662617211095
0.0052860372516584635
0.34591719775006907
0.37798871022042885
0.3204368876307605
0.46101134266137744
0.35800276664809583
0.037886674376549558
0.33903848700075545
0.31752457940936468
0.4992577305675816
0.3233037439255611
0.17842622752303425
0.26827490479701982
0.20103789800303973
0.27826895049334766
0.40199985387483156
0.32109112331520673
0.52009060325073364
0.36965350487737508
0.2106919666095029
0.43759208890890583
0.44092558010236244
0.10909307533474796
0.39891449404406171
-0.039217570912118478
0.22234218191285457
0.26573350983480609
0.056819545273880556
0.46600130783892907
0.22117437535580289
0.15192959130932493
0.39775683452865157
0.31227361104465567
0.24684718823382901
0.11562372331621716
0.37933656369636864
0.70454953136449239
0.25550314619157616
0.057752608616508515
0.25878615214559658
0.25099332241593192
0.30368732964739226
0.52211120418931889
0.1983885999136728
0.55949991225087148
0.17876340606630844
0.52790964769842885
0.57231840704489401
0.42603994223835678
0.38015665952327926
0.33980840691463587
0.33335817831057662
0.36023903613187952
0.32647562418692733
0.22351632942361713
0.37834936994336121
0.29747065440436221
0.3596879046123872
0.34603668585973579
0.14895826152653679
0.32237505780103948
0.4407264945421781
0.048472815818175086
0.47856832610517697
-0.040087722088597094
0.011297165690283972
0.47975649687736194
-0.034347618852291581
0.26630517890884126
0.52818830116408266
0.42406835857630309
0.6707370885877646
0.69139111121714558
0.4854865640136109
0.35179295530687499
0.63302127006640441
0.56673937824551102
0.52369030118486004
0.22734413977240447
0.17178911087388746
0.26142103360474989
0.24813773725697522
0.38509743380765804
0.26573444081933767
0.22741850890799303
0.51220581311576163
0.19903736949399939
0.39162932489710262
0.3164244200115866
0.59465409574852857
0.16899163897600103
0.31564717087989969
0.33903366999117818
0.3327328221882172
0.25855579213782098
-0.05032123006757025
0.41040978617133217
0.45167166801526665
0.19219195710877798
0.062959961973359721
0.31545087092151219
0.42040074568955604
0.49845845315397441
0.3931833309988273
0.539735880925025
0.53799270015423906
0.15650837548813359
0.31190127638812809
0.11432368683896926
0.42150659606135371
0.3096003366022933
0.68471855124782011
0.43410984597408925
0.70136210947872679
0.41819924099954864
0.54629676665585902
0.29615637476620055
0.12316386251815613
0.7036857106605876
0.73013783641296848
0.38568691023141627
0.56904758620303897
0.37196785437634233
0.55148505325250763
0.2022146757917595
0.65679158963419459
0.90195473186242692
0.62707600032593713
0.65518042725241299
0.32893493324801193
0.47832099444125753
0.56977218501134752
0.40994141572221771
0.53058907354300822
0.61670513853186926
0.63215262697966701
0.55666970836130636
0.57254129926550656
0.61927500988354023
0.32343266384987973
0.54725390506241522
0.64615436148790573
0.19070521696514556
0.50193690362753463
0.90398417149373078
0.63834254307263538
0.55469989023316679
0.7560591782746926
0.58426399083063218
0.73068388099442672
0.47829254870075155
0.40057718570008177
0.66568628506715377
0.87081791982927836
0.47381630812884679
0.83085497923058826
0.6009338995469834
0.66112525691133162
0.57027764629767075
0.68946980129714219
0.73894167025296231
0.56354768740795014
0.67872788248972782
0.53928444119520735
0.45179564785279941
0.5524054065716113
0.49692337598933722
0.62020914837274088
0.53563206146168552
0.52322186706254925
0.61171164243975262
0.84906968922974835
0.54014725239538564
0.70445315388480978
0.52687553883564986
0.51723177156739131
0.50670563979101957
0.79775078568435753
0.6130614491601144
0.63807568781089941
0.72481430288242099
0.6304673619982204
0.22670528378773885
0.78506776766678155
0.82658338409845111
0.62322213668766913
0.99924339836040443
0.44630006631380731
0.62988978372392657
0.59028927968911715
0.67641605594493581
0.58564817720627294
0.54417779579326109
0.44479426201004263
0.77490095637713585
0.80633912560773624
0.52861834570016475
0.85142983054181887
0.59160050987044677
0.80778633134399391
0.63537498615112165
0.64153549219984951
0.63112891909338431
0.59073905581379382
0.79356722742128449
0.96535373699912963
0.60862728316311721
0.6392045906291266
0.55835719222496027
0.71667548930228864
0.81986508757581977
0.83732934657920299
0.60040096758749339
0.55231660886612488
0.33520205628334293
0.88860598801339497
0.41926783526623868
0.64398960900831048
0.74589375261593693
1.1240660789111732
0.69928820790769874
0.73192270615525545
0.93173816165912138
0.65950799881445532
0.78682602212565345
0.72602270489752174
0.86145533695470566
0.80607072679234038
0.26943172298586165
0.40678063695209526
0.76218539131319185
0.91254526068766884
0.82158804795346718
0.7196671782479237
0.54703327811137814
0.86568258635945849
0.53765929294356096
1.0157814603205706
0.38798034707243384
0.88097337695753419
0.8163678141644124
0.71668201500276851
0.57247623883958265
0.67644153252877515
0.37352749469517632
0.64641084919475422
0.92863315937573676
0.65423986872123607
0.49996902758791301
0.80364265977400151
1.0799220416905151
0.78124004336012687
0.56511639525865065
0.66231171127894239
0.53194750972658877
0.81330251065234371
0.80386592738422746
0.83755746839926293
0.84257035748007814
0.75644321084585475
0.34228764651651905
0.80477233707980733
1.072974505244455
0.55297187579035223
0.68206371949049771
0.90418880195384077
0.41185271110010102
0.9307951119214235
0.58080911853166639
0.6905593491344495
0.80577578046673759
1.0392523925326766
1.1118172986842474
0.84555142681539075
0.77648384745234833
0.92688166322227106
0.78183247866358918
1.144278815595505
0.75848178002316202
0.77829569894400086
0.91799483546145855
0.85188347851675306
0.27570354271607578
0.71039298908090975
0.84061288607689988
0.59569607396739066
0.86980707207960217
0.62941279782096993
1.0013506108884092
0.96072645603337359
0.78543816643233111
0.665148425465245
0.59389369456824914
1.0908478862172684
1.0119362855431673
0.91817545082905994
0.71767852683190669
0.54685760980274911
1.0455682654301335
0.74338396131972606
0.95689754432867047
0.97183610856055092
0.58671058392350561
1.0348554288605625
1.0189085354908434
0.81446322514541514
0.84229143453939903
0.67613035589109816
0.84807816837245764
0.90394237805343292
0.87326104331016685
0.97972832411711697
0.92401465022456408
0.63315449115526046
0.64660509956435208
0.56623324002431308
0.89432496606855849
0.87143682725250393
1.0365726767501844
0.72417490528767492
0.96565916130123919
1.0836522433983764
0.90020413686669687
1.0099512174817851
1.1826217949726592
0.8086744617398256
0.96208452172258252
1.2449268929525468
0.96659069674776155
0.78492815699972596
0.89049558059958334
0.74188027444805105
0.97188254836087196
0.77173142053126575
0.9308541667736836
1.0269120518119383
1.0323564440727226
0.94342512295646186
0.886371272962729
0.92781552455448169
1.062723916513804
1.0987084256934241
0.77533843605013386
0.80749715091385166
0.45461062406812802
0.67274944101700762
0.94848936451700849
1.0498598900186176
0.66915853823476745
1.0452236826236103
0.93108112679813471
1.0368411121810805
0.86561961326211134
0.80092489124810673
1.0080892132566326
1.0521052318763522
0.89501318999506518
0.80317957988654731
0.74242594788698468
1.0208648382603427
0.94492467734731889
1.1651256110119119
1.2425894642949613
0.87595222622503011
0.89589214712124265
0.74026165468373062
0.927927134021311
0.66698011184914585
1.0500862979250152
1.0911049753473736
1.0145218516520098
0.99713255730780281
0.92900594428423744
1.2419440431105115
0.90680596494931631
0.74499213933319053
1.1163419627621145
0.88436292589246379
1.0230971144771308
0.92638103409239625
0.89125848210990144
1.0540951274761889
1.0693500903339992
0.708317471780195
