-0.77890619328782862
-0.77569022383474795
-1.1122333364217307
-0.76081710556296012
-1.2099810242910254
-1.0544099908762776
-0.74329975713788909
-1.1311939797827026
-0.95474716350296362
-1.1117257875993551
-0.96600731346854674
-1.2172340764430665
-0.97854572595530209
-1.1830777823532308
-0.77710930538159251
-1.0444713046616789
-0.93106447243840873
-0.88476291231398896
-0.85539567292757224
-0.74745945673718983
-0.94034527445917226
-1.1025949519299472
-0.98181963309189857
-0.83480568803577848
-0.70160804065498283
-1.1446554736464265
-0.60621092802772769
-1.0332218262650219
-1.0160997345019145
-0.85550845926830588
-1.2698460579401947
-0.54725604349397128
-0.92848384612956192
-0.95826468045229485
-0.9968833834805203
-0.93372276169786717
-1.0984079552402515
-0.88310357589282096
-1.2521243650802285
-1.2274718842977466
-1.0440989786052726
-0.87721483543631751
-0.8055025574246415
-0.87736685776551437
-0.99463551977015385
-1.0409065406812026
-1.0282115881285026
-0.60383092557193252
-0.858471176763833
-1.1914709733092781
-1.1584215254894268
-0.59653549265878736
-0.69866568268712625
-0.92923361543430794
-0.67266143339791196
-0.7481121868664552
-1.251458949151887
-0.72115681963233558
-0.89558876153260814
-1.0126077093704833
-0.91725649234947726
-0.94681553046123068
-0.85538061028252665
-0.71857470872708118
-0.85129503115472871
-1.0775673803116004
-0.84882945796349241
-0.99736568523477642
-0.63527910097276741
-0.68898755720564508
-0.75414646050300849
-0.63366625802249765
-0.55704357684106875
-0.85325062066005597
-1.0251691919117418
-0.83039309097911562
-0.51516203211215716
-0.79574190792314836
-1.1365334265981326
-0.68376855203183995
-0.81437976076212082
-0.83249460950277221
-1.0338236301415626
-0.81060051488937257
-0.3982580746615309
-1.0222273155569814
-1.0359576662284906
-1.0062304842280918
-0.77290436585909039
-0.720201465127149
-0.74251518990906251
-0.67406650077909847
-0.99061293149442498
-0.54825469736118404
-0.3529579001784926
-0.86766070574615295
-0.94493928172577124
-0.65910187292806455
-0.70706906640488865
-1.0537629191113593
-0.71712840945799561
-0.75951413371938303
-0.91058730926546561
-0.8092159129485289
-1.0115683455240034
-0.7414598009236878
-0.71383650268689991
-0.87500580312879361
-0.78470110363666623
-0.71140948383377334
-0.67286939576630034
-0.73836550859558336
-0.64304726553244596
-0.67035148622164076
-0.84369030258538402
-0.83090632220469418
-1.0999726841591384
-0.50707736783654522
-0.49319534686995059
-0.85874943764198541
-0.82639849551609634
-0.86128191455184289
-1.0902816579891894
-0.6108882616492578
-1.1024152723459519
-0.85017069692524061
-0.92319095707930499
-0.56191450301228296
-0.53512654889022992
-0.63323285146097663
-0.70536778221418306
-1.2043024197722623
-0.78669628013912829
-0.58378028635169565
-0.88814639318836663
-0.85965475683108628
-0.9199785198642545
-0.89613181775223461
-1.2292639483025383
-0.45589735141231891
-0.53645875294076661
-0.67138285059597691
-0.69288862740616664
-0.675466881882409
-0.71545021216634241
-0.94386921866594931
-0.9225972239355511
-0.86532903814639017
-0.31439319766476509
-0.45074198213467215
-0.37908224964155451
-0.4910879015727192
-0.82110713792092138
-0.86694581147271255
-0.7832309837021032
-0.64231225829249061
-0.83357052776404317
-0.71749034879038942
-0.64004739023821311
-0.50994232780839954
-0.61069667858532395
-0.89052165420318496
-0.62776486380540264
-0.86920345707247082
-0.76272346768552135
-0.50753204916321437
-0.51202429028720531
-0.91051258078437325
-0.67592621342142922
-0.413223591643198
-0.70413118953913101
-0.74738839174638438
-0.73862770915061882
-0.59653966435091943
-0.45971601608905743
-0.62508158869791086
-0.88589632218217584
-0.56897157967735168
-0.92911905777903092
-0.089508728631138845
-0.56496512449458414
-0.81009457159985765
-0.12590818504101609
-0.84420926477485059
-0.83682721274666982
-0.8363242709707619
-0.43654703013250151
-0.62868470706485802
-0.2282689961709376
-0.66306387800583755
-0.68705283357822333
-0.25737481643678395
-0.42007477230837381
-0.55560353201059032
-0.90233172640753723
-0.42033569213690436
-0.81346569408021563
-0.59671532450219367
-0.32157107259898687
-0.68074047972860041
-0.82004340623833105
-0.91665745152878775
-0.45053290001742974
-0.45018854306440986
-0.81183657012716193
-0.7241870993056726
-0.27543227280687149
-0.57723856918625804
-0.79801147123699823
-0.63595668554238294
-0.61617676208160566
-0.55741616630700652
-0.39699512403634535
0.016197271506773296
-0.42873772770231544
-0.43454444170238227
-0.25576462740259737
-0.61836844720983697
-0.29290284089490054
-0.66469237413613458
-0.35732802716371742
-0.49839746714831734
-0.62539689994595993
-0.43328971415428441
-0.4942502625522362
-0.60906897781244496
-0.35791610568677196
-0.78324696124618409
-0.52035860850626059
-0.32244408112967182
-0.73271221588128088
-1.0082328191179453
-0.561798464712016
-0.40230208804216716
-0.65236978059459449
-0.52041420203265498
-0.59123673058937398
-0.76455469806055387
-0.44393897431718105
-0.50738761656217801
-0.80722041984630555
-0.30868492790924884
-0.31537224192800867
-0.25552174546390272
-0.80820433673773151
-0.53680167650205757
-0.21811676866671847
-0.35145871351542668
-0.775702880181669
-0.57171163565705851
-0.30752125321569534
-0.41538070109000091
0.048781029727762118
-0.26057638628277618
-0.0099362844651796553
-0.50053880858615163
-0.76048689025972671
-0.19287321297402646
-0.17512301386063484
-0.42708334734361492
-0.17186920864264335
-0.29678938518305142
-0.60878434142888582
-0.52009742016096849
-0.28641230458841588
-0.40513280511603134
-0.41737339185809702
-0.91068528901065382
-0.85225771528028982
-0.66247357918895444
-0.15343988900938102
-1.0663271282621434
-0.1187269051110712
-0.43796176298744732
-0.50042996811970686
-0.35970871435282453
-0.5488671002516573
-0.4229924784527499
-0.21859534276775971
-0.44337144062378486
-0.58662888105305688
-0.28599274471098807
-0.34450545669904581
-0.38541646508318228
-0.4484784319422897
-0.41589894213353124
-0.61620446007480967
-0.35422980846721402
-0.32159673459435512
-0.0065443532756568187
-0.48351362600070502
-0.5997208894291981
-0.64390916911531126
-0.19562743474950292
-0.094099458371570702
-0.53045255119243218
-0.3014615100219078
-0.38799904855654166
-0.54899602776873291
-0.53138020712826661
-0.32274001863615936
-0.57549307132569794
-0.36086511518807918
-0.50996842531126907
-0.13297885295217585
-0.28821902490649315
-0.73675131025667862
-0.53801578091279567
-0.35590690970353767
-0.35516132403208084
-0.77155409722238977
-0.68905828478237874
-0.00081995328648847628
-0.41301242721769788
-0.10945538974279972
-0.37044895615492529
-0.19404256580875648
-0.47189791183487967
-0.40132575951952076
-0.30464394027594488
-0.059853251807342855
-0.16021186999457807
-0.0757964922015196
-0.036915764085762234
-0.39139674134392388
-0.36568395458764774
-0.31127153571512117
-0.23522238918783359
-0.59070525849022681
-0.79027158372141859
-0.39589786364275764
-0.25204024910539968
-0.43367699683724775
-0.30376522978687548
-0.43460184432164822
-0.19167234259374413
-0.32032364876545094
-0.31777276744976046
-0.50755374199570169
-0.52816868123256633
-0.45164050465034977
-0.69931389199879601
-0.25237507891243072
-0.58254081551223524
-0.46378605039137399
-0.58058915278689494
-0.5127071238851495
-0.2478626413287662
-0.13940045713462665
-0.37603950438816114
-0.68891306293049981
-0.34788484418107357
-0.23784211833346339
-0.15470378071345403
-0.10544595021129301
-0.3472953949746046
-0.079151828663450052
-0.44286767819902001
-0.28862154819761671
-0.37745984445711334
-0.34046008386633053
-0.34619271293201698
0.035247243279789661
-0.24010588881782649
-0.5431028345209451
-0.24830008594450781
-0.31799910525826774
-0.44761908675459217
-0.19144991810792575
-0.49152777041473161
-0.42322989831727975
-0.22956437804769345
-0.1716782506899216
-0.12818346840486453
-0.24312479452958705
-0.23847095874271224
-0.19078014948333724
-0.15149619241181286
-0.27798479908822582
-0.16797492853698734
-0.047178967257218533
-0.61045658111265333
-0.28742554448800894
-0.12063988951041475
-0.25401308645384812
-0.10625107048195767
-0.24881621173111482
0.017904540375169496
-0.20668872536959476
-0.43623631859921413
0.022696625986826605
-0.15404529538307316
-0.38931990463049931
-0.25955724436082839
-0.090448302833550792
-0.20190766311078376
-0.17818410616175367
-0.21142808989727241
-0.33348539064615551
0.016349476774362295
-0.22491329812278871
0.039204123829113993
-0.24990220632794291
-0.15201575111730573
-0.18442391702552366
-0.41899710873441598
-0.16325703461565982
-0.049591486975734962
0.022769723084266027
-0.047270164005950556
0.035735068654181787
-0.24991494417548049
-0.059783153600211331
-0.023603394224936274
-0.49972592086509615
-0.0067721164767142296
-0.34350095328085167
-0.29488608100407238
-0.0025735762201127372
-0.21644977766436321
-0.29334262967821539
0.055697990546109702
-0.39224092002518457
0.30503712647805242
0.059698563690536811
-0.1439721507534239
0.030130558078732505
-0.20131340373525583
0.070278558634430138
-0.061060531259499132
-0.085331424897454156
-0.69258623553431098
0.024154286777379987
0.087822395434733649
-0.33002575698734249
-0.50072960906530151
-0.22706850666013156
-0.45796288194981249
-0.18760726162088226
-0.28238586241903912
-0.46023055028282961
0.15114395119312871
-0.026582144597320993
-0.18772294638666098
0.26713450737808442
-0.1517466172661244
0.069260796618980366
0.05728334547218706
0.044277283653746502
0.050142391827955525
0.16113384844773421
-0.082823808296255241
-0.18352160144299379
-0.065010137832018255
0.26758473405632016
-0.11753559805638493
0.10925085125280075
0.15457545517188082
-0.079255840838170472
-0.00065028366821048335
0.11548567258180546
-0.25538745329776463
-0.1757643116277578
-0.11805575639625847
-0.2442606488885829
-0.33547780688378143
-0.37843483174486015
0.16859328081158423
-0.07077630953176646
0.097827756898809778
0.14301077134894216
-0.1344436618832946
0.28788877807077046
-0.16470483421939242
-0.22280558379415216
-0.0422756199793064
0.31106528203412082
0.078568477651158472
-0.30791350925044642
0.063559611774700264
-0.026417161385959682
0.15392614467799745
-0.26172136704900906
0.13694447333081372
-0.17836356335890521
-0.059438414589238146
-0.18858342754045604
-0.036192239437786093
-0.43239378181466287
-0.44083568680430291
0.28487986815248006
-0.085432801417001103
0.070902590476042457
0.2303257936612213
0.05183639227460516
0.013792764805740213
0.18410413891035032
-0.21173467407077684
-0.28111070314260667
-0.37938554228722687
-0.14384435744544771
0.096417569025070218
-0.35432361367894771
-0.43146838235733981
-0.055053998894233354
-0.043700173865402259
-0.052272685169570968
0.23454985386352706
-0.21487958346750224
-0.17593381326214549
-0.21682972395701891
0.06511961885069352
0.13002568796149511
-0.10600576674424936
0.0045382864006519464
0.078121813719101527
0.060101682216811961
0.075310694016349156
0.13244989134108268
-0.48746993761571772
0.062271662768608196
-0.13957642348928742
0.21212986570766151
0.098400372373906253
0.10134848879748497
0.20713906925969677
-0.27671288930862192
-0.039883223320779183
0.35566508599766872
0.029219927795399971
0.015983733013397259
0.23101884442068538
-0.20631418014575442
-0.055166481877507272
0.032672057350580083
0.16554841296999734
-0.10212326638275875
-0.084564190689105423
-0.048848302428159171
0.084678257015172995
0.28321255426804298
0.35846139584249509
0.3026355121537419
-0.13506955349052038
-0.10749167567119232
-0.25569780756673444
-0.13678464770344348
0.30559794844479471
0.12560412564016116
0.36645309612679844
-0.17337488810508914
-0.30466970061413035
0.13232249757344025
0.017215373550249862
0.13390214194853409
0.044310555715002489
-0.038769277829446405
0.18443320191380017
-0.040445068991061123
0.42903891419890394
0.2862250573728366
0.068314323505885663
0.04289988094582918
0.34132269069234605
-0.060628513731312554
-0.027672261074998178
0.093829138703581394
0.10424111004985778
0.30156232140207201
0.1875663917796655
-0.021706608479610649
0.17812220532929787
0.31257166587889607
0.22356362481696618
0.00066914831190450325
0.46132747889331277
0.06861310920047449
0.15489293014796734
0.33169102845187637
0.33370669053012347
0.37414511575913861
0.27142364651293527
0.17019554479521692
0.22206008922653622
0.31278915609420299
0.18623630928665916
0.11864334090283099
0.32252914613018119
-0.050665076082182459
0.067796260410938836
0.073596724552540668
0.5564759857742263
-0.13935523273956141
0.44365830252256638
0.26145775121620252
0.33592641938361878
0.1766756119129621
0.26040583167831144
0.26923918644346057
0.18492007825377199
-0.0050062762583070151
0.24834264197423711
0.052866470605019408
-0.10649783555094276
-0.062812469946605651
0.17330806699734996
0.37832037073964897
-0.074565093188596041
0.32398171290168826
0.1678271741013484
0.31236415511086435
0.078380327532792476
0.068156490174803977
0.33572557979733325
0.038092416805608903
0.1075574715171973
0.52525861018262698
0.4702565327773639
0.28898684631034477
0.11741258052118267
-0.11396667654940677
0.12745968140843858
0.35532421416425569
0.14847784909269629
0.33591376763646968
-0.03096390256286128
0.22485864238072251
0.4272257537865497
0.48404575783631992
0.22060024034236778
0.25171573472722375
0.39943894721449086
0.42454099225295078
0.41920913097622747
0.056177632402509198
0.46326391385338683
0.16090620621756352
0.27010610168709909
0.069517998781438037
0.11879083312583236
0.23367872702578965
0.2644592124963972
0.59680793262678122
0.31392463405084775
0.3576894719112067
0.51313328553659077
0.21121316452018171
0.10711624026085455
0.031079489985739291
0.20160365194098764
0.42716253622288552
0.15934411451872144
0.39267246527280542
0.34987154594081937
0.51684089652019394
0.16685422187663579
0.16167040068513955
0.14229177219035713
0.026069808549592552
0.34098356900525756
0.17405544897661782
0.36915825967080534
-0.18615954543922847
0.67952703456770513
0.71972999932993886
0.22942520166363395
0.46527192898588282
0.33995994302693722
0.29068807816699327
0.29313182437011642
0.52761897593955787
0.25577545233050802
0.40363328451221187
-0.065069276038478535
0.10699461010595518
0.46581181467168659
0.32136246894314791
0.26591646858443385
0.3744881514165932
0.664993450270427
0.41765727599748415
0.69703746880639372
0.22387728830541526
0.29716799168946156
0.48854648523319089
0.76068149753477776
0.27983718843602473
0.39921449087031347
0.36681016776650111
0.32669287452696283
0.30382217916110471
0.58090102623185558
0.15853450291722954
0.62710895115819543
0.45957135390305737
0.4193505778941381
0.57843838607342601
0.27377473967736043
0.26444788819528131
0.45917221374696937
0.5355618093816048
0.29561163872009733
0.5255927587664192
0.32064776879067619
0.53535430231479897
0.45964102458028383
0.59974807164621502
0.28285792520229203
0.55984552965065748
0.28955246797059125
0.26215045163101203
0.40022403163361403
0.16877819763456992
0.74562198418401393
0.35383637848898636
0.14733525775262227
0.67009945467059773
0.41178981848160029
0.30910597338516727
0.30340729566768498
0.56537932176135752
0.5255636298405848
0.42822484375674119
0.64913875407682819
0.60010118152046898
0.57811830241556372
0.44538753389151636
0.093256989955951761
0.29407764501670614
0.70245661787984059
0.2677202054071795
0.30903312850877113
0.49972463674312217
0.28986867510860354
0.41476950459613082
0.5954519947939958
0.20966864070883545
0.56362627245732655
0.60988068025360997
0.57191234451340756
0.54768231633883513
0.52120893182564587
0.27001045742066981
0.5165469889455282
0.64309766966581172
0.33296984471115176
0.39862853353591793
0.73951065356799583
0.45561293843185646
0.62560827546674924
0.59374830890893404
0.79168000090088297
0.74774444319520839
0.57955373753459372
0.28767574321024092
0.7141493607693713
0.39209688413265203
0.35285451663722128
0.60641889383544911
0.23356869529329913
0.41320493577158007
0.24729306038776866
0.41996091423085513
0.42340037897343202
0.49518855435215464
0.3956300035471631
0.70150162056429677
0.43132402442163131
0.43625891405454731
0.39600386654249925
0.15309897720153173
0.42955570269084098
0.79748953855962534
0.73433915098011104
0.55184983349443129
0.51130776598962935
0.84060868090321961
0.87676084766942308
0.34604392242373821
0.46610303497660616
0.68639815907305335
0.31161964068016507
0.42194495190974379
1.0282999294143811
0.76081668921166101
0.78978840605335732
0.64819909733304415
0.37784783206878048
0.58998907721057914
0.46295084118771584
0.74123193551607669
0.78082334174374002
0.36794160148392685
0.67873294376752846
0.34311175538909316
0.39755189070917729
0.51683983053156002
1.0589919710156361
0.76704866111390646
0.28394608900267376
0.91921786757166479
0.85033370130934016
0.69156537708200927
0.54613723861131869
0.47680836714905916
0.66635733440500755
0.67077574430959197
0.45149860433822564
0.27793639853629887
0.46090229063935945
0.88639879323875148
0.65610008947599374
0.82075023442853312
0.72647345191050361
0.61849625635849115
0.38353283632038554
0.90303413159268942
0.24782315178293937
0.59620610982061495
0.49911062902437225
0.61838376753193491
0.80478055015096284
0.6170446124024862
0.81491695075298398
0.8061649378816772
1.0445347822204776
0.77129471918797077
0.61083386551959951
0.24539278760215361
0.82836685766526619
0.74542727507540152
0.64498430104494897
0.63325796579719029
0.5333761252662641
0.79866145865900506
0.66658696742445145
0.84566424065490742
0.96013118903833894
0.58735536409710865
0.65418117059770053
0.69644065047238835
0.64525938805924188
0.74236351836911996
0.65782834365188392
0.65312579459987918
0.6391403408594869
0.65968045601524739
0.63818970817031218
0.52667479558559305
0.6871805037427261
0.80305024821073778
0.64195650595289544
0.558637047720422
0.83138237443723595
0.8490137030637015
1.014522754700024
0.61804185077230445
0.40930520263621056
0.49467952185678282
0.59023435829677906
0.62439186022040427
0.7145413546897228
0.17252851685118448
0.83039085163503101
0.59338303342656951
0.74337383340351093
0.58067311950319944
0.975255065455787
0.80082845406389658
0.53870972373470716
0.49934299192832748
0.63751024901047137
0.64154886231172559
0.73123067367280958
0.56965376472332507
0.49694809876640172
0.87727050376982996
0.9766609455678158
0.83518576899684083
0.89764867398399439
0.5620731083576409
0.9019811996221575
0.79333774740868002
0.86427425194614427
0.71464910469529419
0.86640484235574977
0.85136404880960503
0.94807868282567109
0.6733710906298791
0.91846624017659129
0.72876818248391606
0.96727137490823345
0.40815316118579209
0.70909586514468925
0.47586490832268791
0.53679835674117582
0.81399249015305641
0.80099849395118805
1.0129865594525345
0.90758605197723941
1.0389413278560344
0.92748003443413662
0.60183666935721059
0.65692926167995702
0.66124708822115419
1.076772227771206
0.94958894882068101
1.0476324762917302
0.42644812340726551
0.94609733068900181
0.93585120663736898
0.80203506804905023
1.0711591457061573
0.92408632289974157
0.68265742246429295
0.7076862321939168
0.87903077432237886
1.2441988493004745
0.70906061451607194
0.70241710933896506
0.76114159366181788
0.8115266867277211
0.68440548214984631
0.65794808076618283
0.88800558794795381
0.43446253107768046
0.72576637145053202
0.63398922880194131
0.97399100072280931
0.82457608968768481
0.82248236307704714
0.80832171024559896
0.46155165562275702
0.82653475175446245
0.99222389852401793
1.0241336734107322
1.1589009115729823
0.8204716927250254
1.1201835649020566
0.94387074983644514
0.47270724695167121
0.98039818964451553
1.0270221967137598
1.0308790193626702
0.72809130187336846
0.8952367163267555
0.93524935510508389
0.75158777226123374
0.7776942922724559
0.64553994339124532
0.80323118479836098
1.27004811318627
0.82064603487383525
0.76548175634647109
0.71969891260098073
0.95677606204411714
0.5257186716848683
0.96422512313189612
1.4053646704343536
0.98458558009628294
0.92999974121639584
1.1763091540882917
0.90262058689153746
0.69151825320808691
0.63802337436310907
0.97210497616946168
1.1498806818308316
1.3044665821942136
0.79165810567403117
0.71210495227636617
0.70763295549840444
1.0197970253836586
0.70621599844459748
0.89344297114772497
0.74854054846005336
0.65869928952489265
0.85580357367081117
0.90309972304734198
0.93898892625637798
0.9159790252128529
1.000800141730664
0.98166084262427111
0.80117191036995616
1.0697319586554097
0.82156349083484737
1.2393854765640833
0.76071129349550148
1.0801248509641217
0.68929122035559776
0.96185823222650313
0.97481395133885551
0.68223850548283205
1.0673100928431904
0.8102015461235641
0.87413832689087234
1.076503286703286
0.8488268103163239
1.2555796614011046
0.86778993243590674
0.58920645227974577
