-0.94755646414486561
-1.2438091235133177
-1.0107925206566397
-0.68259719404357688
-1.0930999747930203
-0.93753136232423762
-0.85631209848918011
-0.90580435687683225
-0.82703226015492304
-1.205756590087566
-1.2357825174649673
-0.86541771885215746
-0.88046579327522212
-0.95908850473782103
-0.94377214332122283
-1.0636077013976271
-1.1516074510950061
-1.2282042526115737
-0.74616287895262257
-0.70446492208492029
-1.1527950947010353
-0.84613081444179861
-1.0200039240821046
-1.0188314291989626
-0.78148976742428511
-1.0702378962286332
-1.1093312373417132
-0.96471395386352055
-1.1199616124770408
-0.62107778865841334
-0.76173320266505462
-1.1345910223686402
-1.0493633752615066
-0.99115447450631322
-0.76869733964890252
-0.75343267958115934
-0.97358124687320324
-0.85640521312472495
-0.6664410643019486
-0.7878422905216661
-1.0028217638568315
-0.85346375921246775
-0.75687411917921976
-0.96213583848277207
-1.1706632490897568
-1.2529040333219956
-0.9958210055512775
-0.76962311829137164
-0.45750898104587667
-0.91414032160797354
-0.76727032960517938
-0.98690299815619176
-0.61976214369307037
-0.99856574113518204
-1.0879568852224957
-0.92923225917828844
-0.96564787423661136
-1.1266397814579552
-0.79272430480362133
-0.66389553959576875
-1.0166222515574344
-0.60751686150324713
-0.80670354841482661
-1.0187312474023158
-0.82623298077529517
-1.3860066197646548
-1.0196430641486536
-0.81682084222396123
-0.39039784767005326
-0.77944374062727195
-0.85581967899506439
-0.70053270057979722
-1.0048230311820905
-1.0257372086359198
-0.81238869530313074
-0.71157344258278399
-0.58411156697751643
-1.0150358424486141
-0.7211244037570459
-0.80850918105390235
-0.88518794551594437
-0.68966964771677919
-0.78678829910886583
-1.0397912420101203
-0.95708907755735551
-0.72943109350299018
-0.80503077357969199
-0.80580384823979334
-0.54793437257868582
-0.79944827791703899
-0.84166080564443424
-0.72606878291761123
-0.98404588482265454
-0.81509272182396764
-1.0144172827628761
-0.86828440063294199
-0.43831962351931852
-0.8794551116283339
-0.99158558913043504
-0.49847031646674517
-0.59800874621349032
-0.61887675235393791
-1.0538301066386115
-0.63899114352775077
-0.69327207275234493
-0.93286598893098172
-0.66132444957261149
-0.95363700749633507
-0.72654083621379029
-0.73449170720675694
-1.1068058807172307
-1.2933585389954054
-0.77880588440888177
-0.55025315109210271
-0.73319355050445256
-0.84136309755415506
-0.94833113117387602
-0.64668444807258263
-0.55454273128902087
-0.76159373173276323
-0.63721351627703304
-0.71559502794651797
-0.74741810848389723
-0.48774559292865821
-0.75846154603685167
-0.50242547852540298
-0.62372908253779813
-0.52983921517537536
-0.57800960506962318
-0.66210504863830022
-0.82471194978501561
-0.84988395532825922
-0.52940928791244091
-0.68568861031728889
-0.72221055371318643
-0.68648515339295701
-0.86784392433069102
-0.33935319667636127
-0.48133988528734173
-0.71783342762187574
-0.80826695538780213
-0.93584821088893078
-0.64333015951603223
-0.68358538536252922
-0.75188981346565376
-0.69736382303167932
-0.61306092924040212
-0.55518634860691074
-0.99299463199247273
-0.72911853281993
-0.57919588324831017
-0.74839250440414407
-0.58936690916812495
-0.99560948920559822
-0.86450815593005659
-0.77082944977340451
-0.77086419119109661
-0.66472678894121062
-0.98659124902486584
-0.61709771916562239
-0.65279057035916344
-0.34252051623357654
-0.65372120729117256
-0.67437350770910931
-0.80863795820286344
-0.90280124061212896
-0.64821842127633367
-0.61457457746416388
-0.98055689948538294
-0.70994421540170671
-0.60777822461748476
-0.58215632471688661
-0.41535538491064766
-0.79779984756533717
-0.66119503277384606
-0.71989219341491728
-0.70963873392574295
-0.50054689756960968
-0.62016980513888931
-0.78860499554650187
-0.45335341967813958
-0.77749837598051796
-0.4345759906410766
-0.61900864032039393
-0.3459941641601611
-0.64291986273746715
-0.46625220700855657
-0.87264826152352792
-0.95448141453535496
-0.67313009043034711
-0.77733399700965122
-0.71623529710106659
-0.82227372525526288
-0.48727657287503973
-0.7477284658742962
-0.7209434011346576
-0.50432486892307904
-0.63500432397736783
-0.82776758918618121
-0.79361100898590542
-0.64574493002053057
-0.33626640639341321
-0.58582597854856977
-0.34559101141727827
-0.64532244183092435
-0.99217936703915399
-0.46575661554060038
-0.6718936863195949
-0.68129885404433732
-0.45986652745925372
-0.85052503895521891
-0.64857486364372019
-0.58351061403004889
-0.35349794735907375
-0.430759049068552
-0.39754139850528475
-0.78066916084122129
-0.57618137506154832
-0.60876094025869532
-0.51540002257871997
-0.39313570684636073
-0.60209654351359287
-0.57483471913778461
-0.39272050275154674
-0.7704968159958232
-0.73062074275993849
-0.78326009300693344
-0.37321587043363286
-0.24360132341823629
-0.58177301779503443
-0.28936985502719886
-0.62467730526802467
-0.4354845140000973
-0.40854650382897645
-0.3253535136533352
-0.56294731162876632
-0.38933370384916804
-0.71113870686729452
-0.81154826077342013
-0.42408595999034121
-0.39373027844437697
-0.84125342724490249
-0.54040528423415046
-0.14674996123768924
-0.56179726158532428
-0.44103310886067171
-0.60052173695952638
-0.40657447529384283
-0.14389659933867013
-0.59088056496465668
-0.36477717436023516
-0.62228704304228555
-0.44506800969047544
-0.78044561523784906
-0.38284705552985265
-0.4833439145524655
-0.40676255919845278
-0.37278421396750649
-0.27700289800876182
-0.42080706579253335
-0.65032246831130125
-0.6680025379669372
-0.35781658579629638
-0.59194435758761621
-0.47489109702210236
-0.79138844069872682
-0.19115332168384877
-0.50952624371601185
-0.40816057697267971
-0.25512097847168469
-0.3382060423981717
-0.48520527428284155
-0.67038497336812308
-0.5367119970462777
-0.48111447284166126
-0.25153582439591249
-0.27721855180739524
-0.56751171677769641
-0.36330579744387492
-0.17391985099480148
-0.11545686203039532
-0.2969627123487702
-0.47888308758120779
-0.38057431818926457
-0.63234104637529387
-0.43343267961079018
-0.39381398759211794
-0.63795207772110218
-0.51739669613414174
-0.38389915044192208
-0.57191774121545114
-0.4125433464503393
-0.66859553449559417
-0.57122779403440371
-0.50623410303040117
-0.56570843729800158
-0.50780971764343485
-0.32585010852504059
-0.64162301838296854
-0.21829532943370181
-0.52882892832654316
-0.25846608656626202
-0.69179190317039729
-0.48666891751511698
-0.34841637267379244
-0.59339292615637695
-0.61138201948764614
-0.27807268325362378
-0.47682772128337314
-0.39253670096735055
-0.54642613028683273
-0.40283319710118998
-0.31458132381883686
0.024250811873513804
-0.18470518463116359
-0.7284329799219259
-0.45924748698298723
-0.52076492822769527
-0.10561634097010633
-0.40257488592628754
-0.14331638230340585
-0.26206596007224303
-0.15766216424005536
-0.36933193875539427
0.07103188660501901
-0.32990104337260345
-0.27807942035562916
-0.32503739697527356
-0.33659591541607436
-0.70792307156552958
-0.42573742719976654
-0.2781186530128314
-0.25042088374035359
-0.54392996386882086
-0.42982511747548807
-0.44275932898896986
-0.50833544113840967
-0.48288509802791191
-0.11095867241566998
-0.29308687986439758
-0.17745881938839911
-0.35147942302224688
-0.50451072374577588
-0.34508030690150043
-0.35116722402726003
-0.11066121548410511
-0.37022982671268939
-0.16352126700096317
0.13971745279682979
-0.24915388133378619
-0.24232551447860307
-0.20184806236294259
-0.19646906130696762
-0.24292409379399632
-0.44379697036765697
0.17699094741421756
-0.50595146202596686
-0.055997741263846393
-0.093620370781540688
-0.46699667389615035
-0.28894540975333832
-0.38806360401475409
-0.47915791757496573
-0.23964497714750096
-0.12094712406866448
-0.12155367516409009
-0.30129132476223736
-0.4456132360947429
-0.044854073327807296
-0.39246911505382909
-0.058043573164738842
-0.15157546082150103
-0.068148216499329964
-0.24218221598517334
-0.34298620833294963
-0.49416468301469163
-0.31202895523022373
-0.5627944319190995
-0.39247522876278323
-0.4903550400203795
-0.21521179371940799
-0.62045703952086562
0.037909259497431666
-0.60415837463656485
-0.41561443009125182
-0.21992596713991674
-0.19922099180242514
-0.090944252072212392
-0.17159610074402049
-0.20204691191027571
-0.16952075804236316
-0.40515967002464137
0.04838026852695429
-0.009801577745291128
-0.029450077352011238
-0.10970290520946024
-0.098303382257089719
-0.018536215507692994
-0.23668371968368504
-0.10071451794959924
-0.13775434710841714
-0.35475315452143941
0.049952390290812831
-0.11552879084809249
-0.31161480541123177
-0.25457448149590561
-0.14154585427864322
-0.0795920787625925
0.40046093470854816
-0.56981290542804974
-0.11346985626478945
-0.45791543041280197
-0.1690847214942604
-0.13845100233792629
0.0023335535491249919
-0.064461843567349561
-0.18021235788397674
-0.34714438012230914
-0.19551238660846812
-0.12449505462764283
-0.21496448082531242
-0.15174017868531764
-0.11547203401306715
-0.2221030748090578
-0.19362671717054133
-0.50096051400995789
-0.024808714657936218
0.28434523561782904
-0.032868493929186407
-0.33122360086195068
-0.20453298251373947
0.082609418148587757
-0.23950089841568414
-0.044694346909214921
-0.30565508895113908
-0.13845428998725745
-0.18384077525788617
-0.22307556813401519
0.062470423582060092
-0.39412127709916178
-0.22273192653418189
-0.21343246956962783
-0.28542618039229262
0.013491827144376535
-0.22468197333948961
-0.27491862912645199
-0.33790657627160098
-0.22667562717326473
-0.27561971574074179
-0.15023209928639472
-0.39476773495271256
-0.084560956639101459
-0.15163398720803667
-0.25900275529964389
-0.18147038906223359
-0.10990564194954383
0.068725456363275941
-0.31883023262292759
0.0019180101800322586
0.3260133424498744
-0.43318917306348598
0.16672365375757942
-0.19167269575948848
-0.37264379846085455
-0.24505134873996837
0.056447111574458822
-0.12314604565507468
-0.34478978169684737
-0.070613726319422906
-0.19815700252487223
-0.19244405034021533
-0.046285219741603344
-0.17703760478098438
-0.14410386750776225
0.2204006749450515
-0.098655225357109688
-0.048577147152000469
-0.33637378346451352
-0.12756632964402895
0.044405626496280125
-0.29066970762054878
0.30666256021744109
-0.060369287091544578
-0.30151351118191189
0.2215426845883913
0.11022211464606115
-0.083346822851916066
0.31858045478756836
-0.10597238588577421
-0.1267132803372138
-0.17236492136372272
-0.12776596648075927
0.027321032993485758
0.10328275396825662
0.094463116458825672
-0.0013158446001627435
-0.40853886307680948
0.053023463098212625
-0.043013907530650729
0.16146853651743279
0.18963399262905317
0.022463041049500195
-0.035174322284775079
0.00096277118283096105
-0.079684692104648097
-0.33991051332790073
0.0114904361963008
0.3278782098683371
-0.032985347706873717
-0.025353446146386013
-0.14581854156999968
0.22021777860857877
-0.20723452820654964
0.16638066941629395
0.24717621295569278
-0.090875700798339384
-0.029409034232657214
0.059244965080150362
-0.066086067534241802
0.060990716939499791
0.28426233039582238
-0.060215995610365031
0.13735652221246544
0.15389905955651045
0.20280947859772783
0.28542251359708776
0.28372171412193725
-0.0092631706736164745
-0.024411778547481985
0.16632368779729115
0.08675429630069291
-0.20436437204420438
0.26692725315601595
-0.10574284829049038
0.22552426873503348
-0.14191572747815825
-0.037651983908565438
0.027303651576301154
0.22812259017260347
-0.002029244796251088
0.034984435971489702
0.07988186720550676
-0.24274912432278908
0.032262747842873883
0.1889220099690504
-0.16814202629198183
0.18500105423176375
0.075433522340989059
0.2946558458979131
0.49736473228191269
-0.10900854833388139
0.54580237631708994
0.23679459836904135
-0.0038538892481726327
0.35942811406448422
0.19452949587566259
0.079750935884167415
0.048848356807641623
0.083585335420009885
0.28238985070319511
0.12833540462034351
-0.077371760800943712
0.0040846779123245693
0.2869210535177093
-0.016231691671419843
-0.12707454744307381
0.19199940062382997
0.23460984108744351
0.21775768783696511
0.14624444365089428
0.20050445641551506
0.11503638062747668
-0.030574431933719649
0.14587271569327798
-0.063452630176551575
0.24515857689329634
-0.082451655364926019
0.29475516366545773
0.17964506810842645
0.10960382166191424
0.10492076097831178
0.29045896096752327
0.099421209114675071
0.20250773450835785
0.0046543581565412131
0.31819196957643525
0.062839428760095448
0.64882373918422331
0.31180382190118761
-0.071583463334229852
0.12628091339247324
0.17284973892670544
-0.052323009822213086
0.3696946299637125
0.001858753285335622
0.16184564728362752
0.29148392959979463
0.069380895919484403
0.20299990437971707
0.42592699356679237
0.052287843639737493
0.00091775536695764366
0.068529688437445946
0.17139291194763126
0.4011719489412508
0.29416973024951676
0.49603634013265807
0.40101650522054527
0.11383008290241943
0.14574419445183365
0.076976781062966945
0.43772104684430019
0.063810782800680782
0.16257976698049284
0.22337187408489126
0.19938249635301888
0.49035892559055178
0.34146665796834341
0.19884370685182706
0.23532086914331254
0.52401726780514035
0.39489384239674541
0.17182212384595186
0.36361528972024848
-0.0075753733378162158
0.3351952481418734
0.17105610211726055
0.35668532872709013
0.47182370812407176
0.368336794551894
0.51216376461173718
0.24252421521601714
0.085277474075825213
0.55883516459990035
0.2606448971866519
0.32626389233284175
0.117310721074986
0.20617516519963844
0.63208438546600432
0.36687178012130284
0.19854908398408455
0.22293812465884483
0.074703802454000087
0.5291011377371998
0.39315315181517663
0.44649707219074491
0.45357158065024838
0.22044004214166391
0.3827007705534432
0.54161666087034732
0.57612244047234218
0.48966339441297446
0.27759022975031716
0.61627258934227003
0.17024005042862342
0.16757509869226231
0.42732607859867949
0.41491728813428269
0.30974213544971341
0.29650059625072361
0.006228824643540287
0.36925756043648644
-0.0061794113250048929
0.15530946983595345
0.45407287106532607
0.5316728012449542
0.52510816773903102
0.32711502432267514
0.28856486841401663
0.43238249621021041
0.12067177350486127
0.17819872134300191
0.43454237732826007
0.23433637715360747
0.45047814408661052
0.27164428763083515
0.38388315363784803
0.41398344763652201
0.34714674537285412
0.16966132451482613
0.46904576733559289
0.30006800267163403
0.21641868485216023
0.37672172117644925
0.18462438348755647
0.4653013666047367
0.32542845061903181
0.40477881347931299
0.5791694593672535
0.4738487441769777
0.1793085076738398
0.33956713084333706
0.55159986386028204
0.31385228029844781
0.0978379576182144
0.63748980455946969
0.18694156719425803
0.3952561141509961
0.47370323649457063
0.49325506996103763
0.36459420540822945
0.55135186012850801
0.6970205731914656
0.36416811244046854
0.22850662310084535
0.19207629365763648
0.66657294814783241
0.41195136868341825
0.28378174908656362
0.42742327690091847
0.87539963222955131
0.36487585415547819
0.75733203954384698
0.47650951277119269
0.58797207383495553
0.2839943429917518
0.5163461881891851
-0.064838920193871635
0.50961914840900058
0.37986176236998137
0.34751877283916416
0.38724301711011594
0.56333207827492582
0.50466996220346461
0.43259476467965291
0.1649673474318773
0.73304048573193747
0.46785647946066666
0.34787885420119563
0.55162477157677636
0.58851984958308678
0.26215812237746083
0.36557463759229764
0.49417962902999679
0.64310739414408036
0.20416249283061644
0.11558617912784078
0.80903300363032316
0.56555829519447309
0.88043010509964403
0.41842928625509057
0.30104595931429096
0.24995513888799659
0.51372638258721326
0.45471417640635464
0.6857554427261916
0.87577113998973177
0.91550597526962163
0.740859262644877
0.40082744525726743
0.60567536746235329
0.65242456294828821
0.46451741747157799
0.80590936318079409
0.43970166757966178
0.65037751025059343
0.92887067055741912
0.45698173921951685
0.25350773377831481
0.77588772036977005
0.30936856823770387
0.51901734138593636
0.081102582434972592
0.55595453205061895
0.75550335014319769
0.5868822412121586
0.6043219815257812
0.6372054961605782
0.59144091877613947
0.60316026221099195
0.75115125398597249
0.45467749804711627
0.45694356503797501
0.59602961728636539
0.43753219572528318
0.59735138586490133
0.45593566632529048
0.89293762258642373
0.58165862450158567
0.4580132524912513
0.44649404729269421
0.49089980916657416
0.6338009703719244
0.56626812535393678
0.89899785811426147
0.3823289793744753
0.48867715245691701
0.54987776810881639
0.39324178720779512
0.29783266350693899
0.42338541683495395
0.40344089817206891
0.35595040748803258
0.78711072928541315
0.6830500287994612
0.62267754043330681
0.66539218219698348
0.80947317612267833
0.38370945889307839
0.54348422435298582
0.24876675322838862
0.47620661919514856
0.75740306714927619
0.49981194843376942
0.56191984403457862
0.80952441281872467
0.55031173175386172
1.0174158307364494
0.50433885462176398
0.55246918675956469
0.69840674069687181
0.48140905842960552
0.67257104991201289
0.5421152445555153
0.91307765701538512
0.54769212294245273
0.65455195267457356
0.58459682495313858
0.88634645324582306
0.67417326772311903
0.72241073495338592
0.30347531034362796
0.69025825121028095
0.81215857479773179
0.31313142900543961
1.0563236580520605
0.43913327395974622
1.0862692956965061
0.52181568024249647
0.65727912235547936
0.86036561291106406
0.65456151128511575
0.79256992496131107
0.62148027374061632
0.92477811049381953
0.83552661441195031
0.62182998986683102
0.89227753054100856
0.93468168657256978
0.74115595973545634
0.56450145396945939
0.77935992537485055
0.53537643892962083
0.6176481936163698
0.64695868167062065
0.63017221211821572
0.53660210458196145
0.40023146585246944
0.66083756168574714
0.62224257866894761
1.0372139633523594
0.796397693894903
0.43553467828305331
0.54888565843623138
0.68533961514802411
1.1258241698461504
0.64617484446122087
0.79589894505973602
0.68658720335142498
0.70061482445527967
0.8106920203580823
0.53661202340700853
0.78017594383514122
0.70275663184431825
0.74339313603494073
0.71418683771919322
0.97697681713805606
0.49712849393029912
0.88571583563757783
0.31117218924876616
0.60330740672306127
0.75592994010583259
0.88775517820135097
0.46028570216285336
0.78123376818355916
0.65606170840797884
0.81586288701501475
0.66531842709748801
0.89315230767033893
0.78113872564241449
0.65705940166618204
0.81413835822019998
0.84472468769489095
1.046177190500259
0.62859107535971503
0.53150185261601279
0.44868770894941629
0.76071084667038835
0.81175020281248089
0.6495356212257567
0.63259833809163202
0.96490512178460341
1.0322879374009797
0.68828806607303539
0.99457887604621065
0.88645414638998066
0.97690295071820077
1.129511148725804
0.60237247566104957
0.78707158636832852
0.84536047645095824
0.47756159305558282
0.90064905836843034
0.83879194150020697
0.51691241561809853
0.98105944389143651
1.0240699548489081
0.76852045616874964
0.97325367049510314
1.0792308733209819
1.0432003733450963
0.76622071941705627
0.89206515504133999
0.96284057124554678
0.91981572582020088
0.54738483167628704
0.92239910554481164
0.77453585669695657
0.76545907580609074
0.90996157397094879
0.80668212212387369
0.99755075149978212
1.0013368753709564
0.79350902661186273
0.76624511311839827
1.1390504615720201
0.7268795886652224
0.91776978437874179
0.68872604748003063
0.66798337679255593
0.8394343843294042
0.89610168427190917
1.2447170757550901
1.1262288729683929
0.96715405164096357
0.8599084091916136
0.59541072845121989
0.99770312277665552
0.99531725292465201
0.88837300187677415
1.041072771720186
0.7595378796228297
0.93965846824682286
1.177717584026313
0.95210869667497566
0.85209436711262942
0.64462255696525106
0.48143270028673107
0.69221226902626809
0.73362151497219863
0.84272443545930509
0.58457598451166071
0.68712023078522644
0.98365604941592077
1.0745381768788687
0.74005835643591344
1.1651299579016345
0.96884487502381722
0.76627408927058371
0.87964231417178462
0.88328138461725847
0.73343077873293572
0.54075993355970819
0.86608859066389388
1.003499398546378
0.91993737924553343
0.53784076424262262
0.85065286406004736
0.99111176825920799
0.86154428085352297
0.84840715558679936
0.91245602840672013
0.94704511311812634
1.2496004815924227
0.80135276958137003
1.407363780306675
0.74714653867782399
0.96347471305706056
1.0998432044084721
0.72225759449138538
0.88122697689319374
0.98218878892437833
1.0701838621656503
0.7600311086817908
1.0199242378749014
0.86221008764339213
1.0042475413137368
0.7367823824407792
1.2764967325954859
1.0287975426762022
1.3010592776594803
1.3269966665904767
0.89360713268233438
1.0354727492236704
0.82990269115218074
0.94847877533509384
1.1987014957947546
1.0588362490400263
1.3048678293003215
1.0139785825429952
