-0.89805428678434485
-0.99725243512112449
-0.85617588158655589
-1.2731224140833266
-1.1784600989587235
-1.2360926953020015
-0.94112411059199663
-0.78539617777134718
-1.1937357871964083
-1.1444419896615323
-1.0046454695869358
-0.83924473718983927
-0.95561976062882503
-0.96586481264628277
-1.1667921740133445
-1.1675760485359905
-1.1574628602235868
-1.057151055110837
-1.0151938667266347
-0.96910861384427105
-0.79258286512016185
-0.80669517004797442
-0.71541128165021095
-0.86873986184625029
-1.1378141399169268
-1.0399128302809111
-0.82771993653677178
-0.91595875319064957
-0.87848685909182189
-0.5923380840741036
-0.88759262956439944
-0.95153823032850382
-0.8124751764333874
-0.9643016068530601
-0.68410303809030881
-0.85016544446097697
-0.64504013090762224
-0.93064431672160119
-0.8534313837402886
-0.90720482346853337
-0.82128291201577364
-0.770764834200793
-0.7608269088885542
-1.0258291371193999
-0.61316750294995814
-0.95254286082443884
-0.63439063478833901
-0.89990340720068751
-0.82954522827017074
-1.1062067657065997
-0.64974926266700539
-0.80968983198297906
-0.95792026745267334
-0.60056100140496826
-1.0030701670908142
-0.76550327358978498
-1.0697908406670762
-1.0350816691410292
-0.71255220659006957
-0.93709293970695007
-0.70833653459633661
-0.66719223286311591
-0.78110903175139734
-1.1604647578105696
-1.0036128930709833
-0.76651417649397224
-0.779522115591471
-0.67340739030784891
-0.82061257439196322
-0.80588594868173913
-0.74088591819323324
-0.63886822808116528
-0.91601343733297025
-0.62436946351276768
-0.67165092644460389
-0.89827668070010103
-0.81879356392567726
-0.7938185355050571
-0.87680851228035739
-1.2465527482500753
-0.67785293785166889
-0.5129563682634809
-1.1572444984983628
-0.83250231219990589
-0.89082307978924058
-0.57515310017961419
-0.66221366701311346
-0.78127006058773052
-0.74044585612879821
-0.53966513828840601
-0.60920954477771816
-0.82501920667907969
-0.96552242793245158
-0.53360781757668807
-1.0802339493452597
-0.91561380896454547
-0.75120738580707735
-0.94811886234116738
-1.0558052239949995
-0.76115924652371403
-0.83620784539946169
-0.81844133963349985
-0.49222000682013517
-0.91527434741753977
-0.77433820666095432
-0.70742848945776182
-1.0529124703502644
-0.79798662984621049
-0.5412123455458423
-0.60780287796947707
-1.0667867051694337
-0.7674812004821282
-0.82761635052910165
-0.71353929009881389
-0.70079227177609527
-0.54323990908925957
-0.82000599137868424
-0.8694356297288256
-0.83986417298840588
-0.98782483957485467
-0.94449587368042409
-1.1782476960179613
-0.46026382036025598
-0.91593237833447894
-0.42125981667933299
-0.57979620918295927
-0.83045914580158275
-0.46762958534227211
-0.85330898169357627
-0.65774022224294881
-0.79009596001166316
-0.34815182693542468
-0.61923312481709503
-0.52430726851779852
-1.0613751021976092
-1.0209759116746411
-0.67589120672039116
-0.90435508766988371
-0.98306091281961228
-0.69496936037733892
-0.91223591008985216
-0.84631007649332468
-0.87521349351741595
-0.43029502402089176
-0.86465917555979976
-0.60758711346316208
-0.7232715840206454
-0.79264534837554523
-0.76421874552560254
-0.74129825866619181
-0.97214932497054252
-0.54961924370641402
-0.74898740011836606
-0.64211411824361841
-0.94138352898229005
-0.31878990241175681
-0.69585087798187129
-0.73256878231141642
-0.65690438112801963
-0.39649966272960008
-0.45003091192406375
-0.51341185040932413
-0.6975984923631473
-0.67278572209141041
-0.69363111170874603
-0.65422618296040702
-0.58077764158913692
-0.60132401657844659
-0.69692569946462568
-0.51758825097560834
-0.4178214397896009
-0.4810211869551429
-0.71316765113292258
-0.74700781853610065
-0.8899883214711396
-0.27828658872659218
-1.0115903506803661
-0.88150435945536021
-0.40489323455781528
-0.66514357082741904
-0.56759675031437118
-0.81285613602418816
-0.68264370164995714
-0.83550305183960361
-0.92434513195508239
-0.69052999578167507
-0.5285617180009935
-0.3616548455756512
-0.68419525986539398
-0.80223986307455442
-0.281875441510823
-0.49513389478785541
-0.59044517580889522
-0.36386051838142713
-0.64929445734177615
-0.53693309988102722
-0.60217501314562771
-0.67515827355461533
-0.90571432446793398
-0.46208580564424984
-0.54146705140305329
-0.57909281437514248
-0.41411005204759144
-0.43282225462302104
-0.37848201331624615
-0.54702035414274464
-0.80871836931524677
-0.44950475991343863
-1.0017104281353222
-0.55958741309324556
-0.63231184147397634
-0.41365001725205652
-0.54951803396864674
-0.57318381538171514
-0.6533090553316484
-0.70416551769550639
-0.42793778821633593
-0.89608138164761886
-0.73331678794327904
-0.17427435098965186
-0.55213109623546874
-0.81078540231450213
-0.48225644395734418
-0.83484563460588501
-0.51313791458902269
-0.80688362222564791
-0.92078080466965473
-0.448679397398695
-1.00538962470509
-0.3642949244724718
-0.51650675325266793
-0.70374212026951177
-0.2210814930134955
-0.56752064936588509
-0.88199792821105305
-0.87267582618550188
-0.5977125600477976
-0.61216365832459574
-0.40250109578698506
-0.35614616931703796
-0.61604455164327954
-0.49958133501093904
-0.3589553059202249
-0.5355911122505862
-0.55394213210462462
-0.23878368127707522
-0.67464193340715906
-0.19587682519238558
-0.50186316365894645
-0.12580154272232008
-0.20954295954546001
-0.37215374293162728
-0.72636185225899785
-0.88819320200106033
-0.72821266034276189
-0.23624166427336357
-0.60539924019902625
-0.57188435541916882
-0.27175746874402268
-0.40494601466758429
-0.74485751932465882
-0.50844219426098147
-0.51211550297600739
-0.28788829096261487
-0.78669722411458753
-0.3545075676651076
-0.45275646693044552
-0.48328530312523998
-0.4227811673827358
-0.43996452102785477
-0.46107648816191682
-0.35830644731263411
-0.21192158676927336
-0.51179536479192134
-0.24981252713161931
-0.23450091304049939
-0.64498036281105975
-0.38022917890863756
-0.47041048641942995
-0.63451332853774856
-0.63683103581505518
-0.59880520647223545
-0.084969253607139625
-0.26002357226393719
-0.53637432002040331
-0.56661590381246341
-0.11926591999426034
-0.47293314251625107
-0.51473634264328894
-0.29716374291773023
-0.61264607428516327
-0.40806668835343934
-0.15006437515225207
-0.3408166563009436
-0.51707921545747915
-0.37281280321712579
-0.59901698148386018
-0.30535131079664424
-0.24135867751609941
-0.69405670242444151
-0.55182635479491249
-0.04171826193445996
-0.52074969188071152
-0.088560890026563824
-0.48208470478684146
-0.55471828971715875
-0.23253489534831423
-0.54434982581669877
-0.36981439974463082
-0.226568199628642
-0.14052330474700248
-0.40019063649024639
-0.65135124053415749
-0.64744255399025386
-0.42973825484828038
-0.020292763293489138
-0.057710998379514968
-0.096806337125421221
-0.61301149534343902
-0.41128553974263121
-0.66759517379803612
-0.17218409172082455
-0.58647050940503009
-0.17608543776617824
-0.2292952405834067
-0.34683200931731945
-0.50381296454876501
-0.50318030749559406
-0.066013178346011003
-0.39776896665601313
-0.30882428281012614
-0.38626800449062715
-0.20291413129287597
-0.39595395071920464
-0.3120154838025252
-0.66574777357378956
-0.42012853908359293
-0.036674902667990963
-0.17568115605168594
-0.44281531910249611
-0.051406460306188742
-0.28418704026860092
0.040724114295059718
-0.067294675293638959
-0.35395086105687856
-0.60898162795249011
-0.31915358511175601
-0.11761899971521506
-0.45701454469531255
-0.2332724116311507
-0.51101185785948422
-0.38460650190102524
-0.58275932799156971
-0.39503367007620654
-0.014338236224416072
-0.30352294897663806
-0.26099088352673722
-0.21954217582287444
-0.38167607076923282
-0.22350076994613502
-0.18460794529936705
-0.044642529977548966
-0.48589836606076114
-0.52163252978806518
-0.21251021994283542
-0.31527642938222622
-0.47448048755765715
-0.58890308473598196
-0.064520077644681109
-0.26368984087411884
-0.15248230848773267
-0.38933772120219129
-0.20084414400852865
-0.18626096331977141
-0.26331445376278817
-0.25369625244490168
-0.3535378702834851
-0.076347212119958055
-0.54985580457758498
-0.43957979887562165
-0.33635431570721613
-0.40397401871665972
-0.4835653171713481
-0.32375331559335002
-0.34676649523038844
-0.26429185751169437
-0.31968144105134111
-0.19763553377227272
-0.55601942100739365
-0.46318622534647924
0.19090604874057548
-0.067389646051483162
0.045778639230883343
-0.34530416367827049
-0.00074108391808815456
-0.17742219759729771
-0.23723855742492791
-0.096553396912878647
-0.24695825263366164
-0.38407350349261465
-0.15775003637272575
-0.16036658775844817
-0.069119594883510216
-0.35915933533946792
-0.23854629813902908
0.19129703232665082
-0.31331631060951348
-0.082581402684686014
-0.45829150892144377
0.14887050228969104
-0.1211359402944915
-0.41916489120075417
-0.09345962410429412
-0.014457254348978132
-0.018526337221589962
-0.12184745127209304
-0.17977648044150035
-0.141161575059078
-0.28884930167588624
-0.14555252744103811
-0.29971965615739249
0.21559902084889629
-0.17027996341171481
-0.1762662140129321
-0.041860770487182682
0.20797148488365966
-0.065969243411122203
-0.3114762509517166
-0.17192472120570182
0.034597705789164608
-0.39358256202248165
-0.57772329413482826
-0.10924889206208774
0.14665746922133818
-0.52768313929739252
-0.25587343634476656
-0.24002045748187126
-0.094625311863332937
-0.33035803296063582
-0.28685762319414543
-0.30713263827802756
-0.28973110607487917
-0.24274511113779604
-0.0030541456033063609
0.1060663640725038
-0.3572390453412746
-0.064743026630138811
-0.28168909195192671
0.0081208324195490636
-0.23874434413949835
-0.25077082515970572
-0.20488756553632734
-0.28933868711385319
0.4566326265038223
-0.16589463420705228
-0.29125294744607838
0.014631654905349905
-0.19993903591326787
0.12756630393834972
0.011362494525950855
-0.032169877690681803
-0.16666099582550034
-0.066160887755184805
0.075866168326494982
-0.18711600028262834
-0.036670308962517245
-0.26014546434480335
0.24483524896668546
-0.060827691675456756
-0.18035832474788549
-0.10142143914951594
0.025990943096827139
-0.047937273742604217
0.025487956483913804
-0.23184205429586924
-0.27225058398016522
-0.30199023667178015
-0.55531925614052158
0.11002905241710616
-0.082765719991660588
-0.17415340570146579
-0.10357213118541041
-0.16404372017100793
-0.097143568506820765
-0.13741414996104589
-0.11619267933034327
0.11930262726461816
0.010723061069561579
-0.35638894556416967
-0.52920599217906028
-0.035107193493322808
-0.30396263114839578
-0.25859124183559024
-0.020889077134421782
-0.019200077469493055
0.10162008456935047
-0.10311894454696834
-0.36966757958543739
0.098062682161175641
-0.40079436908952526
0.21120822595349459
-0.32770558248550941
-0.084672764493268007
-0.19090295612502153
-0.28865114132765024
0.13095723630375147
0.068677241830749663
0.032553381875057422
0.18403011987217965
0.078740746144934884
-0.079410746069691993
0.10145965114550401
0.19770883250538296
0.056301713224393708
-0.15463463146597298
0.16412743874583918
0.30280093427656785
0.35559282263965436
-0.014463505622280489
0.0036271867036342833
-0.13137616165635888
0.24483859851975892
0.020946245840700768
0.14927678044724932
-0.12487491690098515
-0.042132113237818777
0.23000082852145953
0.48256059355092923
-0.11014755067752523
-0.018228043262623037
-0.063087631363382871
0.27825962931036408
0.23895682044926542
0.10617914405081999
0.01221533566639476
0.15421932892665247
-0.074040567010405428
0.093365413252252602
0.028885006564537949
-0.072487140322329988
0.0078738622449612983
0.31092264383056467
0.02600996153454983
0.16660118718455322
0.17518382352094125
-0.038293989693310826
0.33556555065756599
0.029694944945370592
0.24721092913995021
0.12481104923098148
-0.029503274991379162
0.12985898665524342
0.42538648532059115
0.065015928263091119
0.20121588343282673
-0.060643801406504758
0.046677101727223176
0.14900991908235295
-0.026657040940275198
0.13496468404780357
0.27982890363097773
0.10749789295977723
0.057284746782681591
-0.026399469841693605
0.48640663343246038
0.064101042866732363
0.15834076773329359
0.36294667980215167
0.060748455735902519
0.23330684612501068
0.2826995572930634
0.2979170385484417
0.17446036138032772
0.095742125631420844
0.33481999092323106
0.044494858341329609
0.14038044299069527
0.077541266245333321
0.27977417401403121
0.24249560869481743
0.11903055472106128
0.15121344331527395
-0.012722778174888245
0.060614132671222648
0.37185093506365563
0.4211351522190433
0.052473670911905745
0.04555230676745859
0.48278871927328232
0.3607977993505927
0.52190094951382315
0.4756547198404994
0.21776627587431591
0.36017460647024174
0.077413792553936864
0.26844824937742684
0.19405412133677244
0.33538913933582026
0.069192937967513413
0.10757486909392121
0.27910242896286597
0.15068018836245231
0.16095987405650036
0.19099990680551868
-0.0054129017277852699
0.31518809392536973
0.15139312020930196
0.61405409522152576
0.23304736568088724
0.29509978449353014
0.32589359660972006
-0.048495486551831224
0.0095509164371743067
0.198819928046535
0.14152002372817102
0.34456868383192568
0.42507974996103631
0.33593831222939352
-0.027989963301714375
0.11670705357079614
-0.084785913764430093
0.22179123204387646
0.10685963807432249
0.18672114871437714
0.077057743764044076
0.24068557645487773
0.049992920381681918
0.67959630878856225
0.64525159161671186
0.11580884386416858
0.085256421122485576
0.37671353801579466
0.20643209134925841
0.2990979284616917
0.60192090171591517
0.40180566688120295
0.29715729155008136
0.23859022825985829
0.49665402510532919
0.40768077449810952
0.4043398997981556
0.41522170170258599
0.69518403143707486
0.46897701082599547
-0.11370489868802133
0.10693054719312026
0.27559514105060745
0.056209192470559229
-0.059369160995436529
0.16954086283493805
0.49332565800020411
0.29825425943615114
-0.099927689168453765
0.26056929078018365
0.27514638352796905
0.056157443512666341
0.32341754015145818
0.26477886943058365
0.30774604978636205
0.24610598411667142
0.4471162720430979
0.37039767464685003
0.36426922840670978
0.31879108032735154
0.35854430389542896
0.560933693622227
0.099994446942383977
0.068797209630538703
0.19709518752265842
0.54153100800661536
0.49316076734447883
0.42881170315206135
-0.15604127004077448
0.30739653373480741
0.55282363916519606
0.24499652469552125
0.33240646807911517
0.49831581239121758
0.32062438905911683
0.43049974827644344
0.50532732886350451
0.43330249333854648
0.42497188114001427
0.24481773457462636
0.41388203974684479
0.45797869159856813
0.28641319998665676
0.0067940798298150203
0.25653765687758934
0.091375804435993857
0.57329263267072317
0.54511749776366658
0.032704746486564344
0.20126981964358132
0.45982337911891319
0.4289670272234094
0.40203625526588588
0.57474664913656814
0.30873529994503146
0.22879126245724105
0.37827261133306483
0.11590103375851424
0.78542955196863762
0.12481474199743725
0.56718119351726304
0.35306041850593539
0.1399668681828215
0.28004698913652765
0.10122305780213904
0.5053333327545968
0.42545583527511877
0.35660349310593381
0.41153448422386929
0.36156889627678829
0.46098513440667122
0.24588902016394776
0.37131561583083011
0.21009630833850063
0.1512525382581647
0.053134197161099767
0.47023218670176825
0.61160016704569364
0.51723892206930455
0.49271030732223225
0.38937022531030291
0.24353406773138919
0.43574534809690196
0.35918617008549042
0.25757725250043556
0.38199266837612744
0.70457779518536257
0.54725146921488566
0.66273026435359028
0.34859090635898032
0.56745287863276828
0.48340256258809294
0.49492979079945126
0.58086970870942656
0.2571525039385047
0.80924906825389209
0.42707121688465621
0.55776131722250655
0.67715876151231136
0.38838120991141439
0.67752677398650718
0.63586411430332568
0.67018775835970534
0.65530756134608514
0.36301324709656235
0.32122338010243962
0.58046472062062437
0.57804327699419755
0.68687867582008977
0.57443859565149835
0.086966921938688616
0.77301572787589734
0.66120699553369378
0.87145402286170792
0.53207159821355687
0.25327028067654728
0.62239885038472609
0.51377164711676104
0.57607082709213564
0.83091200636387053
0.88379320418968255
0.39708178525478244
0.26699093969012372
0.34581316169407073
0.1650400438651547
0.29519227129268111
0.51009739481407657
0.68293111638175463
0.23437475596983642
0.71391500807117581
0.40685190770786128
0.51870920466326365
0.93087702895167024
0.7301513305063394
0.67374933714384588
0.22622492233991168
0.61816496079942862
0.49323249876976949
0.4087555514342886
0.65713222370038538
0.11677450667718392
0.65645494125631698
0.5539709415458246
0.35945671932152967
0.53537548229770371
0.11353752777620672
0.52285516901170781
0.66306932338381419
0.36186459839020052
0.55429045885618344
0.7719306898653383
0.31972310246846802
0.42113916525166267
0.51848320566225481
0.52242222677835159
0.5313006586832747
0.34903040172526095
0.74986889936100298
0.74623362328278997
0.31901974716846537
0.50374031218037618
0.66280399286163016
0.7453475632062837
0.64353705006874684
0.99559293999933418
0.79429409127043471
1.0923849938036925
0.2764578803907678
0.59840353869786933
0.74182194448824934
0.94307940970279847
0.9990849469690537
0.57877174204136306
0.3724449547558657
1.0860423535477972
0.51341041272532961
0.50898854477835032
0.65491088170053868
0.57587660719932798
1.1191388294409446
0.64525587556848729
0.84038118113682025
0.56452917758270016
0.95588047151220568
0.64621881139596227
0.64500238392605225
0.61478155674956303
0.68616151484080645
0.62624793166212378
0.39062260302478274
0.59261084867270397
0.80031070844119245
0.52243437486398481
0.37918263113065315
0.73512878435976492
0.49492406846970388
0.61975596438940805
0.59956334316546978
0.54437835148369162
0.48289273839001151
0.55641719931753952
0.37784588925412127
0.78420251359951743
0.67518575208142084
0.55684528637735398
0.79441870327917807
0.92952869493022372
0.55956630932555929
0.69296854782647177
0.3458953237842643
0.67551050803522228
0.78458526156420938
0.74787602711785228
0.86653147646605289
0.86560422172274454
0.55356408492623232
0.74826287078595566
0.72498809821860566
0.75685253910181816
0.79570415769115066
0.73274542724262048
0.7057013545891071
0.65005856039006427
0.90223610834860768
1.0095707169399402
0.70530806596852269
0.62621102306702392
0.56560484453902371
1.0639658872833078
0.69784569622341508
0.72356655908696232
0.80808687925711475
0.94197198748686617
0.80886252409871517
0.91935964091471323
0.53158407357088389
0.50369230702147594
0.74178118957382444
0.9294900016986728
0.88336602363364591
0.63443813963564477
0.87052935883248739
0.59882211244897132
0.8054699045274617
0.81899899971675061
1.1719938914264898
0.65190506794979242
0.835654357625219
0.70662414060097301
1.0210041923038224
0.34843015028157071
0.92755008697697761
0.99823246528970644
1.2543742299336775
0.75131684948012656
0.96231414832674433
0.65319679738111669
0.88187549550299571
0.90639493746854749
0.65968563353492082
0.8203088796948711
0.89776480391568658
0.71776643948450003
0.59620938994318207
0.61414973303402609
1.0570384002386035
0.85652670548527798
0.71214637131597336
1.0380791324108469
0.65842190509349829
0.83468676324367264
1.0172886138392239
0.91394643934257491
1.000877022123817
1.0679511495166336
0.84518026561568649
0.77228037119425996
0.67480826493961599
0.7250811701906924
0.51905625050411375
1.1989041162898144
0.65100328062824009
0.88754558087310731
1.1270657456039217
0.81056254257754246
0.58887808245250894
0.66088684112307006
1.1220602424623651
0.75774464291170962
0.92596812186324229
0.90954365425859363
0.51055821602432805
0.64797491598789725
0.89970782647370551
0.82769887364979833
1.1235107274905545
0.87968461024208267
0.78821747025928091
0.7980036112378398
0.64457738861299907
0.78119307996458576
0.87382080102247683
0.72801989346943319
0.6975371365483396
0.95776558155752467
0.72681440509614159
1.0008396284458776
0.77996442410464062
0.73196509552972988
0.8746315516326163
0.82464974802133306
1.0767125266642406
0.77814538251644128
0.91979501852941337
0.95508808822906943
0.77398410400888562
0.93958398561713663
0.82378033487784941
0.96012072874725796
1.0570288089484594
0.40756885422666678
0.86187926882508537
0.78172903393570492
0.80159935771245117
0.89127384867698967
1.1181220108332313
1.1378627399899315
0.90252403987296981
0.68766332671060582
0.8175941775120612
0.99851325164097127
0.77869810840018316
0.91920965893060624
1.114786344839934
0.96048621977765025
1.2603620646396811
1.1030201806150797
0.71862779089826878
0.58735450572961123
1.1023622741324501
0.83006445610401769
0.72816483114539265
0.39244650062934405
0.84901040924395554
0.89029445923635242
1.2560050009912584
0.82216624813157169
1.124079306023902
0.98142250376768025
1.1592263979067838
1.0646008882506501
0.94082905717061882
0.85883208912570352
1.2346105129990885
0.91057315736915756
1.0687594245981071
