-0.90508216393801777
-1.0019989806311305
-0.85914864683138692
-1.2583125827309745
-1.1734234906626524
-1.2320739849697424
-0.93857804991745253
-0.77558322876627706
-1.1938547098350372
-1.1762287447869983
-0.99863946231380085
-0.83236748001634275
-0.95187591282576955
-0.96030054487634131
-1.1498266775417256
-1.1500723444640333
-1.1355691380900927
-1.0623395529241875
-1.017689254231265
-0.9938852888966011
-0.7790476527278144
-0.79278205541785718
-0.70743584291671091
-0.85749920590560147
-1.1365746222699105
-1.0321264694087997
-0.83701731681415126
-0.93809907217471999
-0.88327373586709135
-0.62061976158250498
-0.87961005077151833
-0.95191450645804065
-0.81027501713879224
-0.99164517779066041
-0.6958249425397609
-0.83534550110659345
-0.63378346265243657
-0.9360431850507579
-0.84841517221357299
-0.90331635919959341
-0.81914522220500985
-0.78058188806075768
-0.7431095553102518
-1.0293907164817289
-0.61597071193935182
-0.93934420128631568
-0.60678864079616912
-0.91758831469003599
-0.82491947333953641
-1.0877827098776554
-0.66500847707387756
-0.83605581448584976
-0.95899630152897952
-0.60674418215910331
-0.98250042575880669
-0.78787011721014533
-1.0621754934103371
-1.0329882975847888
-0.74649207644969084
-0.93992432310112317
-0.69571242869437944
-0.64040015469466205
-0.79474485164092123
-1.1641152247442368
-1.0174019498889917
-0.76509858620404447
-0.77897520721011471
-0.67493801777914431
-0.81193019732475336
-0.7836387987860346
-0.72343324080133353
-0.63376617087347031
-0.90105588937142989
-0.60216240704689927
-0.65897454999171612
-0.8909013833835483
-0.81283381445101655
-0.81615366374096188
-0.87238242548534783
-1.252659666656095
-0.66561885713881019
-0.51696759231915712
-1.1525713844897336
-0.81161365754149639
-0.88644280478632764
-0.57623447388560112
-0.65192590301396547
-0.76080902086557856
-0.73372659165015197
-0.55129973279233269
-0.61676114038865604
-0.81193417632679632
-0.96831963941371801
-0.52510098952295692
-1.0871407191661144
-0.91418622082181211
-0.7433650974145497
-0.94728181607429562
-1.0472149623873188
-0.7585206145990081
-0.84359584310642344
-0.81933160805500316
-0.5020117147150942
-0.91935352169034579
-0.7637238312165513
-0.68883443808589129
-1.0561550124337922
-0.78511097495199866
-0.54301097981171764
-0.5895109558339845
-1.0533153380918712
-0.76479188608473725
-0.81079539435741321
-0.71589439867814919
-0.6773992501902063
-0.57237365509794291
-0.83043084896996522
-0.89098679162701877
-0.85053287734616745
-0.98647028760759858
-0.93389544616985654
-1.1574587730422314
-0.47143236882279249
-0.90868424080031651
-0.41634651590544131
-0.56066962057046854
-0.8414989306789834
-0.48417699793270225
-0.84461020093148664
-0.66503662983407319
-0.80078242157324098
-0.35872538266224946
-0.60684189482666728
-0.51668235293358344
-1.0729505015736445
-1.0311746930556536
-0.67977360751293125
-0.8913948148569304
-0.97005080442477909
-0.69766439254726975
-0.91010836944273488
-0.83692814095407375
-0.89758486969687157
-0.42157765638079292
-0.87894680289498495
-0.60582185667987354
-0.7320902446309272
-0.8008258355801634
-0.75507160618216684
-0.74878464220345353
-0.95039838497456774
-0.5371228679493687
-0.75675751028391869
-0.66302413780907898
-0.94307104518439044
-0.31980212850664719
-0.70725627501649035
-0.71694380735809748
-0.67155710708616545
-0.39420287572323875
-0.45257664530490666
-0.5113110300692848
-0.70168573728543915
-0.66081365027235017
-0.68259457367428567
-0.6244076997671234
-0.578295553020443
-0.62436897770705602
-0.71585610977021297
-0.54943721455928363
-0.43025570913361882
-0.49975060833789708
-0.71211287267276968
-0.76330299255356093
-0.90357531932830681
-0.26802403162498922
-0.98914548285954296
-0.88191176171778696
-0.42740199995776812
-0.66770182311520554
-0.55791676940972201
-0.79604373023703878
-0.6787647597138301
-0.81012722044822272
-0.89944342351052464
-0.70203189448443981
-0.52302293659612653
-0.36108246110527836
-0.68260712009686597
-0.80871383321345258
-0.29388610488332345
-0.48313466207403277
-0.58691791199632237
-0.35567915569539732
-0.63583441308263844
-0.52338992873508194
-0.60734290428471649
-0.66225498397664428
-0.9170095699770332
-0.46893990472459179
-0.54430236259877174
-0.58709631449022404
-0.4152416391556718
-0.42391990601431784
-0.37489638326503461
-0.54229062136691786
-0.81751985781418879
-0.44399829796730994
-1.0032494114945789
-0.53564340479587447
-0.63034602969335907
-0.41077958749631183
-0.54095278149355341
-0.57359386179155103
-0.65588514301135414
-0.69932155152127762
-0.43455520458949309
-0.88694420433453647
-0.72988313959169038
-0.18901914868447706
-0.54752998451461243
-0.81296893436893702
-0.47934640760393804
-0.83493968768064075
-0.51889605196412403
-0.81778570793141414
-0.91023288179870576
-0.42248095766144633
-1.0001572203615374
-0.35405274789348884
-0.5282607044006038
-0.69466511564228639
-0.23137050549862223
-0.5762679615693781
-0.87463224965357911
-0.88196382389255135
-0.57110426638683165
-0.60233899098910171
-0.39156804081935193
-0.36273781451501247
-0.61747674011995102
-0.51065352815678289
-0.39322377730632052
-0.52404219370251537
-0.57000710091558271
-0.24417193633245995
-0.66370188231786598
-0.20399996170379031
-0.48997685682861458
-0.083139946339718787
-0.20967334323527478
-0.39745056058458711
-0.74630552908983516
-0.9030166250519468
-0.71478776270606048
-0.24960841989611304
-0.58652442489430845
-0.573849606674943
-0.28630996888632804
-0.40833357435327383
-0.73151322641468275
-0.51786153006024138
-0.52131107535470811
-0.27973938602038745
-0.81758219637169971
-0.34247599635068154
-0.45480398200060479
-0.494581242176448
-0.43275444769777627
-0.47228245210870023
-0.46661059313300357
-0.35295130028387328
-0.19961028230207545
-0.4934264657993766
-0.25623657655614862
-0.25067075152488849
-0.63828167594629615
-0.38287555966765652
-0.46571809712228945
-0.63566940306834596
-0.62968833200365004
-0.55475691816449879
-0.080582975738963614
-0.29171675247488144
-0.52395393955086478
-0.5693182270238577
-0.13635814830074111
-0.46727821239224926
-0.50336577691204443
-0.26946760921923524
-0.60383898069362107
-0.38608203728659013
-0.14525756401135764
-0.31630253619421822
-0.51688201791960076
-0.36073360255902687
-0.58602747090212082
-0.30263801661666428
-0.26940347946197057
-0.66562870138659092
-0.53670216083745548
-0.025344689513010853
-0.5000703694861085
-0.094658578916313255
-0.49495453686910651
-0.5587106652849767
-0.23538253039165394
-0.54095825898633354
-0.38149135873794798
-0.24503369707592221
-0.14968218384799273
-0.39477432489517778
-0.64138505507771848
-0.65034582354803405
-0.44501040915157941
-0.029707178699153597
-0.04448317030703576
-0.10139199388132986
-0.6250279494735741
-0.427019178956556
-0.68531255403126745
-0.18728464418030852
-0.59205915525260566
-0.16005779283595245
-0.22047808463933261
-0.33081082522985483
-0.50081736154514678
-0.46021703651319357
-0.056686725883511035
-0.4058259910694591
-0.30483616622798787
-0.38041086370140642
-0.20201708470349572
-0.3930756006073951
-0.31578213113751386
-0.66940487796421888
-0.39550720143503687
-0.026391220223119256
-0.18060005644533939
-0.4545584534687061
-0.05885189409803733
-0.26477322504850365
0.051843392981525835
-0.086826902645207746
-0.3346012981836845
-0.60710174449138044
-0.34400167315166907
-0.11265301720194684
-0.45150983692792029
-0.22459618264850431
-0.51100120499073554
-0.40204767643380751
-0.59096900691921883
-0.41969905728107187
-0.02861129426473567
-0.29640531026705885
-0.25689723733827607
-0.22588527848611398
-0.36312955524107576
-0.2159328099175471
-0.20662789958389211
-0.054721683814162862
-0.4750387294297137
-0.52871981777834176
-0.20390882346925887
-0.3196985914585197
-0.48109999200648179
-0.59496455602675269
-0.083685029612000306
-0.26772820981478379
-0.13922964171908589
-0.40219972020228251
-0.20482268971849152
-0.18716646892763406
-0.26515442005448614
-0.25410129589047148
-0.34768809082396335
-0.067757569171963822
-0.53697692250461138
-0.41791530886556549
-0.33509396677265274
-0.39564728751128725
-0.47670412095635856
-0.33442025329723257
-0.33334599271165982
-0.27233127184538158
-0.34434201423516042
-0.20214380950880792
-0.56200250437885269
-0.45104277210369026
0.19293517556668804
-0.080204405096451423
0.053586727929439984
-0.35172516140173676
-0.0041299076761367381
-0.19314105011661792
-0.23589746314986609
-0.11749237490164473
-0.25212059724269276
-0.4034580222149225
-0.16200639250535959
-0.16396184350026213
-0.070508912677496635
-0.35422672750169704
-0.24788360864284978
0.18720838388030744
-0.33270978599734019
-0.077692925538545107
-0.45121252888232799
0.1446429408305617
-0.12435375201195308
-0.41348393144576318
-0.098781235005705695
0.0093181721434304095
-0.024178429762369443
-0.12122695723345213
-0.18391145217773913
-0.13937955500076424
-0.28251972911183404
-0.14024696348917057
-0.28644292455361942
0.21701866725664862
-0.15974256547200708
-0.17304364375963277
-0.048496642182846064
0.20839173162322902
-0.086512302709590441
-0.33838215052801029
-0.20619309061433794
0.037121282111585732
-0.41102434298976076
-0.59650495856782149
-0.11527565545515546
0.15405223449352143
-0.53376617841877505
-0.23381384310199838
-0.23603131104854125
-0.10408571503674811
-0.3228093173297763
-0.3071624938706306
-0.28816979338884968
-0.27829779134880311
-0.23406066013965648
-0.0019768536900521792
0.077880452073372686
-0.3706470461582389
-0.046559067323744874
-0.26691465368071859
0.031573712493444074
-0.2420770432358528
-0.24518833040632659
-0.21233924330233003
-0.27160502693215388
0.45096008003487204
-0.15358532971545119
-0.30120828215332929
0.0096394679990822706
-0.18261343029323679
0.13054354155604042
0.040788537485997811
-0.038824652885598041
-0.14593497344363696
-0.077907543850543368
0.0712854033598566
-0.18130994125861938
-0.023064085085711731
-0.27087594719538038
0.23880792473179541
-0.062587322407045246
-0.18944882660661194
-0.100578985396984
0.023885450235677435
-0.049480417770175436
0.048214750174997725
-0.2144130714131012
-0.26169736678018829
-0.29450860887280944
-0.57997369244020214
0.1442485324043685
-0.079482282727909456
-0.16832532082049045
-0.096473077047512026
-0.17120446612022014
-0.092483776469711509
-0.14849962931722943
-0.13433755908936187
0.11176036977534209
0.0058592009962690136
-0.34235383824247617
-0.57022017206943931
-0.029913890220554431
-0.29318408861103057
-0.2621461169635701
-0.038313741597283978
-0.019464659535911043
0.099246053924538891
-0.092732970928991312
-0.39240793394616907
0.098961987093468345
-0.40514184879402831
0.19338392249323888
-0.32741499267572965
-0.068559771627594537
-0.18200098018192121
-0.30068366534882679
0.15853213937297361
0.052138404490610059
0.027689375912575691
0.17603896861793702
0.097190249401085727
-0.067217343382239114
0.12460756917538211
0.20067877200581485
0.059451601984887061
-0.14024059699642308
0.18219664359568635
0.29818287156237894
0.35631222653956462
-0.036609263980048962
0.016894039290965147
-0.12444102589144816
0.24843870855845193
0.0084535187539003381
0.14802640488697461
-0.12116887817156134
-0.032536768147164358
0.23586496446856881
0.48518758075205304
-0.10286390679178598
-0.016973000207205262
-0.063582656124682377
0.27740831067873467
0.23019315063883744
0.1032505512769516
0.0012653342503226065
0.15365062386317127
-0.077778240923683073
0.090188152491209553
0.022689070832030922
-0.059945853474997882
0.0067666265138074631
0.3227305404073515
0.040875553227939773
0.17990394069406007
0.19045584251986855
-0.026738211514666724
0.31970454408910581
0.043714725643064327
0.21087435338989688
0.11309752481777123
-0.036781519698440589
0.14692111897621063
0.42733971802229276
0.049760121477560315
0.2060182678762949
-0.087764809945462485
0.033974371967516008
0.15966163290506988
-0.031648992457177706
0.13098785907044902
0.27610116626764369
0.092304627227967256
0.076280134831037502
-0.016577749694360037
0.4725633730145693
0.078905329475140382
0.15595480240366122
0.39482318496085683
0.071300545952482849
0.22756835015180488
0.28011977772419311
0.29780315234884563
0.18399704649601981
0.080339480910525021
0.34038046314118481
0.021610786993345916
0.14221890765474673
0.083220518255885875
0.2599040003643438
0.22474815307965151
0.12489528440050332
0.15099243224064865
-0.010675551398535517
0.068547951633883081
0.35633516122392866
0.40136490176454409
0.051422738129139785
0.038088942054602289
0.47979480222244109
0.33837195115388613
0.51431640693339009
0.47069950639065444
0.20753402438282514
0.36654678795002971
0.082551123133140572
0.25728707062842243
0.18235488898436641
0.33186323336236123
0.04096308221396866
0.10310121503095401
0.273147454482498
0.1758885571166757
0.14876096972977984
0.20261810974571354
0.013795261770352996
0.30043600269089937
0.14259490480337553
0.61115362009790897
0.22882412682873871
0.29995934313815087
0.34423622496933742
-0.078460746098100678
0.041536747020822704
0.19588961567873828
0.15462030338844751
0.32029294838046174
0.42418180166693348
0.3164166969959783
-0.034522306117196026
0.10085412695266541
-0.069642048900082201
0.2341653542213214
0.094268177114884485
0.16792406180823327
0.095499321440733573
0.23372899159603522
0.050536303836251031
0.67341817008338711
0.63271444102667029
0.10775455167285224
0.0669021174080177
0.37853459566497155
0.22062320808194585
0.28053534525415796
0.59826669789707743
0.39645392563245752
0.28088086576528404
0.22362952785037093
0.49226591382895996
0.39535345579629394
0.41929041791319444
0.43227616239680428
0.69042004830726766
0.49212769123376904
-0.13405317724791083
0.11008142452950241
0.28707198778673715
0.093908088680347127
-0.052343046118998836
0.18188305465142632
0.51067773923898463
0.31978151102600239
-0.091694153453563951
0.24370493470669452
0.27743214518457565
0.073576144094415388
0.30593109071468577
0.26150052639968296
0.29710407647186571
0.26278486902410481
0.46408212901713491
0.39325970758526585
0.366589608209824
0.31938743657400953
0.3466676621982408
0.56975874373768709
0.088539822730783979
0.069729305091481092
0.18291271426619485
0.55983225445250839
0.47000997880187911
0.42355602826488653
-0.15048622629500435
0.31655230019494474
0.55845960354741064
0.21843655350403787
0.30913458111011533
0.49243243473242093
0.32881967981122256
0.430713561735585
0.50918969629111677
0.42321058586167548
0.42223939266525501
0.21442049485785691
0.40820628220526894
0.45968743934170664
0.25578967728854568
0.019022885849639619
0.24977657075348605
0.087178285033356936
0.58183738145553832
0.54592166940264952
0.041696548031748812
0.20338299426878079
0.44776488844276691
0.39712180108459189
0.3741739969497816
0.57596803094439131
0.30261633320826076
0.25254490566176563
0.38705112065257846
0.12429005461055298
0.78939350931308871
0.14976706635755635
0.56746606191280125
0.3602433925546244
0.14210088318339145
0.26182229827956827
0.10682484990549194
0.50127876938207649
0.4397970143745385
0.33601782973905242
0.40000384584287979
0.36653604202831963
0.49212591395775768
0.22391881788682438
0.38522376553504839
0.21153187144137781
0.140231692211919
0.0513869932056049
0.49641521780894032
0.61451767122679879
0.52530308449155494
0.49054385551857771
0.36555424539972314
0.23253854590083489
0.43736905769720696
0.36794577884157104
0.27107888339623998
0.3780761884069368
0.71942573725148262
0.55100646626518113
0.65437391131984302
0.36069547855859707
0.56398490026609271
0.4986557547110787
0.48051491430861887
0.58495972790702666
0.24702508617381966
0.82234402038760268
0.41579979010788604
0.5607586309920739
0.660876008661194
0.38744739085760238
0.68145753916577734
0.64395500107141812
0.64618698538352848
0.64876626282298044
0.34482169525171813
0.3270767661642987
0.57147915800121896
0.59338154757018469
0.69351165013108695
0.55404725515232678
0.09205259815686806
0.76463511804175543
0.65184180659473268
0.88387714413959118
0.51797089356757353
0.23453889077413864
0.62502083314246559
0.51708627412149566
0.58447448970397531
0.86371474566981876
0.88323191363929543
0.39708860547945218
0.27092738094416996
0.36787750628985588
0.16685953418328955
0.30287222583389989
0.5039029406865112
0.67263524263475349
0.22012733833739898
0.73684307214646794
0.39784067116459898
0.50843242439565139
0.92991197325745367
0.70412020278998833
0.67688546443356645
0.22604651337132772
0.6086185112263115
0.51382129041428637
0.40054144841592593
0.65419382938441495
0.10280681410829866
0.6350108839130274
0.54900051475271827
0.36823707861798788
0.53145094459639497
0.094527371503501406
0.53867387303867353
0.67967206062443175
0.37956192380670972
0.56289236975127355
0.7800413587828865
0.32772525060201413
0.39566771008574303
0.52183258376132668
0.52559849442864759
0.53025625033544732
0.34816723038082464
0.74564965286416074
0.74217462220314201
0.30100348913127845
0.50074544616429995
0.64962372413825187
0.75081843644146795
0.66589237873450791
0.9857789974599237
0.81684760158442249
1.0769320761955172
0.2524292519908885
0.61190782094489871
0.72735988786801586
0.92285744222197408
0.99670217616212053
0.57025585059595996
0.3554790275145604
1.0918897139516364
0.53405699009346119
0.51281831719845594
0.64001262736947839
0.59588480998578475
1.1227015078614262
0.64339245603742434
0.83936597534920243
0.55790582446879311
0.95630681948380925
0.635982513020795
0.6531479676172719
0.62295407210002463
0.6927784475300599
0.64481544463962792
0.38355890582486724
0.60247624367359276
0.82006265837301584
0.52348044394896831
0.37587807132128964
0.7520631261530859
0.48968463662494355
0.6241289454385397
0.58774539405182513
0.53714285769203651
0.47879159493925599
0.58391341396893881
0.37680731818667479
0.78690443830614887
0.6733286642097307
0.55878247401555692
0.80303502726561649
0.93239636577439311
0.55616876898685275
0.69157668259716631
0.3409721758578485
0.69074559516603562
0.76294992165443298
0.7496060665642218
0.83235728228242045
0.87992433073567222
0.55129410193490247
0.7491881222026775
0.73007876764094681
0.75088781523297965
0.80698285733655972
0.71599055430445713
0.72521298763660924
0.64986941733080628
0.88630079245254356
0.99671871078694274
0.69446728934931246
0.66060167142982096
0.5858261144434429
1.0457301742312466
0.70207651287578798
0.72707004014848442
0.83145175145608641
0.93762336729104467
0.79233434821204762
0.90960448778194758
0.54460768590356534
0.51210652928256561
0.7436786520021279
0.89637638866432745
0.87763613393534778
0.6336163071534846
0.85887863184366198
0.58946515074699024
0.80103733856541548
0.83993468870494303
1.1810109029152549
0.66253546278206943
0.82577635818295769
0.67007336789997762
1.0073500170525422
0.33521324910695705
0.92965986461475225
0.98546876784772719
1.2587471099797729
0.76881076817107052
0.95741742198993385
0.67094404847625122
0.86950218727816508
0.91854696929023949
0.6585353053400359
0.82362525484123994
0.92564324281155475
0.71757436044729883
0.59557556705071235
0.63040654351993508
1.0581166418511883
0.83774381781293439
0.70445159576841465
1.0077783640237588
0.66277165990565334
0.84828262276281008
1.0320431304507196
0.90457406831057507
0.98477007921511028
1.0554500643891078
0.84034896469377707
0.76248399043912463
0.69842858795999396
0.72907041555596919
0.51339685755958153
1.1699580742743292
0.61765279396464901
0.89643624981867032
1.1251097184977361
0.80924896414878011
0.59976341495032326
0.68399102616896057
1.1159921049164128
0.75959074266840798
0.93543976589412492
0.88720671770382387
0.51223426496996383
0.64227079025097522
0.88777195069026416
0.8207792186338827
1.1329259625364971
0.87081382363522974
0.77263792948027066
0.7992931398109302
0.66715473149901972
0.78870152926528936
0.84682751549543844
0.75624184583007115
0.6921503064857093
0.96958103439360321
0.72737318422444308
0.99537170701089361
0.78203960248620663
0.73623698520710301
0.87164097258652162
0.84135948669047012
1.0677863068740951
0.79463377334208551
0.91890749598810395
0.95071751695275664
0.77630305509298092
0.9560187386525365
0.84523354281459784
0.95629384641621329
1.0486481425480898
0.42010967007006972
0.85988366410770667
0.78138328608978036
0.791231758092377
0.91351042094417234
1.0981650266588572
1.1405395898572377
0.90640621438216384
0.69556722500884893
0.79955218525716898
1.0042149870409056
0.77868332863714917
0.92254979252720837
1.1454886609912367
0.96515810526819612
1.2578088493003035
1.1100410408446613
0.69478841732339902
0.6141638958077168
1.0810949875238318
0.82855344893865079
0.73775375210844085
0.41591490795581498
0.86208483115569989
0.90270007679394693
1.230589781321962
0.81064812838471145
1.1433099795795991
0.98065374130248428
1.1512188374654946
1.0748799602997818
0.94654424854987518
0.85685956635116567
1.2391156336720599
0.90466621610903974
1.0474343973709028
