-0.77179214163374021
-0.78184035768987792
-1.0977814264186563
-0.76367560554561209
-1.2226743409131586
-1.0282720635620424
-0.7705829003159832
-1.1417997335741463
-0.93821570993024039
-1.1242917766902261
-0.96454305749004365
-1.2382422505169954
-0.98504179536713077
-1.1892215800014443
-0.77851977574320852
-1.0312397150980499
-0.92951882847007139
-0.90309935732579105
-0.84841092619788705
-0.74345411022619312
-0.94026697349183463
-1.1019077189771174
-0.94987746500913695
-0.824089414977622
-0.70338891102133561
-1.1120947986757308
-0.61864796182973669
-1.0534668847466389
-1.0158152152168884
-0.86837557013763333
-1.254155158147342
-0.56946027706861901
-0.91415484196071439
-0.94961769560236564
-1.0153237390384282
-0.95059185324343243
-1.1017429652536992
-0.90035180594192277
-1.2317727386166322
-1.2131587130117447
-1.0406655656228716
-0.86534084775407061
-0.83119028923053495
-0.86313691773151291
-1.0077342882922242
-1.0434627454983978
-1.0481574082495189
-0.61138213013550002
-0.84966484280917132
-1.1914583366982372
-1.1228501131211728
-0.58669521935167745
-0.70019515808302379
-0.94957987191385196
-0.66168876901236862
-0.75927363507485202
-1.2488004015506267
-0.7091546126872631
-0.89238367898806914
-1.0007301961306356
-0.90562740750379167
-0.94471014394000707
-0.8647649198865478
-0.73795994556077038
-0.83694826515918608
-1.0769574406196152
-0.84081582302138369
-0.98780682524840902
-0.64449427519617897
-0.6930989016473329
-0.76556946370022372
-0.61829757492840476
-0.55048752661560796
-0.86421625901215526
-1.0251005397929176
-0.82196713787292119
-0.52737195776033641
-0.80223619257567014
-1.1428087851297335
-0.68521934578349264
-0.80867230564908421
-0.83175974648046203
-1.0401277970055853
-0.8157736303259181
-0.43160164424564817
-1.0335821599744424
-1.0119754577559925
-1.0043204520721392
-0.75642160908027223
-0.72779776541739094
-0.7555076402906522
-0.64041203817178238
-0.99606807137653375
-0.56036979832404177
-0.35677288019034581
-0.84903824866474431
-0.93317060605012758
-0.65521597725388081
-0.70584775194912031
-1.0585984740292487
-0.72168647123906648
-0.74865078175338917
-0.92600987512406419
-0.79861158413893718
-1.0274587955744114
-0.76078561968168357
-0.73043228323133436
-0.87139490337966696
-0.81232275973557866
-0.69118802752052411
-0.68919664765399646
-0.74253672312684493
-0.62710930795893904
-0.65535306377854707
-0.81192232961411526
-0.81497619024149759
-1.1085290484569776
-0.49610025248058592
-0.51141594828364934
-0.85063299094225919
-0.84049532835335039
-0.85416722869351913
-1.0914534844620454
-0.63956963507902309
-1.0999137736978981
-0.84017814512280464
-0.9118570123716373
-0.58361844182605471
-0.55184017259585549
-0.64622322061641546
-0.715648249384219
-1.2276756361114927
-0.76035443345888631
-0.54780013395195615
-0.87715762081765081
-0.84078576746448619
-0.93220014543522323
-0.8895518308383914
-1.2198486191431317
-0.43729361698608959
-0.55792633378393164
-0.68664673349434824
-0.69639027797389008
-0.66858358477636337
-0.71842562192041914
-0.93175503195536002
-0.92227887052832269
-0.86786481865044385
-0.3128126976434159
-0.45285331707165927
-0.37778143176310158
-0.51726363137680664
-0.83078490674251049
-0.86245675063885285
-0.81642724889745277
-0.62582572544950743
-0.84683100124426924
-0.73227000233273842
-0.63562404384657789
-0.53395265878412768
-0.6121796886758315
-0.90298476625626178
-0.60434271854026334
-0.87633131080769477
-0.76532390463723599
-0.50504412665078713
-0.52168334040683206
-0.90209483995003203
-0.67176174757702689
-0.4033484016908726
-0.6930843261518721
-0.76246178362366834
-0.70677209357933057
-0.60557953961707711
-0.46031087045377966
-0.61269033853609445
-0.87935907532056512
-0.57487547117880322
-0.92885238079355803
-0.092410308600455196
-0.55059128732802709
-0.82684269144882128
-0.1479030109677556
-0.83365664386882576
-0.82847839450293925
-0.84393603076627843
-0.43925279237705767
-0.61976470214588231
-0.25144835894986023
-0.66440720162957168
-0.7101571898635427
-0.27989654603636677
-0.42868374308834234
-0.55804834405708448
-0.89645992963320764
-0.39496458569204151
-0.81403410139085597
-0.60551826222373351
-0.33127092959912141
-0.68115513729319443
-0.84583645929132134
-0.90892925035563488
-0.48030132364486938
-0.46505226735822092
-0.84649756619932115
-0.71224838114348921
-0.27208354978037191
-0.57471423458495796
-0.78784771283230826
-0.64203099880731307
-0.58580937741350492
-0.5808423825359762
-0.37992091160766434
0.011143213171478273
-0.40107084799499082
-0.44006974100443064
-0.24484067595586387
-0.61366704319528209
-0.30105430799831567
-0.66568703361345816
-0.3435232332505434
-0.50402278217781493
-0.64241150309778328
-0.45462854363803396
-0.48630659463543402
-0.6226603696486166
-0.33794411725050227
-0.79178760704959594
-0.52340261729666693
-0.32695668507521342
-0.73600459305372368
-0.99492951797233087
-0.58865889998784726
-0.41891995877495264
-0.63853240074013562
-0.5371345648117346
-0.56520985208648311
-0.74330040045858981
-0.41976288320422439
-0.50614724654101317
-0.7842437505232337
-0.33927892541295851
-0.31317621407576918
-0.26572364874373428
-0.82167941297058944
-0.52016431728357804
-0.1993215644351394
-0.35696099349434263
-0.77580515407570894
-0.58329530881562353
-0.31430862525211811
-0.41872974449621625
0.049971857784670941
-0.25293022034016632
0.0055076095630391432
-0.49644957944128532
-0.73365349294338389
-0.18049023545393417
-0.16241037013085471
-0.44633012811861483
-0.16308108622173001
-0.27636953612437548
-0.5834603990510977
-0.50982273515568999
-0.27456599767109013
-0.40900625848145922
-0.4268229092814792
-0.90901615981729644
-0.84000103588172692
-0.67408314547095316
-0.15636001318391601
-1.0673031554499877
-0.15747502774859004
-0.42515576300701519
-0.46294902496793039
-0.34436556592044204
-0.54410307455610918
-0.44101190915221139
-0.19026237629857801
-0.45728384529068705
-0.57650669014052902
-0.303476297246286
-0.32899561073056394
-0.38224662310983765
-0.43153984746981244
-0.41470966059071873
-0.63639412707784826
-0.36634046321840164
-0.31711146517634203
-0.0043561433076737353
-0.47607146897473324
-0.58777699779686898
-0.64659482013473901
-0.19083480365987007
-0.08516512812426684
-0.54281717773553928
-0.3103346949214203
-0.38217708514278886
-0.57714201016170563
-0.52928891128110811
-0.32668737721090269
-0.55801505008464403
-0.34893681887649719
-0.52414047944813935
-0.12533759681296888
-0.30616586131325879
-0.74025485211703435
-0.53768356505481674
-0.36782355672414196
-0.3443941904480578
-0.76087405770153116
-0.67018904661207535
-0.022593611608046512
-0.43093930008491765
-0.097722428078422047
-0.35120525106936307
-0.20039327414048178
-0.46346563175378547
-0.37691975163109631
-0.32891011094916084
-0.077538110756633402
-0.14677383021481022
-0.062921272590224162
-0.03378751508971984
-0.38028354919563195
-0.37499363694661764
-0.31055584353333759
-0.24590451190037019
-0.61574779871991236
-0.77018696978951806
-0.40280744701727556
-0.29284083954766471
-0.44287616831183851
-0.29923697437961938
-0.42489200496477098
-0.18514028939461288
-0.30186528958016334
-0.29173108237869033
-0.52532198064766167
-0.54920115540401937
-0.46007640742729627
-0.72193581740290846
-0.24647744187861728
-0.56223033215408469
-0.44938238370777694
-0.59620158391299749
-0.48331975369169422
-0.24752767962287661
-0.14197852459095456
-0.39381891495021815
-0.68251084821375163
-0.35673447507602496
-0.23246693036043486
-0.16924114813983088
-0.11498563351759918
-0.3363779185521813
-0.095069321826217634
-0.43678941103848301
-0.28654591514199362
-0.37139308325134152
-0.34192411205231277
-0.36457408746012721
0.030308910007280185
-0.23584982487505682
-0.54378215093253235
-0.24625942168950998
-0.30704707860630431
-0.45401886763427751
-0.20340875457656774
-0.49228507093744728
-0.3980083039594402
-0.21786838337245093
-0.18252135517030327
-0.1172214601395714
-0.24151375655062587
-0.23270399091053032
-0.17869117339570431
-0.17024454539385331
-0.27121783703160102
-0.15301248838739728
-0.035000801991924783
-0.59888335099073209
-0.27669442359373925
-0.13340196640287158
-0.23650318726286734
-0.1066854862619523
-0.23229593659852793
0.026729460100203876
-0.20652256819311493
-0.41670008328957353
0.010297052011222281
-0.15334500523946329
-0.39740912323034916
-0.27101854334069808
-0.14462729599884361
-0.21135119299699465
-0.13985932382106908
-0.22538380463450233
-0.31708362762291609
0.03692920118384127
-0.22550441696337348
0.012606845429146654
-0.24929904900602809
-0.16253199337990842
-0.17806951664569873
-0.42132566685834549
-0.16115044959382094
-0.037802074190154029
0.022984215834425434
-0.050745821297465001
0.048315187553773849
-0.25281627914602761
-0.050377882170371514
0.00084558120784185265
-0.5091732410788794
-0.0088369224095910456
-0.36432173501233717
-0.29935430032395738
-0.04261325173403635
-0.21532083604259808
-0.29491358082089619
0.04754801302898494
-0.41803473461636881
0.2746863694619151
0.064740441654045314
-0.12242695571356513
0.013146381770392351
-0.20172855088911656
0.097888002625560439
-0.060919804980561459
-0.086853627951581552
-0.70955244623425395
0.01069830609773071
0.087806438571925119
-0.32271465657511245
-0.49543011338787157
-0.19628753078515099
-0.44467398349745779
-0.18802742936450001
-0.27162371189044504
-0.45022762046459092
0.14742237100050018
-0.015638832366747363
-0.19067153198269621
0.26096672064883858
-0.18185553552782524
0.058428609521980951
0.062663861701276719
0.010744781592647539
0.055680127982758884
0.15385097987272434
-0.099064631200840275
-0.17747676864106376
-0.077595230634352905
0.23873159139034372
-0.11109945071296677
0.13341679429309172
0.16274525210186813
-0.099736020730145397
0.010284770118163294
0.10439587817174872
-0.25774376899420076
-0.15912002808525608
-0.12478828382625445
-0.21312482522615331
-0.29775453005904712
-0.36777490637443827
0.17183496659298811
-0.0751826207791116
0.11860439533447478
0.14747555716595606
-0.15398355358777208
0.28679655688371986
-0.1245415666892209
-0.24731488987534569
-0.043218181952162163
0.29737699977292859
0.093629955939493498
-0.32361199592654716
0.044531028428450935
-0.020434526851755386
0.1664047340785002
-0.23913656211897166
0.14368091306764555
-0.18082741190859733
-0.052135889601399851
-0.21257884494800583
-0.03596357273069474
-0.43139442594161143
-0.44623374353675443
0.28237895439684702
-0.10058100739269629
0.059966710596727542
0.23931314292570868
0.044466537187429378
0.031439454215171345
0.17158787425425781
-0.2230192250474014
-0.29274373176298479
-0.3843065601414194
-0.16659390567319363
0.052008374524146979
-0.37557961746492452
-0.41880548555404806
-0.048309361190007734
-0.017381513691600202
-0.052147286907095282
0.21581021126970648
-0.24076289832227601
-0.20315866555263257
-0.22912074610173364
0.075188581576341507
0.11812639916055707
-0.10726179754419421
0.035333301825291152
0.10098877877863004
0.059840373155528363
0.093513041408650105
0.1387903094220598
-0.46721631178041378
0.065845700068088889
-0.15475927226918165
0.22470402543625373
0.099748635793695736
0.10209695317215663
0.22187185571591311
-0.27150257819924833
-0.0085053991886844364
0.37348334342376421
0.023735464997208449
0.029385727196598477
0.22328926943793814
-0.20647101382176317
-0.064165600577263421
0.03042452210193286
0.15367047671581555
-0.11396679397038602
-0.094709718324549191
-0.051229908269548631
0.08643126786411516
0.27349367519790968
0.3540172779536096
0.31863153949276923
-0.12534961732867031
-0.056978241493162683
-0.26002436735694956
-0.14948025047887889
0.30391575825151235
0.11781313630158911
0.34761256223364945
-0.16385230025562161
-0.31143128480991306
0.13881637814176173
0.0064402670420112699
0.11393474523832176
0.029879581021530432
-0.0048056630661459081
0.19269805467519241
-0.04615706480668081
0.41070343287085537
0.25744136508137677
0.054389009611174974
0.041565158819656542
0.35284746312240378
-0.070312701242393014
-0.035474732708707719
0.11554631939838965
0.093393205585865974
0.29070480959137907
0.20635581195418062
-0.016222354338124696
0.16753139937805434
0.33093271280479025
0.20580824638308093
0.0039849707924126043
0.44918702864427029
0.080165953596299744
0.1726078121636927
0.34528687706432531
0.34755198086989525
0.37324348868664403
0.28478747381097924
0.17241230954513509
0.23137029310375595
0.3348542495886731
0.19604448223837592
0.11840761012137413
0.30677447285160353
-0.051533725365208581
0.072738606010747178
0.096388062746310024
0.57236266852720485
-0.14657469668717049
0.42642729886259395
0.25503974602652785
0.3391013218789678
0.20187895985295282
0.25852742742116985
0.25076047140614482
0.17485992164988129
0.004429027357159122
0.25885088756984848
0.029437030374932005
-0.12131734462313296
-0.080764843636181624
0.18483112033131868
0.35994317483652777
-0.075024259915311822
0.32482358232723313
0.15786401417018217
0.31142346677522453
0.075250697914587314
0.10287998167763673
0.31784677994707344
0.024921292062615917
0.1210897832799112
0.52201615829612036
0.47593773418690544
0.29989573346278869
0.084905028555615006
-0.11670755281624397
0.11880381915272088
0.35623960837757285
0.11519170064736649
0.32986749290126038
-0.016633159204267778
0.24567448537710412
0.41753913196982045
0.47933614761134513
0.21279829374585824
0.24590768256822892
0.38801311053987725
0.41392987546818544
0.41601860606822511
0.052194829929113902
0.47511414828058307
0.15061976004139346
0.2694498331146048
0.068441071689465255
0.10529734885140755
0.25906629764788786
0.25252074314996314
0.60633598797709132
0.3337431430839885
0.33977846403361073
0.51340896988487361
0.19121743511417841
0.12089763083844164
0.02930871424589912
0.20755511850877933
0.41667435613492532
0.18302267487180823
0.39473201608371378
0.34120393601335108
0.49976114790894505
0.12158586179418557
0.152486318438146
0.14281322125110424
0.016712338066875273
0.34408733941981068
0.19767868976001973
0.3752903239594933
-0.183488585742412
0.68304555195539995
0.71683655893530407
0.20972509849123508
0.45967927082200893
0.37513678953729268
0.27688662756140303
0.31707429748354687
0.51870613660687692
0.28205022982528311
0.40500152248333848
-0.056896535153720174
0.11501129710476647
0.46188350524896093
0.36589377476450063
0.27443543068326437
0.39347909388224833
0.67566385098087645
0.39657656502064442
0.71699487976541343
0.21647900541806384
0.31643366827422892
0.49880611894980004
0.75417825697039054
0.27152583156439436
0.40049899130302274
0.34343999519169993
0.34777559257313428
0.29886811067498559
0.57421851745883157
0.15360603821123656
0.62075965095712293
0.49300747062609973
0.41608265027870228
0.58080640811692885
0.27057001017662202
0.25991396312759379
0.45174001576608708
0.5398455492345241
0.3094984467000868
0.5202780384749871
0.32880086155449306
0.52842947975789423
0.45407623748003922
0.59880782722234593
0.29003605371253766
0.56865280892858017
0.27123156684691024
0.24358787065436083
0.40395836181402311
0.14142498942744761
0.75305892239653638
0.36905731347323861
0.14307709214716138
0.65694347559265842
0.43365639384327492
0.29528066928142804
0.3217387293534173
0.58033224926559945
0.52408882100934295
0.41695127797152981
0.64156967209227422
0.60008653180953242
0.58729645456678359
0.4456258781806941
0.08027988828891737
0.31077393152746779
0.70040240572807966
0.28762665845755331
0.3096836146902025
0.48711019219141771
0.29241344323677099
0.45021297410898259
0.62977898198604709
0.21059832268077797
0.56013998527459208
0.6355530600461663
0.58451377052884468
0.55877722027033017
0.50914168532921578
0.29359383632592506
0.51380042862368358
0.63233963006792648
0.3344755150009458
0.38842107940863024
0.73032769718417989
0.47696523597790647
0.63084737301082949
0.60299196900924301
0.79454929360926285
0.7677353340719667
0.57812037333636501
0.30706628236982869
0.70581033052863518
0.3793583016826369
0.37887433368563833
0.61747933043101888
0.22698725500804059
0.40496893025185726
0.23764053709809763
0.41296678921691743
0.44303397125182614
0.49348528624311278
0.3949187023596894
0.67979177772405142
0.446456404855617
0.44044531183684665
0.38064325815779715
0.14079083016874208
0.42946583112406234
0.79613580563542452
0.74760014752973214
0.53243535107026185
0.50057308437749604
0.82915222518031861
0.85543266501199977
0.36055001023415467
0.4693582665965948
0.67496440476348674
0.32406635565086706
0.41668300171064598
1.0264452224453993
0.75018408395131886
0.79934200518153631
0.62472056492301964
0.39650501544646766
0.58756219029162016
0.47478200202433374
0.74365395829929315
0.77349343224960665
0.33693029015187603
0.67126669788739679
0.35475479920669134
0.40401912527427519
0.52105228248191715
1.0495026603553919
0.78162423250095114
0.30023551921964042
0.9272449971331892
0.8535241780966738
0.70248425326298303
0.5323531789802205
0.48243171534831653
0.66112434609102533
0.68387654753272253
0.46356430035894075
0.27378648679720091
0.46615802922268784
0.88427013592655801
0.6626563444406981
0.82363197559026757
0.71720007997349577
0.63633689912214708
0.40453809763085635
0.90639653357115524
0.26346424291489728
0.61756969434788245
0.50198136700897777
0.62701583022045637
0.79255796203946904
0.61786991432197247
0.82038590086281393
0.80884974844866619
1.0601980772164177
0.78833056100570464
0.61095643612439121
0.27460454116595623
0.81977888708853031
0.74844044168556312
0.62356717643593251
0.62625840864021354
0.54224244165722812
0.79107266610834814
0.65170394753169036
0.8562092059138956
0.96243035326125859
0.57018125036608358
0.62009100554232044
0.69373623266799467
0.64715663542930535
0.74665000766289058
0.64080510965886439
0.6486547377955687
0.66139162343810276
0.68053605848838172
0.65359418708200079
0.53066314539391957
0.68818638634953078
0.78600423570670575
0.6466412881866519
0.53506382129615981
0.8127266034678754
0.84548224314855991
1.0056438473274603
0.61679365881564996
0.41560522516216702
0.50428298454250142
0.59362824764343758
0.59177864538693581
0.72155156096951834
0.19591441557749095
0.8413593438753072
0.60174503304076188
0.75300599401506552
0.57726545504516136
0.98149227880036416
0.79520408328660186
0.55172278577134726
0.50011010851611148
0.62492647955608305
0.62967137611070489
0.72879598920010114
0.57748086723293546
0.50584106731077982
0.85179474452660076
0.99453839498282093
0.84105377273921933
0.88272587677925496
0.55163210699564991
0.90569973892519895
0.80142658376981202
0.85835619914422334
0.74257017057282604
0.85545953816408238
0.85666716874434834
0.96887972137553879
0.66494537525301756
0.93549343172046906
0.72020754088827166
0.97907180667983884
0.40972988300437507
0.71693678056325438
0.46451336133876081
0.52656166027646267
0.80331573030332692
0.79947056337985589
1.0122507499096249
0.90738695890489252
1.0477106800995968
0.91438935576286995
0.62390898458305555
0.64188728363126268
0.65654659326017384
1.0934508393890077
0.96230947607728234
1.0527700024987483
0.44706112242296409
0.95477371116405019
0.92163862934510521
0.80447243748689223
1.0685498342583162
0.92388976246549503
0.6849910839290918
0.70500594582053777
0.8822129400677553
1.221915034993718
0.70472341772235747
0.71161810916625701
0.76224001307475753
0.82092054622615551
0.66863055743677813
0.67763306844570181
0.89188691318398783
0.44144725463058176
0.68965811468701088
0.66003141907164986
0.96749976455660658
0.79686289217109552
0.82525888737181341
0.80309597187756487
0.48709053289150739
0.81366001655721376
1.0081248899347592
1.000364984297665
1.1456080937122142
0.82605618065243813
1.1386590687867846
0.94534328541573232
0.48219403285195489
1.006232718605955
1.0322726937539042
1.0420756761584415
0.73011158026211054
0.90172722491195645
0.93270358855461255
0.74231268131857042
0.7766765025381418
0.65503595781848722
0.8075316545965211
1.2589605188379134
0.83638255132508887
0.76258798046569132
0.71456708001459202
0.9391363442200793
0.4844039172702263
0.97842756190381586
1.4139076306847136
0.99594293319123295
0.94236141664735706
1.1882698882452964
0.93669031250350487
0.68132019978124037
0.630829624636014
0.95907693363320634
1.1510236584917746
1.2899451600577159
0.78741281911033001
0.70287529602000209
0.7071617750768705
0.99594532226377008
0.67896379891371206
0.89301015798356342
0.75619655445833844
0.64668853993602993
0.85734968635496311
0.89193631109786098
0.93261251592561778
0.90626087349725615
1.0162446767229412
0.97234520654922807
0.79315640782357999
1.0900973841414576
0.81856706915384136
1.2418878527566126
0.748752682592428
1.088385639949154
0.67032740178477412
0.96807076320118179
0.97124390798288651
0.70045975841708219
1.058957149147522
0.81712034289264934
0.86978825922023029
1.0837262083692081
0.84280406137718877
1.2644984112587339
0.89263942074603486
0.61968779778332672
