-0.77752769747599537
-0.77387818135354303
-1.0902229916530028
-0.77146492803068012
-1.2211944760375433
-1.042570087371669
-0.75395226852597075
-1.1113628539170051
-0.95395996937903849
-1.1427316453650933
-0.9759299788725575
-1.2271588865940675
-0.98423086003144222
-1.1594570859148172
-0.79560579917077168
-1.0328220246508462
-0.93804930945459364
-0.88371113368001375
-0.84153496619847679
-0.72825336875638491
-0.9526102891859588
-1.0751182131365506
-0.95837947867299123
-0.85091886744201628
-0.7019342527688095
-1.1184598135152237
-0.59067320804788659
-1.0540357318064777
-0.99494678924216839
-0.86976663241211638
-1.2675656179757389
-0.55835074902454795
-0.91189266953607662
-0.93258999218835215
-1.0102488522839623
-0.92502094866022955
-1.1000320294415633
-0.87642026082414171
-1.2404415189404818
-1.2142354862113389
-1.0351674702020692
-0.90506136150287175
-0.8078332664924528
-0.86015179115945772
-0.98837743123653554
-1.0409620370258368
-1.0344609011559791
-0.61675433109318312
-0.83778550107306227
-1.1940210224990984
-1.1537730735476157
-0.59061722264154337
-0.70337980110089826
-0.93184203534535781
-0.66697917549249508
-0.73712637822350069
-1.2370461432226849
-0.71184170758866838
-0.89075680047735484
-1.0064761288324782
-0.92028831811241918
-0.94989337897375337
-0.85328463696146439
-0.73513137451816468
-0.81776119392473934
-1.0758375412744501
-0.82383402974576458
-1.0021631115195322
-0.63679724201133403
-0.70373281646094143
-0.78897053772219006
-0.62830742933865857
-0.55657618358031979
-0.87329618400196052
-1.028506439746838
-0.81836159000682873
-0.53494198751464328
-0.79589535683795565
-1.1295690390240796
-0.67790393260151016
-0.79867796878478714
-0.82522513229532157
-1.0293364242138598
-0.82509839772750149
-0.4059925768272758
-1.0328617211286339
-1.0427206430072358
-1.0133494153170874
-0.75975325353556611
-0.72279959803686245
-0.75676164614421693
-0.66137820827153493
-1.0020267055394478
-0.57055319373080071
-0.35473176342506063
-0.84733822481877175
-0.93329510876214561
-0.67553299921513421
-0.72297043257726701
-1.0556433441701489
-0.72772623831346017
-0.75923574844408959
-0.92734503421519565
-0.78883079376083676
-1.0222868235279783
-0.74672822884374412
-0.71638403494576774
-0.87613396452032211
-0.79316789638686258
-0.71079581191849273
-0.68835485407767349
-0.74355705144744966
-0.62952506436826494
-0.65629602543507115
-0.84808320186234376
-0.8185444742509228
-1.0984106934108173
-0.47593188364058842
-0.51215749390667453
-0.85160109857135069
-0.84855995695618269
-0.86898063415094962
-1.0681901566276613
-0.63476461179992671
-1.1276436019384206
-0.86704538544793208
-0.92202189047075989
-0.58397746046295496
-0.56170262209297839
-0.64301709099076099
-0.71805791887051262
-1.2063329276274273
-0.77735806338099589
-0.56302992755319481
-0.89037726866598854
-0.85437004363565083
-0.91960151885646069
-0.88195614081397955
-1.2239654078053002
-0.44788949356102176
-0.55925705017340532
-0.67523062523561206
-0.67792192647108507
-0.67522924868137879
-0.75351541564816349
-0.94063035488068214
-0.91803883023102895
-0.86239536934867489
-0.31892796644332894
-0.44579942675160461
-0.35929726589736055
-0.51415100395174795
-0.83355166488246024
-0.86872061805647538
-0.83733753393561228
-0.6288469910311455
-0.83675347235275865
-0.71176657850516478
-0.65079285303061329
-0.52180391940670412
-0.62895654610560769
-0.9114507218595248
-0.61046539722506554
-0.88035707557601617
-0.76080192627153642
-0.54380387213254211
-0.51352546862249027
-0.90088505332351798
-0.66173367879105272
-0.39921145746878606
-0.7188026348558666
-0.75446532025811142
-0.70525796099399363
-0.61412012479153544
-0.45745917600195174
-0.62031028393006737
-0.9030693102436177
-0.56839306053283012
-0.95193091770930949
-0.10940729017726927
-0.55847330970459563
-0.82191215136021367
-0.14164143864576431
-0.84918964791183493
-0.83513714118663529
-0.85570336143296288
-0.43125181129455403
-0.62440058347131477
-0.23258498205380621
-0.62845052269580259
-0.70122555931309327
-0.25303144237052461
-0.43848527063930531
-0.55092025761373142
-0.90696100838143778
-0.40539395474612111
-0.80724503121151547
-0.6068057774175265
-0.32851855168999616
-0.65945759457041286
-0.8439107463960398
-0.91669984307604357
-0.47389391282537258
-0.46396193595570284
-0.8333868577446486
-0.7340461810985881
-0.24608360126574172
-0.56351480417989197
-0.80452536265618591
-0.64013329262743734
-0.58283738137458507
-0.53346400151566808
-0.38237754235402366
0.0086378534986017285
-0.41437456120574523
-0.43853672773016505
-0.25388354599833274
-0.5977988253193296
-0.28303858675305354
-0.68658160417573044
-0.32386895106023394
-0.50904326891110518
-0.63159441849417042
-0.44464995841476823
-0.51414552784488199
-0.62545507172686388
-0.35643827441041254
-0.80331848100010805
-0.54181889556574081
-0.30296635835108565
-0.76649315697999865
-1.0046147099085996
-0.53457223299011569
-0.41954080589905635
-0.62878709722509862
-0.55238304974800534
-0.57812599293888556
-0.74391158906322197
-0.44481427039241345
-0.49978618935788471
-0.79819952292452856
-0.31712182114263132
-0.34050118474504792
-0.24303147932433722
-0.80883881858080342
-0.53892103545093228
-0.22469003175477612
-0.35595920031933365
-0.7680535447936564
-0.57971807577457446
-0.30057546850714284
-0.40026375071205655
0.068089203816502783
-0.24069306116309377
0.0014526225947955364
-0.4988173737714689
-0.73400849653742206
-0.17188894955673903
-0.16821968307573662
-0.43984907324648975
-0.17091910625983464
-0.28993738135319141
-0.58457955291609942
-0.50453490940558177
-0.27210949944203083
-0.39360516165697962
-0.42336352637898922
-0.89948885109204757
-0.82883540322454685
-0.67592324242138213
-0.14156230124246941
-1.0808835952492306
-0.12588432012338149
-0.44008405830520941
-0.47884799224479591
-0.33044155978434564
-0.53702917708349551
-0.42992976387244219
-0.20830275711911173
-0.44657085609889485
-0.5720056901687337
-0.29347083195878365
-0.31665336850356446
-0.37052876170334476
-0.44871065243865543
-0.41166576162873408
-0.63794554482962551
-0.37355797329948753
-0.30398339633776816
0.0033825295214924382
-0.48655576604230594
-0.59088764158682383
-0.64983539747192454
-0.19354971598582282
-0.067808199023647819
-0.52377976331758569
-0.32965926101413795
-0.37774979140221243
-0.55581503183526093
-0.52343975594988523
-0.33672432913433881
-0.5767126915857701
-0.38367529388247112
-0.51906912863042232
-0.12285517705215987
-0.30646463875714169
-0.74658549762486948
-0.53465163540954719
-0.34934878583610257
-0.34917491012390167
-0.76745560801910506
-0.68003756356557166
-0.023016707223438283
-0.43220725095793505
-0.13650341149612225
-0.36091576615388704
-0.19531704494104979
-0.48400344614639101
-0.38010091820429998
-0.31466167759927666
-0.064183762947884443
-0.15428965198101416
-0.062298901188185034
-0.024316450042345894
-0.40848860992166575
-0.37932526500147618
-0.29963979030805543
-0.2401570458862437
-0.60494702038679815
-0.77714904872960311
-0.39327561207197592
-0.25334807696430228
-0.43583511474503339
-0.30011102889296104
-0.42440571380074726
-0.17342028985726549
-0.32513912850012416
-0.33388700308021241
-0.52107650989912613
-0.52086560415636496
-0.4541320948415129
-0.70526890736931724
-0.23843321287459585
-0.58099554912310425
-0.46837513892922822
-0.59229425887697151
-0.496261428934891
-0.26550837016252532
-0.1403351363050814
-0.36728531949156018
-0.6894521819176509
-0.34830102620513848
-0.23828461112319793
-0.15323119827660836
-0.099451133197885372
-0.32538318295078023
-0.096105744541104807
-0.42118828256403412
-0.29918721468588044
-0.38033952138820998
-0.32261768580487193
-0.3600131246668461
0.035530988902997766
-0.24804585047584682
-0.53907259490326254
-0.24962380926222461
-0.32584382647726745
-0.46597061567650166
-0.19372055770202604
-0.49124777148072474
-0.3953714440525824
-0.21433398060458719
-0.18903067316554409
-0.12781603511025025
-0.23304138082108622
-0.26213962294225918
-0.18339097211072783
-0.15113323148514476
-0.27392367671900791
-0.15714690711187485
-0.026928720036167867
-0.60372406569608472
-0.29876622041767542
-0.13210233602338395
-0.23261612314679772
-0.10798694851333
-0.23945495510660714
0.0084696028452614803
-0.22075456280828148
-0.42317209074504203
0.017465275893723882
-0.16876124761317229
-0.38792280967908238
-0.25706336196761254
-0.10713473477736331
-0.18713211863696794
-0.16612818660028256
-0.20854098238921967
-0.31581184530259543
0.036794579943244719
-0.21547693950847621
0.027506368690742033
-0.25950572780899284
-0.15773642248447994
-0.17953048850937306
-0.42218051570824633
-0.1642011914987738
-0.043246008809663228
0.015942272275984319
-0.059098163491747326
0.036319122544902695
-0.27350207275583932
-0.045452708384388328
-0.0092140055136309146
-0.49259111131186195
0.0051353076106278985
-0.36251813053040055
-0.30480213837275777
-0.0095962102829356619
-0.21855200913625111
-0.29049820301908474
0.047951880898155406
-0.39917821781740398
0.31540041521566808
0.061494089896869705
-0.12052815222132141
0.018609832593455954
-0.20250474735329674
0.094982026881595003
-0.06621857194396133
-0.080830775877954245
-0.68743525502642056
0.0096059410534743098
0.075136169774092904
-0.31794988473726565
-0.5033109711848186
-0.21184625309491739
-0.44037075558602051
-0.19357855524782372
-0.28156386971179326
-0.45268095596846364
0.14490950493858887
-0.0055937322793769796
-0.17655762399026062
0.26472061308106593
-0.13703710598783406
0.040102420708053352
0.075466349948043035
0.042136674896918427
0.050918590209364283
0.15959246065907937
-0.10262610057942045
-0.19342309360545143
-0.072769480206870768
0.27348382557550444
-0.12665856169277309
0.12617575557741278
0.15463189646736558
-0.082577954433705164
0.013028595784438934
0.11914995258726917
-0.26066170814677952
-0.16334081993365232
-0.11441875346872857
-0.21528449617747275
-0.3363608244618132
-0.38206864394679213
0.18154569640295837
-0.079761631987420173
0.11422500285345519
0.17124098720914344
-0.12202916240839973
0.27992146008803953
-0.15028712277460021
-0.22102403492630965
-0.05324097331306743
0.31397345954507766
0.087967736434630767
-0.31069419908827078
0.045699174267525795
-0.034132168516168841
0.15494470561438697
-0.24146218449351223
0.11695791023582602
-0.18923229049739923
-0.065659987801278283
-0.20173358494040977
-0.024465800268164976
-0.41677830570989227
-0.44620298692810018
0.29485609317196193
-0.095751294150052235
0.059425519576926406
0.23630167582752035
0.049838906195440492
0.035843616360998649
0.17933148299470811
-0.22724987979350547
-0.31288962620647126
-0.36743756020738716
-0.16495797770984935
0.070652408314251153
-0.38852143009353246
-0.40985674395356564
-0.055026733017462734
-0.042325475174061628
-0.072177827150485901
0.21523818442251294
-0.21264654012945775
-0.19738271514480515
-0.19693998183700934
0.088042980772230106
0.11467340727866766
-0.11243646634727299
0.022091819328792169
0.080505358222282997
0.046804362373641724
0.061763758216232222
0.15113357482058487
-0.47089290391759575
0.056057817984506028
-0.1455670173069448
0.21962118038015607
0.08806998733698522
0.095249431703136656
0.21613812586932149
-0.27049674945563851
-0.029035521450977653
0.36266798060466326
0.035985985406521169
0.028008730373578251
0.23195137040505606
-0.21969008654060357
-0.065256905865424458
0.02378375490781616
0.17813654548342628
-0.10707847614815988
-0.079569444025924405
-0.064696151275176694
0.074937114953303754
0.26819657576298356
0.37663569406256808
0.32686400830035567
-0.14229883160198822
-0.081441056418714783
-0.26990093885321847
-0.14340827977568849
0.30852578674920678
0.1334548607614949
0.37701967149274729
-0.18975502836049088
-0.29628354272783936
0.14549837334803817
0.010122825119367334
0.12742443596584271
0.041351174550550568
-0.016067617918748361
0.16397595547131072
-0.057804337266440776
0.43519064045317757
0.26523913170222985
0.056017771937230808
0.04226286652079863
0.34021280925148906
-0.075256617140588358
-0.033065073647223678
0.10503696893375904
0.083970466574451189
0.3034904977709395
0.19999129155310161
0.0090764080099933753
0.17201809905179788
0.27199954042333613
0.21310586965496439
0.0050316910285118938
0.45677560696286607
0.067403168497444488
0.15539625248631314
0.342153789453087
0.34000345798482995
0.36586286305102411
0.27278620964323702
0.15084813678545103
0.25176556066658506
0.32804642106158216
0.19549548254164989
0.1194932185321322
0.31648587349161289
-0.060663433519924592
0.089438055950966572
0.062777996900516997
0.5783793878861373
-0.14623667280275812
0.45702384155630515
0.26733757687333054
0.3341189013568403
0.18933534920523745
0.26403027849431226
0.26121955298205868
0.16292621472864216
0.0079872153669936011
0.2431069569635825
0.043979906447027962
-0.12716605447804982
-0.099362894392185042
0.18223056868391374
0.36396711351984584
-0.082526558200702746
0.33883542645915149
0.1591871639868522
0.29802020727264389
0.078965823523451037
0.063885859377626406
0.32050542765633105
0.029455045746854119
0.11451791309105204
0.52942141520562003
0.46390761816912962
0.31143000184754954
0.092453286629290657
-0.12112269467048968
0.12923772690097166
0.34951402623838085
0.12902002311315061
0.33366684807726082
-0.030991193405523681
0.2365841040051925
0.43119101150913286
0.47710861493754614
0.21886685553451218
0.2467397074434424
0.37828880257615027
0.42021872568506291
0.42188281860746102
0.036740199300954041
0.45901004673001516
0.16199828045553868
0.26954138442275705
0.059612690059055305
0.11366184588684247
0.2465109553270779
0.27404960430062453
0.59898741522279453
0.31472557756194525
0.31564681044957349
0.5094898326846804
0.22425619002301164
0.11557191739544055
0.028150889453999472
0.19568447148461895
0.43700002576415148
0.17133521077911537
0.38316707276426626
0.33986604466663312
0.49068698986685738
0.17700613469070517
0.16132440569031448
0.14706476174596103
0.022673053336925087
0.34838585373670811
0.20346737676263729
0.37104764347088498
-0.17601722350606888
0.6934401198544099
0.74223534101512156
0.22838925312591277
0.44200392995569354
0.35251626755152543
0.26184923013261452
0.292672695071231
0.5237182779976377
0.28430444901583479
0.39007098970418308
-0.071020804257323711
0.11091081256052111
0.48106887122982261
0.34177389266342589
0.26709498534779463
0.39533991533871371
0.66715421125466079
0.40121039419384658
0.72968835181133407
0.19917853919737194
0.31103520384591643
0.4898243059287144
0.75467095909317261
0.25464726513237079
0.40305279883121742
0.36245338116128972
0.33067426604386191
0.30261286545169985
0.58614277378648283
0.14813283808711067
0.61784839484353904
0.48008223448069209
0.41223966314758426
0.58104525600966372
0.26694808903022454
0.25284558405485252
0.46953612048149046
0.54659306937114949
0.31368444091901221
0.53372587791710147
0.33305193009261125
0.55603109509194015
0.45171947594313988
0.59011777883314653
0.29463166792529977
0.58052549273924703
0.2732880731693319
0.24995244879615822
0.39597819823813768
0.16535842358811526
0.74653878554891651
0.36873244294518259
0.13121354433485682
0.66844561348160614
0.44209130373949118
0.30624877853332655
0.29941526119051332
0.57090403307123994
0.49740729321604471
0.41778533810847557
0.63968838108175186
0.58778870133682881
0.58341541585507251
0.45777094223513437
0.10155218835824352
0.29532680195548883
0.6925745994578496
0.27964398252273298
0.31191891685914802
0.48378741464093017
0.27662362568515897
0.44135046078341367
0.6088393422459899
0.20897035697652583
0.5558752846298527
0.59171405842816749
0.55628668242932955
0.54736060712570067
0.51761586669141679
0.28123837906051868
0.51717687050206795
0.65023891339684492
0.34263674310850833
0.39210182278128852
0.74114503023522105
0.46963977847357069
0.63330719429740878
0.58188017017843252
0.79121540487411679
0.75826825023651934
0.54910306824114241
0.28540448355522258
0.70496706098984441
0.39098930273839511
0.35429115900596486
0.60277611310412327
0.23724601951745355
0.42252012841995562
0.23993862050866124
0.40751774728014467
0.43887176294063868
0.5074103856307518
0.39504791532905376
0.70643994563709211
0.44566273803359452
0.42450921366986116
0.38721543439579187
0.15036594469796213
0.42316895530893295
0.78194412361806576
0.75817229014939413
0.53120878340430755
0.48402962611152611
0.83730491690303543
0.86630584122322174
0.35204015529494465
0.4909947250038732
0.68180556076309939
0.31421954207015212
0.44292140316319489
1.0389947923248566
0.73717776934245327
0.78258404442854268
0.63901963366483283
0.39318785384975741
0.58647938252698395
0.45470723009830888
0.75059372890735265
0.77126613373443076
0.3605272121168831
0.6736896165981282
0.35342660312031982
0.39397651970498299
0.51998504531581746
1.0533638639851872
0.75518426894125468
0.27957639679625684
0.91651865996083626
0.85405213223437593
0.71590467015488557
0.53503566080278597
0.45616226998528081
0.65110375094278461
0.67901513979909622
0.45902995693371024
0.27615581198287875
0.48275600955693132
0.88060438286733622
0.66815892836436019
0.81517411411620777
0.74431111857260901
0.63042243382649987
0.37979261711311296
0.91213298542852772
0.26309795154494015
0.59777726854999802
0.49114781095961874
0.62250777322359008
0.79216669761078939
0.61238785466212542
0.81236811904847617
0.80220451091359013
1.0480125652606829
0.77219164986913524
0.61169150055622523
0.24563814775145315
0.83130950991602603
0.76136895761822654
0.63593730218450639
0.62683240117480377
0.53460694457598457
0.77182481068312725
0.67910427631815518
0.86473482640042276
0.95742993029394752
0.58780621774661135
0.64134939890229314
0.70622841717152518
0.6500391590207677
0.74370802321323604
0.66286341342421728
0.66710460107578762
0.66192404827870677
0.66396251196551603
0.65332928369588894
0.54136834435767223
0.69397756660336241
0.8027261410148453
0.64167513198787407
0.53409024759799584
0.81955880215418231
0.86219620768315541
1.0204614081200178
0.61641099975646163
0.41913837228812628
0.49268270135603004
0.58612813196495039
0.60858732078369548
0.72022355631420587
0.17816147143130007
0.8414062720004023
0.58818188320813058
0.74376423826582605
0.58716640725976443
0.96331042575436032
0.79577188235013352
0.56188161655145064
0.50667438339620707
0.64481663429405611
0.65184874584414876
0.73792070231052198
0.589360946452131
0.51450019636358035
0.88528537886936487
0.98266930030280486
0.83317854944362157
0.89187098782121954
0.51430498470086672
0.87794186640766414
0.76916986935161313
0.86363234118673449
0.73233202548024756
0.85176980092675103
0.86715335286688677
0.95980242888493572
0.67326545190320208
0.94377995311566099
0.72107331788498319
0.97977483586785208
0.41512604259939329
0.7273848868529007
0.47413773064917958
0.53919198287081893
0.81254587556405
0.79876301151367668
1.0189073267365405
0.92214778511119277
1.0466380002812243
0.92981752248952843
0.62218459364629464
0.63652376525538201
0.65302473333869038
1.0906304447583743
0.95371909274622479
1.0436799569393254
0.44465457464269548
0.94928020443631433
0.92317808978765004
0.81681928239160895
1.088853036256666
0.9333975655639094
0.69039170622555401
0.71147075915073299
0.88575329164679417
1.223964402050153
0.69259079005395929
0.69624104861729774
0.74623587748169951
0.81286039974071211
0.68041198531816915
0.65858847219444072
0.88593170494693774
0.44238384282326482
0.69527797994082663
0.64893452542528651
0.97217926753811068
0.79727347913782987
0.83470820772567467
0.80235342900348161
0.46906348484310345
0.83774112864413286
0.97740753977251393
1.0062569196546649
1.1519334522735862
0.83077525098896654
1.1302875123135281
0.94649463300301828
0.47316674035332545
0.98167009186467535
1.0348938041600417
1.0495777768882464
0.74245363035949774
0.89992796571501121
0.95017481277038918
0.7649814302785547
0.76566615418776784
0.66058266327725446
0.79795206394307427
1.2455650831502385
0.80323434848425246
0.76171482976660143
0.73001836567771616
0.95745853921440249
0.50846620192129677
0.96386484931885918
1.3988012512962582
0.97757263890639279
0.93704444010808052
1.1720643476405326
0.91724329669779459
0.70100835309081289
0.61376390899946354
0.96148206034632022
1.1275136234421566
1.3032084038182608
0.78004388616907094
0.72495220238546554
0.71508598403416856
1.0015768129360418
0.67746244874692463
0.88595125066705827
0.75174115463694968
0.66275526691490338
0.85649061180705388
0.87919212270863245
0.92854832255270492
0.93233820422599945
0.98909228791299952
0.97424286825812112
0.7929234991907983
1.0902922098924075
0.82594190422700842
1.2346130426355151
0.76087191350343542
1.0993369359155492
0.68846825611775164
0.98521625114141997
0.96061362968731256
0.6926794875399499
1.0748979972960993
0.81850497423152502
0.8555114988229483
1.1005250225358216
0.84347566507891203
1.2302546805168684
0.89538360460279043
0.6216370036220743
