-0.89594045785495446
-0.98178971058380116
-0.86077298246532907
-1.2612283059568175
-1.181403437149037
-1.230764407296387
-0.9374290054399137
-0.77175770771619501
-1.199982315511132
-1.1551118162135807
-1.0160419543731327
-0.84167672999508236
-0.96058350877315346
-0.95739853181114332
-1.1634665922250795
-1.1583160620252624
-1.1496263645752716
-1.0610112699976855
-1.0063391569134488
-0.97053568128452039
-0.78716993868151142
-0.78391531330506303
-0.72440578775102482
-0.84462086855009355
-1.1368902727684114
-1.0252555680895752
-0.83551767944128852
-0.91983405779879179
-0.88164227354378699
-0.59477476420114617
-0.87771076812214166
-0.93931048127927441
-0.82678266547882884
-0.97730390838912151
-0.70375058810563407
-0.84596271345420382
-0.63626929885611805
-0.93945997912768231
-0.86974127337880502
-0.92536267622137547
-0.81939229942729785
-0.77702540097968431
-0.77591217003997215
-0.99587972191793439
-0.60599895153631422
-0.92844358459750953
-0.62059818526232913
-0.90640908674130505
-0.8297753145414456
-1.0917669152734659
-0.67122560833194855
-0.83827419578184059
-0.94656878993261817
-0.62315499930370688
-0.97227689054366329
-0.79331948253417317
-1.0712034821059804
-1.0414294449042099
-0.72305418051500381
-0.92214827579610548
-0.69177205790337692
-0.65658572489208955
-0.79098008634168937
-1.1632434322460836
-1.0056095881979665
-0.77784142891371399
-0.76561415584465586
-0.6792548307878532
-0.80213944358967637
-0.80544509816738652
-0.73777986080101343
-0.6562458684130299
-0.89754510422227218
-0.62595098042617991
-0.68010652023913298
-0.87628963433629126
-0.82444242362921316
-0.82265976742228286
-0.88485266376938532
-1.2435571720333622
-0.66203845081585189
-0.5077894365051292
-1.1486738317302456
-0.80837725697041041
-0.89321136647328792
-0.58060581766748509
-0.67183537407791361
-0.75453340499173494
-0.72641457449903934
-0.528300842340655
-0.596843221044975
-0.81791286213314696
-0.9633471940018713
-0.50535722545327344
-1.0721463653671641
-0.90269312703083915
-0.73905429005123857
-0.96947366787496725
-1.0603232382448819
-0.76972701114338049
-0.80872577399431034
-0.82444338937741024
-0.51019298258042478
-0.91484900860287066
-0.77364176728849876
-0.66898702110173391
-1.0448037313987406
-0.78991674713208782
-0.5462755873436369
-0.61479499315904029
-1.0379185886156923
-0.76874422472507398
-0.81772133001400482
-0.7165539090833889
-0.70716990615096198
-0.56429236984367148
-0.81372348777429304
-0.8947521056728438
-0.8515282749744103
-1.0146977049737604
-0.95221559403385914
-1.1963947044901893
-0.46124678816185372
-0.90902905107379317
-0.38915552615507881
-0.56884846879747575
-0.84145430094228491
-0.47049834633728854
-0.85748476316932565
-0.65692073700647613
-0.79609731399394135
-0.35149684180896407
-0.60987759403686748
-0.52107978609471373
-1.0768030654797802
-1.0232690424966859
-0.67333372514440737
-0.89547456038377538
-0.96033572683242452
-0.70131206684088587
-0.91224410797249211
-0.85387778043744844
-0.87157137015622532
-0.42432321167409431
-0.86572144556045449
-0.60275188262410062
-0.71648439842882916
-0.8030131194780924
-0.78204237820161193
-0.74755194203781183
-0.97332737395214375
-0.51862103367954393
-0.7549400205032909
-0.64733264397507662
-0.93245583913503671
-0.3210861834718331
-0.70619769416368483
-0.7343087773943574
-0.66391878477377853
-0.39789250508977486
-0.45722445106877935
-0.52795841008700284
-0.70346026674373019
-0.66957601480584095
-0.69346078544808076
-0.63033117836603159
-0.58495366334232379
-0.63610312967792337
-0.70977809130232949
-0.53917323097328695
-0.42233481565146969
-0.49301501105814355
-0.72344215224232733
-0.76309217793090933
-0.88080683085289302
-0.2679445351398817
-0.99293249412485429
-0.89058528461666997
-0.43834650251066531
-0.68111454024883344
-0.53963244812982558
-0.82245609140790454
-0.68597029310609625
-0.80742000310892392
-0.93294930270546594
-0.7198734474186429
-0.52187881439385786
-0.35218493252883348
-0.6659200511307356
-0.79106713219112434
-0.29899216198375905
-0.5053218698397256
-0.5967685855406859
-0.35425316742009
-0.66766265414754833
-0.53143703969089962
-0.59508398617182467
-0.65785972885641841
-0.90507322404991275
-0.47435312294090887
-0.52911241736471482
-0.60245237690412645
-0.41614460136791392
-0.45183272254542206
-0.38524439946717093
-0.53009838785084928
-0.80137225554669533
-0.43160437822711967
-1.0069766844001435
-0.5558752985887766
-0.63998400162899716
-0.42188155706625047
-0.53839527317101765
-0.59262432645371288
-0.67978466087186407
-0.70248288389031699
-0.42915356370522195
-0.87502600577844947
-0.73832912303698672
-0.16921557784358818
-0.54594318498382777
-0.8196029723119066
-0.47584064129496106
-0.83200919560051867
-0.50776900039433659
-0.82231826692480525
-0.93975591052591656
-0.4297846549908918
-1.0028229373585367
-0.3413432917603097
-0.50649766504575844
-0.69254440666096595
-0.20190555175371136
-0.55562446723168335
-0.8910692724257413
-0.86979443614056051
-0.55599620402076788
-0.61442391643092165
-0.38206468192611887
-0.35844860010481056
-0.61002713050021073
-0.50911100410002097
-0.37988578213794733
-0.54251754778593053
-0.56201698710268744
-0.25175927953665433
-0.65083550947835533
-0.1907312281527406
-0.49374511050159842
-0.092178152281850473
-0.20605246022695295
-0.38083197523657319
-0.73930765179358882
-0.88799754334334646
-0.72563564968824457
-0.24962506363094364
-0.58871321300964397
-0.57108033857341711
-0.28225931390629461
-0.41320025106367386
-0.74144534034867926
-0.50659157006868627
-0.51070309710365258
-0.2974909850103184
-0.79916821318003994
-0.3707446653394868
-0.46068001523567093
-0.48954998932819344
-0.42480944596087877
-0.45277430201578039
-0.46344303762529243
-0.35542446020073193
-0.22329670181803732
-0.50069329922830885
-0.2487105650795163
-0.23737376571418956
-0.61964834269913571
-0.39407889452716466
-0.45223358278778453
-0.63412235636113889
-0.63684789739852821
-0.56352188515049351
-0.074985410636272676
-0.2594390959124564
-0.53374415473744474
-0.58971174294730833
-0.11970309777140638
-0.47359341101732411
-0.51240264001912672
-0.31083493424075004
-0.61375780537207958
-0.39739256478160317
-0.14927681481321928
-0.33189150381288451
-0.49759541075418273
-0.35890707019046197
-0.58733730509710835
-0.30424156623010379
-0.25070858975407367
-0.67690632220188995
-0.53897241564741083
-0.059316592192478292
-0.50059935265632793
-0.099364812543182676
-0.4759613117739418
-0.54118247255767293
-0.24219249293746098
-0.51850875062908541
-0.37006355984622485
-0.23550829973172463
-0.14780513877885806
-0.40046004386643491
-0.62826531163269461
-0.65265792711729775
-0.45884989943503979
-0.0047931984486603903
-0.059889768937194304
-0.10053586327460362
-0.64877203628757185
-0.42852761838333459
-0.69532987709068195
-0.20112269542172315
-0.59728308612284098
-0.19466357515261115
-0.21018560092723892
-0.35095016970792314
-0.50426845454872526
-0.47992529416203883
-0.055630949765446816
-0.38980103540480138
-0.30619311819606382
-0.4027123990380998
-0.21114845931502019
-0.39683456286298041
-0.29401217741711616
-0.65524843794173049
-0.39490101815090584
-0.032950420536271417
-0.18664380765909214
-0.45981496986655102
-0.069859917183768647
-0.24039295911541403
0.052641477082246174
-0.066904293964037714
-0.32801818393249343
-0.61090161781012176
-0.33786139379399321
-0.10039279483172431
-0.46424102927117977
-0.25273058079700317
-0.5169769255317338
-0.41239331543937086
-0.59129835491514204
-0.43414480791435378
-0.026951127080630591
-0.28405619305545021
-0.24921014543328363
-0.2174998015078401
-0.37006059757328291
-0.22992933764625861
-0.22264511296939649
-0.050856782723216691
-0.48788481688199781
-0.52411514424226102
-0.19921915539893501
-0.30293272904016177
-0.46154276582453502
-0.60703683985557799
-0.079941176094393079
-0.25664989685793044
-0.11748190754328368
-0.39904940166749131
-0.22216141254520499
-0.19682237367918726
-0.28194694566760653
-0.24860582024578537
-0.34879447523276713
-0.059559829108234312
-0.52596850503935022
-0.41782407118423859
-0.33812449732518163
-0.40401211333283271
-0.47268904373616438
-0.32825407903571885
-0.36694885889377993
-0.27056412254797568
-0.3581799626597077
-0.20078505352553583
-0.54864416036390462
-0.46455293752620935
0.18250482973725735
-0.10428739445446583
0.062128614992241427
-0.33297891181083134
0.0056743873723733131
-0.2065547086966095
-0.22338426759666355
-0.10642288982527662
-0.24571065414710896
-0.38547572842063416
-0.18586231658718358
-0.16251638041934352
-0.052308220839495184
-0.35973919531607423
-0.23100516088834824
0.18128868861865696
-0.34083119915898902
-0.082471039256326997
-0.45716201115701727
0.14333914546694895
-0.12907881511960964
-0.41723305055586041
-0.095334920347093621
-0.010280445284701798
0.0053852303526024043
-0.1193925610933866
-0.18924273721789509
-0.14727900629905705
-0.29949023735699093
-0.14916290684671726
-0.26315931948369758
0.20496243572127856
-0.17978588777420271
-0.14702935366411862
-0.0480799583062098
0.1875055317005479
-0.061066703234013267
-0.31430530540313062
-0.19081002969165556
0.039938004056240504
-0.3803563812884217
-0.59634205172358634
-0.099029833202025269
0.14775278791519186
-0.54216545426150098
-0.23973133071940697
-0.22393645443284529
-0.083131062031099087
-0.34218162517257639
-0.31252482266600579
-0.29822737021475115
-0.28299164361465029
-0.22950209664009408
0.010879299361747157
0.079014022274988605
-0.34771554011073275
-0.064908310698654784
-0.25804594851672974
0.043670956269283003
-0.24439002233009319
-0.25951904750042093
-0.20163720780842553
-0.27696108599400177
0.45130369110187452
-0.15412974935331239
-0.29790702766658184
0.020855207003488536
-0.21592140082802114
0.12173379689084353
0.038658049550963747
-0.026981198667719319
-0.16904123925108647
-0.074773131866177997
0.072315875808063965
-0.20450635969794634
-0.022789279342822745
-0.27398340608392058
0.22574261921725947
-0.071040959962080333
-0.21237310480440516
-0.12120507968013911
0.034569336421647529
-0.042772792686949807
0.058758642628939602
-0.22183985071367682
-0.28976241404363362
-0.28905040933027604
-0.57306109405793404
0.13891875577170909
-0.066850658356737133
-0.1521786421787247
-0.088114443866199793
-0.18130318509762794
-0.087840669213644515
-0.13612264830131024
-0.13677425034763527
0.11840918737761751
-0.0012509862109134073
-0.35589444432751594
-0.5503508560339524
-0.033450956999919977
-0.30022402209743831
-0.23493498632282858
-0.0076335154171395924
-0.025765964222401835
0.10744069339164899
-0.084319317425128784
-0.37466093864120126
0.10779585685457563
-0.40168448658712602
0.20977244510269674
-0.31799189106821341
-0.087780985969037648
-0.17885818030861042
-0.27750441865772107
0.12411863644043666
0.061395422240887357
0.034809856178324744
0.15239743450846205
0.081228243431795383
-0.084194784854773511
0.13003027077979235
0.16892088845209666
0.039920956464251624
-0.15239936689163536
0.16118658578468495
0.27376227943737402
0.34565105087407078
-0.033257799130822857
0.025409947148363834
-0.13393461025788941
0.24957276268039599
-0.00017236643257019992
0.14701925564234677
-0.13755041898118237
-0.045768776818510631
0.23973100938695519
0.46734461315088471
-0.12437680063419752
-0.021943310790926977
-0.062049334619370407
0.28221112598325393
0.23698791784087372
0.1092382016179247
0.014729372578390468
0.15825272366765447
-0.082475393551129386
0.095434807643074146
0.015882974515169138
-0.07799913770068434
-0.00045383623778244916
0.30184116362154872
0.016906691812130226
0.17841000383585609
0.17948656229872775
-0.040361951602529623
0.31420271604084143
0.03156911259222725
0.22651301378560085
0.11388298004838603
-0.049729284688046972
0.12703797901378935
0.42093204084060704
0.055543053292504078
0.18955119511070989
-0.10578850075770818
0.028473654055495064
0.14881416159927222
-0.048527669514801586
0.10967500228141293
0.2994204094076392
0.080608220300279268
0.069787768872023093
-0.036956346641073987
0.47439977724440829
0.095192954225416168
0.13647485468152423
0.38191398189524939
0.041829663323038752
0.22376478023157098
0.29321688313735966
0.2998960531841976
0.18109241332744386
0.10514573176828199
0.34443729302163723
0.029643130953540212
0.14687237128272579
0.10087429842656756
0.24275857538324536
0.2544967401724022
0.11891700096582279
0.15056406394999505
-0.018686393052256917
0.064096241781141094
0.37694554390695811
0.40947540685614725
0.071403824523199114
0.031734530431873367
0.49073291455341356
0.36283939674474824
0.51038731400325721
0.47962571244553626
0.21322629189861686
0.35266504412365524
0.062313707428045803
0.27005708063875911
0.19773232493073897
0.33067497249373984
0.069258299392359293
0.086342466183076019
0.26993593073687439
0.14816315644561143
0.14490476240086658
0.18347334393079529
-0.01107813010233284
0.30575291551187589
0.15813600132904096
0.6109816104108482
0.22688795951708396
0.29138086960327531
0.36616963770924571
-0.066239446947199521
0.030407169332694828
0.18360434982745485
0.14435449350503812
0.33009717462457738
0.4404646474836964
0.3160315530393692
-0.022752277598123854
0.11646156965524791
-0.080143507352323839
0.22292337265867729
0.11004769478212065
0.19089550379139228
0.078728156849997205
0.2436548949365557
0.066630470547775836
0.69835183930400091
0.61680568985065831
0.10077597366250403
0.09389223608052312
0.36767899692959227
0.18897517222626145
0.30863527986264339
0.5958249466758504
0.40041559324274401
0.29644250416373169
0.2212323893007076
0.49594732698312821
0.40237124994093298
0.40425268358788718
0.4351675499449425
0.67735769274860103
0.48541408957490595
-0.11714182307327438
0.090871039960914127
0.28426697632896747
0.061420056998700186
-0.057657539972934255
0.19673484935181162
0.49869123162412116
0.31602487908152266
-0.10357347990535702
0.25795766439367773
0.2839171588992781
0.057797708594236517
0.35117238559542946
0.27091499253582019
0.31744807598857627
0.24146653919803918
0.43868341367012309
0.3671522805519451
0.3836669986783961
0.28564304825845899
0.33295445200462848
0.5791123498817502
0.11727957027820624
0.079909194120154348
0.21099950874638854
0.53459848657094633
0.47324490645498463
0.42728686209194888
-0.15338760153696304
0.30636368739129383
0.57114127511743895
0.22955300490573297
0.32221232360679347
0.49372662010688972
0.31724242861572766
0.44619487356076126
0.51513955449494009
0.42943220003257154
0.44694598750727155
0.24161781369926874
0.40995157014301947
0.46415962519016751
0.249456660678359
0.019493789185099031
0.23255692642459044
0.089061530873635733
0.57428583286236368
0.55811580319540011
0.036881139836291002
0.18975480356480498
0.46101655020479559
0.42546879386558362
0.38369359216702731
0.57084025947150363
0.30842841853615882
0.20758379359114001
0.3809784509933769
0.11184635017470143
0.77525804552017552
0.11706469618895386
0.56290518617989571
0.35390971636294832
0.13436527455427955
0.30410339257379859
0.092909711756551674
0.49744770952140516
0.42591668841767749
0.34993775159621382
0.41323442629006613
0.362213068182415
0.47286270691263338
0.2470812996723773
0.39648372235202983
0.2097465766318854
0.14564356597259295
0.047459016569891412
0.49269710534744221
0.61653082725208352
0.52847499792638908
0.49787551405477842
0.38861471160425959
0.23800837370291802
0.41515297331803747
0.35063565147173525
0.2617170498744727
0.37579296758799147
0.70679733222834151
0.57339536797972857
0.66892816737729544
0.36761042317287851
0.56085032064269946
0.49828600649784888
0.45087695094918051
0.57965254775350383
0.24440318472467024
0.81037139668617642
0.40553675557773855
0.56033939241552011
0.64839057480300955
0.38098895845432895
0.66630819869447055
0.63446827802294103
0.65263767448105048
0.66377833321086954
0.3637401399858215
0.32070524397411287
0.59277150555737324
0.57686544866420042
0.67347506153424397
0.57412283284032273
0.073476706209130979
0.77971967292228872
0.66153819181169782
0.88351175849306818
0.53478391961954896
0.24705004465727956
0.6313387106391094
0.52319223079574717
0.58489316576639172
0.84246171497052025
0.8701822606256745
0.38694234850890286
0.25795527743355295
0.32842805842789746
0.15062336552632696
0.29439505605564836
0.51754462392509015
0.66994885327489528
0.22440343758813383
0.73919818406987148
0.40519974048334084
0.49766039067398904
0.93816179919711706
0.72714191449478693
0.66854102974776575
0.23089053432619389
0.62888374501094335
0.47865081246178892
0.41390135582504772
0.64664481615114999
0.088676430629746242
0.61576339347846454
0.54668892796015922
0.35874057306417584
0.53341706302576808
0.082332174717022324
0.52563040175702369
0.67777708226776301
0.38522512957998489
0.54942399092831784
0.74441231472193869
0.31708395454418625
0.39881069592520646
0.53326814039278181
0.53172627838281661
0.55317788755501507
0.35651046231980305
0.75264069037833381
0.73169239566030153
0.30294124165025393
0.5137713143496152
0.67223437290130084
0.73020937219406612
0.65218645399907094
0.97963135255553746
0.81661500408987597
1.0866541752344379
0.27146701978017346
0.63096589294284522
0.73242903855569819
0.93010761038618195
1.0033772593889041
0.58053917171574243
0.35215096070736751
1.0788479210689652
0.50853000624630418
0.4920719440694083
0.65055160508584142
0.57336395999121958
1.1057189203931821
0.64837786216802817
0.83283282432464634
0.56174825453872279
0.97261557109680163
0.64722557062661645
0.6639212685596918
0.61842992482579917
0.69384805219991108
0.61636437030988245
0.38374871718177211
0.61125868996688237
0.80411353000542152
0.53081687313970749
0.36888252937217864
0.74416937397344607
0.4806418711173277
0.63000354928643409
0.61230600239863953
0.55917239512072459
0.47989350472253084
0.56359907668855802
0.36893761028731026
0.78706270908660558
0.67835246496202828
0.57142817831544945
0.81532636102025846
0.94520446431974536
0.57384907007994523
0.69196258523609655
0.3542400335029019
0.68533905264629358
0.76603850672668317
0.76010212482669659
0.86770135259459413
0.87335960045987182
0.56460025814681525
0.76159910884514703
0.70666814546859991
0.76024393129775991
0.75913835859902856
0.71668344953736185
0.72796338992811704
0.64247534583255461
0.87916389575626619
1.0098133208132209
0.68913220166933342
0.65468319970091815
0.56147086150204062
1.0495285757117461
0.67939918778733466
0.72479910220022414
0.81096020117070156
0.9264137481133109
0.81277095323280169
0.91313845304193797
0.53982022845661304
0.52797807474043368
0.7259761298718711
0.90463302410563873
0.90974190342110883
0.64051298951858926
0.88399426957165372
0.58557330477515224
0.79902685039640997
0.83597454555364548
1.2053359579592342
0.64873579812639748
0.8301501332026503
0.69493562356518934
1.0229433896987357
0.36631774396524636
0.92418077618781946
0.99717598658012341
1.2776351548587856
0.76385968490892731
0.95362284962334809
0.650499738615122
0.85988674895202666
0.92622976351385
0.64625222874006005
0.817449062284334
0.91658613368851127
0.74527709276607046
0.58140257443104892
0.63102392024807985
1.0636717149011219
0.84216613276099195
0.70863247748948999
0.99703344503546665
0.66606350715853513
0.84077449454892872
1.0341449869375543
0.90695202317629742
0.99422237110673395
1.0837853982890338
0.85448282908345463
0.75069443402664837
0.68450263839298142
0.71941556350267333
0.52145290650490517
1.1989081311521153
0.63834033250915512
0.90880776913877992
1.1133034497275218
0.81426488430286414
0.60822498059138896
0.68483384118164703
1.1214875862004225
0.76372630382487161
0.91354365371825119
0.90264003954832628
0.50725523180849263
0.65449530406714607
0.8763416939574058
0.81668466967482978
1.1014771389351243
0.86474165338566333
0.77190228177482212
0.81755428283002474
0.64631725634432147
0.77855749007086739
0.88855512625968847
0.73618524936931951
0.68349969990430004
0.97329740882871585
0.73811558884960737
1.0063585162770041
0.77371004078406136
0.75735779430433348
0.86849963843595113
0.81824920681519786
1.0686118428217175
0.78582175943205679
0.92487276044672895
0.96067334080910505
0.7890230835080736
0.94720112466716855
0.83735098619338055
0.94468655967635162
1.0464975450184639
0.40295505228960504
0.85517480668935308
0.80059210461230645
0.8287742548902115
0.92378521838735073
1.0900254183634481
1.1499698540810173
0.9101821485228585
0.68335705207418074
0.83442996087116406
1.0078996606056643
0.77926834657242161
0.90801123307892684
1.1498496382541969
0.96088758651108885
1.2473043411976601
1.1250265868448359
0.71646078937928304
0.62189227909887956
1.0950560256202693
0.82176176801918366
0.74306484262916417
0.3857370874155629
0.85842314477747028
0.89662458748711071
1.2311386898997161
0.81178213950823319
1.1335035149712041
0.99968066112667586
1.1497485946447825
1.0718160717710592
0.95308089873704493
0.85494501667132994
1.225404882746423
0.90101248058455841
1.0638519925182388
