-0.75452286345119279
-0.77175761602720794
-1.0863322205131143
-0.77325613559750228
-1.1970811566258528
-1.0421820763102307
-0.76494461019467064
-1.1157350889482842
-0.92977107368468148
-1.1300172167632088
-0.96796581190319697
-1.2288318947439567
-1.0049590154716663
-1.1686468433136841
-0.78720965683228006
-1.0363306390972542
-0.93002720272234607
-0.8999552654432551
-0.84398458538292553
-0.74893868593087942
-0.95007182958257186
-1.1066603332456317
-0.93613307055490724
-0.81453712263086864
-0.68169425877802658
-1.1230295080335093
-0.60748596389647036
-1.0672866628075799
-1.0159186725002924
-0.86880735192203651
-1.2507803565865785
-0.5407027416498652
-0.92288016472249979
-0.95617854151694837
-1.0185284346743724
-0.91822161332317787
-1.1174359080835283
-0.87484747532354168
-1.2311578266173837
-1.2264204320550398
-1.032322212090131
-0.8884141319419735
-0.82633354041180707
-0.86660644075015769
-1.0066153482907676
-1.0339647885263219
-1.032836596143172
-0.60855992758423716
-0.8537049104423694
-1.2094225503966622
-1.1471778071086034
-0.59088450757491207
-0.72088066405197504
-0.95438952724072534
-0.67229524260686113
-0.75782073461404764
-1.2493507647511812
-0.71958620429227338
-0.88433199862778733
-0.99837514053666754
-0.92899342050373412
-0.95910025093072848
-0.83201393245393984
-0.73945853854071775
-0.83822496525468038
-1.0758355279408367
-0.83769848055764584
-0.99642105447690021
-0.63241403635846727
-0.67168754017181809
-0.7836867973860896
-0.63503515111087694
-0.55193339399678598
-0.88334283430652893
-1.0092744398496705
-0.82729494053157815
-0.54941123801749359
-0.78929824296659601
-1.137427438256907
-0.67292118985503957
-0.83181384453253415
-0.81877993055335929
-1.0496099533431362
-0.84329832984884856
-0.41713456145257322
-1.0356983735356962
-1.043139476019066
-1.027048785193647
-0.7483159514160711
-0.72637145763094013
-0.74959929575004358
-0.66061026928274236
-0.9974756145536271
-0.54341576850498696
-0.35552017765266031
-0.84696505486038476
-0.95159279954986675
-0.66323723728490425
-0.69547794342310287
-1.0474462015546424
-0.72761137949617616
-0.75573179680813141
-0.91806228452466876
-0.80481951273907226
-0.99610213839886153
-0.74471217231484987
-0.71805221095705984
-0.90742317020313601
-0.79161711617684416
-0.71776563914811708
-0.68474210509406175
-0.76536188989597764
-0.65082580588691097
-0.65865357537474245
-0.83784450187893267
-0.80550911252593382
-1.0967265839453981
-0.49372161742146908
-0.51857357086236944
-0.85714636087187879
-0.82656954351822765
-0.86775013703241921
-1.074793645623626
-0.60693817672827632
-1.1073341937841201
-0.8639074153952927
-0.90962738347195482
-0.59192751111456288
-0.55670869961655778
-0.61993369865247427
-0.71091474718044556
-1.2139701552039055
-0.76311223131537398
-0.56143557323189863
-0.87747024871552248
-0.86975542527077854
-0.90406045444393501
-0.88740919963695331
-1.2119005862035506
-0.43009767083431238
-0.54783944301744558
-0.67562291010817399
-0.6787007367850576
-0.67774413263579858
-0.75055762774377421
-0.94369485464092373
-0.91877871331316652
-0.88544184237638135
-0.30357229575914962
-0.43075353487028867
-0.39013480095491421
-0.52225876053646592
-0.85751847998542519
-0.86649550572722778
-0.81026829725992444
-0.64203428634916515
-0.8507584206195421
-0.71519606692022908
-0.62441700700114056
-0.52394790036231609
-0.63041680891450425
-0.89945801680456616
-0.60286227854338881
-0.86634112876296154
-0.78079022087404104
-0.51138722807264669
-0.49654929516964225
-0.90050414941135948
-0.66536717704720827
-0.39511605156356322
-0.68830910211532881
-0.74875711680606716
-0.74359384871702694
-0.57887475563520152
-0.46964483915028682
-0.63507016944610162
-0.87898959757924422
-0.59213064240471891
-0.93678572646654867
-0.11685193447707493
-0.564703265494504
-0.82947175008023255
-0.13541815766870494
-0.85169906979790544
-0.83473079071743794
-0.83419534110217908
-0.42867103446334115
-0.62631582379991912
-0.24888405092497257
-0.67804870352626512
-0.69157899932296685
-0.24243913955560822
-0.41981834110512595
-0.54179181165820489
-0.89984503904307844
-0.41208640918150541
-0.80187412060848162
-0.60333021302733802
-0.3295407417674559
-0.67635434110993531
-0.84964965675308946
-0.89549983888265527
-0.47756758397157184
-0.43044529878454602
-0.82344881152225291
-0.72433217789008542
-0.27629744445946941
-0.56270972675099751
-0.80923118704984331
-0.62986500004787249
-0.60820508079182301
-0.55244161883063114
-0.39522942933807126
0.0030720212544462018
-0.41403578913306471
-0.4440071518635948
-0.26687943135410114
-0.61286326584517548
-0.28648134582007473
-0.67269381480653445
-0.34089330662151229
-0.48636479449703668
-0.65947289778773077
-0.43344092926429129
-0.4886903443406807
-0.62775254920397583
-0.33653399124129263
-0.78587074694017256
-0.55457493040786887
-0.31480734928308396
-0.73834439328683565
-0.98728391900277157
-0.56015263384902503
-0.42937311394254429
-0.63291502502832131
-0.5368455069543917
-0.58752438956613595
-0.73702369440617921
-0.42920820868348719
-0.49112213519128201
-0.77161996969109115
-0.32153546742181766
-0.33382885959953484
-0.25734569077832092
-0.80549013527868463
-0.53075658847123519
-0.22946875724931035
-0.37404171410778425
-0.76234435408674539
-0.58261636248813531
-0.31605238853827849
-0.41017163258523009
0.051463374153649682
-0.24381161644981381
0.0099894481009454288
-0.53298014451874254
-0.73456936974319298
-0.18719640365419457
-0.18971696320047174
-0.43943189308386299
-0.17210348106831289
-0.29054591986101541
-0.58377402487041941
-0.51313143572007702
-0.26402981698018407
-0.40378995900708176
-0.42445468209330101
-0.90573470721826677
-0.83362707182754203
-0.66164267211155015
-0.15800062353123986
-1.0498315277395638
-0.12546957347518009
-0.43545118839964059
-0.48809578652062885
-0.34868703695295561
-0.56195763417853339
-0.42481388681411736
-0.19136180828714994
-0.44170355478366041
-0.61060000607054865
-0.30970364581221743
-0.33609806602521286
-0.38377076958235246
-0.44711676872202172
-0.40918711234280825
-0.64878807794055315
-0.36531793509228022
-0.31886164510229542
-0.016069402151109181
-0.47060473036899231
-0.61813398795468877
-0.63271509912142387
-0.18890328957365682
-0.095200989983472054
-0.53840825859437158
-0.29854111743501494
-0.36668073559591519
-0.57128124902469535
-0.54117915508270775
-0.34991112476671132
-0.57040158501223259
-0.34775670056267854
-0.53280028325511397
-0.12796187013852867
-0.30280112868808595
-0.72427344329825583
-0.52666198913953599
-0.3816514956287399
-0.35322106933625053
-0.79151098765421501
-0.6797456813057845
-0.022408935930470004
-0.41894787978694159
-0.098930660230430761
-0.36636721802932176
-0.18958906228142644
-0.46494878488670277
-0.39861169701032328
-0.31498702223979963
-0.076744301248853522
-0.1631024299946883
-0.060361162103887964
-0.032965641065890318
-0.38845963595017724
-0.37233461729879636
-0.29111619909405007
-0.25519694764599005
-0.61100579703109081
-0.78630773685447786
-0.4091027489551467
-0.27352936375182435
-0.44238114019515867
-0.28343522717753228
-0.44118108060319861
-0.18391064804901802
-0.3225299061320408
-0.31241613718092082
-0.50783293552567454
-0.53617498263526375
-0.45759902101327715
-0.72587024851689164
-0.26414982440136231
-0.56486351551321323
-0.45616423150458862
-0.58576503009003711
-0.49580687313867849
-0.22343714097763162
-0.15728252314747471
-0.36622238669632967
-0.69723527848399602
-0.35860407088406315
-0.23419890492146733
-0.16150689244983654
-0.12656429019920701
-0.33210390351369168
-0.084980757110461477
-0.43556927352896158
-0.27066443224333486
-0.3906636522100676
-0.36462890746101007
-0.36875901314449988
0.04440414653812752
-0.24514658868840988
-0.52593474506493332
-0.24209490280120916
-0.30798543805719031
-0.42224535076560255
-0.18771662418503288
-0.48530912006807148
-0.40588519240700621
-0.21996174052805534
-0.18653023035028579
-0.1131481867489716
-0.2515464388571389
-0.24160823871971335
-0.17831584300284237
-0.16973160022258138
-0.25321710039399076
-0.15878251485872755
-0.011056007104557062
-0.59371783844639925
-0.28780223533403654
-0.12272575095829867
-0.23374338229616523
-0.10160827462314596
-0.22810073441586456
0.014359444415671555
-0.20951473447831934
-0.45447169953550182
0.017877714060960007
-0.15702307070943999
-0.40376877873853889
-0.25718798835499546
-0.12726089161182103
-0.20000180373307869
-0.16266050595761908
-0.21683979411062271
-0.31877947509781379
0.030712970078126123
-0.21760666305278265
0.028136244063801712
-0.26222057603271165
-0.16005124782550886
-0.19146948084979881
-0.42415639423710744
-0.15629852062421096
-0.056831420868827351
0.023030675017357762
-0.045418839067534716
0.039765303824333298
-0.25680805030493808
-0.043076005755756444
-0.003232070442012445
-0.51059605143781084
0.0014468089796236385
-0.34612481880717327
-0.3052759573410363
-0.019664058752044064
-0.22715768265651201
-0.2939156728290932
0.047869591669617829
-0.40090858575155014
0.31631120659127421
0.059069582208989377
-0.13329501958010431
0.011650363622205215
-0.20822517391225207
0.081220799901513319
-0.049464209121234969
-0.085388619160938595
-0.68740903859264024
0.00367000044984565
0.087616611829160057
-0.32707744562416724
-0.50852437980413479
-0.19623210230835839
-0.46260719680771739
-0.1762789745597465
-0.30190117004636163
-0.45180258849551991
0.13189377946508263
-0.012415933819762148
-0.17545575804902339
0.24929713428810965
-0.13877420694574313
0.066971826665289169
0.051266613373794588
0.031449455092169273
0.044179443054146318
0.1517840968647873
-0.12433681776346889
-0.1770191444053536
-0.095466579099771826
0.25730869602629775
-0.10766247196708213
0.12270768511290464
0.14416034789893983
-0.11664319779201598
-0.0028867661275063005
0.1102636448570142
-0.25857687858388884
-0.15985992383770961
-0.11390056875756188
-0.24280474714728242
-0.32154507188253234
-0.37204253908325075
0.16020597420063987
-0.083773274325198419
0.12033581681996031
0.14928584371430556
-0.15127134485424915
0.26507205240392245
-0.14768401926801322
-0.24630472861792357
-0.050969126198513848
0.30659838262970379
0.09603076691301253
-0.31911925992322632
0.047402643866976818
-0.020164683649220191
0.14315915909789656
-0.21674832357350904
0.12254252696486069
-0.17365788229236812
-0.059116759889888869
-0.18067409884452762
-0.011784615615790979
-0.41723167645300147
-0.42290133661374174
0.28636259159469107
-0.089191553483465552
0.049072511317312585
0.24969769649525497
0.029069166145007722
0.031663523634704031
0.17479837618497451
-0.22632225687934604
-0.30408725268755332
-0.35464517387753203
-0.14734364078227083
0.098308804068493724
-0.36605799104756287
-0.43702643189590662
-0.063632873830223521
-0.036045654206678268
-0.056137955533610694
0.22730407441677161
-0.22409445427969893
-0.18941046566302405
-0.21445390575920062
0.076805127195287037
0.093112981960572577
-0.11647371113978031
0.034552944946785062
0.073162563756462809
0.065598805355256917
0.09838511878168997
0.13624643070258155
-0.47044323723109222
0.074392215118068816
-0.1176970815551979
0.21057629771412464
0.084897276042381078
0.1159686284306635
0.22222441003282781
-0.25714730017378096
-0.037820073552631395
0.35617471050447885
0.037580690777942904
0.039451167774911429
0.20519979372538594
-0.22623775962637308
-0.053644175185483145
0.031988617925867914
0.16909764200381955
-0.097588241885751617
-0.10099878731672654
-0.0762745894167699
0.093277424997131958
0.26508003400297386
0.37781073424699912
0.32015510584430545
-0.12589238465427424
-0.081790406863293821
-0.28007641141139467
-0.12896672519182928
0.30869579915467077
0.12534776250070126
0.3642978160262399
-0.19367632008086402
-0.30195498643303131
0.13149005824653878
0.0064004820982508535
0.13620630437290826
0.042312756563574291
0.0089335684760816509
0.19975335941535655
-0.05192309994868978
0.42649690699070053
0.28578851001101052
0.054181814915442834
0.046834646407631263
0.35729825759045136
-0.054051071464750876
-0.053291889906544813
0.12735989523211128
0.082677468385102537
0.28184693449096454
0.18250752094981823
-0.031097949369952409
0.19796566113456843
0.30047497038496385
0.22086857051660766
-0.00048976869884474208
0.44157429683885568
0.069330461690502929
0.15243024089480292
0.3536062825861187
0.32409279599992563
0.36711899398136799
0.28538244918849492
0.14914518549617045
0.23912224197225435
0.32031595238529392
0.19997202061424452
0.12175553212708091
0.32269847070498869
-0.061949062236479703
0.096800960011960951
0.07915912796184163
0.56339103599241314
-0.14072544403744017
0.4600879364163063
0.26729032312086021
0.3397360989358777
0.1662069576553323
0.23997357702731628
0.26259323534075346
0.16274751852698574
0.0059695265341233421
0.26074047292116931
0.041790288057337095
-0.10830581962452877
-0.076961092850648158
0.17411586211217292
0.3555614830917001
-0.077813410887550782
0.31953990486195383
0.15504134861328148
0.31331088544443064
0.06439345709320464
0.088543401035246425
0.32871222661986788
0.04118529762381988
0.13003734523859523
0.5185946826775274
0.45550737555542731
0.31153539536556657
0.10705322141987174
-0.12098222142560619
0.11222362234569408
0.32352738998568964
0.12635776801798046
0.33799617970629037
-0.04719007739565198
0.22098855329207054
0.42957788257063062
0.48578246156967414
0.22454862180974997
0.25057703857220892
0.37978467016007961
0.42480184248206077
0.39974303148858731
0.068339079376747866
0.47311091568638969
0.16052509631555478
0.28030137349716522
0.064783080514194458
0.12870345693546403
0.23764720639581302
0.26094574103749862
0.58078799184700203
0.3388394288934018
0.35771629304436142
0.50040436108609876
0.21557032569813808
0.12698867455893811
0.019431136656883945
0.19772551629918003
0.42861452803667616
0.16688091132758737
0.37853511045727362
0.34889074386701219
0.46648326028903225
0.15356426687478203
0.14482526813885885
0.14785565183925145
0.0058624814639861968
0.34228156372118229
0.20343627000087361
0.37090505577012828
-0.20254770870959241
0.70164092740533512
0.7412052124177404
0.21882363167689664
0.43466877104673851
0.37535199245014944
0.28437775380117142
0.27861958164485301
0.53002932086150556
0.28958010402509859
0.39863108275451853
-0.044872850821671688
0.11859085082307227
0.4695401280974974
0.37003293272407856
0.28157271134472578
0.39274827737039447
0.67088730773711314
0.40149529628864794
0.70659975202758163
0.20787622172242479
0.31505209857558308
0.48432113230393176
0.7435763789312918
0.28750554420491042
0.37982680780762063
0.35152836040647151
0.32681637340832137
0.30232415409974267
0.59281304348577857
0.14840674888686259
0.61702380089965592
0.48825776634550089
0.40723909855083706
0.5866257949923952
0.25017115780033594
0.25131806009346802
0.44879928409314451
0.5480753863661052
0.3010546018008739
0.53016860096365082
0.31698625483148618
0.53861780527510261
0.45874915363122815
0.59054250089741067
0.29264016265008969
0.58331320261773045
0.28087837362153978
0.24035474706602719
0.40518866787751057
0.14846138665640482
0.75027105799754945
0.36629126970452808
0.1405445709503613
0.67708417241402963
0.44985735730889098
0.29999779531594517
0.30784616039722534
0.54573426419688154
0.50457639231930396
0.42553982756827013
0.63547214963795196
0.59769089076333504
0.56884451542903169
0.44998483468082923
0.089027229283869441
0.3156313490322108
0.70132069397912145
0.28830752353753641
0.31976476135471893
0.50362649376808233
0.28994096912266787
0.40919295239943954
0.61136168348200282
0.21545968552871017
0.55417791734629374
0.60246973028985129
0.57726141495243977
0.56405508960195072
0.5213209284540673
0.27584599691028377
0.52714018183532907
0.65335262142239992
0.34018553741339352
0.39242703748870245
0.73150231766955665
0.46340994401544888
0.62376624541656323
0.57439054871182293
0.81131174895589908
0.75687928626330414
0.55656828861518648
0.29074391411232814
0.69941665940642861
0.36727515531260546
0.35349818125226984
0.59041439128587669
0.24188715662974913
0.42260576255189397
0.24417815187737918
0.41658106498113856
0.43922722952890952
0.51195877469263318
0.39727943936677246
0.71043011690640878
0.4528473775358855
0.42144765571374748
0.39485406599092066
0.15427789935147193
0.43496905962439708
0.8003049362564949
0.75861349439880998
0.52697362252199675
0.4872897639216604
0.84037472282185544
0.85541122950877013
0.3424057911865252
0.4660601420914609
0.68176699663188267
0.32738976978474377
0.42113795730779335
1.038036534006878
0.73616461289323865
0.80642156457805059
0.62856474799928164
0.38902171835521487
0.564535301364263
0.44254845579707891
0.72648843144935893
0.78015481482240701
0.33935978045891796
0.66977764303688148
0.34584083491503248
0.39739751664001444
0.51110786594874791
1.0562161797464533
0.77015800352720887
0.27972849103363256
0.92714600625061527
0.86038333996889016
0.71646254489431049
0.51245160951246393
0.4745747255345007
0.65438785692029811
0.6814783170174904
0.43800843980000514
0.27824996677033254
0.48259141530505562
0.85635429104964722
0.66443752518888177
0.8298137692562495
0.76002418962282159
0.6285534080402595
0.37509518276948839
0.89714895044635423
0.2416399404036477
0.6068000352006282
0.50049537212199979
0.60870479279188427
0.80319530997093969
0.59897656178257974
0.81836841566703589
0.81617983615755918
1.0393398103465354
0.76089447606223259
0.60813211241184528
0.26554374687879806
0.81074672785538482
0.74968575692138395
0.64838519669063399
0.63306109915310904
0.51839258414764045
0.79357207257759321
0.68445868721799008
0.85646237193589603
0.96541054511952062
0.58009240031145437
0.63487228647885519
0.71849190905775562
0.66365728798024648
0.74064384835087116
0.65667792808181202
0.66891852570996224
0.65721487013236679
0.65708243913664377
0.65417350799221419
0.54605805490952397
0.68285785085202222
0.77299688183107074
0.62777632509864123
0.52834501219265051
0.82484098276708684
0.83952075338920995
1.0143869787013953
0.61745978214908204
0.40835877089033895
0.48013919721748755
0.56897970304322454
0.60115980251640178
0.72598528726654221
0.186638814526393
0.85414051340937536
0.58044486087737956
0.74038133903196668
0.57401866326496365
0.96741125203463707
0.80415035343190655
0.55248095853078361
0.49372538629426094
0.62712360610947337
0.65208100589998341
0.74650802857011078
0.57652469277793827
0.48460090449270343
0.87141304417676657
0.99301902029821487
0.83925662484181218
0.89518994858385437
0.53973855168344365
0.88419862581163244
0.77528681848348202
0.87395794010493799
0.7297716004242738
0.85214439191030666
0.84847579406048756
0.96277618761100903
0.63532208875983631
0.91445562175949147
0.723969283730174
0.98681838738209715
0.39894230259192792
0.73100223580271351
0.46923688490219562
0.53250438811272549
0.80387705425977796
0.80290459596363795
1.0185387617461021
0.91409097585785082
1.0174728480850661
0.91910354240891068
0.61745455662845994
0.62329456402491457
0.65286682813928709
1.0998445271774477
0.93459273840955071
1.0168841601659357
0.45781347119378357
0.92570598425697659
0.92751186942873642
0.79369368102994298
1.0865187720955343
0.93742553751296143
0.68851761803086697
0.71075470912438099
0.87737034737152364
1.2292504605970371
0.70711821870372393
0.70497939252200648
0.76685784652734534
0.79941104614220504
0.67427774285069686
0.66317817700810866
0.89108781872018894
0.45018078989882943
0.70047281056046617
0.6471692978490986
0.96857095986400898
0.80513668257427629
0.82470384104911709
0.79953399693883798
0.46013696736789111
0.85130825039047486
0.98169229867465402
1.0389236366025216
1.1551934469180007
0.81813360964728143
1.1128441686839445
0.93247417133824617
0.47859318746624019
1.0079216620986418
1.0339644181940533
1.0511720584304287
0.72409986066686427
0.8918967452758032
0.94461783513351549
0.76466531881351441
0.76573384908332709
0.66139595435417986
0.79927864413368321
1.2641621212407896
0.8265462409155282
0.76730764233958215
0.7213276594503033
0.94093019989367443
0.50658377760000917
0.95748268516884039
1.3789232446304545
0.97213835655952563
0.94250821129088136
1.1710121258020885
0.93203756840153396
0.68875623956024112
0.63390373908188857
0.9660822182713853
1.1403640545843845
1.2915883867727749
0.79900382378667711
0.7140368157254694
0.6945990185466645
1.0024134085862879
0.68759524057045285
0.87433441861369843
0.76699370939551814
0.64426348152264223
0.87366960069403199
0.90308744650764095
0.95204708922162151
0.923379483119532
1.0031359412844481
0.95715521936096559
0.81065859202112012
1.0585865150603855
0.83463162345928388
1.2584509724022162
0.76036552102176036
1.0949562608630774
0.66065177251539708
0.99149565363210845
0.96758109042519491
0.67864430732411807
1.0669916836794713
0.83746410819940842
0.87646285092419229
1.089699402790824
0.85093054034874627
1.2293688609693376
0.87619283819797
0.60578998113148708
