-1.2009334750651013
-1.1295848704757279
-1.2680543329639273
-1.1133256823487225
-0.83062242882382431
-1.0350005187140459
-0.83202510844100108
-1.1423820298493625
-1.2450944218689317
-1.3702461528790673
-1.2340085042911824
-1.031694610954669
-0.86680706683044251
-1.2798408055503476
-0.93000460773129734
-0.93671755589328232
-1.202715617038157
-0.94468687611410418
-0.8406990820539948
-1.0159541850492018
-0.91274125974556974
-1.3706401184650472
-1.0521154123963399
-0.78669077630240325
-1.0918639243812049
-0.90155491122284626
-1.0573135938682217
-0.82759419732252149
-0.70560068730433867
-0.92672941743695325
-0.88437898800770831
-1.0133222666373762
-0.90568555559066444
-1.0061910242034402
-1.0199998362604945
-1.1055700262419315
-1.1560052513206358
-0.99824798817698834
-0.98442188302799094
-0.7646433032224994
-0.96075562808346393
-1.0296011880068894
-1.1398404070043109
-0.98657472383808964
-0.76887265688165141
-1.0012252664841066
-0.83060003013379935
-0.70444503475608844
-1.1851115103032186
-0.91019688577318725
-1.0463468651670509
-1.1267739309324543
-0.72000296923238272
-0.97612241218978857
-0.68712560288976909
-0.49936194952072727
-0.93104720011203834
-0.94743764984363144
-0.72046997979305605
-0.75576663181054893
-0.94405352402882114
-0.92726334012421985
-0.81991575293877261
-1.2035975119839386
-0.86760496577431534
-0.78557472603882605
-0.88760956677391378
-0.87005422739762184
-1.0678488152853816
-0.92169853117588141
-0.83971841905883371
-0.62628827068836079
-0.90801958157193208
-1.0588210168602099
-1.1851242714045491
-0.92398911021488084
-0.93462811671364876
-0.92551792039076275
-0.78143927886612297
-0.85613467344181637
-0.7962419333827192
-0.43431771632808297
-0.70583441283726311
-0.54198059752739791
-0.90452376077136254
-0.79562744210122871
-0.81664418048616472
-0.92096347298850711
-1.0577967048907382
-1.136456987574848
-0.77120053539419464
-1.0248276833522043
-0.70733226095173007
-0.72290598862440547
-0.83818035526198276
-0.69175604193408158
-0.96730430354806884
-0.80789449801518198
-0.86845780212200552
-0.5435199365040283
-0.67141312307082568
-0.7381719515203683
-0.94633154358920546
-0.78932037597763238
-0.53648471972747658
-0.84183280183089271
-1.1226434318147578
-0.74202378895047438
-1.0260579937236181
-0.79109539397426321
-0.92608458539895722
-0.86828770607480754
-1.2015191411986255
-0.52495575389007687
-0.49295355249823508
-1.0725735029000543
-0.84499547097048178
-0.7080163745881819
-1.1540036739046937
-0.4321428669180456
-0.92235755507518147
-0.89642265549453004
-0.90585380337308774
-0.82896300981878079
-0.5868782944670935
-0.84077082976395934
-0.86987236441521221
-1.1144471206051616
-0.82081797010976376
-0.50864710802676671
-0.54995818802515484
-0.83191548390389247
-0.84713007161735887
-0.73232671644311309
-0.5913368327812899
-0.73833839382868649
-0.50145898290999447
-0.74757115252963779
-0.87421204645165884
-0.74629827690481432
-0.79422564674418028
-0.48776444387667978
-0.85705100949732593
-0.79169549171029607
-0.76438201363396496
-0.9665412283195679
-0.93265321915679755
-0.72997858699887663
-0.60089372443735289
-0.56874905677969845
-0.8765499405786602
-0.65111183617749813
-0.78012335859314241
-0.68077335992046961
-0.40781834148270019
-0.62058096126143047
-0.42450249745548585
-0.27783848078956325
-0.65611827085132224
-0.4564719620963627
-0.52556263160262306
-0.81834055464895694
-0.66052362354231076
-0.85020840225924388
-0.6272069142305583
-0.70091678719693329
-0.509167435404693
-0.74882118864204139
-0.61571447338504171
-0.67936155359138373
-0.73480354066900389
-0.72766029480982575
-0.42971855180501006
-0.7385557653487167
-0.88667775666864246
-0.70856765540034383
-0.68968096367291676
-0.62995889906130031
-0.48414459527364645
-0.75484041668513813
-0.42280224500254465
-0.42780636083626067
-0.48592856308388299
-0.71519717543592864
-0.66243676639663707
-0.63294367314949773
-0.64072446554377382
-0.71329533121733035
-1.0536864097577665
-0.57824274847917201
-0.52882631792663215
-0.41153238790646957
-0.8717070944372427
-0.79759641149205185
-0.48603709692580571
-0.63512038157102091
-0.55014472596906683
-0.88574831051022251
-0.49235114223237691
-0.98605199017244749
-0.62917084430458725
-0.46989738704424894
-0.78204423197927209
-0.60153170621778151
-0.89773825886154524
-0.50588068042324286
-0.67930285016757563
-0.55371143522499677
-0.69588269202399777
-0.74034578172858978
-0.37685165270763671
-0.62739678910259722
-0.68020683168594809
-0.82382276646174346
-0.63717161545434642
-0.39647871604931417
-0.60167224063433722
-0.64854998630651617
-0.77828423843781203
-0.8716484105559964
-0.53882732898934715
-0.55549108061895303
-0.95581902293943999
-0.62060227691936976
-0.46456171749797748
-0.36635028748563331
-0.6053701650597616
-0.46175957107333876
-0.76469049244125775
-0.50860235793906361
-0.82290543173558817
-0.67878033108470082
-0.44190273097663724
-0.52897775848628603
-0.4750500640828878
-0.69153223195351421
-0.67906935626993681
-0.67716930778467921
-0.70258755285804697
-0.64769321785979506
-0.57269719856004631
-0.18874934793350867
-0.57026988490011621
-0.57177029211690189
-0.48739843071087563
-0.59510943517967085
-0.39845182373930943
-0.54106590863560389
-0.67083218282450974
-0.44447259775821063
-0.69151890278954165
-0.34495620981498964
-0.61458295685231601
-0.61333180179075886
-0.67521094524113001
-0.4947063910076997
-0.59124299181437912
-0.53591177600470996
-0.48374130985418068
-0.67352774402989657
-0.30354556232352614
-0.50963850823368984
-0.72133875183323748
-0.41825227098288131
-0.75764486405744147
-0.52491543376505967
-0.48974657837265395
-0.28550530857370759
-0.49688449393709072
-0.41180864183958332
-0.57337908373729707
-0.65115575243135171
-0.27608256714859952
-0.40460468525789728
-0.55265481718666865
-0.57175760426034872
-0.71444346275255699
-0.58610789646532191
-0.49416225821171705
-0.60661598412723661
-0.68100927163620983
-0.35322205618435198
-0.12878578206202088
-0.45823806985522947
-0.39877113628000732
-0.35089752813614555
-0.48059688100864384
-0.57402785104670462
0.034860422401923538
-0.46512227401915546
-0.32607638783001286
-0.50601656689993346
-0.60628616168512317
-0.35197139973286967
-0.33026687491414053
-0.19812988430860043
-0.48266064961371424
-0.37657901115735071
-0.8138398626840867
-0.2169447403038377
-0.25643762052964214
-0.60093594697166486
-0.58687061323116829
-0.62471805438094252
0.025791770034380802
-0.37320796143812962
-0.22113234784545363
-0.14295571687725173
-0.23547142962763259
-0.37492003999747603
-0.48698742067635087
-0.65017302531439536
-0.4759195578744565
-0.46319133827122477
-0.15724896481523548
-0.60521987367262997
-0.46484450411195144
-0.23348218809592514
-0.44738164785804679
-0.47474434220984107
-0.38425447770269239
-0.14553232482202283
-0.72328747063720744
-0.44582021097900365
-0.5242511695453177
-0.10724920579302216
-0.6062245062203655
-0.4795879436024158
-0.35345267807745251
-0.25476331544842234
-0.22321277775821985
-0.20051394767793396
-0.31176480072068513
-0.31968730652995303
-0.36197142223835005
-0.46131586149094239
-0.34337899683908968
-0.54977497054652591
-0.46759818122486008
-0.56709031472422999
-0.42376663044310459
-0.50739112935330688
-0.55881389782196111
-0.40479926110174003
-0.12702015482569901
-0.27446369619951233
-0.4019998994850742
-0.38481101266529405
-0.22153778600083376
-0.34405149179114186
-0.42688337657042097
-0.14868785899803133
-0.23600050733634143
-0.15287275962373484
-0.15356188139864024
-0.29751233066573962
-0.34749353886454865
-0.28124521064831859
-0.2513918078967875
0.0023969677013150896
-0.57321628775563171
-0.19320950165616069
-0.18702431604690584
-0.45046578024626466
-0.35860960016098464
-0.30852595330196869
-0.33536052598693322
-0.34577307007704905
-0.41675518248700649
0.01491943675629622
-0.37941823653575618
-0.30776648814432078
-0.35143897325490014
-0.38736763120056061
-0.32174286682139663
-0.34312016114466981
-0.29671339270627201
-0.31172837524704866
-0.20923817977546119
-0.026004672306381274
-0.24666045280541002
-0.46842186460479651
-0.39997098536576331
0.17149043237500344
-0.4369114803862546
-0.013174657601335897
-0.27384799144384031
-0.16876111636247071
-0.44444726135203427
-0.26697677142849807
-0.26198561641354356
-0.36079066077922933
-0.35106451410794137
0.098304841601878246
0.18186855664557769
-0.11139052811581358
-0.30832719172446688
-0.0015377648549618802
-0.27974321557269172
-0.48643402192230073
0.029192320087739393
-0.090970364622669872
-0.037139788169784527
-0.26739620848269186
-0.39477671525850877
-0.18933909707918553
-0.2331022387290235
-0.099959692603701814
-0.19686241775653376
-0.075294765257798657
-0.45247694484577233
-0.095118024794827921
-0.038310143879547093
-0.096088045074365344
-0.0063384521056573219
-0.46525643043305742
0.055048369074213239
-0.061960550943367623
-0.47150098758859771
0.088762862685825714
0.095530720364286961
0.066888098841945839
-0.13300308137555913
-0.10100717141059892
-0.52594313363050282
-0.59243098150561835
-0.10418232428021375
-0.087208911161594876
-0.19361788394735102
-0.017042935593294482
-0.22692431071862768
-0.074864269432484976
-0.36296618876803477
-0.38301948609623487
-0.15321207158317046
0.0063418214062236529
-0.086885141031012067
0.034082677972502674
-0.12675598764863952
0.12508355670692878
0.096192602598023383
-0.24885650748615865
-0.027748165481403166
-0.081716566416797587
-0.2411603182451284
-0.32473275091959652
-0.071610893063097716
-0.15129706277695126
-0.112572699245755
0.086805958793678334
-0.14405938415307565
-0.03763441036990172
0.18167699822895372
-0.1365934991948613
-0.18960617373909672
-0.2166716507660835
-0.0088120476116119398
-0.16576357319081023
-0.034570979967446049
0.049576350642997882
-0.085029170333320025
0.23249076154427989
0.28767811014225197
-0.43083866728409498
-0.0069071751326895163
0.074758659626348895
-0.27715440661130802
-0.25156729635499603
-0.22622421949437918
-0.076723381949307751
0.070537629864183202
-0.30330667504226344
-0.28270872111135192
-0.059744905455445411
-0.36333487730609659
0.038137121812538498
0.15314132335889902
0.025381014522718386
-0.028828522330432708
0.25360978959409008
-0.2301060001810516
0.0056671657864225773
-0.090971314023857261
0.09801328446905283
-0.15521586074950233
-0.18840881979987778
0.022316657409643524
0.028453426989917516
-0.18626288301041388
-0.11131851552447364
-0.071270203628275131
0.10890536057516043
0.01709010640823513
0.065254627099136403
0.135802595796785
-0.22921965816124326
-0.19999944302290709
-0.32274157350847232
-0.011808801181912859
-0.17166338213533655
0.12541393099134274
0.13007335581044774
-0.070839393612434354
-0.026948846459764524
-0.13631990624359408
0.082169496251063026
-0.04951612357274944
-0.062767975870796855
-0.1659525901996822
0.26514248471619656
-0.10557727179832406
0.14541039157272823
-0.15981126670024048
0.067639581796169315
0.22842757942297254
-0.11437294562608953
0.16477440027375675
0.2033034201659866
0.12913665536703356
-0.0089849003476266519
0.011405619167314862
-0.027633052321290087
0.21747892632238855
-0.092003747837819283
0.20063790508393634
0.18046967297243519
0.13303105393969011
0.19489567121608001
0.30100188716063148
-0.044186097702683669
0.048517632141412262
-0.16389312225523453
-0.057366414651737724
0.34324654023846257
0.26647427874469948
-0.32716889639050711
0.25385710038464965
-0.25945881103854279
0.15209144897539756
0.02459150421070487
0.0064539505148851909
0.21375122425055876
0.006727006547837016
-0.088404320357084093
-0.12140660318609729
-0.046492006374762911
0.12894250270259217
0.25865582060890974
0.20113571110130196
0.05647054640985643
0.17692195019422435
0.32848140863925035
-0.25667052265807461
0.25244063514810017
0.44951608156196154
0.09497699146865457
0.17783010954188361
0.52697437567271677
0.066676755051259681
0.18257995526124657
0.24356103766477008
-0.13002820823217343
0.095167722490550166
0.1063045686602872
0.29430865246733506
-0.14108193375673603
0.042159841184912283
0.20700657623134849
0.3166778344469145
0.46120687262400928
-0.14494146072284056
-0.04691357419413885
0.020890397649733036
-0.11754979367145438
0.14300263407671654
0.20132781443238859
0.56585412016835379
0.28693292686922134
0.1145908984261295
0.24089890860407806
0.36320358190430108
0.24744016247960832
-0.088830035001566457
0.39014484762293827
0.24479427207791954
0.16995257548311241
-0.18817454377659931
0.40490635561327531
0.11233017558595412
0.35335585974780143
0.50356464821824454
0.19346700854132451
0.20607292617234255
0.2379678038815537
0.46276920933770255
0.14157651638572491
0.30912236568962959
0.17057754248365242
0.27766112674477295
0.34318959639279256
0.29254964584528087
0.21913071063903813
0.50171028274921581
0.23863251400784521
-0.040733764283158176
0.10096033477212413
0.16599693770552912
0.31187593187756429
0.4381133049232846
0.33130069176249249
0.17191567205790642
0.096768480412702557
0.2992719109641917
0.47217090611428092
-0.086265915984996513
0.59366142856615811
-0.0095592425175391165
0.34683909567899929
0.39616342400293192
0.33713854666811177
0.46624775357905812
0.3439363039672535
0.045922987620471749
0.3394213732459761
0.31385608279584515
0.48914694944541004
0.33809765967073951
0.17767664329467417
0.26918656955877285
0.19104706634162771
0.26821605804125503
0.3968486833174425
0.3192173073341899
0.53445733729534783
0.37694359968809155
0.24496772942329217
0.43634939934797901
0.44832603575851504
0.10000528372599844
0.42556168026216368
-0.033741263185340584
0.23152341278666613
0.3012970323650907
0.066836950880842821
0.46389815303990051
0.21780205512734446
0.1565467062186098
0.39710905354381693
0.31457585277828465
0.26667843534863306
0.11396040846821322
0.39503830976907428
0.67737840156301454
0.25570758500113183
0.090599999798971598
0.25956266235182074
0.27312714372374092
0.32023625341722356
0.52637029044620753
0.17891496427253015
0.53826898303866133
0.19240051239063713
0.51206062623688708
0.60756869535052083
0.44169252147558979
0.37616287466319903
0.36098781181347106
0.32715523590035039
0.38307854471388381
0.33144008042564588
0.2377747299883598
0.37202699415691853
0.29133988807920341
0.36016701633007331
0.34777153057792332
0.15660132703394278
0.32402186708520997
0.44026427557687187
0.0065052087656486618
0.46640830774632047
-0.069659008042709705
0.041384984822649615
0.4686759267917428
-0.037861556382381825
0.30240489300499335
0.4857673487740789
0.43571369367546731
0.67723595200794506
0.69875218257288774
0.48071043618646697
0.3162906231135782
0.63544179491871522
0.54866233656035024
0.53328531259322121
0.21255408228849729
0.18904781643465568
0.27205692658363489
0.25597158608433046
0.37168288614970107
0.25430412526702817
0.24690630807358438
0.48882707229380168
0.19615923317805722
0.40095192461667611
0.31682566558861341
0.5885770319830802
0.16968940231666035
0.32791964772570914
0.34226593937568295
0.33962727070348098
0.25746301539776034
-0.044293329020081311
0.4069940578785341
0.43306212123880883
0.19605442822929894
0.048700360286379779
0.31604122156122089
0.40205690575953856
0.48009306974793398
0.4137961356100785
0.53367473555448119
0.54603695821901754
0.15051183057013032
0.29414179776701499
0.11905451924101949
0.42015595886518609
0.30026282941633947
0.6963061399391931
0.43037685522404689
0.67599465336865328
0.42401782866600757
0.55109893270394272
0.29886879929840765
0.15773612088334305
0.71257171322997626
0.72289812946389875
0.37502249560291767
0.57913605681945302
0.39544049960219158
0.55956621506759729
0.20190540954762631
0.66804213686222691
0.9013965800754985
0.65570795167303952
0.62511052842308445
0.3181268438108632
0.46690044565786193
0.57308491259755856
0.39775294122915572
0.52516378537926467
0.6227828541256748
0.64143006646511658
0.58268626997164608
0.56934248506025087
0.61530402269024431
0.32907849298373726
0.54671933947212437
0.66242055059211613
0.21722236636486611
0.50519713218747131
0.9015569170127401
0.6621177517211484
0.54777236763166115
0.75967748913010957
0.59678960796409908
0.7229557883062141
0.5011315123252762
0.4116489479206254
0.65889287872948454
0.88387239629465297
0.48711346814332041
0.825134412363696
0.60401922958841581
0.64434161576633564
0.5758321404095742
0.67812368722937955
0.75126599129561211
0.57039087431720059
0.66231622292165693
0.53087154431624928
0.4475119542096726
0.53281318374582343
0.48846226910022467
0.61100003240562251
0.55554913119952054
0.53411482263547649
0.60944799977012409
0.81862096555910846
0.53725461931186436
0.69384793488983243
0.51606310157977853
0.51664315130431349
0.51125760874280346
0.8019386444779546
0.60927626094064669
0.61374055193135002
0.71562811668661319
0.63742960427768813
0.22149124249460383
0.77039301976185059
0.82370625829310062
0.60518841556508174
0.97623445776365037
0.43417591151004681
0.64847868578950763
0.57550947012673515
0.6656282258311973
0.58278062409325027
0.57552981939582792
0.43825461583942987
0.79788717951580634
0.80397930466894929
0.54115384129771349
0.85385185903215233
0.57418354248460102
0.79860463246690505
0.63886288236754629
0.63852837572093457
0.6217937010858352
0.60585831466432494
0.79492937568535516
0.97068899983136014
0.61191915197952484
0.61207208936838586
0.55109978621567801
0.69410180440369251
0.8068390225762565
0.81249676341298749
0.61323699401179166
0.56294056775196133
0.34605516441420986
0.9148269741687155
0.42553851501605455
0.63366730328980836
0.75120477929727492
1.1298092485348483
0.68669686167708455
0.74126498066938618
0.93091945876705129
0.65619052071452988
0.77827461242466067
0.71064643194515809
0.85747448321978159
0.79855263599635973
0.26526745791179829
0.41357677341205018
0.75136623009307657
0.91010077627439412
0.82334198346344356
0.72767412165051404
0.55903563019344726
0.85946685499158249
0.53211701917191789
1.0371568315875819
0.38781461633674463
0.87227180483055378
0.82421621871160755
0.70320200675389832
0.58560162145432781
0.64087169853824943
0.39837442244124754
0.6546546596626821
0.91806975329587148
0.67371304205911697
0.51931863339978834
0.81607811663345409
1.0970851362753484
0.762174501678889
0.57858181077418314
0.6678601747630597
0.51811746990079366
0.81060788977938303
0.78133071269802434
0.8319852925069452
0.8262408410237756
0.75108150489123193
0.31963886109021816
0.79263713642726785
1.0775993830671093
0.5649127728776302
0.68259106915036993
0.92661103591483029
0.41669088612830368
0.94969610111996161
0.58335151425024989
0.69890472893075184
0.82300863081424958
1.0500963427254668
1.1055469551804511
0.81680945037533581
0.77533179632352789
0.92349234923844459
0.75325070777847081
1.1426878768209863
0.74555553469980773
0.76377890421331962
0.92505462455274989
0.83406554568919467
0.29434081497613429
0.754471800376741
0.8548446859223453
0.61223148929047777
0.86407180448275533
0.6110082813897515
0.9903691619676338
0.9640405879527828
0.79313895988569905
0.65481210388282085
0.60900900235725663
1.0662820560382127
1.0135978388183746
0.91977956425842367
0.71452753745607178
0.55242905732992675
1.0669233996382625
0.74528618754234499
0.97113051030980913
0.96315048627522937
0.57974326851914093
1.0333110096049498
1.0194723374355941
0.81332505597561378
0.8227362105012006
0.67376763390078354
0.83791224454411817
0.9082588530577359
0.87119303685673499
0.98453534078342864
0.91961403238678063
0.65709873132275121
0.62617970195388928
0.57063468475247003
0.88897936255701882
0.87486312843222436
1.0422545408662021
0.7047459470722609
0.96407356782225317
1.0692194792685774
0.88414035064351326
1.0287298866764949
1.1841565212875691
0.82114816129882784
0.95947942630950245
1.2489478870985935
0.96834973725194018
0.80892724878839917
0.88113260890343548
0.75396567958286709
0.97569930754332301
0.76369164353669672
0.94712298099494363
1.0377015243117658
1.0045273623914575
0.93405313175027616
0.90614446320122599
0.92963125257514756
1.0586738326936735
1.1044523047603718
0.7669840771872154
0.83902399978528941
0.4321664448178173
0.69244459933845526
0.94247530451415329
1.0449857814711117
0.68650823179257803
1.0488111882221305
0.91594377939616944
1.0284859119863992
0.86816331908026323
0.82601808067265703
1.0092031514026734
1.0550083044005287
0.8988031266878056
0.80226218679047645
0.74661724901629811
1.0276818665704301
0.91167421745829391
1.1944946190306538
1.2577588865139229
0.87819098275556118
0.92320058874840127
0.72927487071334651
0.92433959210550565
0.6629512861760819
1.0584071563708282
1.1042891475465006
1.0032042934035288
0.98724755180347301
0.92171393419243863
1.2536286721858054
0.89791675603041821
0.75115338847118396
1.1240192726775426
0.89637323857407136
1.0315054395204264
0.91475887553458579
0.87933468701240913
1.0698366328450193
1.0533405241412233
0.72994139083658482
