-0.5505147527451596
-0.88669842942139931
-1.2549511959943085
-1.1980433655348797
-0.92273464243905479
-1.4127365771238576
-0.9567602654403119
-0.78244040469221787
-1.0484050844006325
-1.0796753241750017
-1.0269161751129898
-1.1571968991009638
-1.0914791592523936
-1.0409066781846839
-1.2446767952940152
-1.0185120180579639
-1.0562565236839669
-0.91596415061739322
-0.85164032800919476
-0.5808728787602695
-0.78921707179941814
-1.0546551940733619
-0.80353226491968144
-0.73915363893894026
-0.96481438758618976
-0.93960343957013304
-1.0699999114188143
-1.1963499243242068
-0.74673947373588179
-0.59077237327071008
-0.66725530478714923
-0.89223567310093665
-1.1793869050893933
-1.0111782460360021
-1.3429389468597746
-1.181103161566077
-1.035130280428245
-0.77022022608629603
-0.81564113719882791
-0.82932183088424427
-0.95211158307655841
-0.73845235454026792
-0.75736930147227222
-1.0270786268571168
-1.1885209600212416
-0.6108528398220392
-0.63731304557332003
-1.0322048075535675
-1.035603788376988
-0.95715970656421845
-0.85654421222810895
-1.032239547589904
-0.7462863114499968
-0.83431862718047212
-0.83336981040837954
-0.70080708961792026
-1.0406669233865571
-1.0208900930589995
-1.0193769818141474
-0.69010525092853292
-0.88564437161114085
-0.92614974282979767
-1.0978397077635222
-1.0161474993163269
-1.1071296607573773
-1.0499290546714068
-0.75440767045310286
-1.1413859295836692
-1.0933824702663779
-0.71611126695258231
-0.68291084620761966
-0.69439894180026474
-0.78845282855399834
-0.96294012035059429
-0.93051310088188965
-0.83846267673689401
-1.0580212911326459
-0.87499386101507071
-0.50922295327690581
-0.84599810795180974
-0.9291357074274843
-0.71998876750861407
-1.066190063089034
-0.876685178015285
-0.96900500279049939
-1.2393426817577264
-0.75733868393336823
-0.6260051958743077
-0.70896127092861039
-0.90104129161764235
-1.1690344460969946
-1.0450248100847856
-1.1075018398178564
-0.60316174408634504
-0.67582777732988819
-0.86837229691120288
-0.89180369653541103
-1.1071383470854768
-0.62610741884851262
-0.64287945176624584
-0.88216462470026691
-0.47700683238829783
-1.0857194596396802
-0.74924466616049956
-0.79135873867296858
-0.71655482339885535
-0.70929152427373365
-0.7857899136430635
-0.50521707166374408
-0.74905059627857717
-1.0282608148522807
-0.76086427337034512
-0.85743713677842837
-1.0120951580796862
-0.75108799459511566
-0.92660931180124362
-0.61175644674340024
-0.49817178478243046
-0.67157934864169366
-0.58289288190844035
-0.71726416885377298
-0.70966543827764061
-0.78956607509221244
-0.67872048170928956
-0.81580902409044009
-0.8288586643317245
-0.66135930412313826
-0.77994303789127684
-0.94159682592010807
-0.61571426325197576
-0.5324752255429448
-0.49332808026510333
-0.63601933414437817
-0.70073634575011945
-0.93685005427893941
-0.79237252078340836
-0.58812794414916614
-0.21260445887743509
-0.6415752740272328
-0.75837703553731883
-0.64675736183511257
-0.550096385172548
-0.4876565769362064
-0.48661872233514675
-0.47285066906368023
-0.53177567090846944
-0.59162013575411609
-0.89353506204707489
-0.85273524406123746
-0.52100883375157625
-0.87490510871165816
-0.99463307328321071
-0.59686389351968827
-0.32925362500816024
-0.5822901852668706
-0.59234214740665014
-0.46697714679284158
-0.38990572513330907
-0.48201536995911193
-0.7556064079978837
-0.73140363397134567
-1.1203168325213881
-0.82185463752365118
-0.87153525274665711
-0.65519415706866291
-0.80193716544854476
-0.62282838685171193
-0.96979356050716847
-0.87221774674802544
-0.49804011991043118
-0.6185067554010748
-0.59919746099587423
-0.56363702143325256
-0.47568201117828141
-0.53903681289084227
-0.72247490032721084
-0.7026392028311218
-0.51453925800348599
-0.83409935873686081
-0.43061518872499616
-0.36435081908043615
-0.77053356480216972
-0.494657159273799
-0.83021360461273008
-0.37821724376338461
-0.39676013280553274
-0.83533887708616106
-0.32781705193329996
-0.38426792719825448
-0.58029982635379551
-0.72278422368140083
-0.62062532298595219
-0.83800532146038864
-0.43362476427225011
-0.67433570575336454
-0.50803638707665499
-0.56801085347881508
-0.84459535373185424
-0.91341247259604763
-0.68766930738188647
-0.80279008403635765
-0.64029312161684326
-0.73328431371175262
-0.46625043657342469
-0.44270200235372509
-0.52237445550532946
-0.83207086823638032
-0.81328270750855591
-0.4721751087868401
-0.59965233972021292
-0.50672408855123396
-1.1692213239304701
-0.40390754728700096
-0.82647349449209828
-0.34278057735141149
-0.46969458200389758
-0.77013846208946779
-0.35996970318029803
-0.26468307248580647
-0.38351413935842688
-0.62064949852236795
-0.61765385434731945
-0.55919289254693716
-0.50563506591034402
-0.55001398040872251
-0.61068904515195854
-0.40436198611582247
-0.51328360896717451
-0.66951485637837593
-0.46859660931329877
0.034390295152051199
-0.51633440658770902
-0.29994808441613535
-0.72623849220866055
-0.50373443391859651
-0.43081054765461824
-0.45335750237919903
-0.85994441251985621
-0.49686132602663713
-0.56460347880251893
-0.39851777092634932
-0.36243829990489218
-0.7354335333032368
-0.83999737115235007
-0.53735285035414226
-0.65686448829307531
-0.65691199890597196
-1.1198564526913446
-0.44917826135078298
-0.564726054037474
-0.38347187092719853
-0.54352460705735051
-0.81183139204335553
-0.56505175381820893
-0.43508235795737449
-0.43205647556842186
-0.79796678617027406
-0.53767047544524682
-0.89038743538891252
-0.66936053525171735
-0.49927718382402325
-0.40791443711356107
-0.19783553509435198
-0.5702495818141643
-0.73521287161088023
-0.38428875665220907
-0.64393603826620094
-1.1665063930705137
-0.51759280690964127
-0.42787023307372213
-0.59360835216811159
-0.40833819316272374
-0.54636276166984188
-0.32744173698430684
-0.56631470710581389
-0.5191598780822877
-0.15387425888712156
-0.68976571451531088
-0.54433728921165003
-0.38548790434959807
-0.56775682814498962
-0.032043186139635228
-0.20221436570753568
-0.42164150949554352
-0.20310726446897412
-0.37503487625152437
-0.097874699145300115
-0.10192372666920699
-0.31821842343764384
-0.24432795666236204
-0.22061656874228458
-0.14372306704649151
-0.15176604935640386
-0.22149872062949758
-0.38924963354702846
0.066797877100781708
-0.68351660858751084
-0.1168827370667522
-0.4063868023725819
-0.17575889284094909
-0.49796692086849592
-0.29072414203406338
-0.26232738100892106
-0.58192273209662515
-0.51273553302510844
-0.061174678085841851
-0.49574326271261332
-0.1147429632240307
-0.51487900342256765
-0.21388196576261861
-0.11471077363909454
-0.40265285121971717
-0.29344862374830821
0.040096727208129776
-0.24087410243497945
-0.35893956881210337
-0.51139671329887426
-0.21708201548088665
-0.49998638232890685
-0.19986730380708773
-0.1092555187103699
-0.13292379656279338
-0.40922827928749222
-0.52965687487985036
-0.35990231770757702
-0.3220384145675122
-0.15101826603971144
-0.42431875681513764
-0.14021581907553937
-0.24815052149477998
-0.30795738099675957
-0.22602170755453246
-0.37815443611907945
-0.40620291663437896
-0.32535225152124003
-0.36019309164744984
-0.448028380062995
-0.16188954686434451
-0.39955069842832497
-0.54446646810759924
-0.28948832070658131
-0.31885351103426429
-0.14362625487359892
-0.47968566469882229
-0.6706653326998907
-0.30051015174277074
-0.36494286820622363
-0.19927612541541456
-0.29260532330929839
-0.33215348125090433
-0.3772464064794156
-0.43613738117819345
-0.57126417881952662
-0.3597130242226434
-0.097444017195541785
-0.32183668345644406
-0.069933730459838764
-0.42492140823385333
-0.51687326034010761
-0.49757408333777486
-0.50561603433942459
-0.37531251538614024
-0.38791182349710113
-0.61574216357397993
-0.17055192785677561
-0.88296885735081576
-0.23381419715291032
-0.27733838222127161
-0.46211945613688488
-0.033242628434252838
-0.47418455904653101
-0.22823510288675294
0.043393141497049356
-0.037085455352345788
-0.353293518191861
0.097960427480219145
-0.4027343789036637
0.16380412923235163
-0.11135717560611749
-0.29510036596905809
-0.44441551496442511
-0.37773904045877771
0.0043360413948156174
-0.29386911310929043
-0.49579577484798426
-0.020901117346530697
-0.23440890950855783
-0.35002545824092918
0.052625332567959322
0.012821641522817081
0.13573594416545506
-0.15394562710206214
-0.28255751170396393
-0.69760752983003704
-0.16179951507239529
-0.089103588707541787
-0.35072258893186642
-0.21759766707911884
-0.39925670123164375
0.0016087525135352841
-0.17662507837528302
-0.12624210221634471
-0.34885747485865343
-0.13974839852377213
0.17578100570737751
-0.29438444064622094
-0.2969343081218821
-0.2485776012387369
-0.39378987791584558
-0.12752431278119292
0.066083620126774587
-0.66311025486302699
-0.28159810291576487
0.21210045028075294
-0.40930787209025382
-0.35402614948042477
-0.014441912834943268
-0.037198649222553698
-0.23294250635287023
-0.28004844159063474
0.36230595925078973
-0.42965954106816256
-0.29845063297292723
0.082415983762888306
-0.21847980563842284
-0.1626990917661563
-0.12880133200956512
-0.53997781840527137
0.034541862201913028
-0.11379687696772288
0.021320518490500349
-0.2912329498779932
-0.38909865322141868
-0.14705476709660117
0.41106653295233497
-0.052518170101765793
-0.11697878519381824
-0.49279407035785683
-0.21777105567178048
-0.15562273080666988
-0.31713824683185005
-0.041456719095016657
-0.11107404795842016
-0.38849505937272305
-0.083885184946986005
-0.088587791219249132
-0.31117197290291676
-0.40134079841150894
-0.09766778138404146
-0.43609427366034653
0.051866868517280146
-0.081038989872054712
0.11526558493821774
-0.34062691631639835
-0.10609376568685583
-0.041353841414761144
-0.27670615426304207
-0.35549644254076995
-0.2277628703714577
0.12765741989930551
-0.21031182544203036
0.10006830111460302
-0.1535425062293258
-0.35924532669419879
0.14991149484174196
-0.16825652577412178
-0.21013985381769437
-0.090951915111475198
0.024621366410801107
-0.01108669477017846
-0.1764902040012315
-0.077484837070624993
0.17305096916778381
-0.40224062261312354
-0.23927540747383014
-0.29141119671728111
-0.15587322997269998
-0.33449344874924586
-0.0033089113819633441
-0.096907955060530432
-0.14359698713525332
0.010959815933555257
0.11356620720299472
0.28119260430870013
-0.040995129309437592
-0.25111865072183914
-0.29434976723450973
-0.1384772865474522
0.0082005644471805517
0.030058062348227541
0.10764234489979907
-0.20885091020563518
0.1154333499794665
0.019011327989956535
0.26992850101451787
-0.18495763842865562
-0.0091332536199738527
-0.014147316874568718
0.19352707637462263
-0.28050288655902084
0.087970357336781227
0.37815175765079312
-0.27037032659387655
-0.20321448623822649
-0.032048371445694182
-0.32550631064277508
-0.21730375092858034
0.18020764375569326
0.30197962013843499
0.075086269623728011
0.0036866900797775486
0.29435755145595327
-0.27409095684621271
-0.17853073733616961
0.20116592433851518
-0.12872419246503211
0.08846470121088508
-0.066025226752081542
0.10852380018792432
-0.11025642807943536
0.10257995956087002
0.24654242944115259
-0.13450345093612778
0.24699055039543016
0.057976576969647232
-0.16940516039556441
0.030833584707687774
0.19342914841469847
-0.0017532716126385922
-0.13806505613666653
-0.10952918734605201
0.25289238482786508
-0.19897627393947778
-0.14989343318857259
0.027108780446776396
0.26826581664271204
0.20756452617780069
-0.15548970506155396
0.23474362885243835
0.058214868590460149
-0.0001657390094576368
0.25248113102823427
0.12601456568845529
-0.082750237391841966
-0.24670108012023539
0.23447585437309312
0.12588152230223065
0.37450176636764182
-0.22770285830752895
0.068081153916727713
0.22340019401056019
0.21478294244279258
0.11655872106568078
0.10458591231517805
0.38461944151596544
0.17789707235691676
0.40155497330698625
-0.01887183575083538
0.1265723475760748
0.24405665185398109
0.11028191550729803
0.032524902958963209
0.073990426194827277
0.21886281512429107
-0.0094854570642965153
0.18645957101728081
-0.073656467120498087
0.056287061425525246
0.088513709826909245
0.467680817809775
0.42885302462042113
-0.23779691889901439
0.085119238392427132
0.041950260723099521
0.10803301965868968
-0.21545205187190686
0.18884164959757863
-0.076186297615659038
0.13716916363386292
0.2224393298691576
0.33094904523586055
-0.085531077854014911
0.32144652832925763
0.41745668028917482
0.10847328172333627
0.14524887247463808
0.10501606608111271
0.087317113960035692
0.35506345666650951
0.34520492513548229
0.30400129920218028
0.38960833972767994
0.21000869229062266
0.093396161747840906
0.39426545408974883
-0.31397825404213858
0.15502607113770953
0.205776441853846
-0.22595292346496218
0.0079247491134967953
0.58299473491572973
0.36490838171168216
-0.070622147436170124
0.53004906978680377
0.084573857459932081
-0.19220466876624329
-0.040707985144680228
-0.029823030259062792
0.041405691400866453
0.23042556026012351
0.55329140094231422
0.10490192893740576
0.28253734210806719
0.27808623205490729
-0.11102544483730567
0.39780371652209257
0.0073113391139113361
0.21014971272156188
0.28679322070779312
0.54951210633116521
0.26505031735850143
0.21740615102364783
0.4618000477126401
0.39750116651129863
0.58200712317222092
0.27649886351922598
0.20175031073293143
0.21826761714643861
0.029588847405822172
-0.0023479627480138638
0.69821060052159145
0.15530875571819963
0.36843209593248033
0.59136104969422232
0.26291889224654513
0.53033005738753725
0.4409435051688505
0.22269480805466943
0.48909276352098174
0.33207348205448189
0.43169569991689377
0.14141516382193531
0.49886281271070249
0.63189102963638477
0.49368357210760178
0.41500001784649804
0.28982253158326798
0.26937035527296921
0.55141522538300858
0.4436392798743457
0.62774219017845001
0.33011892847752217
0.34267781428988753
0.29817017354135233
0.1804283408053371
0.23046845513720599
0.17759748621581073
0.1599145531486928
-0.080260248268635828
0.52217558217755355
0.56027927121760601
0.41932176821087719
0.51132253238609104
0.43228367934765655
0.48019902883476773
0.42445732733917857
0.36527304865346677
0.23095562206758877
0.47833252489048356
0.29262551313209251
0.21275960759243306
0.78181052454346001
0.58585824862939362
0.69856491445388791
0.29612224749905153
0.46516928105930494
-0.02859823920511027
0.22887312470858162
0.31205089529275315
0.23223118924268168
0.099759983054771156
0.40518273324367399
0.3539691641494434
0.35803772525685934
0.3997810208773307
0.66693866992467332
0.27124099168980037
0.10639935483231078
0.16026175359915124
0.3216862308955542
0.32053286404983228
0.29260597580229719
0.16365020523616366
0.24556474107272375
0.48868546200687951
-0.0019083240129932593
0.21192579994515323
0.48940680310080636
0.51274943265711359
0.21053923403156999
0.41557059434538174
0.29695327575367264
0.079500861543051332
0.44592140562547944
0.46154437193893311
0.56365596866310896
0.45283190520128125
0.25150828372316997
0.50839002046484927
0.070307907724259905
0.30154595775551146
0.51480869446036193
0.30162196049837886
0.54096407779262312
0.31799511042210082
0.43487646717973211
0.45929055991928713
0.48221493582888947
0.53726413880221746
0.45073300678717848
0.80222419788343213
0.53182100711781577
0.69690720228279512
0.59060474032717791
0.36034498190764574
0.20185114952531563
0.52610183255400367
0.40708476475132443
0.65691756186998096
0.36478888531633508
0.40014133225295873
0.42307758289669017
0.48357701336832815
0.36091388301058291
0.37409540323499602
0.61912509234674473
0.49676764837941489
0.46832395621053191
0.25751851933707548
0.61566385886864305
0.57641979152009859
0.18597125835246342
0.53046680143504199
0.22610795350941315
0.54980652111262029
0.1884530982538743
0.5917937844424489
0.71844205886391654
0.47509569216380332
0.89492762310188101
0.40101988079756723
0.25865681610113295
0.51076672444312377
0.41130441573002485
0.11270951502794702
1.0371104441939427
0.54226964862026406
0.53674588087443187
0.84138334782708013
0.95629681774104103
0.48060702620980811
0.24193865581160884
0.61262103096724874
0.61225983869236944
0.26473377962432804
0.52732858677104821
0.83115708907734909
0.28926804449256799
0.57393557717825927
0.49906181849352838
0.57432273944228118
0.69138237597554753
0.19822408743538741
0.64606489970190839
0.7301518049770741
0.17163113241281072
0.5655783861377679
0.4745482636500194
0.69958014597728646
0.44820976646019889
0.4538553251901033
0.27854366774132566
0.30912146971700055
0.76810252131541223
0.9080996144042377
0.5105788933325669
0.82879361582862732
0.10543998829205573
0.59752605392633895
0.61164907636779386
0.4162714794145696
0.59554884228513161
0.51103138474204046
0.63370409475992373
0.6179486972363144
0.67009685060170388
0.5501017768869445
0.9011638349394544
0.91136325296330867
0.67704837546671548
0.52482634963595731
0.55930427681906736
0.94871087937004495
0.59198712818423871
0.84018751557029814
0.84293271814199777
0.48583239102654319
0.7136473991490232
0.13849986467839023
0.72003005988840418
0.63331889545793385
0.86137834979320527
0.91826958642325218
0.59610506885521863
0.91485979270353723
0.52784502600625316
0.52273790285328559
0.60417830691635899
0.63980228568983732
1.0463330599769745
0.61552004583632469
0.73613318329700039
0.69588038303353894
0.74578057626464034
0.58366854782131861
0.52638625946866402
0.38772955535668829
0.63239040535072044
0.88493591482477973
0.77713780429594082
0.31848890763985888
0.29233147643062385
0.81230537741502939
0.70683469256954046
1.1036568206058275
0.58980895854569326
0.7554809955436238
0.78469253608313616
0.83752284344184125
0.43452401035174892
0.79304932906409686
0.76302943453833505
0.44087935343627449
0.94690001108897393
0.82295543041105801
0.55531290219587259
0.59640113464874966
0.98610702682926665
0.7107114226134249
0.60558094789195205
0.75839103708810096
0.93387026584994504
0.95275241306685543
0.54363437782276736
0.51677393340708677
0.59935617565317145
0.71173633972200878
0.64973048055807581
0.94987515327844174
0.85506777584995253
0.85046774472170017
0.90539851219360301
0.67207565467803587
0.97103876096257336
0.92910340813897374
0.675811918997544
0.79045826680432785
1.0782963454094945
0.76377728509361276
0.74123212643656367
0.84998969635611443
0.61556572971512402
0.83038186280461801
0.6969388700393464
0.71266094331843755
0.8276998321677056
0.70615055930753079
0.66577273099758516
0.91616558648187874
0.93255081409508966
0.63141842019519634
1.0025326872268543
0.87202697339277635
0.49586415256802813
0.57134058609574745
0.68599629981719024
0.49753470859599869
0.86395504952452129
0.69170465306188467
0.59967612924086533
0.66649409059372733
0.88507699824482422
0.67824101642917567
0.64845090141641437
0.44433903399619984
0.81446512727793263
0.85927648401585566
0.74195532051852942
0.86442060566421419
0.74681125532599058
1.0216000397608969
1.0646438538467065
0.97825665585261434
0.78495976206888063
0.77746481669589818
0.9614703410983042
0.5841435976407805
0.73646569121538985
0.99280798453680641
0.76525582937925107
1.0233771123354114
0.9563432494962667
0.90332513503942213
1.1049503375556085
0.83389572076534868
1.0846629880820688
0.92700671361189579
0.85848730609836144
1.2170214005692421
0.7609349579426109
0.86779696817416996
0.67464270136626503
0.67780504819224785
1.3238906770848304
0.73325728873094864
0.50907248509833503
0.3155059315060505
0.80637498457242185
0.97069688693113088
0.80807447254681053
0.70822103623249932
0.91462780336988292
0.93916182858165675
0.81235307284718095
1.0023555998590605
0.81548201944737031
0.67182045284452552
1.0542802844380437
0.86704880197284906
1.0887404814127897
1.1607923773854767
0.93472043303126429
0.9156987429713892
0.76555252974295596
1.0045538858772456
0.74755297582949654
0.92264340053592109
1.0736099292556134
0.8537309923092794
1.1797984845230676
0.92559006882006456
0.90849598848152247
0.68525545287338174
0.79016031124782471
0.96104560679881612
0.5896833705815997
1.0278414575092227
0.82115688583245372
0.85101063333134797
0.76212804303674397
0.87936728619444715
0.8520293145089326
0.97420619145771414
0.9134867373163611
0.89529706400862819
0.89228286339036422
0.93073854777905896
0.8545980047065681
0.93862292350645704
0.79618324756040559
1.065612112271612
0.95701517466530073
0.75588170566216561
0.88075160451172729
0.99269255451229599
1.2657708620092436
0.95499507882536194
1.1864791984218703
0.9221537708866675
0.99220795822497954
0.9396195665826319
0.9190866444319663
0.80756004331584663
0.95850819218522332
0.62334097723275161
0.6403882794699719
1.1960432598922439
0.92183764583943784
1.1564756759426227
0.59706930866278174
0.69148908460121461
0.84323319535679941
0.94177597020679649
1.144296354751916
1.1107330215246161
0.9365053462124463
1.1306487712647266
1.111833918574445
1.4884242244365089
0.69815485272336741
