-0.96069619474098289
-1.2538761689656404
-1.037545360743382
-0.70540776574011965
-1.092894469829087
-0.96178250059617221
-0.84627471447950431
-0.91225592170898662
-0.8316923820110933
-1.190794423806756
-1.2092247432992091
-0.87903277798211277
-0.9169273226065493
-0.96211475249566492
-0.94972423522460303
-1.0486379111691233
-1.1415846162255203
-1.2231694200009073
-0.73777407701806841
-0.71296035313216244
-1.1661208869841697
-0.85662939431287088
-1.0194224431364904
-1.0046541410010601
-0.79195563734165031
-1.064345402966083
-1.1141777245525499
-0.9656776309812265
-1.1312213023462949
-0.62849561340642179
-0.76406081584487007
-1.1392795433000553
-1.0476328576908989
-1.0059304020705793
-0.74445311439934891
-0.74735742492132762
-0.96776827814177058
-0.88512434550797503
-0.67990256961542139
-0.77963261480813117
-1.0128780212913624
-0.85494061027432677
-0.77053415409775616
-0.96621252487503773
-1.1750702893668346
-1.2766869048321035
-0.98916690932887175
-0.75522062021072811
-0.48522389748261202
-0.9428468242324336
-0.77177942999269245
-1.0194667584449655
-0.61155302706731318
-1.0366112364213143
-1.073037181373697
-0.92742927530144681
-0.97243921122460397
-1.1526081785677575
-0.78186369362405761
-0.63938505318303585
-1.0011393045131338
-0.61182936146829925
-0.81499764935434504
-1.0383375362605649
-0.81798700509316391
-1.351484852395979
-1.0309717620548831
-0.83118235846289967
-0.37663736409017817
-0.76316636837646956
-0.853492233118605
-0.68809110272742524
-1.0157062650595865
-1.0387099058838409
-0.81630799355909334
-0.7234840240790642
-0.57440613766100124
-1.022169327243728
-0.71756622130948666
-0.81766847521223762
-0.88957086477729863
-0.70938754291871331
-0.78864400135006296
-1.0655535223606063
-0.95713303354812285
-0.73333466856264196
-0.81294027042578609
-0.80174114229246263
-0.5564769026858839
-0.76998189323393262
-0.84378610990033809
-0.72398654487217073
-0.98136898129042638
-0.79041115609126267
-1.004827588354092
-0.86975104571208905
-0.46068225613631858
-0.88584235229103114
-0.97163591716657871
-0.49253901393601479
-0.59639157792872477
-0.59785883779381521
-1.070085037952982
-0.62154477764659211
-0.6970553940069335
-0.95015845095131179
-0.64429135953299965
-0.95771789356454107
-0.73016875942167458
-0.76020565192414158
-1.086830663543755
-1.3023736720174068
-0.78715179038052518
-0.57627295620076424
-0.7216554759721765
-0.85459306799852153
-0.94096593109376514
-0.65081427798212876
-0.57406751087772834
-0.75862721709316094
-0.62417648512804502
-0.72622971039758866
-0.74196272862413426
-0.48764531068938993
-0.74351221286057678
-0.54494742468062407
-0.62556873323183071
-0.51996575425607539
-0.57783614071491796
-0.65495384745161267
-0.82192890038456712
-0.8218173905567836
-0.53769890160964695
-0.66891220843611299
-0.74492567333019943
-0.67105746109855879
-0.85396636385300506
-0.35546749989480486
-0.48727090962504244
-0.69444309532547455
-0.80940396281823257
-0.93908916450081947
-0.62484119230963953
-0.68007354822105204
-0.74331058789012461
-0.69211994362915907
-0.62791679873075235
-0.55302888408100548
-0.99263666908144221
-0.72852939434736674
-0.56796166197109088
-0.73677866943591652
-0.60310874639148493
-1.00881887449831
-0.87117563526429209
-0.78787473179768708
-0.77019357642938835
-0.66308781437825248
-0.96443175940919801
-0.60679922821294408
-0.64597753793605561
-0.35468068126108881
-0.64393665713017456
-0.69252726149937838
-0.78539951285715948
-0.8958851450175962
-0.65447580938202243
-0.61701977445054512
-0.98557325695705944
-0.72409890949242028
-0.60373548909196861
-0.58464346227037711
-0.40717683813723665
-0.8038951999288344
-0.65502146051007293
-0.70238014573670726
-0.7136391401737554
-0.49925550098659532
-0.64019878965887222
-0.76537215464084851
-0.46013057535328411
-0.76334508198292039
-0.44674281057928728
-0.61428434120751352
-0.32328099355168138
-0.62634129084421319
-0.47745831649862991
-0.89067982005175417
-0.94535371893493803
-0.64731843227037678
-0.76415079304059863
-0.72584035200695463
-0.82158338941473019
-0.49590455925141635
-0.76819770828077816
-0.71402357934923988
-0.52964946782624112
-0.63475119139486824
-0.83715180575785042
-0.77603732878856102
-0.65096486435468703
-0.34178631767958673
-0.59214381882491829
-0.35971282477334154
-0.6313905362049469
-1.0183599617021577
-0.46187436779837482
-0.67817145128196399
-0.66057210847018277
-0.46701648765686632
-0.83680503906877668
-0.65478668337411305
-0.57714077774686989
-0.34897438901663258
-0.43416211443445624
-0.41847179236848975
-0.75983945253237328
-0.56887711698655996
-0.62487073276220428
-0.51306817165313701
-0.40296648700986953
-0.59372917527356694
-0.56852743162879504
-0.38999267043294511
-0.77847205846604584
-0.75253389256974745
-0.7729231222527535
-0.40199550668171802
-0.23874044623503959
-0.58661001457835948
-0.2991083484610072
-0.61744418589233852
-0.46121965064480847
-0.42401766414222897
-0.31674887460036194
-0.55803181993412609
-0.37410443720999609
-0.70284055135197587
-0.81340943157776402
-0.42881469559010366
-0.40291030533969896
-0.84106247861467931
-0.54491818579484863
-0.15253959969249678
-0.5743274063318019
-0.44845799149309307
-0.62065039774333985
-0.41407618923141759
-0.1507719832762183
-0.61975795379451326
-0.34575865934748484
-0.61664211239531541
-0.43756103303473703
-0.78663170306290142
-0.39234220853960478
-0.49127185705845966
-0.41489185436509873
-0.37888248062778251
-0.25826834678234845
-0.400221346101445
-0.62260252376451497
-0.66371981663577162
-0.35132929632690019
-0.59342841053964812
-0.46821968483972082
-0.78103197627002929
-0.18770263706591633
-0.51653525058877792
-0.40805832452268859
-0.28359676982309356
-0.33989765096627333
-0.50712916893917148
-0.66308094121292449
-0.52223538172503658
-0.48850772208808219
-0.25620241586066506
-0.27658166472807122
-0.58121350393463767
-0.37650637001143616
-0.17209568519898458
-0.11674074959208519
-0.31614763910214955
-0.44746282625158401
-0.39647102750633573
-0.62539911164869799
-0.44122727647164339
-0.4170083707533061
-0.63518684565062578
-0.50821737353008301
-0.3864144101879245
-0.57090405520833487
-0.42386895535496144
-0.67460065997354579
-0.56461963988803932
-0.48689769953733786
-0.57661734730356817
-0.51449503275870656
-0.31600936713534783
-0.61910811697131418
-0.20398264733748669
-0.51428042533032492
-0.25805872370522459
-0.69993407132569896
-0.49877331209031567
-0.34112212813000825
-0.59509787297758254
-0.62142174902513592
-0.26132292021279074
-0.46520391941809736
-0.3800140546576643
-0.55589249393312801
-0.40557322657950212
-0.30888685616438755
0.022248106137584912
-0.18413446732517869
-0.71627221287854348
-0.47496364641908539
-0.51360038975605604
-0.096071293578282993
-0.38292037072708218
-0.13648504957654131
-0.27506803461300355
-0.16955934511486098
-0.3773963719375788
0.098145022528269579
-0.31419937105436885
-0.304460491098206
-0.31361833120424526
-0.37564461398774074
-0.70285189151648897
-0.44487799739424982
-0.27131837868978687
-0.24499002103828202
-0.5525200786481117
-0.40124008834603681
-0.44664917595718301
-0.51225260648642978
-0.47698950260717743
-0.090464087158000486
-0.2915770341115117
-0.17713023485123006
-0.35327029417232558
-0.49528472414376845
-0.35398085148970743
-0.34745330659493362
-0.096364233302806121
-0.3752073439295745
-0.16495934351079014
0.12312118875414703
-0.22858112960823965
-0.25124024249166549
-0.19269456357814344
-0.18244036751652282
-0.25331060257000876
-0.44579199930380592
0.19253783545230452
-0.50656597697203776
-0.032916987173740718
-0.084072196400010804
-0.44782975574501349
-0.3028813311525273
-0.38474144068898436
-0.4774458328166265
-0.26584750417683312
-0.098410405905514725
-0.12306379793829532
-0.31166478884842508
-0.46602687896511419
-0.020475607494488218
-0.39317624845400112
-0.04768619844001077
-0.15277368074340766
-0.08395388426446368
-0.25042566026943153
-0.32894061427056931
-0.4946993238242734
-0.30193585191597189
-0.55148533641881725
-0.38582570571438635
-0.50930105742941567
-0.22084361033026526
-0.62347143394408477
0.039552938554192958
-0.5957667229115825
-0.39678066125302369
-0.20224375743927325
-0.21090840487980675
-0.086595730023399875
-0.170463778793778
-0.20971374949098381
-0.18396348032435098
-0.40633304777406609
0.038181142015826772
-0.028045213167344919
-0.042947948575366851
-0.1169190185150904
-0.072842508693233415
-0.033997189699852673
-0.24641609362004063
-0.1170878126438754
-0.13177686050752568
-0.37113597440260443
0.052445029059897653
-0.11343193907510429
-0.31572281797125101
-0.25495139974526193
-0.14025269868613391
-0.069780285474507278
0.38320205919150035
-0.58319199959874002
-0.1308569463356353
-0.4762545444355597
-0.20004404746668927
-0.14064439374867832
0.017836935030360549
-0.059393239426482163
-0.1819203153259232
-0.35674259466805253
-0.20409650045096375
-0.13989441825098378
-0.21847501284130202
-0.16307290555751447
-0.10604249439039469
-0.23422314753896789
-0.17132286778383329
-0.50775413454464935
-0.027805959289709848
0.28823308312152846
-0.0044341178527744591
-0.34763886849718678
-0.21545112977657499
0.072051657868375071
-0.26334297314026833
-0.06116957144879636
-0.29333930872869463
-0.11953717479012028
-0.19560096664334539
-0.20268074933147687
0.062032925920857053
-0.39251178709477197
-0.21683325554849248
-0.22706321848639416
-0.27144763641596048
0.0046034927347780507
-0.22134988081454451
-0.27486395344642761
-0.33960263847922939
-0.20233274769216902
-0.30236434374419358
-0.14650165625842443
-0.40864660284939619
-0.088255161457745868
-0.13330717101008946
-0.24507712761180295
-0.16409360720322616
-0.10182776952427885
0.034849042326583292
-0.30952875514752365
-0.0062558254043745916
0.31545626421579237
-0.3997973496560368
0.17257984546543356
-0.21009022086257018
-0.33724560022644928
-0.22765541097597294
0.050290579637013881
-0.13923959513472836
-0.34654512052168857
-0.076574081163304386
-0.1954542900050866
-0.17649828755025129
-0.064247485699388346
-0.1938485455600418
-0.12121525667021588
0.19231091490554106
-0.10758339376502597
-0.056683021356387066
-0.33314631883840989
-0.11093468763504469
0.051518246585673798
-0.29272281664484795
0.30973048593037461
-0.082725715295188823
-0.30186206195767246
0.21832783097076375
0.095886101923068928
-0.079486397497411779
0.32019159978797435
-0.10320267392139683
-0.14286171983965007
-0.16948720235889395
-0.11766324303810115
0.031293664792381548
0.098373563117517521
0.076721001271099876
0.022928257134434825
-0.38312380261721163
0.064642026860314478
-0.031818949733210262
0.18707790317994966
0.19209870347058502
0.008659582556178198
-0.038699209777807005
-0.017078061422810466
-0.099040437308659371
-0.31408749733919372
0.015911359627226701
0.33887782572512032
-0.047118773505125097
-0.025318953958212011
-0.1481753330073437
0.21311660911147526
-0.19921394750872681
0.15491437078228884
0.24192004390076915
-0.092642841076132382
-0.044738400672776797
0.053094137271805578
-0.037064902541575989
0.076285564959830909
0.28294419679550775
-0.063549453793480412
0.12505072100351675
0.15090919105506301
0.20660909637925937
0.27382095774482446
0.30627041405741312
0.0012295840906212706
-0.031977746750629574
0.16541050019124859
0.079938736450686165
-0.19590933625987977
0.2751255892897681
-0.10855765518586008
0.24155197216371424
-0.1396915996421792
-0.059859098213716905
0.035110552380878915
0.20993666656551788
-0.032687722361346705
0.01556728166971001
0.070212241036696266
-0.23907678394996837
0.039916014526452735
0.18039409337052284
-0.18257272773597916
0.17786027164761919
0.089768131670767526
0.30173615487185096
0.48040211316776843
-0.13345449696999157
0.5588887209770973
0.23957576084470564
-0.016525012263271043
0.35956226844670924
0.20049901819621047
0.062995980554443276
0.062365937852298811
0.10189419191207018
0.29166902211417317
0.12871052130168401
-0.07345411054162608
0.0089924293207221135
0.30027588388883686
-0.014728380729848082
-0.1208547397958965
0.20191925223035503
0.20723537458623162
0.23824592792842475
0.13969424894203555
0.19529938225123372
0.075435011515761888
-0.047523260596567786
0.1462264848227299
-0.044870631005192139
0.24387344770341279
-0.072001950951695856
0.30117826701997924
0.18632963724563126
0.10810106092684202
0.10334986030535177
0.28628472725001169
0.10134666228329202
0.21626507577239362
0.0059940373771213626
0.32786724943091572
0.068238723909945107
0.64679803280577153
0.3074015912723011
-0.059566989075204684
0.10976958252999192
0.1790833659346617
-0.075241123610197594
0.34763849053973611
-0.012943596705249801
0.1354137217186033
0.32567715353130888
0.074669172609500276
0.23596432882068827
0.44056137376230226
0.054282426905053249
0.022507899392984251
0.022388701318566122
0.17729770272734283
0.38825643408808436
0.28822622946733539
0.49494521453886814
0.385316674782895
0.078541124389549355
0.14498805158088376
0.073226211183920711
0.43724719786691696
0.054842673370699313
0.17541838994546183
0.22497501447380747
0.1982283263018669
0.48948380299976224
0.31953898076037623
0.19639073606502397
0.25815215787537665
0.53267941183182477
0.39711681040938263
0.16605913270086731
0.34667477772693617
0.013354673288151195
0.33373174354856355
0.16823021339055355
0.37619364186443432
0.46424678075929821
0.37926811474484201
0.50182319256771757
0.24042070016809769
0.07593927512840376
0.53875366754328902
0.26896981153956351
0.31554164225103071
0.10810978472196146
0.20172594591047777
0.60522534333011635
0.38525013546400683
0.19944758237470755
0.2072526168217497
0.066338892813440367
0.53432889295849106
0.39782420943562197
0.4569639859414476
0.47190114374283604
0.20392907019653048
0.41602768295760867
0.55721454478630961
0.57938514599347879
0.50326903269758194
0.29366922351648883
0.58962140958326459
0.1680264108859908
0.16786536957877388
0.44988217507608197
0.43584594455747772
0.31878077028471197
0.28895769782528863
0.0049125374116399138
0.38559410124126542
-0.028312365863036627
0.1502499656708759
0.46792274804765238
0.52955195262906818
0.52036793101146139
0.30469330391948707
0.2516178351940826
0.45349123580795941
0.10084899205061154
0.17914181944364402
0.45007519308341098
0.21387404357142653
0.4355471107354959
0.24387565853318297
0.3772850371369329
0.43166979489548313
0.35084381356684075
0.17150267764833241
0.4659260277584944
0.30145715573831117
0.22013693635833131
0.38575426242707977
0.1760997559573334
0.43884938443473115
0.32128802192934863
0.40172766608134103
0.55725615732759715
0.46148801269311435
0.17051082092322647
0.32212755027851037
0.55149665998645636
0.30964446843133558
0.094624983110572589
0.63579038732238324
0.18547370128858465
0.42338010853550423
0.4627718623995874
0.5077733207937094
0.35383715946814415
0.56620233291657296
0.70119463456883291
0.37088300083813558
0.23435231993046801
0.20320112461937334
0.68461300837040651
0.40812563102913602
0.2780808351050576
0.42360097230548915
0.86500222965320017
0.34554828212044869
0.75106708522520393
0.48596922334645681
0.58304440926154466
0.29830621879023639
0.50133308339717142
-0.079758038054567673
0.50349103973137321
0.3838418277738001
0.33819364881157521
0.38432885216512586
0.5645752745854935
0.48531718452488004
0.41934449742652674
0.16328201960670094
0.76492771163652273
0.45571729585839471
0.36133001907611645
0.55709096026591354
0.60443101941260413
0.24670675752077623
0.37007420891583681
0.5007300427521445
0.63997718280520988
0.22687016550355107
0.09744197411645987
0.81986998696778846
0.60051309009655796
0.90221597423950461
0.42377879057181733
0.29460865596010788
0.25193727808281369
0.53201127236915569
0.45485812009124382
0.68580903978658148
0.85971366838806818
0.90008575275719072
0.73277368144614641
0.42443945884715606
0.60857808959530779
0.64068541900850839
0.46499782225506836
0.81247234062111096
0.43709973471465247
0.6626811804872228
0.94045064988686988
0.47220622270371965
0.2464963758854801
0.76240924902829776
0.30396632856895972
0.52666274599564755
0.079207655473607683
0.55208985763616591
0.756404508774977
0.56761448646849388
0.60777848120263489
0.64857616450704692
0.59884778211895517
0.60694633516788588
0.76421058986243817
0.45333942439601543
0.46798055802551902
0.57433433152892888
0.43975031352347199
0.58370566829144299
0.47739875452448599
0.88470189894435503
0.57627538483846885
0.42284548030448277
0.42741838534064219
0.5111025907565161
0.66421817512263848
0.58669037520888867
0.90287775436220896
0.38827637614243948
0.49456681683181042
0.52472420569663003
0.37314182248849909
0.26220215912648492
0.45234366459947911
0.40585083503666747
0.367749833186992
0.79347954414268884
0.69035306294990362
0.62151495334577755
0.67833222137795368
0.8113580281730074
0.39935312923904714
0.53104768673631109
0.20259498333744061
0.45426191074118649
0.76919613894255245
0.52692434722712522
0.55479879854846947
0.82233431478483909
0.57465505840652387
1.0116868652358577
0.50766646746873401
0.53709421819575687
0.70791793889582544
0.46076642163355991
0.64748814323973458
0.54121134949830674
0.89194193871936733
0.54811662311254039
0.65674496669040749
0.59112058615728791
0.85782628695030416
0.68975538032043993
0.74060716686428563
0.28789981070788528
0.69659208862625299
0.8045844628727028
0.31287902135883511
1.0194765415308522
0.44849218010235903
1.0864992160734483
0.51169206638377318
0.61986050483400812
0.85964844415311303
0.6455099679202132
0.77348377583612815
0.61724519500451991
0.90841647875657194
0.85299710876337165
0.61899374342031077
0.90156179542807346
0.9235806271911241
0.74404545546032352
0.54835694230609311
0.763203144121535
0.52770228244824469
0.618303888938742
0.63305393386948783
0.64686935445456784
0.53188587198123027
0.38997361933068703
0.65651987396623013
0.63127706831484032
1.0466756758719333
0.79122168426387518
0.44881273389705761
0.5408519218679736
0.67982321379811927
1.1312394421952487
0.643943904658835
0.79799226549231572
0.70499290340425436
0.7152905751034877
0.81972968851216632
0.54800972149445926
0.78595406856500571
0.70515041348464391
0.75371348635098623
0.69256750921291366
0.97683091946132483
0.48687793723541167
0.90614257796058906
0.29546961827841028
0.61233102260731731
0.76436410320334025
0.8886741473940748
0.45546227106859
0.80176332686836127
0.67977570517998387
0.82053562288381809
0.66954969634751027
0.89267807366883012
0.77452597248055699
0.64826555570023969
0.79940611263449424
0.83293107122080889
1.0598380750842744
0.63502181140241099
0.54226119943583395
0.43940565653018804
0.77355411324371925
0.81821053262713317
0.66392507689416447
0.64108717245072733
0.92618564785478641
1.0172933300323008
0.70082489557584271
0.98169080200098746
0.88896808428032925
0.96749701749169725
1.1541952030267624
0.60108281172810063
0.79550078169043759
0.84345284839564749
0.46592846630796497
0.89236928656527748
0.84301935449732246
0.49153789128900105
0.99610500660704082
1.0272559404863775
0.77059833865260752
0.94744398496891291
1.0703942800799728
1.0522758124399973
0.79924784180786501
0.89259424393930309
0.96089205265408417
0.92653138376669819
0.54522723403516227
0.91779930615669647
0.75720856009954995
0.77317416165035435
0.9094605036104807
0.80361788145949697
0.97015993574198867
1.0250886675469342
0.79789648560792359
0.75985520333513157
1.1442467561300815
0.72016344365710327
0.91642962609721024
0.70124496864925501
0.66719818362615524
0.84678315642741209
0.89057578078731303
1.2360750501289677
1.1144469833840183
0.99571907048562647
0.87058984497749625
0.58342755041039496
0.98239049285346147
0.97525383007921418
0.90441890714630868
1.0425486059412743
0.76905960211687541
0.96993869400295896
1.1894984873769894
0.96130763829414767
0.81665943000745167
0.64508168093436735
0.50526255235029527
0.69713057559072866
0.73584798659653583
0.86100067490235566
0.59783700715014887
0.67503498724351541
0.98710032330529529
1.0917302883355582
0.70886281158524911
1.1541977368427552
0.98538677611927883
0.76284557339210257
0.86946593119847027
0.89728590750064596
0.73903264277343539
0.53694602879976483
0.82000764060311104
1.0106568452758375
0.9224155706649525
0.5527241165202218
0.87196930765961878
0.9842537862172186
0.85442059241987067
0.85638947914264729
0.92487025379484689
0.94386616782730448
1.2527860391688215
0.81039327763759117
1.3929296762032903
0.75347709580444222
0.95702330263948443
1.0903832431709914
0.72149976446561437
0.89381260767480597
0.98069734881121218
1.0483040771469943
0.75281667721949708
1.0344220934542183
0.86080415665335819
0.99436213488241643
0.72706823382208741
1.2450641980958492
1.0395035432034088
1.3067206471608761
1.3198717966494384
0.90010781842656795
1.0431310878638207
0.80426942806396939
0.96811795482217244
1.2103179775955473
1.0472990100617985
1.2971688929526901
1.027175564177619
