-0.94766315112236676
-1.2623986777532388
-1.019991625436562
-0.71304372557880735
-1.0831474696736307
-0.92693984955342201
-0.85125120378801511
-0.91606982472548393
-0.82702566319658377
-1.1902345637022049
-1.2032962275648362
-0.84746131952827752
-0.88457850596241516
-0.95255636825950496
-0.93370676182013668
-1.0426801271307413
-1.1680037134332391
-1.2053756647954761
-0.7442216566617077
-0.70854223325633636
-1.1603056529053244
-0.85371908842332811
-1.0276473674963098
-1.0045682118499402
-0.7773572372147749
-1.0778362675369881
-1.1079790275014865
-0.96025183011303694
-1.1012100915843577
-0.65043684331091778
-0.75861344539925846
-1.1447527179560824
-1.0547897769370544
-1.0239514795707176
-0.76343690582252843
-0.75017430233151816
-0.98740540031031687
-0.86477139195126329
-0.67741865848284011
-0.79236964688452427
-1.0043922039317947
-0.87558812944390829
-0.75350368541478785
-0.94448190850278146
-1.1684438039245151
-1.2884094066311911
-0.97334264098824042
-0.74798273877462096
-0.45218754175841874
-0.95049329933196269
-0.76201373353779045
-1.0122310691184411
-0.63508512725470612
-1.0309640239586606
-1.0618995370568693
-0.94063718381473704
-0.97160584486769264
-1.1526714536309708
-0.78200030910828144
-0.66479541089920446
-1.0080969762451566
-0.61011711803388624
-0.79624667364254131
-1.0390167248349478
-0.84016744130282672
-1.3655318111721044
-1.0120195501715379
-0.82509098527832625
-0.38569600949448829
-0.78421683408030718
-0.86325302615167243
-0.68256123534607505
-1.0015313404263815
-1.0307106755248039
-0.81903249763627117
-0.70451966061426996
-0.56776880521793638
-0.99707656562291602
-0.72870307282839075
-0.80699227819185859
-0.8872814241812601
-0.72483350636434585
-0.77719946604057932
-1.0696514165477506
-0.96559994774145919
-0.72757347604500988
-0.82136013783490858
-0.7973704646300217
-0.58131212731028503
-0.77823226577522664
-0.83224687325106383
-0.71075910114053964
-0.97467031134150139
-0.79601081918003402
-1.0164030300641627
-0.85636456303681263
-0.45037488424699107
-0.87539652473725615
-1.0018032307510381
-0.50647505435995466
-0.59497469668253944
-0.62107858783655079
-1.0697564827011727
-0.61112538249271675
-0.68899168274694078
-0.94725090231643982
-0.62811543851808471
-0.95684115789414093
-0.73077178005695409
-0.7443850837088487
-1.1021078115713192
-1.3067705557798475
-0.78915300054919757
-0.57328201704169468
-0.74132222922909341
-0.83945901152590108
-0.92158200270138269
-0.64649871665392156
-0.5539170006931029
-0.75037439432155062
-0.61862574497853029
-0.73793235885802855
-0.73834912160100885
-0.46205147898587007
-0.75083378031017711
-0.53007714133702144
-0.62549463249970316
-0.49992236360228798
-0.57454589569893422
-0.6569941436413308
-0.80608624612615443
-0.83963503330744227
-0.53062035760012261
-0.68869628410660466
-0.72252820229559278
-0.69718121013929613
-0.8599154443306728
-0.3459369218584547
-0.4733866684111111
-0.69983298180122933
-0.81301591191502942
-0.93556775079231536
-0.62977214606728282
-0.69984692126312731
-0.75626069845398447
-0.69708973116146555
-0.63563823929622587
-0.57684800299797512
-0.98545242468936489
-0.73337245694421616
-0.56378048268886671
-0.74266811037444036
-0.59578650078911066
-1.0052678824007788
-0.88094962502381058
-0.77029531217847691
-0.76380142383098037
-0.66230535635408372
-0.97093362588052823
-0.63043235284610422
-0.63881443463493637
-0.34755071711161534
-0.6557438191533147
-0.69630183402996459
-0.775374503851328
-0.91499793969373233
-0.63791622424925198
-0.63567220113632938
-0.98782497087293997
-0.6996898535411723
-0.59918907252520248
-0.56837600626495721
-0.4051508453352195
-0.77339317530844587
-0.66585455403160176
-0.71707758239536956
-0.69110036421253018
-0.50287002099866041
-0.63665670484577563
-0.77142165332644819
-0.4502152930557749
-0.76615651584101863
-0.43674981891665537
-0.62541451693333561
-0.31405314213798152
-0.62190556197443769
-0.47965165088805151
-0.89101850482106826
-0.96399960397806062
-0.65430658241071005
-0.76683695971756427
-0.73716830157606328
-0.8277694924365796
-0.48636740816910612
-0.76927654794036104
-0.71588947196940256
-0.50337651050647891
-0.63290146861557717
-0.83644435731502009
-0.7606426357538284
-0.66949084532584702
-0.32995173444145359
-0.59735873731960598
-0.35562496631745555
-0.6146608655851209
-0.99312344413746656
-0.471945011217691
-0.68043811454405512
-0.68932760766599577
-0.45358737716587055
-0.85414897413629876
-0.66772213192676433
-0.5881954312961345
-0.34433667666761592
-0.43013761002661199
-0.40647358164558234
-0.76531792767785034
-0.57571192314764041
-0.61227721871432805
-0.50880995460618028
-0.4046197668765163
-0.58097958662793692
-0.559078324060855
-0.38718263836660927
-0.7674626723555602
-0.7385038041252775
-0.78210923575498459
-0.40304246190923987
-0.24548900776789553
-0.57389741458729104
-0.31323987947978804
-0.63581893614672647
-0.44239563027673001
-0.43393908518742386
-0.33532208076303649
-0.57049428663304269
-0.37320310082429548
-0.70564135126658389
-0.82124432234578459
-0.41880289518197994
-0.40161565831229512
-0.85590739280712125
-0.54358193980567071
-0.16418163112743778
-0.56207788852243201
-0.45015427112734263
-0.59846426083089277
-0.42364220395856078
-0.15564719985341507
-0.61133848159043214
-0.35681362893669594
-0.59860887336914237
-0.46987559276069485
-0.79082736537902709
-0.42189946094141589
-0.48724611104155641
-0.40327072994418994
-0.36089585322445361
-0.26606366096184814
-0.42611081655488475
-0.62978992140439938
-0.66292327910717097
-0.35370319660203536
-0.57010197241587368
-0.47682849895714596
-0.79506331175621259
-0.16501499158929123
-0.53639740020218307
-0.41674494025611591
-0.26659518842898916
-0.34146457903839234
-0.48919460123771047
-0.65290806268301838
-0.53720572548719348
-0.49573187319458673
-0.26207623552766218
-0.26993076825427914
-0.55528424713312574
-0.35394289886341007
-0.18232589490121168
-0.10394978610242944
-0.31248397445092507
-0.43579315567687454
-0.38083207229792371
-0.60837729719425671
-0.45328811284742948
-0.4095420352633084
-0.63885169671350006
-0.52283771966652648
-0.39460396231304473
-0.56182821097388702
-0.40003462277743174
-0.66734656214840404
-0.54712622360721619
-0.52508329728945724
-0.57377042516591981
-0.53841857511519708
-0.34786756194995155
-0.63411910242871894
-0.20631070528664347
-0.53417861616021323
-0.27076924809675479
-0.70126987123505091
-0.50166477180934721
-0.35322939970419542
-0.5917511544403844
-0.61215908970409694
-0.26102174533414441
-0.4635387499666595
-0.38571749092844482
-0.5589284443692033
-0.4185636125521987
-0.31976608007589918
0.022446377784181307
-0.2055725649956103
-0.70634603818019992
-0.45146841012834488
-0.52592555025870835
-0.13086112081551904
-0.39442872849582544
-0.15328783221837239
-0.24231272800391715
-0.15484413236519468
-0.3689395347404873
0.090639539691103721
-0.32568986005258382
-0.28401723535031487
-0.31591038356930046
-0.35902693182804296
-0.71503142736854974
-0.42599021757483241
-0.27782347930156726
-0.25543864255840337
-0.55268078166671253
-0.41350327221871153
-0.43394888100332946
-0.51089730247860687
-0.4831646554870519
-0.10735617778990089
-0.3010073579311518
-0.16849875402041486
-0.3537220225571065
-0.51642895931487154
-0.33502289294538384
-0.32547585448731015
-0.10488401032684182
-0.3615389942117751
-0.18695252372165211
0.12175226283994087
-0.23454168133491701
-0.23058812060081846
-0.17605927603547411
-0.21104384515768787
-0.24458596548094
-0.43027314614090956
0.1935492506270689
-0.5291032658392224
-0.05305100928340406
-0.081804738606888333
-0.46417583168584831
-0.2979117127839197
-0.38595020590482559
-0.49851257379324904
-0.25279386216631566
-0.10579221700872937
-0.11266206489042527
-0.29755201743888882
-0.46063025857452156
-0.033611905989395743
-0.40270184296010653
-0.036255088196888864
-0.16488667378773564
-0.076004997632940566
-0.25014138233020999
-0.35458105817975416
-0.4778734440934912
-0.30359692909126401
-0.56402393735933165
-0.38828276583611315
-0.48292726067016295
-0.22229191224766073
-0.61800963275525977
0.054600759959287253
-0.58894925506619988
-0.4019401832708463
-0.19394362427318645
-0.1879065685470705
-0.11347817346990954
-0.1915190975448699
-0.20379476543708233
-0.17970544289889614
-0.42348405718532273
0.032648960587644132
-0.012594037230640332
-0.027449147567178284
-0.13486423546242407
-0.10799998562784381
-0.044728271369420466
-0.26093360945694188
-0.10349230442339739
-0.14584616827199789
-0.36824849276468724
0.052561129839215188
-0.098928968275227888
-0.29955178783198988
-0.25071374781864714
-0.12898182357497331
-0.079404858373244902
0.40094117833220339
-0.56736776150143708
-0.10654492944827391
-0.45104400275566814
-0.19314909608842432
-0.15718076832626104
0.017669229196126693
-0.074192141542708923
-0.18896294573432426
-0.36550740266360232
-0.17650939709848606
-0.14215533252025991
-0.22154399800008109
-0.14336769234024097
-0.11678930846507937
-0.22942927000661828
-0.16936151895202656
-0.49831961664572966
-0.021182451226817212
0.27801720994493923
-0.013623775489867845
-0.34195778011303068
-0.18439330129346856
0.084195198923212797
-0.25516049800764645
-0.041940931844004048
-0.28874320501360867
-0.12962328555255614
-0.20008309986397305
-0.21045572759700817
0.081797232321157182
-0.39186148314107999
-0.23154318483713227
-0.21992775279400453
-0.27918214772949768
-0.016617467756177843
-0.22436791752144569
-0.27158404731824853
-0.332426629108384
-0.21911655248610912
-0.27590620583355852
-0.15777793636739693
-0.406012482835097
-0.10594383935825498
-0.14362315082295063
-0.2546903167180683
-0.17705049782829282
-0.12246392062966573
0.051485669937306244
-0.30534603873092298
-0.01014393437783051
0.31501102115974972
-0.41997162758443629
0.17561412570697185
-0.21418957039999567
-0.35959437361864677
-0.24445745315445541
0.068020503433301988
-0.18172474150405205
-0.34838808396168136
-0.0730347714462979
-0.18220548202415865
-0.17671599768526272
-0.054637344228663141
-0.14881201319808823
-0.15762968308430128
0.20119537444076957
-0.1021617451615312
-0.042151346697259499
-0.33923999749492839
-0.12394239423896289
0.04952438381067524
-0.30968377820976861
0.29118844443438735
-0.080567037964132018
-0.30102054230349884
0.24152016376168667
0.096065108280508932
-0.07893442092326601
0.31447053501970834
-0.077590873967435359
-0.13094069580102399
-0.15932052761108143
-0.1140508931728039
0.035631713770482465
0.1170664447855526
0.078563809413155827
-0.0028621537504281247
-0.37704960238507323
0.059167752302767357
-0.041301673719913064
0.18208079732110574
0.19581553550956177
0.022561878702095219
-0.040846445280089141
0.00066594052834320779
-0.070920973040138169
-0.31822339735809591
0.022695743768880765
0.31513873850652119
-0.06124316952113644
-0.031111650601161733
-0.14247610891995796
0.22564851128095009
-0.1996766993194167
0.14419438246168245
0.23859382506851787
-0.099524623230422535
-0.055739991811435394
0.066787861652856023
-0.050220629263100773
0.084237137964726774
0.27279832032152862
-0.06029110862911162
0.12595132779424398
0.1400522205539573
0.19052636761636871
0.2718205817358868
0.29586019778804434
-0.011308030903470691
-0.029918207227317931
0.17275631222916768
0.091280758584829619
-0.18184156645863261
0.2701509733072372
-0.12186835014622917
0.25097619640418961
-0.12441874517540938
-0.057735352132841498
0.018281640789116937
0.22326380423857706
-0.021633449680520431
0.023180878251366076
0.070427981084787331
-0.24306227187096566
0.0258857225463534
0.19100322990131094
-0.18999280345730696
0.19297215071426491
0.083285137375527049
0.30268797442425432
0.49649802566008766
-0.12402400998487355
0.54158163761914779
0.23773722347965554
-0.019240199261558181
0.35365553996426702
0.17564821446594472
0.068583424363733853
0.070387639324343845
0.090749006759620401
0.28182390110626793
0.10521528417347548
-0.090247447080412935
0.0051950449403418966
0.2959267115746978
0.0078460099382112059
-0.11838129909765052
0.20219450021352006
0.21422134441873358
0.20731539697720952
0.13449511841100598
0.19625195884988358
0.09587916722501244
-0.036327877680815183
0.16166739180116035
-0.069444681360440158
0.23673176947071842
-0.093268944429785242
0.32576748840441366
0.19055014177245072
0.11437261599950713
0.11239230816952578
0.26649478723569409
0.10870234893087079
0.19819457288598
-0.00022198675946838298
0.32893924298203669
0.074724981639466559
0.6408297779578237
0.30974584428503604
-0.063375988206914743
0.13204692140302174
0.17485353793506009
-0.069947740585926149
0.36071294242439123
-0.0150021374782273
0.12801658333426713
0.33579801045401497
0.065972088046819893
0.22140994442344059
0.43790522459112918
0.069045943045763364
0.026104768766535665
0.020522405771471363
0.17202181747455692
0.40118424939824382
0.30950808211734315
0.50825953891241837
0.39764464560411117
0.098585295467101916
0.12883367904846801
0.063229367558408786
0.43292336862229691
0.074755319729034847
0.15893871230027209
0.22600748157720765
0.18875294185081817
0.49688337730054583
0.32596782767689864
0.1807890299340128
0.25290117376078791
0.51924238285343782
0.40168517236634582
0.17668810820856054
0.3593035279775918
-0.012366225873440313
0.32448002773308632
0.1795911947820944
0.360289543752014
0.47872960580534718
0.37678895203216439
0.50482508275452898
0.24647937032360748
0.081201018078144838
0.54231040316943135
0.28386706966325365
0.31762782313760152
0.11612511048840353
0.22603817159771064
0.62191406543854433
0.38081804262618379
0.20698746889886233
0.22638684824509794
0.076919295453944964
0.51654304095044135
0.39072401046923116
0.45157780448221141
0.46170115736395173
0.22311856726915733
0.41767308048138552
0.54886045294835073
0.57275478870629393
0.49860224425526556
0.27395932125006417
0.60003244088684971
0.16977715023208351
0.17016002205215391
0.44058222272656333
0.40267097932727253
0.33093599482808833
0.32223451272419379
-0.010493598218768638
0.37227586150763364
-0.01280154096247273
0.16011187013834766
0.48718680270705661
0.5337228786178102
0.51575490117299017
0.31146483708476219
0.26396976625422741
0.43687972361067406
0.11151444007434735
0.1824670331452164
0.44929863510423568
0.21832953468686001
0.45575360984631985
0.24081583114362787
0.36772907698551432
0.41369541301494284
0.36517728526712684
0.16777654353434587
0.46269700976418093
0.3007300504563542
0.2198657341346005
0.40355313100019458
0.16572331296512086
0.44969687804952008
0.31987385775680188
0.40198457605164534
0.58207676259922403
0.47755344778256453
0.17725233004254817
0.33521043934787431
0.53201587922423377
0.31188597655475681
0.097719793902641766
0.62573222326798794
0.16956359878827978
0.40012192997836138
0.47621854733049412
0.49754505954423683
0.35785806492298955
0.5453587707654538
0.70185696137574805
0.36892730710144722
0.23472575592833597
0.20269526591786061
0.68606374246888691
0.41931391894019604
0.28175517555890517
0.41905419126821114
0.85967344409006763
0.35807862785534655
0.76434620540138631
0.46427778513315238
0.57150779462611734
0.28503239038905503
0.50048578191528503
-0.076127336569541557
0.50114077533665535
0.38470972436310819
0.35606063786790848
0.37972790863449857
0.57147180611177462
0.47283458858119443
0.41163907867213478
0.18790461928116992
0.73199357557192912
0.49152570840775761
0.36027846138422664
0.56317587527952462
0.56996921306229442
0.24063366555542262
0.37765893640186415
0.49225354844367608
0.63740007905066265
0.21443440229959057
0.12163140587437307
0.81298482190351884
0.5618697215245323
0.89274283920678532
0.41443640617368876
0.28850247435445875
0.25100601554052926
0.53878894282815681
0.44041797897649398
0.69977867610458178
0.87449938266213068
0.91998977162456841
0.74649962295764805
0.416706164312167
0.59683877919914341
0.63167469502273721
0.45190398558123462
0.81061415540155157
0.42511516093209079
0.65297730393219178
0.93509391680647191
0.46956164635965703
0.27112633871954356
0.76854798033571459
0.27931048200015951
0.51873394035811182
0.066256945928420879
0.56179793648722509
0.75905304058855283
0.56361079232060785
0.60650255005091946
0.64405196966262457
0.58015116996250404
0.60346970857129079
0.75714858898016901
0.44345570695960695
0.45478349258316442
0.56169973754742664
0.45647886664997028
0.59153640445581801
0.4702835746509384
0.89892961355862011
0.58756253528668323
0.47302584949109899
0.42793793848362954
0.48041169349876395
0.65013712723667816
0.55363143138706172
0.89293567768931303
0.37395720661048998
0.49969280094036733
0.54361817446071647
0.37660187325436378
0.28556499602461122
0.43646606473094796
0.41965063408147307
0.35433531340656399
0.78773275717315649
0.68865233722899788
0.61263187628534277
0.67015998019139256
0.81457579727386553
0.39800192089438546
0.52765447109296582
0.22910088161545
0.46046573112789368
0.77716214568990716
0.52961296612927045
0.54921598323613174
0.7850886114635568
0.55435737446993705
1.0080488687560236
0.50156970808695012
0.53926660920754887
0.69624903375702984
0.48561290681456293
0.63110387012552982
0.52851502581636267
0.90364231309444698
0.55024683833419719
0.66608119660883192
0.58162851248343317
0.86037140021217018
0.68629971447239868
0.75442058298987769
0.29173982569733764
0.69944531193415538
0.80138487455515484
0.29600390682034888
1.0255788437420705
0.42961829148893893
1.0894455421576474
0.51487359416995337
0.63144917135938439
0.85454602342930086
0.63666540320608633
0.7722266541356706
0.61302824106990084
0.8993855580000506
0.82808426609906782
0.61575125382092033
0.91307261477253221
0.91178308877046776
0.75120873495941431
0.54641375074271781
0.76158936536863286
0.53245290158480651
0.62510689663899233
0.63068211524917406
0.64820055893093464
0.54467408260390826
0.38457895244300738
0.64604419695576842
0.6180227932846859
1.0459648912958059
0.79128715169036001
0.45938230860089213
0.52703181243655572
0.69237510834842608
1.1158192234080426
0.65386346325399702
0.81746862604150894
0.7008689914384395
0.72530918627503771
0.81751727813987241
0.5142446356253727
0.77889878042515026
0.70584978957026823
0.7514624360197194
0.71850250372438929
0.9944823262214435
0.48038376259914323
0.91637104952102033
0.3247690510937874
0.60067767155584273
0.75264176855141329
0.87688984765843747
0.46116084208324953
0.779326057069744
0.68386570222580967
0.8139772863790844
0.67501489057868946
0.88864728452827679
0.7719117038978015
0.64531804132392534
0.81532976437088744
0.83477396828894956
1.0396465686287941
0.62501873625573345
0.53992281107975093
0.4277400814342166
0.77689663371696649
0.80305861364119302
0.63944224499104563
0.62241337364854699
0.9463520806145661
1.0287885643416392
0.69276017902941822
1.0095071107784719
0.88293958698864417
0.98865799564503987
1.137558300945547
0.58865448453396207
0.7966539779879771
0.84965958234963035
0.478782096001937
0.9035514360789153
0.84438228103136093
0.52263951256665675
0.99684612783756954
1.0060831592939261
0.77787703073446146
0.94253014472498087
1.0576296645843415
1.0708001827493512
0.78061008639722151
0.8831887880450896
0.97676232713223066
0.91706842231492347
0.54772377695509677
0.93712454335275897
0.76571869128098069
0.77292818560014631
0.91155557381448371
0.81666647107494372
0.97438106414879178
1.0230164949864975
0.78038400772867
0.75728423003623024
1.1542874406941699
0.73257665777127068
0.92104704619357247
0.69665672039786775
0.67615280061190197
0.84692973248691594
0.89533412703743476
1.2603870323989812
1.1221074813508087
0.98450974223567311
0.85427704021336204
0.59511518144640319
0.98780289862603565
0.99092563532889111
0.89307893037792518
1.0532239071720748
0.75528626240322927
0.94615276528917991
1.2094470667282138
0.94916669140389742
0.83570215187446262
0.6545578942391308
0.50071073031160862
0.67747231529301777
0.70785723778286591
0.85925076042542547
0.58523852216751038
0.68510531778083783
0.97227732537749489
1.0911511418610367
0.72692243634695564
1.1699976441262092
0.96643347118642431
0.752716710568334
0.86196404255354919
0.88583605890448969
0.73828357227551145
0.55259958302392098
0.83512258634700343
1.0171132921776433
0.91682770379744971
0.56062182631101554
0.85723453156051421
0.98763279299142082
0.86232399246324853
0.84480672870442652
0.91786411419140379
0.96314341688751814
1.2560202571953429
0.8073473751019743
1.3989387838076128
0.7662220576924067
0.96727916601023667
1.107638863858996
0.72510571033305637
0.88806605068861411
0.97979526044445397
1.0588421528168366
0.74412161937887555
1.0345237523289761
0.86683929738737531
0.9951136220854776
0.7203933762157424
1.2781257487419417
1.0291167779616088
1.313270324972738
1.3143257320364068
0.91113183526192632
1.0367827437821493
0.81717085390521582
0.96073953575811899
1.1941080268368991
1.0447847546951474
1.3137137698747943
1.0171867951042326
