-0.53798312393629977
-0.90262325302405699
-1.2517722790776378
-1.1979211867489121
-0.91455513997654325
-1.4110162586014852
-0.95477972216164297
-0.80487889942036994
-1.0640561881197657
-1.0609864223796213
-1.0280469256980587
-1.1717136447009493
-1.0894082289652001
-1.0463243913958402
-1.2301692981587053
-0.9952003801656879
-1.0746293482900107
-0.91879259304959549
-0.85473768018308527
-0.58197547594974641
-0.80146895065145152
-1.0530659208125941
-0.78996819565542786
-0.74039307078794592
-0.96191547630928853
-0.94340814880821067
-1.0824595725934516
-1.196640574578923
-0.74097882048251995
-0.60090587673543094
-0.67402118918153098
-0.90469865851695774
-1.188972851273167
-1.0104953813670305
-1.335077844427752
-1.1992929090872804
-1.0714441879881549
-0.78261878715507216
-0.82730891601546519
-0.82798497045133068
-0.94570892220179958
-0.74473242902247927
-0.79072479244311866
-1.0116523515816873
-1.1761870934099274
-0.58365035389428233
-0.62474032238105925
-1.01602243177302
-1.0353505650222292
-0.93934149400393052
-0.85614480408295923
-1.0246070840908872
-0.73878855411697264
-0.85513995027701473
-0.8603182911837719
-0.70527556403691449
-1.0194920539945311
-0.99883374687901727
-1.0213766943090523
-0.68661868731514897
-0.87925303113024389
-0.92560685018520161
-1.0860550760293439
-0.99868337255280382
-1.0972577205557441
-1.064786841475547
-0.73984412083297046
-1.1238658572103244
-1.0734598533279223
-0.69389737109833283
-0.68208411131394675
-0.66944859891441821
-0.80484854596561983
-0.96933278207967033
-0.92432880583044308
-0.8180436071975048
-1.047941519704529
-0.86796354803341236
-0.50833092792055312
-0.86076521077397472
-0.91129526093525626
-0.72435262789252475
-1.106023680713762
-0.87086513864447335
-0.97003560388736676
-1.2467678485264322
-0.75557839031866747
-0.61725223263085482
-0.70627192468381472
-0.92249840274912309
-1.1659692539000923
-1.0504745181673207
-1.118784891178056
-0.5997949788437017
-0.67679463985149269
-0.88462413580569355
-0.88862322431726504
-1.1297661935540395
-0.6345717446001149
-0.62931357619735961
-0.86784083009308732
-0.49552734523295078
-1.1015840576285409
-0.73126526023225336
-0.81589498252940107
-0.69979760817791603
-0.72007419955846996
-0.78712052524798215
-0.49656873908746557
-0.74812955056372232
-1.0153690540679208
-0.75905341363941858
-0.84553338678015877
-1.0395639623486197
-0.74224982507536508
-0.92952964914094849
-0.63394671843055606
-0.48648232910255135
-0.67003420888979959
-0.56961797772389988
-0.69940542556562124
-0.71647875501435054
-0.75823940518173838
-0.67022155875415035
-0.83957854082755734
-0.83473304890165101
-0.6636732696387162
-0.76111000937212869
-0.96589011710855721
-0.60310388049574404
-0.52886861230581494
-0.48911060262321732
-0.61822743977121664
-0.70146581831975463
-0.93779975522118408
-0.80478456191114278
-0.61322584351298215
-0.20414244753947203
-0.66257660670190865
-0.77633973250620936
-0.65268427540023732
-0.55826302034184994
-0.48056798858675154
-0.47303187398031393
-0.47760239353389305
-0.52967059289657126
-0.58263520017550829
-0.90257019864439059
-0.84710324949994331
-0.54057430522382266
-0.8965201673745965
-0.98131081096926132
-0.59675349894998619
-0.32938246521636189
-0.58212230213423077
-0.59083386582527675
-0.45794397147590948
-0.39372400836229554
-0.48604033407910691
-0.77419486639208601
-0.72854152553279328
-1.140597948477075
-0.83336187527038141
-0.86403010367176769
-0.66111629690575857
-0.79090226028864541
-0.63117595443292529
-0.95443482067218832
-0.85843329086167497
-0.51877553067359039
-0.62599796081376957
-0.61099670003311701
-0.59749511501179398
-0.49096521999385495
-0.54071888533549206
-0.72973818110387634
-0.6956905864509576
-0.51034498111564053
-0.83617647850372667
-0.41930378123588646
-0.38678704985704887
-0.79659215136348605
-0.49262632159460512
-0.83265994525785325
-0.36603195872042793
-0.40050551387938377
-0.85497196077205073
-0.32807187737227733
-0.40244280636034574
-0.57616777987357204
-0.74013915960826504
-0.60776205296347541
-0.8084659976382943
-0.40866877626181308
-0.68880384498458369
-0.50090145759694404
-0.56771415790558433
-0.848253160493605
-0.90301974460827439
-0.71596981961436101
-0.79818264092615854
-0.60832430247922098
-0.7396030400545055
-0.4799855844794827
-0.44393181712363988
-0.51184699371877973
-0.81353391496987082
-0.81357187140113463
-0.47873566134069817
-0.61535995698385704
-0.50835244800806345
-1.172787087096234
-0.4104478017483848
-0.79813660967533595
-0.33972714684120486
-0.47706335974576486
-0.76385900944555507
-0.37704310201227337
-0.25002164273109578
-0.40441498402978465
-0.61076705796523434
-0.6290081713962854
-0.5495594881206759
-0.50788084180740356
-0.5728898542836558
-0.62009960938812736
-0.36040390389254828
-0.54409404682280393
-0.65146873455223064
-0.4927243515553178
0.043824796587178486
-0.49696773823736073
-0.30103126849712636
-0.73514720408401446
-0.4997959988122605
-0.41627142742813983
-0.43970032693856076
-0.85471401498807353
-0.4716796827499764
-0.55760173898577559
-0.38591718073116416
-0.37391791156253951
-0.72494966448499421
-0.84736844274640133
-0.52851097737639974
-0.64301857356996173
-0.63206802433501741
-1.130666163638731
-0.45887727723730626
-0.567064813057366
-0.40557230173826803
-0.53194027318642489
-0.79541211201242568
-0.5811662354445486
-0.45856951897721482
-0.43101221330350831
-0.78250732709161608
-0.53704914773836021
-0.89309973293092071
-0.65288988625169253
-0.49938606855713435
-0.41037152796578219
-0.20301628690753529
-0.60096088423570948
-0.71637177390872819
-0.38623306237912952
-0.63987508077891908
-1.1585726439602779
-0.52080231255135179
-0.39450008770805722
-0.59374740467598119
-0.4260436745901871
-0.52975804262954607
-0.33599934159078293
-0.55018057095580186
-0.53359184214681932
-0.15323311092461836
-0.70511907480427982
-0.55224154903527012
-0.38479477656621958
-0.55127842349278533
-0.019275583493363491
-0.19460602188181669
-0.40955423567396038
-0.20138200296903527
-0.35757155015104664
-0.12822795762683822
-0.10917066573659451
-0.32915965987512835
-0.23464294461605947
-0.1985429275625388
-0.15438034704887901
-0.16180046171981494
-0.23385675855968094
-0.37302881095218021
0.086953527628778629
-0.69294090324672941
-0.11487097236960041
-0.39728384380123422
-0.17550620118917545
-0.48368819570567084
-0.28526051834941596
-0.26640765235486003
-0.55336475287827669
-0.50089606711270851
-0.079232964359961994
-0.47129483977201553
-0.16115698493067004
-0.51837644539429717
-0.2099302730065313
-0.1198587976003333
-0.39272833427476228
-0.30136043032381443
0.059743238561332151
-0.24710450400279244
-0.39008871723012045
-0.48338151034307569
-0.23157359535595184
-0.49256971972968083
-0.19381495587981498
-0.10296873408074468
-0.12811795730524242
-0.41028886888555638
-0.5419791817065075
-0.36212101780789036
-0.34359014364221918
-0.13345003164403341
-0.40988768239985562
-0.16045183547551345
-0.26395180567653087
-0.31409031327524867
-0.2353278308434999
-0.39463440302796571
-0.41876438122213538
-0.33217738352071668
-0.34363384020538768
-0.45682945831097077
-0.15178983663568621
-0.41185166254514027
-0.53639423818880938
-0.28650347319995256
-0.32385618789433396
-0.14273144042769698
-0.48650540153168953
-0.65479757031365537
-0.31272894257009415
-0.36998151576873756
-0.20380735220186807
-0.27631380138742512
-0.34354675561342363
-0.37042148285907051
-0.45706372946383977
-0.58759809245493344
-0.38285050985183289
-0.087899525662509082
-0.30963987443858165
-0.074517126121626268
-0.42120001168782145
-0.5133393061493472
-0.50553236399086909
-0.49320313204692989
-0.38520591106050955
-0.39630205621818942
-0.6187353106849347
-0.16798846205072895
-0.89414629896316333
-0.25159656552662935
-0.29425040193768787
-0.45818889111533706
-0.055307781466817439
-0.47241750560423607
-0.24057581093464406
0.046959612760755706
-0.05414505455552622
-0.34531554743697274
0.083375070124120446
-0.4128393527973877
0.16238155470107069
-0.087081467402403648
-0.30011215163720023
-0.45520299343736986
-0.36286186321223513
0.016041658945205397
-0.30578356225244163
-0.51133273218625375
-0.010877985112767117
-0.23613596245542329
-0.35882258805702294
0.05767483509103933
0.0018522474900832565
0.14237152657839292
-0.16524192347492675
-0.27209161817857574
-0.7159208269804449
-0.17788270236901052
-0.091300025519211278
-0.35768211711280279
-0.19804883303403498
-0.4176380104332203
-0.028135181534030065
-0.17448482929672682
-0.12030850397740145
-0.33825278595354868
-0.15569751541845411
0.17055393942562388
-0.31447664285632643
-0.32497251961242163
-0.24553479052643379
-0.40137052887026847
-0.11763751432307877
0.10615354561095813
-0.68588863804614464
-0.26638776029588423
0.21465182264730689
-0.3957097841400079
-0.33747233702218671
-0.018438460841344331
-0.049136733923107509
-0.25943597411233599
-0.2864696048973297
0.36932784098509441
-0.42806347621968172
-0.2967720131681188
0.10399316601056224
-0.21184536068217319
-0.15095824101366509
-0.13658782266247996
-0.54137031804909752
0.026773923624131259
-0.12635478549805079
0.029810481205287686
-0.26803192394238262
-0.39826097216638906
-0.15609723014619215
0.38445755305733303
-0.046479031229936747
-0.13104134373956453
-0.46819564908613565
-0.23414768398886748
-0.16690091445883987
-0.3133402614124155
-0.050204697650262184
-0.11697155524872553
-0.38783924333036496
-0.067303146004939765
-0.075895077648608186
-0.3102160906690094
-0.38631218677179158
-0.097661692361287994
-0.4402937418937401
0.057111281671659089
-0.068211664304376668
0.099902491961107981
-0.33099379232705251
-0.09866837565927157
-0.02683015499372628
-0.28030934272115765
-0.35909756427132711
-0.25149809864897477
0.14014136800756152
-0.16932401987262255
0.11396499043227439
-0.16125144163152802
-0.34488937665591263
0.1563144532753232
-0.16749780519151014
-0.19690806295814164
-0.083500973606333823
0.03063250536747824
-0.020009063552814638
-0.15401539892089819
-0.098209444598284013
0.14672013005685741
-0.41461438726290939
-0.2254360594490786
-0.31187868113276174
-0.14670654485469706
-0.33526024114099873
-0.00036817463068124402
-0.09630568363865892
-0.14687077654016334
-0.00582861363332481
0.095306841750044544
0.27325365130158585
-0.044017902010793565
-0.25623348926894823
-0.27395623476820635
-0.13251105529042931
0.016835981774845594
0.031556114678129764
0.12021271541488393
-0.23932124298374052
0.10700441612155694
0.015744732325136648
0.27430882302362658
-0.17621131384081498
-0.034529499663301474
-0.032267054328494131
0.20519563142517336
-0.28907976695171755
0.078138475617250805
0.37909597281168694
-0.27011651233970668
-0.19991872326338325
-0.029283076252227289
-0.30140692862807006
-0.21620640983269387
0.178841792513455
0.28594856349169484
0.069645008822970297
-0.011140415819288412
0.30265267089407477
-0.25001055864229343
-0.16771889257825978
0.19364841927127213
-0.12867511903671183
0.078807839745061364
-0.081616835479778993
0.11546981695028982
-0.1146471985702219
0.1238514168854276
0.25310271651908456
-0.14136767026537742
0.25059789993501308
0.054245708825528545
-0.18793202833464001
0.018885295638237241
0.19935413224830226
-0.024031018411971191
-0.14936839709507907
-0.11166515724206789
0.25599050987278071
-0.20157615640532095
-0.16090652436252534
0.022666321014184369
0.23946014064025181
0.20688948531971144
-0.14369921075350489
0.2390947978343845
0.050465595717679321
-0.041906234138503161
0.26797382627987654
0.13179701621551182
-0.089474821586476891
-0.21792459570329759
0.23426642777129986
0.13836024262873453
0.37581299168310994
-0.20253103675266737
0.0684149427049415
0.19755133792521304
0.22008288040938259
0.10333653271520789
0.10575798000062518
0.38138971915483194
0.19173772152779783
0.39378757313045848
-0.0096696862941641915
0.13454196190870413
0.22741880342817808
0.11880597179311429
0.037270352503547217
0.093084139538401542
0.2282688209796617
-0.00045206367486361101
0.17556743948883377
-0.083013210035567983
0.073753326987373524
0.07310686889244962
0.46208273465637356
0.44354858751490639
-0.21871676141088725
0.094748150882956253
0.040088810470823695
0.083447681211071809
-0.2480076191118474
0.19163518169761654
-0.058941297715787939
0.16637723156456433
0.21588199289021745
0.35599325246895747
-0.084713215263544347
0.32949766657924878
0.4063571647127876
0.11157962229543805
0.13474902990851742
0.095430820752228737
0.071593695321877329
0.35896944310209783
0.38908596891197544
0.28844643845436485
0.40505290549268785
0.17171239365281266
0.086414926438691905
0.38716481702724015
-0.35017847491588855
0.14663815488861603
0.22043886682338898
-0.20192531075828665
0.030084787189301621
0.55068933514460205
0.4094562054226944
-0.080588069638184767
0.56053928144082898
0.069877868205491245
-0.1862249345793896
-0.037075338878365713
-0.03205092620202489
0.02089889088992818
0.23714770391181567
0.5607493297673164
0.11183604086318112
0.29657454928700355
0.27876663455877848
-0.10263953328936762
0.42717611264296296
-0.0011042067489473405
0.20485950465828862
0.27916857073854034
0.53952629578379308
0.28129134028332048
0.21553729390451032
0.4648349589558034
0.41318030637132258
0.58924090862179124
0.29313109971172951
0.19634828098303198
0.23455180098958811
0.018590257155587372
-0.010890579956738965
0.7156753428256879
0.12129754262819581
0.3744970770086849
0.58926762140142386
0.26181655070727577
0.5334130648684603
0.44326664300170976
0.2321268766925409
0.48842475153332976
0.3389852120689506
0.40468608251571486
0.13192578357016202
0.49590736146382808
0.64470858456498015
0.50077306898626495
0.41668499017695015
0.28756440955180795
0.26145729150002039
0.56501798085739663
0.42911861820078678
0.64832521196557291
0.32747006106103227
0.34150680731401362
0.32942000920830611
0.17747768914644532
0.24782614150110943
0.18141593541945789
0.17949571772404121
-0.080411423223969117
0.51101657360593533
0.53773680547227554
0.43608444898741355
0.52219139582071616
0.42103942123645721
0.47770609000100467
0.42547505263810143
0.36609591432609201
0.23852059746706722
0.48399386394939692
0.27406871323505005
0.22159748944662275
0.79274332662573999
0.59296695315245695
0.69294202064073362
0.30502352583567727
0.45916516687111714
-0.045406138285269404
0.21382303704855621
0.33075857712901563
0.22890342408750464
0.085277445698073537
0.39424714781976317
0.3405488236376098
0.34870539282012541
0.39932669347233868
0.68496904862147778
0.27027139420678059
0.11230916591807381
0.14242387244586147
0.31000020052057753
0.31221959609635364
0.29112125900474545
0.16206553438228968
0.24094185120794231
0.4924267439772157
0.0062206542530866332
0.21025803909550142
0.49246975204074689
0.52074261828358281
0.18721874292361393
0.3945714077567925
0.28091114159740022
0.094821886391701138
0.43980314074968557
0.46343554564610623
0.56955247338969839
0.4804775610899642
0.22880070595167601
0.52490442199091314
0.064279892599185803
0.29530897535601225
0.49216298857087226
0.29922248541178564
0.55837137702331019
0.31439701420226701
0.40503206921441159
0.45489342282565837
0.46556120731702527
0.55018437309647084
0.46117279970551739
0.81212461760751919
0.54875648718309145
0.70528083487451199
0.59394459562651813
0.36203191533935075
0.21842682792864362
0.52294806350692002
0.38111379497228437
0.65824673772543851
0.35813444126013178
0.36241939339640178
0.40274599517608506
0.50427767354976183
0.34657433167111212
0.37614828281471346
0.60755959566350259
0.48300742768779709
0.4731995367800389
0.28639303407413635
0.60991365649292106
0.56436268169027304
0.19185449296918511
0.52935329221259053
0.20361127529831952
0.52572637605035222
0.17835727873384188
0.59421834302930854
0.69209582842380624
0.46959812931180134
0.88340162515038945
0.40397118993047826
0.28773678911565925
0.48494225529790741
0.41905856159362292
0.10961786480251223
1.0572858133826422
0.54353131486540429
0.54437834765524462
0.84555287653187494
0.94215927826708579
0.49198423507267025
0.24851641257827808
0.59221519294192249
0.61022440400976552
0.24969846087556202
0.5314117272557648
0.83302250104386844
0.29388304819247973
0.55928429808436864
0.49345279006972159
0.57645626044949816
0.70113276544247938
0.19723528956952124
0.63180429729323284
0.71112951860189511
0.154801221032251
0.57558563650634986
0.47066834783688172
0.68125168453181895
0.45917757708442081
0.44776732909046724
0.28139623604056946
0.29403252023107845
0.76941291122016819
0.90914425458652826
0.52497316091397239
0.80507549199361617
0.10628927697934616
0.59149888489201163
0.5942865230169867
0.41246121155798177
0.60217601912947449
0.49805699524119446
0.63567680440637953
0.64960425386716769
0.66174484173703285
0.56357711782285269
0.91868239289072207
0.93014624990338413
0.65589112393783711
0.54258260036948391
0.54894791057152426
0.93343491256432787
0.5871602523290862
0.82706140246818016
0.83624585979822563
0.4839031980860351
0.69646841072315246
0.13289747107814601
0.72362751548833271
0.63029369732946194
0.86394274333817311
0.88770188410275574
0.61165476770351423
0.92730486796113232
0.51454362593017478
0.55659189184557134
0.59542802732321498
0.65021426739324795
1.0297855694253231
0.59299074508623495
0.72623870794649448
0.70196000905452471
0.76129306438939282
0.59561429701290669
0.51880245911883871
0.40978729695041155
0.66599129192794904
0.88978422522461531
0.76453149917285046
0.320454267089268
0.30889373036978124
0.80448585351832169
0.68768591744208851
1.113723174046334
0.58894526042519457
0.74572451651056038
0.79768578095116738
0.82126407507573818
0.45192614000594017
0.79525199792808032
0.72319440391405299
0.44937794602501197
0.96425818780468198
0.81431091022564916
0.56477553534095715
0.57048570782357189
0.98174471585187462
0.72086876156543689
0.60321967973090029
0.75031601316100172
0.90941817636653288
0.95417135253360252
0.5404184774679226
0.5288213537043126
0.60611243485642718
0.72041854848972819
0.64979896560955597
0.97672198136514099
0.87592457035098015
0.83997018453276706
0.91180089760626892
0.68005516329165239
0.94769398255282766
0.93842677539443897
0.65709130157575568
0.79022512725744776
1.0658921222334632
0.76852292737291417
0.70754668875557181
0.87964036210273722
0.59920358631734738
0.8344072709835102
0.69293988437051701
0.69445621313478312
0.82414094228725354
0.71347398639336501
0.68384446297984114
0.92002284393906375
0.91175794339340077
0.62119320090183872
1.0084848354541118
0.85465206107211433
0.50212376270552428
0.58299389334100649
0.67293717003494302
0.49207487953225371
0.86494324451259452
0.67749821494958828
0.59947822548609087
0.6748135428088925
0.88454041313811904
0.66083947569816148
0.66682938678247528
0.44059298505509287
0.82641115293160128
0.86933949384854692
0.7543377158345137
0.85644181659850971
0.73044799584928555
1.0071654622021813
1.0678267258260452
0.97928750406244747
0.77480114526818744
0.77131690957890398
0.95192041933230453
0.57015199201591793
0.74961567978504517
0.9975542900813994
0.74248775880014661
0.99960817723702966
0.95523569002609898
0.88698457822371701
1.0966714119766379
0.83603858888376847
1.105893154058349
0.91481292715390927
0.85183714470294825
1.1957542944480051
0.75691093425766021
0.89097765108663096
0.67126316625053606
0.67242917162108284
1.3401125390931479
0.7279538443446365
0.51281531486918885
0.31319713626648821
0.8088436926565945
1.010332917392502
0.81303288440520793
0.71445703731869403
0.88887043583435776
0.936822811078177
0.78959779571096678
1.000943106020062
0.82039959131531881
0.67601214215590733
1.0578424572283072
0.88661739001166318
1.0877261689627336
1.158943915127308
0.96640296899704892
0.93364362928471878
0.75876603858117453
1.0120697977281068
0.73817473035671055
0.89477768662074264
1.0682052732274243
0.85894671832447911
1.2029781724695774
0.93676461645083065
0.90373161346908704
0.68464041449207902
0.79878706627201768
0.96639040458011172
0.58012074684350468
1.0031116237245485
0.83199583345600436
0.84042474543571188
0.76866620211527714
0.87289965419960847
0.8577352081470303
0.99809540257403628
0.91575083025454118
0.88880181108377321
0.87475053978019834
0.92366045112327011
0.85538282156140566
0.94815175944116914
0.81108170754813069
1.1053691694547878
0.94298839016850966
0.75553385152523311
0.89081176678898599
0.98107759359635538
1.2598709405226221
0.96821920827029795
1.1976548711651853
0.90902662122915812
0.98028138630053896
0.94050691249291074
0.92331499924059235
0.80965536302250585
0.9481075893066454
0.62689492215448228
0.60637064723190692
1.1890343289955045
0.93131017814511263
1.148863921333356
0.60212703889274355
0.70104662379276472
0.8504810284816875
0.9384347104865397
1.1541032508913613
1.120855443382603
0.95227855429008934
1.1498754634672061
1.1194821678646216
1.4853302669437758
0.70019681162499947
