-0.94012134170243389
-1.2448087037225706
-1.0351867931229395
-0.68312759421283176
-1.0723662404224246
-0.94580501933539962
-0.85378370002453641
-0.89814416401929298
-0.82406602625591707
-1.19817913450597
-1.2209752658407096
-0.87607572160018943
-0.89194154598070452
-0.94589235918089487
-0.92796807706887185
-1.0421878293170694
-1.139229341995772
-1.2160898901404755
-0.73979659325516989
-0.70708287783437984
-1.1595293254899413
-0.84722905383797298
-1.0282834799494527
-1.0200788727994909
-0.77952615872897901
-1.0557087646484218
-1.0942191171180535
-0.97190455028893796
-1.1213500557837413
-0.63480416845663146
-0.74148413858813411
-1.1484406857198792
-1.0524537796905085
-1.0025372708358247
-0.76339232954184422
-0.75184291801852554
-0.98004130185157301
-0.87419459609311456
-0.66851175041695488
-0.78493633194283352
-1.0058077566611237
-0.86217182087827826
-0.7709001563860467
-0.93970007989653881
-1.1578709505156082
-1.2973025419656465
-0.97302905173635112
-0.75592269681261959
-0.47723252335467564
-0.93018491736356568
-0.77030547791306014
-1.0063878237889123
-0.62980069532946581
-1.0005797280606283
-1.0702044609974295
-0.9310418954051447
-0.97181867044528214
-1.1304755678059542
-0.79470282673884707
-0.6493856038494219
-1.0165109984399274
-0.62397472849629343
-0.82046723605810323
-1.0432847341357265
-0.83001376123292681
-1.3681228805043222
-1.0220693449398572
-0.82693812934669575
-0.38090226017393491
-0.78338633562127113
-0.85498331680945083
-0.69099529442409513
-1.0180901410136489
-1.0455228081622805
-0.8290517922357703
-0.70858625146459819
-0.57727251391184442
-1.0188731999237846
-0.70909916334714929
-0.80054589503622509
-0.86883903854862676
-0.71665252092719889
-0.78683573674620277
-1.0631048668369714
-0.96517399014709737
-0.73241155700509597
-0.83043080693939331
-0.82187778598879546
-0.54644804479512599
-0.79524545556456483
-0.82057390619689219
-0.72634662781571935
-0.99492548914689105
-0.82561356213688231
-1.0253449784209852
-0.86686826220439961
-0.45132624773265295
-0.88812611592300517
-0.99140868724913167
-0.51240991180667128
-0.57760813014188084
-0.61660709401726399
-1.0800881156940036
-0.62555465264972965
-0.67617451510051363
-0.9454764554730849
-0.65104919200883549
-0.95048605839124689
-0.7224567973791578
-0.73291044800980398
-1.086951323408895
-1.3077406529512914
-0.79694588529586363
-0.56287019666711113
-0.72666040420789046
-0.83525644971043911
-0.9208656690764786
-0.65120541626517192
-0.55483475665004478
-0.76402898469151093
-0.62749495665096156
-0.70399711684494026
-0.73670668163284503
-0.48075814222477781
-0.74404810207080463
-0.50077620690170666
-0.64351064465030294
-0.51457386553193696
-0.55200471177424049
-0.64445740350378555
-0.82121347207164741
-0.83495946661149778
-0.52818422107295615
-0.66318727830799062
-0.70084168212205822
-0.64570761319331449
-0.87766676507527519
-0.36180299801044302
-0.47315959519859774
-0.72070240732274204
-0.80527833256295112
-0.9589813825229101
-0.63369047044390847
-0.70263276598070645
-0.76138923671920455
-0.69107028581073349
-0.62776234420906241
-0.57763590711396007
-1.0114615473961623
-0.74817293016177178
-0.59339966967267532
-0.76299550631455659
-0.58746008741917966
-0.99543277158133714
-0.86389934020594805
-0.77925992773660591
-0.77620521011129839
-0.66369988737274455
-0.97955884856390962
-0.63412016989625797
-0.65105762018002955
-0.34441396414069336
-0.64793309768826657
-0.70024974922121774
-0.78366886574899464
-0.90899309672261097
-0.6283693484952827
-0.62742556436469543
-0.97962358302878882
-0.71152011674333326
-0.61438187501752184
-0.56934263853432276
-0.40896854564097179
-0.77883598169976942
-0.66043915483006088
-0.71096572828035765
-0.68927143514059175
-0.4967999324392457
-0.61389401029028834
-0.76199004995352293
-0.46048473754499769
-0.75569385876450856
-0.42301510878835646
-0.62347065101022092
-0.32611697809026341
-0.60678233774122137
-0.46509773874715071
-0.88209815978248352
-0.94822290580184243
-0.6394939200024099
-0.75607472939952713
-0.72904635491890968
-0.8272328697980077
-0.48899367789976617
-0.75126123352557728
-0.69854467893057126
-0.52779292514578446
-0.60786885766564525
-0.84055363163152752
-0.78061540177206346
-0.64022656144372814
-0.34456158695800088
-0.57886398595116717
-0.35457696827110796
-0.62822696265319267
-0.99147255420115621
-0.46136271579109916
-0.69352558086318095
-0.69247183159573944
-0.44729941630492587
-0.85020143631934042
-0.66054509458916899
-0.58773340720410439
-0.36175066209001139
-0.43923291314405383
-0.42559427183475101
-0.78240998115938787
-0.57348386471336743
-0.60153720879770822
-0.50970299232125982
-0.3816918979345737
-0.58734255522923551
-0.56910566658338269
-0.39608067523699397
-0.76008558678334315
-0.72225952933486948
-0.77660829329310843
-0.39344904199641056
-0.24970611478046323
-0.55789867446444663
-0.30132970431858314
-0.63344720106083496
-0.44977575338644871
-0.42083531064101443
-0.3176935667030818
-0.55281056002559648
-0.39460909495264235
-0.69475822995354353
-0.81356905012039993
-0.44517478229508234
-0.39119390716408753
-0.83749635052817328
-0.55339136196741179
-0.15190105234096021
-0.55382515785937014
-0.44049729653953418
-0.6057253477616299
-0.4254679560180048
-0.14028317523445477
-0.6117468245954979
-0.34701548480445593
-0.63636629439986314
-0.44925521625506393
-0.78214022979540887
-0.41776899658461492
-0.4794169483229877
-0.39691503865831229
-0.3653573486847595
-0.26816036432741747
-0.42606318625335987
-0.63404809067761014
-0.66256816688394238
-0.3386569206812165
-0.5832487331514008
-0.47297715326523299
-0.79284973755112198
-0.1884299978898443
-0.52826047471964166
-0.41130829420084236
-0.25738856446852432
-0.35364752382894127
-0.48723304282623636
-0.6626241787538617
-0.52619322982247918
-0.47935151112524299
-0.25825253963585099
-0.28190919777617612
-0.57165631427021824
-0.38138391326733151
-0.14802694643383538
-0.13043689786396245
-0.30333258899092108
-0.44996077505896304
-0.41494834587322338
-0.62892124517789305
-0.44283167459971989
-0.40384695229959244
-0.62534967188235713
-0.4981309750266546
-0.39232517136648137
-0.57676942494587746
-0.40606456178381795
-0.66502330058757597
-0.5758920244802892
-0.49755683164888359
-0.57682895362626774
-0.52386331679935716
-0.32439521152255596
-0.63032166587964522
-0.21735028353176739
-0.53092147164195758
-0.25054366719692456
-0.69572776194375141
-0.50584469188445402
-0.35406746757355578
-0.61997920226052439
-0.6069520496682671
-0.2410251749079424
-0.47289808609451212
-0.39306143873597449
-0.56709994858085622
-0.40083204641668019
-0.32869694785709308
0.015577560624923286
-0.19415048654327971
-0.74488450503332482
-0.46055229974274536
-0.5266997582424584
-0.11223522980671223
-0.3895197612638715
-0.13312841307470319
-0.25808251135556837
-0.18441755077523186
-0.36042217609786342
0.084323930575369715
-0.33539430996550906
-0.28693392723430006
-0.31314965125833477
-0.37589843931826766
-0.69502070970924235
-0.40945089634465309
-0.25986892126475103
-0.25243912452069789
-0.54514329708739717
-0.4238284139092986
-0.41196812916552628
-0.52351988116503689
-0.50010581592950687
-0.11101092070914936
-0.29889354112224692
-0.15265897228527273
-0.35458334331896824
-0.51151320691933222
-0.36424114987533562
-0.34639137939629144
-0.10461715758044157
-0.36639716666080979
-0.17344279057376563
0.12517942051301506
-0.2418083111916505
-0.24527406722755896
-0.183084917635814
-0.18636317474426811
-0.26577589747666969
-0.43576352148033509
0.19947477458571561
-0.50075131539435391
-0.051605684213223826
-0.085287311939270569
-0.47802792544170175
-0.28605612643341455
-0.39519686785582375
-0.49395114223679126
-0.26368447485477031
-0.12596970532936158
-0.11316513392151031
-0.31476562970211569
-0.44679226935839694
-0.023232742895743744
-0.39279544152157253
-0.031118830817995526
-0.17802303974682551
-0.072339795197813514
-0.24983780104330269
-0.34392237997499009
-0.48354588046904312
-0.31012882010285553
-0.5581028134110031
-0.38666155064952323
-0.50979802966522614
-0.22446827027623453
-0.62793371506278572
0.039386683777544076
-0.61111400762783119
-0.40700352561926073
-0.20835401186288421
-0.19338580850700374
-0.098869565417368341
-0.17862277271371596
-0.19660915511215205
-0.18421823379070507
-0.40389789989238056
0.033606463291988541
-0.026605810648992215
-0.041818579425172017
-0.11536646427093993
-0.082261370184403479
-0.020325082721707136
-0.24275278413074541
-0.093928787221004756
-0.14023676593884787
-0.37694731681485955
0.038624258036075533
-0.12337304764382288
-0.28351433394783598
-0.24498816128772721
-0.15391769957427495
-0.067643995871469312
0.40713213609436366
-0.5890483893158629
-0.11745108800018995
-0.46899174218330125
-0.18741406857014106
-0.13202732839543987
0.010680476376570934
-0.064928852790656619
-0.18067776546517239
-0.36350359932783449
-0.19358295446926357
-0.1375223075397389
-0.20650183614448292
-0.13508163726756803
-0.1081073860776527
-0.24083653961865895
-0.18696113412568666
-0.48433147059007908
-0.011557121777514475
0.28350713019556301
-0.016523619971397393
-0.32375534553536772
-0.19840185068144878
0.080019686148994795
-0.2599034548188856
-0.051738869538735882
-0.27710379052246931
-0.12143457684450182
-0.18069570150064501
-0.19061228267332911
0.076039264042161908
-0.39259676572602237
-0.21597703813262831
-0.21326815297758561
-0.26998998239040906
-0.0010873184223483985
-0.22966398442841596
-0.27862792495677124
-0.31166869517467799
-0.20964309239406184
-0.28884339515672491
-0.1495290864145743
-0.3928364152426575
-0.094920907258942588
-0.16485122115851575
-0.24629022151894478
-0.18300893601137494
-0.1227440127521975
0.063672627325880277
-0.31346300957228757
-0.0087433114964648884
0.3298429033283079
-0.43143536742222377
0.16209780601744472
-0.1938277013509512
-0.36133752375410411
-0.24880395473122213
0.065212926646561475
-0.15889670761400104
-0.35268836605223758
-0.080086142437824567
-0.2074714956846008
-0.16978340919050713
-0.051260511190423477
-0.17738120369360713
-0.14429108435695798
0.20893933860924366
-0.11754264794290793
-0.028139347501494105
-0.33041650810612577
-0.1044565581494106
0.055636241731563105
-0.28782486091096554
0.27763868905873557
-0.059918598810032087
-0.299364921178289
0.23240308040980046
0.083344509325427946
-0.10634563935068574
0.32606013528016053
-0.071640328930032748
-0.12552787966067516
-0.1628993987629779
-0.1286638212201231
0.031964224990776884
0.0911915762454069
0.067756357901660583
0.019658165788827568
-0.38689071366493427
0.060935704826815457
-0.027373616445149605
0.17558660654783159
0.1933057127710216
0.026937255746116589
-0.050455227575715543
-0.0058796550412820846
-0.082623557581380944
-0.30986514505114104
0.011720036480362055
0.33006049202836552
-0.051944399119941635
-0.041851863510571408
-0.14648664049164864
0.23780011788428071
-0.1817632055859465
0.13870405178507667
0.24787396842295059
-0.099703668565752468
-0.056552623734559569
0.069609591798790463
-0.05665322847689451
0.068521543202929733
0.28367936948131489
-0.07193020019119771
0.14414015438933434
0.1484480914298664
0.19051633304464907
0.27289050661647996
0.28768309262065611
-0.011340160052162108
-0.036560493544317701
0.16469074024367353
0.099401287392768628
-0.19170798038240058
0.28940475708992924
-0.097130550591331577
0.24139313216484667
-0.12236975335786066
-0.042880591800366241
0.018100631730109513
0.20210161526385631
-0.0126256677027369
0.048930593003914544
0.0860256804039225
-0.25612983930947469
0.012886876936953531
0.17047157307082483
-0.18487982917164383
0.209331776063643
0.092542532619998341
0.29322101092633551
0.51798621195565286
-0.12194998861905909
0.54776814007871644
0.2436911956940927
0.016799890592779986
0.35862814630065032
0.19704126264731422
0.058977084200353982
0.063289023143472248
0.10466297789696703
0.28721498824811414
0.10863974150695885
-0.077574969670209021
0.032543497278858052
0.29860136795315823
0.0012222289885722513
-0.13003307232390951
0.21090069884056201
0.23123268583135961
0.21986003674829022
0.12341175349448845
0.20578771729479564
0.099813007839503018
-0.031036353621654973
0.15339568486516036
-0.04865560052169126
0.24917372436038929
-0.082374769939730433
0.31328559891265162
0.16804642141780554
0.1132120127568739
0.11183574585353168
0.28213818461425239
0.11094860041477546
0.21544887220016498
-0.017925046740662892
0.31383755523922985
0.089444888995412766
0.64766355629781125
0.31434304800141954
-0.054185340113950368
0.13238336676393073
0.19205781202416791
-0.066120841905829744
0.3705255167328676
-0.019296409360830397
0.13678614923603943
0.30026618247480191
0.050952698462743737
0.21121643641826848
0.42292062524521812
0.046946931083303736
-0.011541061224434837
0.032932679357259013
0.19427893829069801
0.39085115669140275
0.30736626174775666
0.50466425677147886
0.37291936515324225
0.079145493688807494
0.13809652044682685
0.081543878708761272
0.4440047212864997
0.069012176744426751
0.16013931763608258
0.23357061333696202
0.20884907559762317
0.5051909324365732
0.342543802287334
0.17685856988511747
0.23752967455772306
0.52858261967752873
0.39454154019015136
0.17513092113982009
0.35529418149074571
0.0046047097779307999
0.33648097685434813
0.1643110357283479
0.35377364680365414
0.4709196250004859
0.35333286169720723
0.51368557225408229
0.26184653481315334
0.074629148681180035
0.54373623131458793
0.28016811987936585
0.30567113889298553
0.1035600516692588
0.21806719084195558
0.61817768637412773
0.38660922714783813
0.21027934483687749
0.2148676695331769
0.077877204105739561
0.51090537042661621
0.38473661903158846
0.44835921137993112
0.45198271310446847
0.20386416899570226
0.41848779192803021
0.53516153898632179
0.56272716028392877
0.51672369483420011
0.25990718965395421
0.59499820287162375
0.16333197228673305
0.1718286072998981
0.43403405881179186
0.42790391987057252
0.32060384484321386
0.30118439540655356
-0.0027874608191864707
0.37663777374379975
-0.0088284149521990121
0.15049870296752088
0.45525483128228039
0.51278413870922812
0.52259493613038199
0.31859552608398939
0.266328790659635
0.4165786291230153
0.12607314675645848
0.20527137664793102
0.45689989918250484
0.20728649274079955
0.46113192407704284
0.25563199876478732
0.35863858068824972
0.42732974822460779
0.37036764243927545
0.18588580125593074
0.4531693554639224
0.28288863287294963
0.22822520345314717
0.39326027973571559
0.17376968316093117
0.46381762514554215
0.33635485266763948
0.39286108469315922
0.58160131160234463
0.47238185002359279
0.15959919298243727
0.3247832662524428
0.55384214447108338
0.30935303126092573
0.10211247267170709
0.63001384516442127
0.17971258879468691
0.42128797962756542
0.47670077928719118
0.50911136841870042
0.35851283261142392
0.55988226040712241
0.69271466259449233
0.37020610642608692
0.24094256788502177
0.21977941204814067
0.6722027506157412
0.40418487659295183
0.28381975882409671
0.43121531963986326
0.83324254584120272
0.37160227883832808
0.76353136274128131
0.48116045165295313
0.59208057783313706
0.28654567087462607
0.48995085289799845
-0.076794131197317581
0.5160964321551188
0.38433173272986981
0.33916446389145871
0.35899844809168829
0.56739045112811459
0.48289810602958533
0.41546855297049196
0.17256441897753189
0.7325164951023847
0.47933981589631941
0.3686574499467235
0.55995186022706223
0.60248057310520631
0.23623372614397292
0.37842111544538237
0.48349222836676065
0.65428720206725288
0.22000541487719213
0.11936189976387712
0.81607258111234959
0.56892218018369256
0.87537684087723411
0.39838934025177536
0.27564493275616042
0.23871315068026822
0.54182391100815253
0.45556886581673234
0.68111105830533669
0.87604840429339814
0.91458008324330775
0.75066025762046784
0.39724809174524489
0.60804568691136773
0.63811341302983393
0.46732465636645404
0.80406877495748141
0.43941088391360345
0.66374336266774148
0.92680059989908425
0.46952558013295809
0.25423669371194357
0.7700184273852192
0.28984652703791358
0.53194379565638827
0.080510887599338277
0.55617518767414742
0.74109182199245938
0.59034716812530075
0.60017227195215606
0.64552337027575557
0.58051470254568116
0.58891622425172341
0.74890260173730272
0.45656750395235363
0.46472040582459179
0.57973687812427521
0.42631798870983895
0.56482757393283345
0.46618565968430919
0.90155934797438719
0.56123523175471535
0.45534152332638506
0.44749386253654017
0.47745547168368624
0.6407719008086763
0.57067954679188193
0.91103870727239122
0.37958646174271921
0.49272832581515974
0.53327885017546706
0.37321519090611699
0.28447124560408538
0.43978699660071513
0.41606796602718082
0.34749676323367168
0.76788087114929537
0.6844738856344601
0.60702323597437358
0.66874725558612502
0.83788156981812223
0.38679531967563868
0.52776808116985385
0.22508250402889066
0.48607849409315013
0.77614343796804353
0.51517982743008617
0.56313948090173738
0.76932433553162427
0.55472613979993779
1.0089610439866854
0.50035247645721304
0.52026057735952502
0.69368987376689506
0.46730628566183258
0.65454310568623209
0.54905401665345888
0.89732539599769845
0.54535825218961642
0.6629436237948213
0.57272375888085825
0.87518680609701893
0.67123136023886287
0.75109108665121005
0.28915767048775498
0.68962796908378987
0.8163945960019412
0.30804252082790656
1.0250439101608735
0.45257165022831886
1.1098847921061208
0.51785483789330533
0.65665473737942759
0.88425429538741629
0.66161129455550616
0.80652292268470982
0.62287309897219023
0.91098028944186071
0.83117149213583574
0.61518745888306325
0.90084884161925838
0.94079822884627951
0.74659834285268611
0.54531962915648302
0.76504446108959889
0.53538194277142293
0.60332195669257649
0.63129531737982425
0.66311224738103558
0.52753926614033664
0.38593130630047767
0.6545155236222141
0.61843843617941319
1.0495323739208695
0.78082750539459989
0.44041873695214784
0.52271305545029001
0.6708158067147062
1.1177519107718155
0.63986265218698735
0.78341383784013296
0.69845515981805562
0.69539484647839078
0.80523586050148765
0.5221779383374251
0.78925533019965177
0.68834675881844209
0.75424812625741688
0.6962769847903495
0.98137828217583234
0.49868796479923561
0.89679858353210795
0.31528900605496901
0.59386874353026853
0.76484701554133638
0.87207814510861148
0.45438787146242615
0.79802055369952241
0.69361457107588798
0.82044895461283662
0.66176348446216771
0.90660670388751952
0.77405377305421152
0.65435385833882198
0.81064165811819178
0.82734008194446018
1.0435606608459884
0.64115899586709957
0.54609182332993023
0.45539472940553027
0.78122077172216053
0.81043273568912844
0.63795290319604125
0.62773567628456939
0.94487107251648284
1.0307222139582615
0.7038622722698864
1.0080184108276409
0.88168355323847902
0.9762181624031554
1.1359125320019778
0.61018599350502833
0.78788162938432771
0.84335672356143121
0.4934379241191017
0.89258976405182777
0.85194293538881249
0.52219442518981474
1.0066869343245382
1.0119494748644935
0.77852577260373745
0.94815120924908469
1.0743437010084436
1.0524545076832197
0.77281113559661974
0.88375363753910496
0.97489391041954732
0.91825220210001401
0.54566211040378287
0.91748027727607806
0.75199614794028147
0.77201981531822617
0.8848427018248215
0.80591201606756535
0.99800737626372227
1.0193368647432697
0.80234224304093194
0.75181990010534749
1.1372884151734954
0.72134046847603062
0.91123660993237809
0.69157712422408657
0.6571603349163776
0.84378655500380395
0.90082491577459245
1.23439916664538
1.1180937235586514
0.97748585964588586
0.87544121479196035
0.59899772663969109
1.0117985171016943
0.98918488858584031
0.87929490170385349
1.0592237141777021
0.75679664626627563
0.9641551681223921
1.1922212916560193
0.93838112152818565
0.86052322924798674
0.65564502622847654
0.51118073403694808
0.69057951732073308
0.70578793851043375
0.8635076957061536
0.5902587861114964
0.68234244821566981
0.99284868154900785
1.0929822541855758
0.73450636044168749
1.1678308401220072
0.96371963667093652
0.76149787845112082
0.87042454003069203
0.88733048094998468
0.73446859529766728
0.55720650379128689
0.83101811876274612
1.0133514679967193
0.91715318007499802
0.54304481935488036
0.8454454810566695
0.97808443454671445
0.86630013916960058
0.8450038418750867
0.91859255762925784
0.95409652008680912
1.2674449034682509
0.80122035722161844
1.4194244794460211
0.75487804230958488
0.93700717270333989
1.1145185856086381
0.74671690429162785
0.87809743033090037
0.97502390625441571
1.0568396656530528
0.75425808252778725
1.0374403691159184
0.86888899494953353
1.0058995065280729
0.7318041229190988
1.2634429554309983
1.0331888002976541
1.2988134604987236
1.3236443973471412
0.89024386071360351
1.0372201379507573
0.82427740643951775
0.95593506936402195
1.1893874743205102
1.0409726517811675
1.3162339146193451
1.0128077938533495
