-0.51676745764816912
-0.9028518652531502
-1.2687585194949556
-1.1922996150579181
-0.91690732603534875
-1.4177698770099236
-0.96313667222176946
-0.79589651992378696
-1.0625764547887813
-1.0763365368935094
-1.0343031249807821
-1.1731047469307581
-1.0728488490618673
-1.0246771759495423
-1.2275310410094014
-0.99940441523615697
-1.0680871601665238
-0.90990209667691535
-0.84951648078124908
-0.59362168611020061
-0.79017121767212073
-1.042240614226144
-0.78736056607126015
-0.7746626340730588
-0.94778968872790914
-0.93186429119006475
-1.0666904930700098
-1.2297904932842991
-0.75887722760433174
-0.61397913490859812
-0.67552258196129089
-0.90179822696954803
-1.2018315119356318
-0.99251666121250692
-1.3169338829506856
-1.1864717524692643
-1.0546399061110345
-0.7444204062112183
-0.8162901439941157
-0.83753138922099657
-0.94240747747400289
-0.7366466434168244
-0.78069056888263977
-1.0092224001122274
-1.160298946473665
-0.59614421779641447
-0.62197787160580387
-1.013740351997533
-1.0310992549508782
-0.95036779892820711
-0.85844952075577796
-1.0185665857212651
-0.72659394528173837
-0.85049098052989391
-0.85408804295969254
-0.72487787630369249
-1.0258822850108495
-1.0352580466261445
-1.0156762018989953
-0.69054719462838798
-0.87414416028344477
-0.92434277021650879
-1.0881694231566834
-1.0029161306644867
-1.1129395896752479
-1.031831331344502
-0.74194808055807704
-1.1336104102508637
-1.083648049795755
-0.71156079617849843
-0.68008183083138229
-0.68460361480618492
-0.80295843547997259
-0.96791131331188085
-0.91206116703029261
-0.83191248420332431
-1.0582849317104459
-0.8569955794522417
-0.50056657523784076
-0.86759669497642555
-0.92329803370569619
-0.70714077855398183
-1.0858405469691375
-0.86866666189715591
-0.96885568028830249
-1.231725626163902
-0.78097013685841143
-0.61645486458799492
-0.69720082709216658
-0.92374873464975238
-1.1825527733263426
-1.0477124737584071
-1.1190325098523528
-0.58175977902914278
-0.68147230976538342
-0.877150339295236
-0.89818298973254307
-1.1062136640024571
-0.62025422479059855
-0.64121339007028799
-0.87083715433817011
-0.47442484016726255
-1.0763687526945882
-0.73907838326751518
-0.82135795462646499
-0.71706725706786623
-0.70720339475500926
-0.79299748865142039
-0.49845490237713019
-0.73437791320725299
-1.0242385539825989
-0.76736683132349792
-0.84427857599634282
-1.0130878442553419
-0.74054282114070202
-0.92859868258395195
-0.61511607169924443
-0.49513716079045317
-0.68357978040569378
-0.57595949371191069
-0.69414215425320624
-0.72687995328150745
-0.78486869455015928
-0.683977758838616
-0.83320464931955951
-0.80953037078451751
-0.6675467728277904
-0.77935213460558694
-0.9465059278762521
-0.60569280130799064
-0.55345827264099012
-0.50692680145399005
-0.63649725093884257
-0.71593981983928656
-0.96336579528382393
-0.78928390054271735
-0.60220978634773503
-0.19512045778898254
-0.65720981921201937
-0.77607319756761561
-0.66170665960318509
-0.54821582439841587
-0.49386133850555147
-0.46479113342595407
-0.48481511572029462
-0.5377723830859501
-0.59055648517175874
-0.88697758195737497
-0.84361584669712086
-0.52191888491406291
-0.87285876339152069
-0.981534124321082
-0.61485567254492024
-0.33216821022579679
-0.57054280540843916
-0.58945520311161548
-0.46414549534800753
-0.39685923558636083
-0.49573775738072773
-0.75028529296880098
-0.7241397783600696
-1.1420531993937051
-0.83391381536175191
-0.88143778526587768
-0.65295752680072283
-0.80517076290958567
-0.60633443546012189
-0.9740865982980107
-0.85364474249758382
-0.50595911695439832
-0.64602790933536747
-0.6163976399518476
-0.59160835062200001
-0.47152642805690753
-0.53964231270071417
-0.73179934383868239
-0.69722910957169693
-0.5065774610995093
-0.82770185780684125
-0.41986195725301639
-0.35627556867159121
-0.77735242865582399
-0.49586359816804326
-0.80592639709184433
-0.38032925489154218
-0.39636794998831248
-0.84085150477110027
-0.32768374459165839
-0.39010315506419579
-0.56740861848891211
-0.7373377212084643
-0.61423056398773457
-0.8111963950394907
-0.43229754277207538
-0.69013586218737133
-0.50248438724034983
-0.56126959188957115
-0.8711378005714806
-0.90266473710109618
-0.68276342157079073
-0.7993260870253649
-0.61776750047523343
-0.73234787210792784
-0.4742265606936315
-0.43729464548734392
-0.51838999237905137
-0.81424084868023616
-0.80502083821387815
-0.44544742922650082
-0.61369743820891853
-0.50223950085302027
-1.1479728916363729
-0.39234055892905806
-0.82284554670816101
-0.34601217335713258
-0.49350100800614977
-0.75777293998769646
-0.36879085191773042
-0.26747575256135242
-0.41074224331039128
-0.61782199674370075
-0.61406645374185453
-0.55190610837586929
-0.51157677697520731
-0.55475155603692772
-0.61565459009661094
-0.35540812394766647
-0.51885831837761487
-0.65015043156077379
-0.48094608119849508
0.026349786867593497
-0.50251375604131843
-0.28604906631059401
-0.72604894183922841
-0.50049560782272062
-0.42013147574731308
-0.42633151814103454
-0.86331655184800082
-0.46703182897712481
-0.5471823800786022
-0.41562860353554748
-0.36465017047801901
-0.71587838135776838
-0.86870214643849142
-0.54848590093799754
-0.64980350611889159
-0.66623733565535426
-1.1356350685629899
-0.44742281781086957
-0.56408172070223683
-0.40749568938161213
-0.53475146199794588
-0.79117334835195374
-0.57139658672772009
-0.44779921285589064
-0.4340798020901413
-0.78197907478730788
-0.54742464645192346
-0.90148997634505368
-0.66539016024855679
-0.52022276986769556
-0.40544235050988203
-0.19462552845993183
-0.59178177830404
-0.71689766443765945
-0.39254663018377284
-0.65175977164177246
-1.1429264428960704
-0.52126164612777393
-0.4208082624104022
-0.60217657883094722
-0.3972361591270549
-0.55950578623236569
-0.3208372926496848
-0.57456960313597072
-0.52447366624448699
-0.14460144453744411
-0.68785270109559582
-0.53238440227145023
-0.37844932524387054
-0.55746829450323743
-0.021176895619147471
-0.21831481139607756
-0.42587866574050842
-0.20100793030654543
-0.38802712653102106
-0.12667891558248925
-0.095905523421973657
-0.3086409581709797
-0.22262579286250786
-0.21623522123614772
-0.14729269834084149
-0.1630525083220899
-0.22579412961424875
-0.39190800236608714
0.05627154902570812
-0.67117173477013403
-0.10733523998652068
-0.41435473071222961
-0.16931598523009375
-0.48464721972305491
-0.284753677024633
-0.27534553491965652
-0.57509939426511447
-0.51156919937665579
-0.081322145426394848
-0.47181271616065151
-0.13484346368639347
-0.53590207513645094
-0.20867457627481312
-0.10751279208440641
-0.3994473810209393
-0.31163499161533198
0.051892374610568573
-0.25650782726789145
-0.37037250510306896
-0.49873092971795308
-0.23236206962102338
-0.47983379177135843
-0.20042137952757214
-0.10847904655622309
-0.1384443856480779
-0.40945789985826947
-0.52858707800662275
-0.35747790995727285
-0.34177549923262052
-0.1592522429123899
-0.44042877068893005
-0.15651870100123694
-0.26352781764157412
-0.30390404506597407
-0.23034875902889537
-0.37993257229102079
-0.41335730498200857
-0.33203315736604028
-0.36108086936319117
-0.46277208728899427
-0.15822594144721885
-0.41450433232268113
-0.54140711089727445
-0.29595591514348629
-0.34326767376682871
-0.12709852408273767
-0.4865740751795441
-0.67265207353981837
-0.3033218296314652
-0.38253239866128996
-0.20138297736977384
-0.28858024967354601
-0.35131566180117574
-0.37994091441159
-0.45177489655476305
-0.57672769148343483
-0.36128897769711565
-0.086450776095800416
-0.32282065783230918
-0.07923860012799025
-0.43188905961209412
-0.503553977555251
-0.50465188111721437
-0.49184526768083359
-0.39358548430010448
-0.38772425643755498
-0.6015110120679108
-0.17456073464460195
-0.87971098238026801
-0.24356455533369231
-0.28189575135907524
-0.45542936105549792
-0.059779790815624165
-0.46938536629579719
-0.22033516392511684
0.040480033974040999
-0.053678253746510467
-0.34569472248932298
0.083041943613011551
-0.40006867713390476
0.15686152476262127
-0.11418064888975278
-0.30263400310629124
-0.44398903351958963
-0.36654900426586662
0.027266083509004755
-0.29042312822434685
-0.51224879523574063
0.0072119063048029595
-0.24722544954070569
-0.35834676038714147
0.064103301045299058
0.013280522645647422
0.15912669699939347
-0.18406129799894061
-0.27449869037977176
-0.71092251159730513
-0.15915615256879342
-0.093005015119692572
-0.35518870011636511
-0.20238519703100979
-0.40146148687343286
-0.011622705970667462
-0.17115438135433547
-0.13446046569982145
-0.33347818152234937
-0.1504542032238374
0.18385960568429538
-0.28853146137442653
-0.29889687859628572
-0.24493350844491568
-0.4003203803672169
-0.12295711964216484
0.087507465649761695
-0.68526896438640605
-0.28465841666059433
0.20665363215874499
-0.41235586382727685
-0.32327220598413986
-0.0015298943025774238
-0.029258770522130634
-0.26214687235207795
-0.29476825142408647
0.34884313158712721
-0.43589062861738209
-0.29749478060488582
0.10053536569279649
-0.20505399829885373
-0.17549693638616454
-0.13375630749797768
-0.52980337201424332
0.032683052602643023
-0.13221829567225557
-0.011981835660396126
-0.26352319767573373
-0.38016349485000661
-0.140668163896293
0.40093574621468581
-0.056359427108407897
-0.12870307948138449
-0.47516614685555447
-0.2342931247592081
-0.16288842227003161
-0.32232903060329265
-0.040456787194912906
-0.10726849580089913
-0.38513276333888546
-0.072564087174282421
-0.069911201543808477
-0.30657159412459178
-0.40838042748799591
-0.099069161848094056
-0.42608577434379746
0.052386912529675179
-0.083037072368011805
0.099568804230586352
-0.33624575229795201
-0.10977418718741414
-0.032928430957687327
-0.27137631822712205
-0.34548937122289358
-0.2558723784041731
0.15034647848675434
-0.18568804258323332
0.11413323129699669
-0.17388347843104948
-0.36403817535459471
0.13372991592146949
-0.16018747583013926
-0.20112932940353628
-0.071184480328438035
0.019365183927702874
-0.031003612361502564
-0.1699225248856133
-0.068225550708285149
0.1701775201020278
-0.42046507563351859
-0.24073954111054238
-0.31553322466935874
-0.14541411424878056
-0.32571965791260049
0.0056330388178952757
-0.10424110214620734
-0.16607124559647218
0.0074535839901528752
0.092501812801140823
0.2632823258700327
-0.061177054322574184
-0.25920092407239986
-0.29182631516667884
-0.13552708670139885
0.010291657595162805
0.038752018015865232
0.10162654932833484
-0.20374984288058914
0.11812064839258252
0.010110803520456296
0.27289460622511547
-0.19100401432875375
-0.014451901995513453
-0.030869387702928377
0.18800223835687813
-0.2904806494626192
0.07922785948781548
0.36694623494473344
-0.27173690327548949
-0.21382083689407075
-0.019483827656673603
-0.28890331918028778
-0.19464260554855459
0.19082494392350735
0.29981018772594287
0.071440888496267688
-0.0096015321468544482
0.29319560057641636
-0.25100691763337812
-0.17871034742462688
0.21169981671291085
-0.12278607089075512
0.086917342572143355
-0.059760449917153437
0.1263869416839391
-0.1241846059967993
0.11003782691814772
0.2453031205872892
-0.13878425257044044
0.26611909224695046
0.069641561752236666
-0.19391937594418251
0.028645023952882983
0.17899447053421655
-0.002918481823485827
-0.15901738518506395
-0.10635053733968469
0.28017742828158743
-0.2076057238767835
-0.14975243736863758
0.027152177382823214
0.24232266523500798
0.19636817096131917
-0.14582469895681091
0.23418050985014857
0.05787129417260492
-0.023234389783009325
0.26471770415326035
0.13635432154058136
-0.078099807250324713
-0.21860485135397478
0.24930347994853488
0.14890540475700009
0.38638258833601347
-0.20230622820297922
0.065419182616766769
0.20781971058311202
0.2106510052587621
0.10697319471866322
0.092855066537732261
0.37513566482971566
0.196303570220005
0.39962936249786452
-0.0093359048318191456
0.1141966525813377
0.22390852533012792
0.10585439792472925
0.050542233526822467
0.084845632093432002
0.21383720198045372
-0.02424869350558707
0.20374629102545203
-0.10512900217300045
0.056372343214124772
0.080584965175313439
0.46046153110676563
0.41975314855027057
-0.20500528291368336
0.10261526397459043
0.039856864029708554
0.10649903199269153
-0.23579699380966271
0.20549939625170199
-0.052978105329143418
0.15521833175408062
0.23408207925678151
0.32422456291450746
-0.073579928756787094
0.33017461169254775
0.42676232719803897
0.14407861388205898
0.13486822221319297
0.12243777493295624
0.097729066151814356
0.35595902154948544
0.37614538015140991
0.28645841856589271
0.39421853207984997
0.19117733604691658
0.10663632622880821
0.38387406002090763
-0.33328264790334938
0.14412232882608289
0.23406939512305899
-0.18444868575259071
0.00071524870549365474
0.56962536533020269
0.38526231436302139
-0.060252153070971537
0.54203996788916842
0.092141567838079141
-0.17628217041823066
-0.044647600602567256
-0.023201409435413767
0.029507638427162194
0.24176750408222558
0.56426328796547043
0.11495052114630472
0.27217416695043428
0.29738745799230293
-0.11483402023379687
0.39095047079846179
-0.0018827157054808479
0.2139691784242724
0.28339455775701727
0.53768185180311046
0.2523484062549296
0.22569472312900721
0.49360979059609095
0.38288209333424672
0.59864240705575211
0.2789244317641148
0.17451957517906919
0.22168608487761096
0.028188202795278519
0.02477629316623918
0.70284000446982398
0.14268802613166026
0.37197530152145386
0.58258249642409532
0.28324237587159684
0.52210386974829037
0.43872125370277859
0.21558341179108789
0.48593045511840599
0.37301052546813862
0.41445131411614144
0.14915483788061765
0.5166799545842774
0.63837543857673906
0.49724780211186576
0.41340325492710794
0.29882151596913348
0.26402947754671047
0.56861587041446848
0.43423517753482405
0.63739617517320324
0.32550702089486738
0.35833817956985875
0.32344341365452617
0.17316812181173913
0.23055436109301145
0.18569794339344189
0.16009578819167639
-0.076361629589906041
0.53661245524095946
0.55503630192765352
0.45194211052544359
0.50668833733318375
0.44918303127835768
0.48391378062891266
0.40842709961083656
0.3585618182157107
0.22190720303568895
0.47226641952709036
0.29100288450356476
0.22021585312920802
0.79508517690698854
0.58919978296793774
0.68591379837647193
0.29202189162272102
0.45430952916023642
-0.017700691951770566
0.23248083062903629
0.32503056982889716
0.24807043452167502
0.10791376652588966
0.39267714118591873
0.365356350453172
0.36303854017285903
0.40129398631975166
0.67359011482834552
0.27038526875984842
0.11471018790376429
0.15760138508970989
0.30030198416762222
0.31642666443230377
0.29858274277382946
0.14911374943646474
0.22568335656950131
0.50412209937707697
0.016515183917622807
0.22016047695521285
0.50327557805310641
0.50399371334244969
0.19117105243584301
0.4198942256926938
0.27991151188384666
0.1047565337037384
0.43928097127517191
0.44464875812023741
0.5687686497310972
0.46476332743233961
0.23293089854700857
0.4925247096417894
0.052371145602081212
0.30549569487741352
0.48693262754247629
0.29711718886086153
0.55162213197795373
0.31421732449647294
0.42178927125089677
0.46068991093909839
0.46433152408833628
0.52133563291869145
0.46166396841840573
0.81271891035021393
0.53376715316056889
0.69448387169282377
0.59869265968350771
0.34606333297708597
0.20988904879767242
0.53424925083246233
0.39506229956863764
0.63844000427622272
0.36179013791148912
0.38086463000566273
0.39238622377116977
0.49654599018461959
0.36199933122214029
0.36757492132717567
0.60269554943936121
0.50911431410070906
0.46100865569846011
0.27918644021480538
0.60992570822536285
0.57261436870072024
0.17628689771094033
0.52793974175147063
0.20442146866413591
0.53424205429651095
0.19138748720267254
0.60075176751215686
0.71722647359305503
0.47251373652892675
0.87547454513653722
0.39888056704176555
0.24381115314960988
0.52045046777477466
0.40109525928762957
0.10565221329633721
1.0412412186993596
0.5183101169427401
0.5478701490103749
0.85016722828096014
0.9426879552074926
0.5202565793031636
0.22969149133682817
0.59509099379778585
0.60816118521234186
0.23667269779346087
0.54016543812667572
0.83412955747566275
0.28424048510311123
0.54146451225714309
0.49977837059563218
0.57605930704418862
0.70058963035825039
0.2107577302645999
0.64074865756623478
0.70597350066526687
0.15486262998235581
0.56479232593649242
0.49366502206757812
0.71020933488214222
0.44172458632419676
0.45184926028106415
0.28971985030734665
0.31086859822645674
0.76335641881057092
0.90513003803476255
0.53489906289288847
0.82119907101617629
0.094284718649106106
0.61070888019525205
0.59054666484895491
0.42626241865954489
0.58187788728339418
0.50221423106349672
0.63719430215312622
0.6355522411199086
0.67836010255766477
0.54572311958310116
0.92097532969000628
0.91598544170554519
0.6552828276372985
0.56593720549839255
0.55721454410653315
0.94497139544661179
0.58360377195788304
0.82615972434427076
0.82523261835676209
0.48170768895738009
0.69757014479332602
0.15781965624387065
0.73171673176520668
0.6235309795114955
0.87527326969544172
0.89126179780589332
0.60436569836650278
0.93689622938881889
0.51715420191907613
0.5411994852223323
0.57581100335078139
0.66184960057483733
1.0467309883329667
0.60901624722411563
0.73259396865673498
0.68737772166901645
0.73972167533754463
0.58145701644747338
0.51093308422452777
0.42532283749196315
0.6420703124361784
0.86517155030301651
0.75855417261754721
0.33741649792378631
0.28971485808806169
0.81223311908511975
0.7082153346453548
1.0992529315741595
0.57635482967092877
0.75415873969641034
0.80157548141372625
0.83009914066309076
0.45794673819300424
0.79652960844735088
0.74302240096257288
0.46703469266994896
0.98464658406734007
0.83138048096624106
0.56093567744641359
0.59677676448012307
0.98135664003993262
0.70923187533071752
0.57385313471128585
0.76791231839784313
0.90647400688676061
0.93756459521974456
0.52064916303262898
0.51690629765196372
0.59470891224174272
0.7206493288433512
0.6233723838425187
0.95510049819087017
0.85132721903091335
0.83420422765764024
0.93120335882394334
0.66961028653462218
0.96848452880224134
0.9288795697766945
0.67491997499203327
0.77507812998719028
1.074946649353741
0.78113805021713245
0.72118822519910852
0.88155382996157539
0.60043984276229279
0.82781682220069475
0.69140555846656093
0.72218168610567302
0.83102781996808794
0.69371556365383624
0.66545253791658565
0.92832737262823162
0.92075415601673871
0.62791891556553736
0.98415314638777407
0.86207554270467035
0.5052311732475675
0.58008171554132226
0.66327312071953215
0.51012460090157641
0.84798345788845975
0.69994536802483143
0.60090729085474415
0.6771276831781039
0.88823847093186092
0.69845010932028961
0.6635289064826142
0.45295684085281718
0.82608251453073978
0.87095673324705603
0.7542714366880241
0.86261920039246132
0.72998973215520735
1.0139971427295635
1.0762213033126284
0.9617988849358422
0.77060546621909121
0.79275794097784691
0.95893867443775571
0.57459992539401994
0.71945313043733861
0.99743704777426545
0.75208434870209495
1.0218884335172356
0.93643589963458163
0.90562605164828713
1.0950607250446065
0.83831221370839937
1.0699245699889048
0.91033875464090119
0.87113016911185737
1.1951673443979374
0.75428570131929396
0.85736681999835629
0.66930854684688179
0.67763956023553085
1.3442727256619984
0.74260877970212458
0.48906915620415281
0.31068752478879552
0.81739429204468916
0.97518066210377063
0.81956321396562004
0.72948272034813633
0.90654821421821929
0.94824438201994754
0.79463221925064376
1.0036945916167004
0.82558980472636179
0.65148326596052397
1.0510484295342379
0.87408364322073528
1.0701684181918709
1.1593270265261377
0.94440702276011501
0.92112777062970852
0.7439863556187396
0.9916689850309961
0.71283055405043372
0.92894471263407086
1.0641649076052573
0.86279081520436818
1.1921255450306609
0.9397878194123449
0.90707431427100349
0.66829045598773384
0.77302786889036812
0.95727749543826257
0.60096710382045704
0.99558146338158604
0.86298705236887185
0.86383010343060607
0.78550560841679273
0.87447972711484534
0.86254404497047854
0.99313202759544217
0.90181828659037799
0.89176997041195927
0.89142429518704247
0.9203898394666159
0.87016639291494524
0.94994886407795476
0.80073286728376747
1.0806316795728892
0.94988156123582046
0.74401044150066764
0.88422994723290693
0.99567908851815101
1.2567824296749464
0.96261185058525123
1.1622102973136084
0.91354983578533955
0.98865046518245769
0.92428644754077327
0.89221701343065052
0.8058063631629937
0.93122700379415102
0.62393066949866993
0.6249573692716397
1.1864328786164631
0.92258764547580219
1.1518898248709144
0.59393630482707971
0.7043360111503586
0.83371513589092472
0.95514522798565915
1.1494016429871985
1.129515344603484
0.91608592686906798
1.1549604450002549
1.096925668920361
1.4829774119272914
0.69733414165374796
