-0.7530347056652249
-0.77050581723767997
-1.1041351127830568
-0.76252493428409751
-1.2028987133365641
-1.0408360196128859
-0.75997527660784647
-1.132450253708164
-0.9294173947999983
-1.1316799982383687
-0.97178993102675482
-1.2382809134785275
-0.97417220112670899
-1.1531359542358359
-0.77489609741507204
-1.0460058872063283
-0.93119658287661256
-0.90013659726252682
-0.84415024066432187
-0.73773653866697386
-0.95340532156613755
-1.0905845534404837
-0.94316839037682343
-0.79657273389648486
-0.69699459925426432
-1.1210641719284133
-0.60901846313954755
-1.0471709987969837
-1.0046544247516758
-0.88711311908183499
-1.2406123241811666
-0.55162897066095151
-0.92755427836788673
-0.9484816146008902
-1.0179631732536749
-0.92991214595194849
-1.1021052881878384
-0.86823814738377081
-1.2292749996632817
-1.2156568109284733
-1.0402886736707466
-0.87224884734319141
-0.82469960421201383
-0.89652698766825534
-0.99246589659232909
-1.0335038168955188
-1.0403051981477107
-0.60487141693077073
-0.85036971692235552
-1.1920868057037433
-1.1432516649664648
-0.57574164241716597
-0.71219276084888716
-0.93030603119643707
-0.6675970435959544
-0.74514220526105801
-1.262715175361429
-0.71644261857699687
-0.89833274169346711
-0.99829562072415434
-0.93051779389759059
-0.96436673181353472
-0.86107668372334267
-0.74239109210443832
-0.85954152156588126
-1.0834374691805047
-0.84405203130249828
-1.0172041250860151
-0.63668988839260998
-0.69070233669626235
-0.79949484920376201
-0.60816630656363335
-0.56702342196950006
-0.85742521639213598
-1.0358089979282461
-0.83860911141457573
-0.51574948558268596
-0.80045753635916705
-1.1488376490623076
-0.6566999338199252
-0.80808139658399503
-0.81581350109233275
-1.0286154016493623
-0.80245456397914139
-0.42186671048909979
-1.0570629353508458
-1.0454504201930566
-1.0152923274920238
-0.74718638601758691
-0.72736892840377865
-0.73678189653660386
-0.66472946809982847
-0.98814848800016553
-0.57487414363429346
-0.36419982911131504
-0.87752796305219827
-0.93736840996644599
-0.67015811405429138
-0.71002379228308032
-1.0380239801896802
-0.74207446111547404
-0.76184220878413123
-0.94616403511017022
-0.81094665418488898
-1.0291787769327101
-0.7501343081479297
-0.71848044194783323
-0.88722552693667533
-0.79562399790656146
-0.73313718456042232
-0.6923697915027851
-0.75355845596067617
-0.6262951129695542
-0.6657000694516344
-0.82766138908439335
-0.81777216622373161
-1.1090625930870837
-0.47700308535412622
-0.49955591103269154
-0.84869472085720765
-0.82311517733223416
-0.86695367053537908
-1.0813262323065316
-0.5978131067857011
-1.1143420307642105
-0.83859589688028902
-0.92413845055580579
-0.57372505311553335
-0.55809002333625501
-0.6419512764594939
-0.7174761690677719
-1.2152991765654453
-0.77284197923853926
-0.58455556183471102
-0.87590500535598592
-0.85801098371897044
-0.91751718930168769
-0.8901032478806119
-1.2233480513547026
-0.44891108299645294
-0.54808885122888351
-0.69078622274772605
-0.69285934905571855
-0.66436748632705533
-0.71054824894760737
-0.93269823806202234
-0.92448971110594735
-0.87075567804331655
-0.30475551378370402
-0.45084132068158106
-0.35588922516290283
-0.49642001258329455
-0.86757495122470041
-0.87576152292869358
-0.80146253174095305
-0.64323869305428705
-0.86175335447011681
-0.75430825162983883
-0.63761269210032068
-0.53289271241776515
-0.60764757590455831
-0.90030368983063458
-0.60118231676775924
-0.85336400115960398
-0.76009933489303405
-0.50730387813379185
-0.52340303539296085
-0.90315618016904886
-0.67583878398148167
-0.41322347065986076
-0.71382463228314108
-0.75133892174954897
-0.73607419364981652
-0.57878947777034728
-0.46364977829222348
-0.59922476607825659
-0.8855542355300593
-0.58284024062866158
-0.91125039588992962
-0.11057068932152553
-0.54959035363821873
-0.85729261955934311
-0.13443582319726291
-0.84823677911223094
-0.82894873711254102
-0.83653504501469045
-0.43957119043888104
-0.61690069958786287
-0.23059094269527333
-0.66507423521616982
-0.71016053293583559
-0.25953331506903116
-0.43637664197922416
-0.55123414207927091
-0.91216184471459971
-0.40441236015689919
-0.79984996546414544
-0.62243044735919806
-0.30083209445712211
-0.67733481280659447
-0.84273316301622703
-0.92534603260777992
-0.4679926522292962
-0.45903536609660589
-0.83728010799770802
-0.73919592792364142
-0.27458522564225479
-0.55176927898854078
-0.80056354783941008
-0.64524197745537359
-0.59270657369563517
-0.53814701159873746
-0.4070796888598327
0.00062200138677966392
-0.43063603747193263
-0.43903645751151404
-0.28278988166599978
-0.59815618228008416
-0.27104259524312163
-0.65613655182199693
-0.35444705114949088
-0.48869296862950123
-0.62960816682976539
-0.44902001506752343
-0.49606677069023869
-0.62180805362480762
-0.34253694346432217
-0.79505939322115193
-0.54065053463134616
-0.32282739457058468
-0.76522015480820882
-0.98533547736497951
-0.56191324047989344
-0.4286243237755889
-0.64373967721616465
-0.53667631717223752
-0.56403335353317841
-0.75063440252124658
-0.43240882889336835
-0.50789381948931922
-0.80079656923513842
-0.30660491295197534
-0.33681024019779704
-0.25470151714367573
-0.82578524891885752
-0.55523667150898637
-0.21204614019501483
-0.36881585350718404
-0.75635897157118281
-0.57789675743697833
-0.29421002061567203
-0.38693480443620293
0.076101239059795919
-0.25457487765566811
-0.0039362263822165493
-0.51836841749551166
-0.72648047291459117
-0.19247203740364027
-0.16786093071933314
-0.44232663948537443
-0.17152177982866701
-0.27288762427048824
-0.59212159972012846
-0.5076742949120695
-0.28856273322469167
-0.40186302512324279
-0.42552587857463392
-0.90302099867505414
-0.8351938924478568
-0.65519388326129435
-0.1502608505039453
-1.0560170312635484
-0.12640290735503101
-0.44068048856015318
-0.48724474292471021
-0.34642044370584851
-0.54452626783724278
-0.42687447829120817
-0.1989667182125669
-0.44097172043649863
-0.59234345911173536
-0.3004349827439689
-0.33600101324795184
-0.3706046006731552
-0.44817105472264679
-0.41341662084363312
-0.65515963602551408
-0.35218406244125605
-0.33605894709228784
-0.0044529778369455705
-0.46424542895485993
-0.58004851855016659
-0.63623694388351304
-0.17252367173055372
-0.097161433307348638
-0.55203022402090918
-0.29942490564198715
-0.38304191124844655
-0.56851103896194444
-0.51667886588790779
-0.34532311490827966
-0.56230279338352929
-0.35203401137024731
-0.51854864850118876
-0.14010986586646368
-0.29135169160205587
-0.74318607372532453
-0.53790043934275578
-0.37071423287244248
-0.3385013337548593
-0.76455415265256244
-0.66317660572456405
-0.0049567450370382824
-0.40455845131591822
-0.11781541016114305
-0.34497597668952834
-0.19585312458627493
-0.48229087241924845
-0.39552067226499271
-0.32380506658834096
-0.081767854378171037
-0.16108904834393553
-0.056728602206784412
-0.040375172776751442
-0.39339713110016827
-0.36221990464131487
-0.3056576080286692
-0.25923454086234698
-0.57689099676338373
-0.77348912311462481
-0.38848085659546777
-0.26689181896929598
-0.43488651874114131
-0.30403890076920081
-0.4411674903987336
-0.17909652216381255
-0.30609649659966309
-0.31443978972519637
-0.51787669300821293
-0.54745900315993024
-0.4546143892324549
-0.73876394605332552
-0.24795638977098211
-0.58256752196825146
-0.46208274322385484
-0.58155911103091351
-0.49224117261748557
-0.23786600550910741
-0.16205967877844971
-0.38218015879951883
-0.69747725798361526
-0.35077782965359894
-0.25259542681367642
-0.16089121919816751
-0.11963489571758286
-0.33095875009193759
-0.10341783173064766
-0.4336231347719296
-0.26938618112385732
-0.40890530230352756
-0.34563305354736107
-0.35083441227218914
0.035535855445493994
-0.23073093527806149
-0.51185295670144926
-0.24411193131746423
-0.31145077038808799
-0.43901112061385306
-0.18518405417826567
-0.48004619415800437
-0.38484460871133191
-0.22492844844787102
-0.18862260150164162
-0.12403894574354801
-0.23685260940527914
-0.24016156608614092
-0.21146447386984876
-0.16229071430109265
-0.26244773078901207
-0.17921467725171064
-0.029967047830169312
-0.57913872388027565
-0.30382500502225518
-0.14823269425612373
-0.24862953089052581
-0.11934879067216132
-0.22404487878491305
0.012742485442606036
-0.23296585461349839
-0.41791184052510116
0.016557757547014645
-0.14139396188273826
-0.37940774516127485
-0.24396547359108942
-0.11789331272891392
-0.17551886965258054
-0.1626115727363055
-0.22625022214368579
-0.31194198603679479
0.038540740862834579
-0.2232959325961649
0.024292324484011283
-0.24904361494369137
-0.16523007307504195
-0.19943004795003785
-0.41704255571756377
-0.15683360306511046
-0.033579820307975239
0.02289889813994617
-0.042111721416352971
0.042374407660150909
-0.24751689417503148
-0.030487416715339329
-0.0066350460551054822
-0.4898095705821186
0.0068528095500114518
-0.36707387979096279
-0.29450899068840136
-0.011469901519406774
-0.20907938138280835
-0.2942648442410935
0.049783764276937488
-0.4020156448853025
0.31824958191428948
0.044320262047031288
-0.12910097982727992
0.033447026112973385
-0.19690383396121935
0.07732179486089566
-0.047118040628124351
-0.090003006827593171
-0.69738447014036664
0.036648922077223478
0.085151431929109109
-0.32380079881491175
-0.50513313949890737
-0.22141650365965485
-0.46041322392545897
-0.18241689262209765
-0.30341415499391611
-0.45426841556285991
0.13157356725673502
-0.011538597966921702
-0.18162879111736155
0.2541417183450253
-0.15982174900631155
0.073209774431458832
0.067007321467539099
0.018941214930774226
0.051862039813926814
0.15821553212671402
-0.10207492856790441
-0.19019344708383887
-0.089591550826899402
0.24538856408382831
-0.091170512648233892
0.11698724001572662
0.167027716842542
-0.088058225311545418
-0.0063414141460422183
0.11104980872634529
-0.26595995409921824
-0.15334003434623492
-0.12355633901509804
-0.25418035413169487
-0.33769250794826877
-0.36392832645469159
0.17535644273066242
-0.07227376887474532
0.097977470988479171
0.14871046974609958
-0.14361824741138884
0.30132016999212419
-0.13135550238901977
-0.25486304935302595
-0.046555661162804948
0.29461661397279315
0.090244027361576731
-0.30262500243442414
0.039240000687782245
-0.028342479413745091
0.14083085001145618
-0.24919554506837685
0.15516623933045726
-0.19159022325692604
-0.04678749699701247
-0.22000576285321485
-0.037183174874805769
-0.40510096896347947
-0.44845586326417497
0.28445315735627996
-0.091618520327208561
0.046853128804553008
0.24766212093856071
0.064749420495089541
0.015876102712583277
0.17074114223250117
-0.21381690763133102
-0.29862236939178938
-0.37962236469538269
-0.16170587889387775
0.089594821528463722
-0.36217812254531384
-0.43765601427791917
-0.044059134262302332
-0.037541682056481514
-0.063130370034116243
0.20055734736495437
-0.22271883558955419
-0.18854242839380894
-0.23228023796697048
0.080000101413773853
0.13411035362597504
-0.11317134205584056
0.013293765148041604
0.09230290557450152
0.054388190048071751
0.087848884459918841
0.13488154534373104
-0.47836002711681391
0.080737316290256614
-0.13581952769903294
0.2103942691043868
0.093238253255424883
0.089229004594976971
0.20614461778682394
-0.26566263116360428
-0.045774725080241975
0.38689861418833599
0.028813800866649631
0.038655304292705708
0.22854960828709564
-0.23140704554816138
-0.057490541684304119
0.045796581224503564
0.17388931336711544
-0.12267499758130923
-0.097001664420124936
-0.042254153262287368
0.084218914101246281
0.26350465337939205
0.37610311246809175
0.31625274585873631
-0.13269129918773576
-0.061917909565164742
-0.27544797945532568
-0.14146575623748084
0.30578724194845713
0.12175751109392836
0.35752696271868883
-0.1865448753953923
-0.30556740242729669
0.1344865616692808
0.0089264420110041088
0.12693796440703764
0.047988980648902918
-0.0083995668858094369
0.19847536687862077
-0.045705284332886766
0.42001221429973346
0.28429595282376113
0.067228569282578934
0.054183922390895228
0.3400922283996301
-0.088638085559512789
-0.03911446801757025
0.10992581046258573
0.11456012032930635
0.29505422264262871
0.20970468797111094
-0.013817769984154528
0.19373179401351648
0.31106927487248814
0.21953480837475145
0.011934889936639615
0.44642749336106119
0.072552614591117587
0.15262738086972313
0.33069547665907145
0.31874165264787729
0.35958022693147634
0.2746665118976156
0.17368690940303727
0.22872618425068889
0.30828965651001522
0.18061867332608017
0.1340192773669496
0.31490432263286922
-0.067876129108722594
0.080471000415280533
0.069364877326077212
0.57623569321818258
-0.16823457212074711
0.44690874492863875
0.27712375747775825
0.331777526383361
0.20290799790198219
0.25643251292976343
0.2763684348663451
0.15255274320622464
-0.00060961859230543628
0.24428486511658234
0.057919958591371883
-0.11540204214028932
-0.070627507862133815
0.2045233711891504
0.35642667063633254
-0.081637250190122759
0.32755870358901557
0.1471515869370994
0.30681007062183013
0.075690815399333686
0.082289322329901785
0.33136397821648778
0.048685424519644943
0.12386049506678955
0.51763893842855635
0.44751379872298569
0.32059782376866836
0.099776370697303524
-0.10237590241426318
0.10682243747903675
0.34974780791443277
0.12355766811385949
0.33724245921410045
-0.066309966220893427
0.24118410214942892
0.44216210787347038
0.48078197576245008
0.2258736362426858
0.24762900311612873
0.40923614245947781
0.40105421582932638
0.39903871862478663
0.058647279184565783
0.45797402978365132
0.1647570010138821
0.27529632033097423
0.069845199261259386
0.14068503376615382
0.26681641852673421
0.25260833916332887
0.60304220297155586
0.30671294385359726
0.34690853005467187
0.52579834243861268
0.20110438656157101
0.13149366753401745
0.022563950608323356
0.20277985497248197
0.41794926746051558
0.18754489218042297
0.39109393939161369
0.34235468232048438
0.49693790683854366
0.12716448759772855
0.15392386367672098
0.14486938247847353
0.019675084631683423
0.34436368541721624
0.17724956986915044
0.36874679739312471
-0.17448578030040035
0.69220487599479885
0.71482553638297341
0.21996261044929036
0.44732829676562186
0.34852475296118413
0.28962635112764723
0.32317654895298609
0.51231802242981361
0.28593830657535296
0.40906028940844591
-0.056601047919430679
0.099367096700345936
0.47040874505163993
0.3580666100661582
0.28008774295629962
0.38149298983721375
0.67229748306566284
0.40710402147098934
0.72281865525290478
0.22676482171425172
0.30934056845285007
0.4902713073820808
0.73374705422476405
0.26489336307774708
0.39762960262962571
0.34125500740120568
0.32804618581259637
0.31562681781528429
0.57734177301138945
0.14362228184163814
0.61819885741741853
0.47606444932130898
0.39349391806529688
0.58079650022487173
0.25095177360181886
0.25487442881651973
0.44755614571001462
0.52454494046204103
0.28916680143448276
0.51932943929699316
0.32121329927976838
0.54267854688630279
0.46954673373463796
0.5784522298161674
0.31033857069589854
0.59554027456124714
0.26375434867713915
0.2398085706444443
0.40781300078024812
0.14687593402153443
0.74167846432868101
0.36232970465468795
0.15289108675117211
0.67776336822719951
0.42817484435373859
0.28038742774041936
0.31978889231893687
0.58288646837469693
0.50315880317935346
0.4316552973865182
0.63824353643055109
0.61206032802602994
0.55810548044365837
0.44534930504273024
0.10243276662060097
0.30468450214635107
0.67748035524987915
0.28237780996641199
0.31448070962286734
0.49010299783746997
0.27928709709197658
0.40291690575990224
0.62408131010516532
0.2087759680341254
0.55063717993569883
0.60644600019737294
0.5667263511903966
0.54403624276340912
0.52991737001618366
0.28211804637819171
0.52249902252079927
0.63501527803284519
0.31380056750949109
0.3838913342820186
0.73118084940658767
0.48302509192429405
0.62713660016353134
0.59465935278159598
0.77923056540804081
0.76321242663034838
0.55478261942989049
0.28291948981141318
0.71144983241750126
0.37870480754490504
0.38963575408016671
0.60479056782853491
0.22797299967728973
0.40087565391220614
0.23405193510151281
0.4258076589728218
0.44983250299818445
0.48834345931209244
0.37694223283450146
0.69729163668701455
0.42751879598607551
0.43983173294582872
0.38609571437810258
0.14779004426967784
0.43834353408508142
0.7997384318822568
0.7651223056357469
0.52639010703776512
0.48588792234151851
0.84768494486182777
0.86308795732445687
0.35009723293956779
0.47906343841568466
0.67875961519968775
0.31063473662149454
0.40927529572995086
1.0370000954595942
0.74644808198684531
0.79388228977314612
0.65324062002870398
0.37985765547466305
0.56298577326594046
0.48901427572624739
0.76034759023573539
0.77485311821180958
0.3379967927682252
0.66842194354188922
0.34358280054654533
0.37661666139411387
0.5106467571554858
1.0758332248256643
0.76961075995907857
0.2863970500612224
0.91647715361083493
0.84183969508345091
0.70608123251284793
0.54372635941053227
0.48995997286072518
0.66016770510690448
0.66844021991202185
0.48150423814886301
0.28867048855388289
0.46532313507391271
0.89621432132241796
0.65077912191469089
0.82393227451113904
0.74916507667023624
0.62604192509747325
0.39265699600314863
0.87751485372077187
0.29030413535679334
0.60061791310365675
0.50046850146990607
0.63528802583185684
0.81089487567711771
0.61847439263802617
0.83040226705289777
0.80935790710188293
1.0476476003797219
0.77451192172121142
0.62045006668796843
0.24676456085204834
0.80978275330105354
0.7567849467701232
0.64209537030584285
0.63205321995280761
0.51419867821691112
0.7746136376213707
0.66999010052937658
0.84437692464374237
0.95694759864997714
0.5794935563226683
0.63591727330049397
0.69706006090323536
0.6570986741306547
0.74020308148768199
0.64585230432893925
0.64555721340028693
0.6341172041298776
0.65647831585803718
0.64645414119560241
0.54835012503559999
0.68791039667023401
0.81265377936010663
0.63390310848873499
0.52381089853133067
0.82602110820933827
0.81386859884372242
1.0094422854731959
0.59887463623863113
0.4005095527068846
0.49156050951490554
0.58350085270993812
0.61360818011481089
0.71040572208751784
0.17852970031386867
0.83944702222972534
0.58851125419134864
0.7420834005210416
0.56795201774926229
0.98410072754900979
0.80353219968819445
0.54000807448234434
0.48158652500123716
0.6347593226910121
0.64957406830494702
0.72583683070086058
0.57146200975602246
0.48877739162043377
0.87427360425620926
1.005768449486043
0.834916925243121
0.88747843685780259
0.53364930707334202
0.89902855609930754
0.79480411546314744
0.84028045566015119
0.74957783580711479
0.85324002707076374
0.8475557731547454
0.9449354355718248
0.66534650572483156
0.95289470238143015
0.72643344350219241
0.99195911090839028
0.42085748251305205
0.72167474343129256
0.47807693728483774
0.52849824994496608
0.81662351071099037
0.81544734788500295
0.99332327847083812
0.91137426973181146
1.0382523883982788
0.92781382113809818
0.63301094172956085
0.60644147328985476
0.64252860887404395
1.1029919205237759
0.94577375354111592
1.0416991352263303
0.44800658399515753
0.94993010559314117
0.9429335344896197
0.80412125320031203
1.0772261148536659
0.92777859791136197
0.70297906277127808
0.71493276196716338
0.88570565473428753
1.2227580145285541
0.70249434713328307
0.69123792348591784
0.75203693013722916
0.8139681577936424
0.65880351931547054
0.67186723023192396
0.91626991677250802
0.4444117996399799
0.68599329882959748
0.62356014132484472
0.95264053881077382
0.81559955060660749
0.8231470495632236
0.80899105400635063
0.4697048119155488
0.80975936054197284
1.0037293402854495
1.0040894635522226
1.1298511777771851
0.8252809219927173
1.1376647241854236
0.95096259730464006
0.47550792181146428
0.97973292565044889
1.0154377613206325
1.027801132475169
0.73200632069056504
0.90050133442266189
0.93280414518946297
0.75596710780330345
0.77979386147390417
0.63956511484724876
0.81204571533656233
1.2553314677529113
0.81532774024825694
0.75971172982472512
0.7124523736709073
0.94038395992929757
0.51223148541336183
0.98658483468002811
1.3837474154590828
0.99439420168586912
0.92189037761732928
1.1801897397022465
0.94091373544104739
0.68181639182459752
0.63633094104338861
0.95489451618236476
1.1367836385811598
1.2932432302589449
0.80356080393325424
0.70275809903937136
0.69352571255308926
1.0124027707915064
0.69665370918570535
0.87748299778521854
0.74072851753912872
0.64797723220917469
0.86269563013293415
0.88323671813474658
0.94860980155131436
0.91795945847484628
0.99300902095305488
0.98074880601026126
0.80492031009948317
1.0672781052433782
0.82187825754395494
1.2287761645447197
0.76148896794231935
1.0861893447785018
0.67820729208665165
0.98209880277114914
0.94871924053579415
0.71305647603972577
1.0628697527895532
0.80147663172347805
0.86356874819619334
1.0796897581234102
0.85492893802015724
1.2372867472902698
0.88658934480993268
0.62996297721196348
