-0.91578085179750957
-0.98548992234723631
-0.84810412337556895
-1.2516752557840196
-1.1844162758179593
-1.2335770093442135
-0.94403287271764613
-0.75490396371470236
-1.2094802375022859
-1.1389880085820532
-0.99986953033557913
-0.83347364088982812
-0.96411796103851144
-1.0042924553285426
-1.169612982615031
-1.1656024733632868
-1.1588410593078682
-1.0677899480710149
-1.0129166849637059
-0.95443829535603431
-0.78630479347815618
-0.79362424917967778
-0.70339754673447363
-0.85175940673991468
-1.1407818373486165
-1.0250300311450484
-0.83609112691802279
-0.92338951945939318
-0.89792828126541324
-0.61573779494394687
-0.90117925028152501
-0.94236506007678744
-0.82491763745705726
-0.97819971524970661
-0.70287526448461157
-0.85073748765248236
-0.65009634092854796
-0.94668904906423201
-0.84513230826057484
-0.89774077347176773
-0.83610403932051136
-0.77160161247355008
-0.7686843493740928
-0.99453918713687495
-0.61241074405327778
-0.92541039598350849
-0.61001045251103481
-0.93616595523265955
-0.80792168799416375
-1.0958004181372689
-0.67592733141396621
-0.81601618542140852
-0.96239667830111519
-0.60674086495975166
-0.9801899142171292
-0.75914609074531836
-1.0785347424177549
-1.0355260959552037
-0.72990487684207939
-0.9328459976740322
-0.69294848800016751
-0.66241245704423612
-0.7725581910930398
-1.165780254806235
-1.0214719070038403
-0.76958578405994904
-0.77050270183729641
-0.67204433010146536
-0.79972177267907685
-0.79192592180684074
-0.73442104333169922
-0.63075641582013897
-0.89435948878436211
-0.61231895045040408
-0.66319396973031941
-0.87221360424580807
-0.81127158886497253
-0.81709852189217314
-0.87988077950016852
-1.2690132819757984
-0.64429716546798821
-0.52580511615820158
-1.1564713242320532
-0.80525162709479625
-0.90772694463910741
-0.59084082266165838
-0.67437938546290077
-0.73283955219352348
-0.73415747738053394
-0.53051028594244387
-0.61325513114861774
-0.82092097540930709
-0.95804702796549879
-0.54051921043263573
-1.0703580137823248
-0.90807645804046144
-0.74604562195598079
-0.95592421731314026
-1.0554585214413654
-0.75157727173253086
-0.82778844560011233
-0.80629007045771983
-0.49145127133845751
-0.93603961354370413
-0.7598600162165049
-0.69351988673304865
-1.0442889254675598
-0.77181524950154246
-0.54416624852523487
-0.58445908191897622
-1.0614958872884019
-0.76351996740255212
-0.82679273593338087
-0.71851548460014625
-0.69445042553670622
-0.5710375940880047
-0.83576639370554473
-0.88855165582780926
-0.84097629223029902
-0.98636372306361175
-0.94403901587019545
-1.1926186087026338
-0.45066793441419728
-0.91399714826491485
-0.40170001967849328
-0.57970420840976578
-0.84006907979475309
-0.47026078506293351
-0.83759567852605332
-0.68406401922914306
-0.79930835341579798
-0.35552254016767526
-0.60591613620986018
-0.54472027783654942
-1.0585722336272692
-1.0189391476079133
-0.67370616668048799
-0.89535853233707652
-0.95744841602162489
-0.71323663026820294
-0.90946527244812236
-0.84255247953051138
-0.88861423015162244
-0.44998312550192693
-0.88144509433647611
-0.60109947520007712
-0.71268457353967485
-0.78247961254277087
-0.7771829104630088
-0.76088368745906276
-0.95735163470455731
-0.52513759514795511
-0.73146527484848312
-0.62018824998136046
-0.93282220252142978
-0.32875123151330571
-0.7159217465348866
-0.73251977645946065
-0.67413716732756312
-0.40219402127139864
-0.46273538996722657
-0.54710199550023497
-0.71187756652648271
-0.67115773267098322
-0.68112496353925778
-0.62473701550524774
-0.59708167515698674
-0.60184151684025422
-0.71272026498050312
-0.55958164770803909
-0.41223869677546099
-0.48967839271286573
-0.7125533389016212
-0.75671250425675551
-0.87548094959848788
-0.26526974759305594
-0.98125921295476404
-0.88104734067546187
-0.4224657591396771
-0.68139934499687638
-0.57866778154049492
-0.82564972602962983
-0.66185917483372125
-0.77758773865240005
-0.92022909966774402
-0.68709238608467493
-0.50929486032436344
-0.35743922318749061
-0.67331970507079986
-0.78128162744380536
-0.29082209373521767
-0.48714096349160302
-0.57394152118460329
-0.36361786057109402
-0.65492913879898329
-0.53753027236680895
-0.605768207493811
-0.66304346320182306
-0.88965392615512351
-0.47776279693873597
-0.53860190605613389
-0.59309630085992116
-0.41312473265768107
-0.45638224144756945
-0.37333833377573167
-0.52818797601718359
-0.80007920162732293
-0.4318263931493817
-1.0008094017201969
-0.541484894899675
-0.63745801609321007
-0.40623990554097322
-0.53153284752125962
-0.56490189656442558
-0.66818925643180682
-0.6963073446385567
-0.43089717643719883
-0.88772748898580667
-0.74007045306212715
-0.18692876709573097
-0.54436628180695024
-0.81597142249218568
-0.47548010223288734
-0.82841088676010377
-0.51635039227357293
-0.81816455204251604
-0.93304546346349448
-0.41712619130606376
-0.99109933997633926
-0.34572460899334917
-0.49891764722673265
-0.73065998863612402
-0.22063312818388608
-0.56183650420448361
-0.87951371231467113
-0.88082649552998205
-0.57167034224401436
-0.58593888682040984
-0.39326070992242612
-0.36549733722197597
-0.61212253939408368
-0.49882060782517357
-0.39678441663807029
-0.52465499779744562
-0.53270255592279081
-0.25043273741272865
-0.67037135370704748
-0.19791536101552354
-0.46560677346671009
-0.098521077070130567
-0.19996349210644329
-0.37446585894381912
-0.71840283952716022
-0.86943757123386889
-0.72831694205015474
-0.23503876971104548
-0.56324051687189935
-0.56529986808363442
-0.28862423761381367
-0.41584890441763278
-0.75464033585195645
-0.51110307700165802
-0.50727878642025881
-0.28369636083092875
-0.79976465665764307
-0.34206739011017534
-0.45286723376505539
-0.46156986631126051
-0.42182609950843186
-0.45288305426689457
-0.43727138134041688
-0.36716971477211074
-0.22500726682611275
-0.52851083225226692
-0.25367581598209094
-0.25222444364890995
-0.63524015210577522
-0.38325228544239853
-0.47173200665716991
-0.66126255305687021
-0.62922916498469239
-0.5626010354228832
-0.063812149533624588
-0.29310088240038484
-0.52958527511001996
-0.57935176757876194
-0.12788760832289067
-0.4769612904393894
-0.50150597904032146
-0.27977206217064549
-0.6156374408632006
-0.40750156301006735
-0.13975259255063385
-0.33851931877165065
-0.51348060675333562
-0.37154422166553913
-0.58403432472110661
-0.31729479216719064
-0.25458867685328501
-0.65800137410115755
-0.54581816638923197
-0.03846195651886971
-0.50957120896763808
-0.082825495252705203
-0.48976786481883305
-0.5507916516606941
-0.23137714935681492
-0.53996595538583081
-0.3736301282121276
-0.22463364360933349
-0.13849912039526469
-0.39872409066889358
-0.65108573668769942
-0.63525272248919984
-0.45612580560723526
-0.010653327457515707
-0.047876118900957332
-0.11994513402217057
-0.62671554703632348
-0.42678967968068576
-0.69127353395895519
-0.17377991252035344
-0.58237908302833963
-0.17748079275902698
-0.22196120631532334
-0.35207245883644672
-0.50263148114349254
-0.47394687997015783
-0.065997243606911574
-0.39177973893687085
-0.32907078226448355
-0.38504551007718568
-0.20247287850021478
-0.37317179037967491
-0.29788879894116072
-0.66518207950952268
-0.38578828224741563
-0.022423953866143556
-0.19906989070118353
-0.46631238557570198
-0.067302394642249033
-0.28609164867383446
0.039526899099390174
-0.060664240857461776
-0.33288109863942628
-0.60341963155418588
-0.31541567447791258
-0.11865714856010248
-0.43785833688648823
-0.25024983393535355
-0.50722258243779084
-0.39469850151769509
-0.60330643949046214
-0.42248556631623596
-0.027832386604701213
-0.29445849359344367
-0.26470112070389173
-0.2137041821625324
-0.37144667032850148
-0.20505979529031812
-0.19657189230730729
-0.052915320645233438
-0.48618076789236581
-0.53414577193974
-0.19505793888515027
-0.32498651145489615
-0.48091904596124013
-0.58617938664642522
-0.090859934113019791
-0.28236740440521424
-0.11437186330647625
-0.38948615906936424
-0.22143524677703991
-0.16322978897706839
-0.26782744111512174
-0.25190218810184928
-0.33205979461749374
-0.056873278786937327
-0.54177112998303456
-0.42439390735914678
-0.34008350770621937
-0.37044808220826225
-0.48368840582494577
-0.3339302240187616
-0.35097566490744592
-0.26916378375659678
-0.34833173303621773
-0.21167046440055556
-0.5472816062454281
-0.45873637265113276
0.19675020922596131
-0.056825946546506405
0.047277098692401119
-0.34645703113222898
-0.027334988703754084
-0.2039640971884279
-0.23955793477520163
-0.11554825860785467
-0.24033942610037609
-0.38197689521169476
-0.15366612925510595
-0.16028101982642265
-0.079445089113281936
-0.35036400293712205
-0.26651091905446461
0.18323345792298806
-0.33037234325787973
-0.078612491595918169
-0.43133280943421365
0.12999991974537842
-0.1145394172995851
-0.41228424619278997
-0.077650013453062772
-0.0034708176842209292
-0.027987161569731755
-0.1193853681093498
-0.18058066370345893
-0.14114612768171181
-0.27263881075107343
-0.1613347257573525
-0.29491068623006994
0.22280011678451639
-0.1791259757058892
-0.17652824276594567
-0.051413852549408404
0.19607484790133378
-0.05717529901183159
-0.31485192117640559
-0.1824167533311894
0.034562889576978971
-0.39093268965337491
-0.58942923532222069
-0.096063295559069867
0.15637541862953719
-0.52280660983362037
-0.24190587147562739
-0.22694232788583413
-0.094592745360757111
-0.33046974687314762
-0.30292076342735458
-0.2998415055816982
-0.29788198418313944
-0.24946678462614996
0.011609545093848974
0.09705728901797972
-0.34337719847715575
-0.048528345749323236
-0.27826558543191227
0.021464476925061603
-0.2577578114684535
-0.222844295030307
-0.21237680243742718
-0.26406751636363845
0.44491349381099127
-0.16100460867737029
-0.29803320002669703
-0.0040004776143888858
-0.19843466471402774
0.13251967856513422
0.024580505677350647
-0.024197270628986901
-0.14017882301242585
-0.075867658345982442
0.070486703031469977
-0.21266380421859166
-0.043110356040777703
-0.24301945449921855
0.22743969074508671
-0.059420363291442159
-0.1882254908750558
-0.12281584544736991
0.036035042190086089
-0.062124418094171067
0.032738584468494696
-0.23006546366575592
-0.27388653076479746
-0.29416998271519218
-0.5710011352291916
0.12953331724395206
-0.092697427044443115
-0.15465895783506639
-0.083104604779264443
-0.17118598494328774
-0.083195086052680889
-0.12794145008644559
-0.13711717996916184
0.11860172651079275
-0.0027168811069331004
-0.362674492262893
-0.53681630714585882
-0.033430905296407978
-0.29694885849272207
-0.24410518465444658
-0.021579962634330888
-0.045477627137811692
0.092858217938610529
-0.068070088333896439
-0.37902521621126045
0.1028917834203024
-0.38149403173324831
0.19134398179279091
-0.32175013627181454
-0.075669404364229906
-0.201882610594421
-0.30471100135004442
0.15322966163253932
0.067634828150025694
0.043493576774486134
0.18393991605786775
0.084728968123291698
-0.090101852766473922
0.12984964908168847
0.19606249416046506
0.051468557190957845
-0.13849140258108977
0.17365765493066473
0.29409043948545505
0.33670236607645382
-0.034665588650755051
0.0067227761928640084
-0.13058159660131879
0.24623235221160161
0.0088798340764263527
0.16101032039692292
-0.15473758661159751
-0.06503472628785166
0.22423788291576444
0.48440926796932082
-0.13399773359241215
-0.02378342447980266
-0.074684580887860466
0.26818164575328013
0.23928790812353343
0.095076588638693296
-0.025957153249282595
0.1347309916105103
-0.069158678990694805
0.095827125333562857
0.0071679541377950998
-0.069954109540040527
-0.0015824820157322045
0.32394276659846288
0.025339731100193368
0.15793121294547105
0.18191766163553486
0.00052972321522356213
0.32369816282162944
0.035382158187668517
0.20330295679298216
0.11095191352577813
-0.040822931663798072
0.13875271666421943
0.42560837588536771
0.048498533224692136
0.18813309635447784
-0.072089501934098257
0.043764664938616936
0.1368226765978911
-0.025752524241765291
0.11680920206139882
0.28659700149414385
0.074271145904634767
0.068689046057723344
-0.013476779421101691
0.4419669511190244
0.072395454524969163
0.13319840022100696
0.38586808621074398
0.059609542086840349
0.21936539267999547
0.28758822620084895
0.28862295388280512
0.18165776152371113
0.095991424034086822
0.35133229497025109
0.014216868676026409
0.15242879997683456
0.09467267192446413
0.24665867463574478
0.25164188599766824
0.10972400268045002
0.15542822138700971
-0.0052181709303744557
0.073126297593550632
0.37545657472288851
0.40584191716618823
0.050644758652526663
0.059472983112993413
0.47187140441636594
0.36040530771637247
0.51979189106460877
0.49103477092698511
0.22400618630412911
0.35120045810620509
0.097885265449473902
0.27433004351539358
0.18963617406738575
0.34393938714578176
0.087644366053794887
0.089240157618272656
0.27348991621832769
0.16270314844001338
0.16721635987762334
0.20043136185877861
-0.032807268176790361
0.29845361487941424
0.18168572363066698
0.60582323110853842
0.22927219763618853
0.26400272543159553
0.3407556045583171
-0.063463483318170644
0.019296782395835852
0.20741544735795628
0.1460031111430326
0.33986782115003827
0.43407350041363135
0.30383104134440375
-0.0032259734420366547
0.1046079077870016
-0.083062064730703919
0.22320103137281896
0.092409385744769215
0.17535583412119141
0.089943116870323983
0.24160977159154556
0.051901309064777905
0.69251361915834564
0.6367210812861539
0.09968473033781039
0.083033364105808818
0.37193583777885642
0.1979707349281602
0.31418991163180376
0.58859342108768387
0.40170372209297645
0.28510429363271972
0.24476170933074301
0.49648880689504865
0.38152392418358438
0.40462530082776504
0.42865115598968007
0.69867380666657553
0.47504902122192449
-0.13101691935216939
0.12132075410549274
0.27530836800066422
0.055505789921762201
-0.064355661602594427
0.18393324209013817
0.51604506604526168
0.31681127894095701
-0.077536920738613013
0.26108655594571972
0.28929270098362586
0.067070692981468588
0.30059919177516697
0.27166509167600728
0.29676871824483408
0.25738366590054984
0.46491460658244738
0.37068781522309707
0.36334734134513808
0.30616519034713846
0.3269200184625306
0.56351076614308782
0.1138770371317657
0.067732619452968684
0.19945884352565249
0.55162420887533103
0.48865529051865991
0.42590515855526712
-0.14552641122567547
0.30824148197056567
0.57354927322851579
0.22890309319165481
0.34001196043382914
0.4905604178803547
0.31006535753817976
0.43013133487112903
0.50661516317123989
0.42900496970862179
0.43564295616790383
0.23157784908845763
0.39592842267806211
0.45731357493123315
0.26374784882165386
0.030955970512925587
0.25066138450694081
0.084992976816716387
0.56812058440825797
0.56258656799639195
0.057829712975518109
0.20305140187513351
0.4490702494746997
0.41878817550671266
0.38531971543859855
0.58941247777309802
0.29796761635319524
0.24513762793982527
0.36566656949380183
0.13666049578073283
0.77653116301849001
0.16715341394556127
0.56153074315607465
0.36820374813128048
0.13594222878393822
0.27311928319040557
0.10445102517165902
0.50610237344793541
0.41287393374497633
0.34007455771215789
0.40420002416339162
0.34222777495313667
0.49580339726842682
0.23850725459187713
0.39118583808142587
0.20360415619363678
0.14156882293099915
0.039836953245306929
0.47964932632289903
0.60834888495532824
0.51369610353347872
0.48530158601533396
0.39242392139607279
0.22873132450190076
0.45074215461442624
0.36546352060673848
0.27702007402147311
0.37735033524654221
0.7296494915016235
0.54660311782208715
0.6572230887853453
0.35373282390026195
0.57080854111465018
0.49966702569289895
0.47237939419244573
0.58731229307872823
0.24483090231395729
0.83346564374002396
0.43016703729010719
0.57186548329940479
0.65788738619215159
0.38685610138388288
0.67663737819196468
0.64883876410030472
0.64853180108915109
0.66551675824179501
0.36604031190342551
0.32854009800327921
0.581291205172347
0.59458165531637397
0.69974303173106145
0.57017135629703763
0.059220273520261893
0.78159231882032987
0.65815727594203921
0.85880150526926236
0.50789423338899031
0.24160653279847077
0.63265180348609695
0.52471631735708701
0.58238214516239251
0.8582971766229216
0.87044340027155753
0.38756657350420304
0.27946587510753768
0.33097635661563801
0.16828303199000053
0.29578925485510604
0.50256533369372602
0.65691015591267388
0.23992644413157471
0.72380928203923967
0.3939812678770464
0.52663992065611531
0.93733653396114069
0.7120202054484055
0.67701317852692822
0.2366942142912431
0.61445796743941616
0.4623232084453433
0.40044481305498142
0.63417508199254014
0.094457398899401149
0.64873448285137703
0.54895891027691857
0.35389364173967852
0.54185937607517765
0.0961028490122742
0.53949454695585863
0.66167360476001646
0.38279142573717861
0.55454283702495455
0.76810402043233283
0.31535545674804061
0.40952191959977441
0.53606626398607948
0.53128782312510736
0.55501624588383458
0.35767883956648694
0.78030873728082684
0.73066503010498451
0.31530156858887864
0.50883092865068569
0.64635125363973667
0.7445869079743318
0.64959785808913884
0.97021272556432092
0.79636091018505151
1.0782464832301013
0.27981388325984929
0.61634444199026006
0.72250965573613213
0.9184247975526767
1.0053330180636721
0.558409818863846
0.35474392657264292
1.0646889529296377
0.52550792803576574
0.49441374495890894
0.6494055415941612
0.55140524574609728
1.1212089915373888
0.64429401686645338
0.84970019410681763
0.55860936562293251
0.955466734332996
0.65573070038218129
0.65628210332634151
0.62052188948412768
0.69817491679735466
0.63419077389491696
0.36872773635125111
0.58975913024176663
0.80429183533325688
0.5335190437919044
0.36080879218400996
0.72689319455814194
0.50880748434025258
0.61955526536073757
0.6062058185586271
0.52161413348110075
0.47347826762012907
0.56517542098901696
0.37140068416401201
0.79106324144365392
0.6722060187959521
0.5614508880162552
0.80170583059777034
0.92127823755750604
0.57186830539617284
0.69965993408256344
0.34782331129061272
0.69650366388587115
0.78406372345351116
0.74248305721177799
0.87436314055833497
0.88589200872517704
0.54489699681295067
0.75239730510982006
0.7286907471183951
0.76040022440184951
0.78361652322469355
0.71949193461856165
0.7037465017035226
0.6462905536801572
0.8872033164534161
0.99577561978791307
0.6942635441618582
0.64213562449884432
0.5713468619504416
1.0476228953491613
0.69771092814833069
0.74025090517441294
0.80613786804837428
0.91450682739551803
0.82113890300137427
0.92016817694870301
0.54717272943164297
0.50279628968419976
0.7240097661160968
0.91555623971034572
0.9003998941985849
0.64283708040317888
0.85381278168529773
0.60725318711458487
0.79541436849123781
0.81636540639024058
1.1937018877645205
0.66773744993138395
0.81971044484495614
0.68805801598678729
1.0048270216548969
0.37392415534078288
0.93092523091136725
1.0012001985931376
1.2591814962778656
0.7624243600401629
0.94979568098491662
0.65557815373378359
0.85424517856064563
0.92958173429042146
0.64349937729764606
0.82485294315000923
0.90414047942089448
0.75044778104146481
0.59799523863018
0.6206182599125396
1.0733647600111986
0.84180105779370007
0.69873335232991995
1.0051079093227038
0.66560370640102795
0.8368245571947589
1.035279010254335
0.90934837163617788
0.99839313789975004
1.0688992813063933
0.84565064817189151
0.76413784511032101
0.68029254905170622
0.73898893538705979
0.4913787780965711
1.2019401550788029
0.64649734013301929
0.90650836384974587
1.1052552488487151
0.81782346328622968
0.62505234216557326
0.68012854324592442
1.1086942155442241
0.74873997048799057
0.9247429725599996
0.89547079324859014
0.49687830906072611
0.6446549062984126
0.86526555697525898
0.80671523912023502
1.1148919239057982
0.87310167139099959
0.77957663792062082
0.81536046737321222
0.63948133322550049
0.78015109394276971
0.85146621656336685
0.746146862991517
0.70152011370769185
0.9561611210084987
0.75166653989190491
0.98863357795913231
0.78966066772246135
0.73590843918601989
0.87572312636575478
0.82840544445284081
1.0529596245099788
0.7644126309853867
0.91087705540899133
0.94557389169276462
0.77731407088509408
0.9395571167415695
0.84818768167467273
0.94193712249272443
1.0397394790477694
0.42703826967052971
0.84221652614707554
0.77698707416597201
0.7905170455534104
0.90158257767954586
1.0934554681004569
1.1329498490415739
0.91817094927615039
0.68910612496685975
0.80864540304979804
1.0153637942975107
0.77790434880568549
0.92096101378752604
1.147943740579684
0.96057541739337771
1.2706324614678182
1.1123469347662853
0.71952407734131152
0.6181542398445683
1.0889023640025766
0.84321907247364547
0.74451469297576633
0.39637027561400096
0.86667833362447877
0.9022436567868436
1.2348370383640708
0.80796971946278662
1.1268742434310379
0.99140853154084296
1.1476395477365529
1.0634723896364227
0.94265699037188655
0.8609416240061234
1.245740579201088
0.90129416860174849
1.0551120885711407
