-0.7714572708741847
-0.77305189939829644
-1.0861136698834508
-0.76952988571649128
-1.1907685861953412
-1.0349933248182939
-0.74706040272072416
-1.1163719841793338
-0.92852427835567775
-1.1221602500105743
-0.97691511789683694
-1.2365722603892781
-0.99460544163801312
-1.1595568847066131
-0.78010044602145978
-1.0483028977082953
-0.92160678492114012
-0.89818636867927881
-0.84465170063215189
-0.74040924733560665
-0.95006019213516391
-1.1044943869653951
-0.92947553724318699
-0.82003048608898288
-0.69056037365087464
-1.1146789972462097
-0.62226475043318608
-1.0441468633390116
-0.98255607787745292
-0.85805980839184159
-1.2610678525477959
-0.57722383353323958
-0.92205941400605596
-0.9598126635029065
-1.0116705302699713
-0.92269481201674941
-1.1005470353873161
-0.87736480957739238
-1.2240821419106762
-1.2289402922940778
-1.0328492400820217
-0.89039525513517459
-0.81178636231436041
-0.87217129633009094
-0.98842614116230931
-1.0376519656366547
-1.0426572779574166
-0.61331970401061353
-0.84972341368254556
-1.2009029253138142
-1.1484955269536872
-0.59954649410211769
-0.72734416351699871
-0.93694372602575682
-0.67140034017016459
-0.7470302955466519
-1.2439482050744375
-0.70617356232054729
-0.86950103695794922
-1.0041113563473698
-0.91011154628028634
-0.95378049888012495
-0.84977982218016035
-0.71863435077382298
-0.84622323079845252
-1.0961591756211295
-0.84702496164409535
-1.0164379252061675
-0.6551592857728592
-0.68418550335869244
-0.78414893622703574
-0.60802187645008587
-0.5587119690486394
-0.87053133767807689
-1.0194867480866427
-0.84248814995225552
-0.5348907190024943
-0.78001747690744683
-1.1484540997970489
-0.67157852887371916
-0.7860189242589064
-0.80119556077570997
-1.0441031186266763
-0.83891799223954688
-0.40598039859574453
-1.0287032650508796
-1.0375920644529928
-1.00606034660865
-0.76049547037387877
-0.73723392038652324
-0.7443646050688929
-0.66814702063592146
-0.98172661674978068
-0.57854174043595052
-0.35041606952762516
-0.85163969398974104
-0.94476720521704138
-0.67004486660926499
-0.73215176887452171
-1.0482386384390701
-0.72890668569950401
-0.7515104302746326
-0.9298875494965454
-0.81144059743945796
-1.0066012531963762
-0.76286458189449458
-0.72279582424868427
-0.89343166601361979
-0.80091339302760711
-0.72738020915769641
-0.68470998043168962
-0.75182710169657063
-0.63617111958322425
-0.64909141021758032
-0.82255770821248175
-0.81852557304727869
-1.0930881724557475
-0.47520512373991991
-0.49964614484409481
-0.84331978168497779
-0.82640459080384965
-0.88572560298404146
-1.087524320680332
-0.62336620174431545
-1.1070186658980992
-0.84578049497947339
-0.89658601709738839
-0.58121406368370521
-0.55196955555716798
-0.63414124918651071
-0.71954114291205606
-1.2189865902724377
-0.77187859783528645
-0.56415796334024848
-0.86550177125363759
-0.85767246479430392
-0.92474836873163013
-0.88354331568348299
-1.2162038482377573
-0.45177582922181225
-0.55328931476354637
-0.66751795331562613
-0.69785347123463926
-0.6820451588798413
-0.74111205644222544
-0.94740916444489975
-0.92468280063890962
-0.86099179168228501
-0.31989203880330075
-0.43125496643835343
-0.37328660002747127
-0.50445307461986455
-0.85351214921896645
-0.87598889405102842
-0.81410080142884167
-0.61410040862396886
-0.83068790600962905
-0.71068776768939845
-0.62873548344329799
-0.52203278977027379
-0.62868889580532539
-0.86387647386540434
-0.59163334518681365
-0.87243577639613845
-0.75791600865167352
-0.49904466368644235
-0.51375034253362284
-0.88141514207655725
-0.65471897623080122
-0.38353204151732462
-0.69660442916468424
-0.74930757586378416
-0.71471944051137482
-0.59992033527609867
-0.4561950282307945
-0.62396570609342694
-0.88212846905187559
-0.57681020629764657
-0.92637385801257577
-0.10652012819522494
-0.55366621425160278
-0.81901800550049242
-0.1224476456851708
-0.84427584460007976
-0.83773001135933989
-0.83149855087639524
-0.41450953878847452
-0.63135429031133306
-0.25010304827200192
-0.66080616400916992
-0.71310068259269754
-0.26434984988315335
-0.44010179433507735
-0.56819855100085348
-0.88894527397547018
-0.38948041855265225
-0.78756733826792658
-0.61196052019879632
-0.33275996204026786
-0.66758365183158463
-0.84735692317715694
-0.90857055438200673
-0.47020650564069477
-0.45653685717970666
-0.82821028399427288
-0.74289153907774519
-0.24154855283982207
-0.56413972558644898
-0.81178319187149095
-0.63837589929672545
-0.58862685967700934
-0.55020579778835921
-0.40595667423874071
0.013670833924568748
-0.4143040631142984
-0.42555956390526783
-0.26132047879298703
-0.59955925258244891
-0.29440156795843642
-0.6480311674322432
-0.34718575319979822
-0.49989757683346653
-0.6483191624098269
-0.43295612749101825
-0.49190400637159004
-0.61883890489839122
-0.35258688462680632
-0.7663864391934565
-0.55121641380407849
-0.33007195044792648
-0.75275865347478743
-1.0022725588124
-0.5637800098274891
-0.42542720683743462
-0.63601064197603385
-0.53696446766754546
-0.58457228577042897
-0.739951162380587
-0.43837408131875549
-0.49647215252085108
-0.80581717703743816
-0.32593874767837794
-0.32825715111403636
-0.24936890073646081
-0.80509449697158997
-0.52396496499671352
-0.22500298433767682
-0.33948901600185694
-0.76805340949720302
-0.58389694130928627
-0.30925402571729482
-0.39399297788891291
0.067862115718050939
-0.2501016947736478
-0.008024146302975663
-0.50642523361991931
-0.72417197579475223
-0.18495094557783431
-0.18238475583901637
-0.451406926291821
-0.18329232638933643
-0.29120711624433249
-0.58436610948942069
-0.51458003697043175
-0.28745924117977589
-0.40003824250545461
-0.41468875481344369
-0.90075330975793044
-0.83469774689175413
-0.67141751161750007
-0.14077990071419058
-1.0556499804588879
-0.12095900603711265
-0.438774159776051
-0.50513875279010578
-0.32629789363968681
-0.54670230214085869
-0.43175506427974925
-0.21700824861381432
-0.4527913959542828
-0.61406817612392584
-0.28610951510952204
-0.31797942521761979
-0.38769784580617306
-0.44289746674162211
-0.43171366355060209
-0.63646635836296106
-0.36638830538614686
-0.32727520025406653
-0.012568330434264601
-0.47899990237664658
-0.60738902087524682
-0.63143771146744287
-0.19353254969820388
-0.081534205961222225
-0.54697854289433545
-0.29735761894599072
-0.37839605079815564
-0.57054184453666912
-0.52025731001071096
-0.34878448652753835
-0.55244195879092206
-0.37162932712170643
-0.51170992949214344
-0.13507489843448095
-0.29646351060377901
-0.74561071791269651
-0.54329686676925937
-0.3605370321906613
-0.36809886770204919
-0.74882410459124271
-0.65456180563430533
-0.020648701131554873
-0.41390070529939504
-0.11455171287190899
-0.36479443375250886
-0.20510845312108406
-0.48902418717168677
-0.38473508515505511
-0.31877773152778721
-0.072925181334855524
-0.17598455155860693
-0.062733612991035664
-0.0086218914279232606
-0.38267691427906836
-0.37123925554314208
-0.29372631402941318
-0.26153425485077963
-0.5993691670548611
-0.78220295489029812
-0.40664247345036941
-0.26181226855821987
-0.42539385480955733
-0.28696749311282133
-0.42611057975171235
-0.18620927937120041
-0.32356547815752384
-0.29804873736899085
-0.50374994112461402
-0.53143012084921004
-0.45230121921000777
-0.73071386677620653
-0.2577610348486723
-0.58585274001493948
-0.47044051080101312
-0.58758344160556908
-0.48582596884610124
-0.246922965892272
-0.14326944799148253
-0.3740484629764505
-0.71127263084965731
-0.33437720130943804
-0.25851751981382382
-0.17011897447376259
-0.12719520444880006
-0.33934622551362753
-0.086313739871400272
-0.44172389176638149
-0.29219958061387896
-0.39484830344663918
-0.34961382295866861
-0.35987467926023586
0.026643983889742838
-0.23691137384777858
-0.52876138122600358
-0.24798600589537667
-0.29564949484582614
-0.45501364606907058
-0.17933705353339749
-0.49676957489265716
-0.40728695173551827
-0.2205883148580266
-0.19798691795206377
-0.11453197332218226
-0.24604548949764518
-0.2209516033247394
-0.17648026799528618
-0.14184781203171071
-0.27114213223830147
-0.16618621429790439
-0.02885297160108502
-0.58730043699055157
-0.2933439953388885
-0.14585216227618406
-0.23684276927236386
-0.10876008811929976
-0.22864011863063483
0.021700168782915696
-0.21860456226753519
-0.43469966594441389
0.021365888451710988
-0.15696379640090069
-0.39564194062939939
-0.24219636275750192
-0.11982604303352264
-0.21087989070641636
-0.14904895186033068
-0.22935280741316241
-0.31664733786917032
0.034971019626485619
-0.22007783906563894
0.019487750593670049
-0.25007542112337505
-0.16532928591686649
-0.1784373528590063
-0.42800374554843779
-0.14079708349144637
-0.048075493681679876
0.0060539343833272722
-0.037847048393381141
0.05705850776788151
-0.25873936950765669
-0.04532968852976095
0.0084154479032933598
-0.50538861999785423
-0.00027993996851799567
-0.36362968222119973
-0.28928251270431576
0.0034088814145788945
-0.19349908416529732
-0.28275029140941554
0.045514779166048798
-0.4063550818405306
0.30238013130891833
0.053910722710089821
-0.15371378561719609
0.034230845353565235
-0.18733564245285536
0.10453143893612749
-0.076591413504849631
-0.078210676518641609
-0.68520820916954162
0.016616974450677929
0.064448697355443771
-0.33175084399927607
-0.48786551369406123
-0.22033703453311082
-0.45045611014656234
-0.17597380446057403
-0.28949390505797784
-0.45443367264664636
0.14376295717793516
-0.0020829619099551888
-0.1804203897649401
0.28248422446313987
-0.1692430203686652
0.055854726147579151
0.079635238693283497
0.016724491780688515
0.069215728652348929
0.15932390918544412
-0.10946094964755414
-0.18189265493852649
-0.093399500051461276
0.25170706086019179
-0.10851207329256642
0.12608590286061899
0.1698068336773538
-0.075743730298435896
-0.0019210564014167653
0.11585205852008307
-0.27523274268054898
-0.17406960381216241
-0.1138452452852953
-0.22272823782261825
-0.31440764236914143
-0.35231478991593324
0.18156023168970808
-0.061615274618226447
0.1221895261316167
0.13914367462297927
-0.12968489727853555
0.27168610544426613
-0.12722673321740233
-0.22668575894503668
-0.043824744373590574
0.2869949517308294
0.09162973646151118
-0.31583350120929854
0.041786411291549336
-0.0011579308413238621
0.14698597521525655
-0.22448441231312
0.14348651850455282
-0.17692513820952932
-0.068978995253553221
-0.20590581134160835
-0.030525582841812109
-0.40648055329851718
-0.43195185800810493
0.28795334863896266
-0.089795185713740622
0.072977035338147062
0.24663130016244639
0.03605752323951502
0.032933778038511108
0.17684599226873596
-0.217744709593678
-0.28336963306916241
-0.38762761703352699
-0.14744172021731061
0.084676966508397386
-0.39602844169770751
-0.4331899172485586
-0.058078077057702876
-0.040337582669315919
-0.061528236720828682
0.21367950337819144
-0.21020180724796861
-0.18379292618415446
-0.21438891404264773
0.087043791659264833
0.11888262645645081
-0.091028952993360432
0.021649225183631323
0.081930586271579731
0.061436601005004469
0.076525010781889238
0.14440103996220571
-0.47095449755691043
0.068111900975888442
-0.15433784197244035
0.21835693034517281
0.10330149300065643
0.10406920605946102
0.21367560635090435
-0.24705672723300268
-0.020881143132564478
0.37149143921393701
0.021141947567274805
0.023996790421278731
0.22530758776780097
-0.22647101050552704
-0.036978052907424695
0.025241679778881611
0.17220061507354098
-0.11445274094834283
-0.081097898982726041
-0.058383427144217168
0.087314084138302661
0.27517510197877565
0.37168152292263429
0.31777741448087815
-0.13591036104504861
-0.068966155432094486
-0.24669305116058338
-0.15017417453409487
0.30323086468239541
0.1097239940011821
0.37197973500643922
-0.19441116355085822
-0.31564891170688392
0.13669056016458303
0.010449523033887567
0.12791829865505308
0.044137564688682671
-0.018561030557643299
0.18143927901123352
-0.042318773372890188
0.41608408221553778
0.27081499434282147
0.064813836059701577
0.058363541174084925
0.33797952578083795
-0.074846599367705574
-0.050914521146018334
0.11289849957779809
0.10281453384135571
0.30917733388470447
0.19326565385118935
-0.016555031017082437
0.17979089483749336
0.30228631039899295
0.22696624707332433
-0.0049675717686663446
0.45690400280629329
0.079842832239576944
0.1549293378379791
0.33769303627733133
0.32249310898344352
0.36174757471256086
0.28232861620948341
0.18010473293248158
0.24147226113956144
0.31600932389136144
0.19162439417648913
0.12058243955276102
0.31619753818982393
-0.072859163308308467
0.072670045556159885
0.071598554967992084
0.56914872009132278
-0.13983749365452314
0.4421561257871427
0.2751656248520728
0.33315251744004176
0.17994062726176102
0.24795653552950242
0.27768173730914997
0.19577489079883093
0.017291605418361913
0.26165329368170892
0.052171312456021725
-0.14207885132789494
-0.085519563010476363
0.18981377290193804
0.37422174806608732
-0.074464330638240248
0.33163269715972171
0.15645217538841341
0.31634537139563867
0.08007231607559015
0.086795746178885122
0.32283046476187793
0.033496919144718473
0.12808820625951828
0.52222366377109197
0.46044736961668231
0.31378961685346862
0.10253096191944501
-0.11185297850671115
0.11933520214837499
0.34012094360799699
0.12478584240713175
0.33304858745430732
-0.044267271431325556
0.22871882401838778
0.4439670040926959
0.46722068492557522
0.2186445286357048
0.25284115493865233
0.38219217256091437
0.43006221070136336
0.40330477090943923
0.045884937077434421
0.46858834335055638
0.1650388322449208
0.2746315519115598
0.068617400341239185
0.13289096717346321
0.24192736757781241
0.26496636540325524
0.60079041918156895
0.33476728434368835
0.34727649919652537
0.5092731619083456
0.23850335306547507
0.11307856720330453
0.0070401333964153845
0.19285698599400566
0.43961826895462153
0.16379167982796489
0.38664349776894003
0.34019941277681709
0.49145019442538074
0.14568861766797889
0.15666405182323573
0.15357589690927773
0.01128845629909434
0.33789226478289497
0.18763145956972108
0.39673622040025575
-0.20195098708587234
0.68245125511978877
0.73298178995147334
0.24780413783663655
0.43522065506063395
0.37680759133256803
0.25892408171385461
0.3109566244531799
0.52171011782371035
0.27046563493512149
0.40228318025564308
-0.046221662190245365
0.10882692621646088
0.46587908532062539
0.37599629758178776
0.26858391165156753
0.40656739388681279
0.6687759186260569
0.41490417485007219
0.69828182217728418
0.21878734492657259
0.30357623043199233
0.48546146082829494
0.7423618372898233
0.25186618096620167
0.41050717022518446
0.35304261905672119
0.34385511765663573
0.32145308311484261
0.58153616497044458
0.1415476612499379
0.59492016787158908
0.48836653119641771
0.41633061625403023
0.58096555054053289
0.25576431759398832
0.25734763885042122
0.44248792845992196
0.55259882012742201
0.2909681957327101
0.54262456973011619
0.32483365683740434
0.53792999731301738
0.45797117250992125
0.59203766283201487
0.3081153524372312
0.58785635133690484
0.26177824615833084
0.25873822991436413
0.40986460088421112
0.15712996497890772
0.75483025576515184
0.37262796143865445
0.13459311475263033
0.67970967121744508
0.43683491831496107
0.29321199755332478
0.3130846431330806
0.57360666204686483
0.51416080404055675
0.40722164857201715
0.64312728826234378
0.60746047873560627
0.57203217367552095
0.44306676416527269
0.081204784259257645
0.33020450832014592
0.69014082600330862
0.28176386328934672
0.28176724536442688
0.48612602669295718
0.28865372774692849
0.42159761391949119
0.61671092823818963
0.22935895725405472
0.54751656073232591
0.63188066594961845
0.57516718160937808
0.52686032749489853
0.50887284883970774
0.29204182745338575
0.5215031514717865
0.64685992111715263
0.30066755058763694
0.39658414519363011
0.73534549652988934
0.46459752291607403
0.62501582368092612
0.58169061013662227
0.80136120631612706
0.75686720644245509
0.57626563577140155
0.27060070867950387
0.70109881081668113
0.38292998054348942
0.36615390076910709
0.62438648043455636
0.24351521986385452
0.42504643679316945
0.24025288332399469
0.43171065966577243
0.46436884192691091
0.48793578337893495
0.40591452968044217
0.6992490487202413
0.43479095421729375
0.43258967252825148
0.38553443959820843
0.12879059672666171
0.43855807845896538
0.7882212543427588
0.74675012999344348
0.5392073169386199
0.51710195925150182
0.81681738728946984
0.84696914021517222
0.36895681884608217
0.47105438368060437
0.68352843576131994
0.30490413561410523
0.40902416839455186
1.0342120778070849
0.731664976619116
0.79601300378101769
0.63537987655767636
0.41763584937141601
0.56961038988266843
0.46577878236384923
0.75734967796686947
0.78736629547513504
0.34746089137660574
0.66647629280313281
0.32703373443727346
0.40110452532676699
0.52739718163066751
1.0481912494623065
0.79069766307732392
0.2646039354785279
0.90910232577252259
0.87081008775203983
0.70613015979165761
0.55597286471532514
0.46983279612622963
0.65882311954424644
0.68483781976435665
0.46105337514591627
0.27744023721374161
0.46464925517586059
0.88681840057945016
0.66737896183244516
0.79532234928600753
0.72804340228414099
0.63639478560018969
0.40863700222767563
0.91030536987522259
0.26243474680893736
0.58838415400643418
0.51150157970397148
0.61048556423323963
0.80509975391612842
0.62500710192963782
0.80693044230804789
0.81182586349039532
1.0624926675514814
0.77338540360816443
0.62817718044700555
0.26795824575282118
0.81892377328724109
0.75708094286796923
0.63827867267347083
0.63440640010228433
0.52614848642205092
0.78237514604935232
0.68301660670349706
0.85292792942279261
0.95796400538870607
0.58256481732198429
0.64951955626337088
0.69936162875061458
0.66563788787026568
0.77319183372735867
0.63489269990577402
0.64965379599301265
0.66126519956113616
0.66847061220044246
0.6570686388949093
0.52337256638568197
0.69035292195558273
0.78060137658033735
0.64203548907464092
0.53433637661117972
0.81240998950278975
0.82846829422990642
1.0172692056454806
0.6286789646070674
0.42230430335503766
0.49110633871671255
0.60096361678715715
0.60330614671781135
0.71747625007123084
0.17282444365828104
0.85499248970762776
0.57913609251185794
0.74162071257144424
0.57938260568956945
0.97801620380019449
0.80237502465395194
0.56682224575917728
0.4997531471853861
0.62426324836145064
0.65236987628564724
0.7381192260061249
0.58197437767768212
0.49517540490988343
0.88931445158657207
0.99247582298117043
0.82961726867899077
0.89733249610040677
0.53398952473761852
0.89872157604271341
0.76669901506202565
0.86547016627268325
0.72873345315822813
0.83298591781383058
0.84907214386339269
0.94257232211980857
0.66134128774713397
0.95598240981576454
0.72909621783305512
0.9881081814508994
0.4026051645028057
0.70337450268042634
0.46393070037012579
0.51203359704505391
0.81418632885556186
0.80686431926849056
0.98841679966621299
0.9079230702026615
1.0303706246344801
0.91714039418150717
0.6245941622415021
0.64243489482631855
0.65457353847486122
1.0955941591230145
0.95901216433328818
1.0544957344584087
0.44767957129746139
0.93380783945210222
0.94479294423006488
0.80538075498126815
1.0733834214399998
0.92063512660186853
0.70867756452567565
0.69936363227438247
0.88068648722501508
1.2271268223116019
0.69379691657258769
0.71564606199052949
0.75721921933811831
0.82180087985259276
0.66544232892624922
0.66250697328920627
0.88882606563469779
0.43672082339148593
0.71575938346367773
0.63250580075044383
0.97078992355070159
0.80563185828952333
0.82879598941878219
0.79483852829381962
0.48308466842190873
0.83232686944321344
0.98672457470703145
1.0001700716515749
1.147186109020627
0.81894569422520769
1.1297195717479092
0.93417400934464345
0.46194448042680553
0.98060169550380971
1.0225126046082904
1.0536809901855961
0.72816761287096654
0.88965767097675874
0.94150628404051728
0.77250756949754096
0.75988525598529666
0.66824987843038297
0.80770964606257578
1.2596578317479969
0.8188625197369962
0.7551652158171358
0.73575649905793539
0.95320414825274791
0.50140175070806436
0.98364668995915505
1.3917307699685899
0.97910983206873892
0.91808979507018995
1.1720551038875651
0.92916942545577186
0.68717487023485724
0.6336601740779515
0.96344436200506656
1.151400493365198
1.2970837272556173
0.80428944433077409
0.73096182367605611
0.70377047399240811
0.99512916462606238
0.69262032848922894
0.88459851081944563
0.76627837587478542
0.66945746983010246
0.85420376784283836
0.88627767044820793
0.93394129591415898
0.92782959109310004
1.0164188111730612
0.95442758973819086
0.80590422263963568
1.088897569774016
0.83476073298379161
1.2438979913642538
0.72813952854759501
1.0920212052459823
0.67830445350797786
0.98021708466785129
0.96228633030071631
0.68481318406309843
1.0692988699597421
0.82108811045911012
0.88323039023401106
1.0984453527355178
0.86146963483709871
1.2300359705234334
0.88553281615863721
0.63144636594475634
