-0.77442395215694593
-0.77798246182022945
-1.0944591947026063
-0.76520253375700698
-1.2055826427444749
-1.0561205191336518
-0.76095050049494795
-1.1360883221560445
-0.93275569518200074
-1.1328512034408424
-0.99030900387158072
-1.2329407256664902
-0.9879497708509476
-1.1623889447252771
-0.78668030049132975
-1.0314908818678201
-0.91575328000000811
-0.89558297747014659
-0.84909096334324519
-0.75364985312929755
-0.95378768764574284
-1.0986525528669115
-0.95007643127311758
-0.81418803356052227
-0.70235719264437202
-1.118387172043849
-0.6435988377080275
-1.0518435870334275
-1.0136186395391062
-0.87421143382432187
-1.2424813794580458
-0.56546273784632495
-0.93064523755256057
-0.93917602685975421
-0.99520369438174483
-0.93640611561037146
-1.1037314511511362
-0.86573974611874849
-1.2311727013302374
-1.2227330181853016
-1.0285621629397275
-0.89933530683921703
-0.81392724711402309
-0.87488369996497672
-1.0173571189397279
-1.0541026608733675
-1.0326742609937669
-0.59661848570218479
-0.85988431137680899
-1.2107954819595403
-1.1245074810235378
-0.60877538254480035
-0.71102671563130915
-0.91711964313942052
-0.67609012499566434
-0.7372051580913288
-1.2498266823807604
-0.70840094707521262
-0.87571144790364086
-1.0013594755050745
-0.9334818169251885
-0.95859874049284743
-0.84951602681407412
-0.74192860955784379
-0.82126290401398194
-1.0914047940701852
-0.83988855574831034
-0.98570334161413642
-0.63036768474311466
-0.67999890278933239
-0.78977848103919923
-0.64410346645635042
-0.55241861916135926
-0.86641010681634834
-0.99316597803885409
-0.83380250476608664
-0.52963515568129071
-0.79428348186242226
-1.1454219292825547
-0.67136952969802777
-0.81069127361788207
-0.82775554045817856
-1.0294261874760526
-0.81815609892478902
-0.41907413828322287
-1.0323620101355904
-1.0248379274041621
-1.0153083453005811
-0.75287677088079974
-0.71579986340666568
-0.75111498239295005
-0.6567336540742108
-1.0014006739277705
-0.55835295940984431
-0.37263134690767991
-0.85929792473737576
-0.94488161717876729
-0.67714415705733788
-0.7187977337217023
-1.0592993010584966
-0.73522017862220523
-0.75182592294823047
-0.93728058632381839
-0.80496360557864388
-1.0230181669543488
-0.76512727975264005
-0.7177498531203137
-0.89070762791862623
-0.78296587442118304
-0.70852878699611321
-0.68876850338737672
-0.74601924613565807
-0.65276088036103941
-0.66225176853870771
-0.82180202095074151
-0.82245743023985096
-1.1172161956439108
-0.48912243325126908
-0.50148776561910635
-0.85253020941654634
-0.83596203904338429
-0.87018397372076872
-1.0780257016353898
-0.61687277867094503
-1.091219905565977
-0.85340617741988822
-0.89372307837205467
-0.56762628300868145
-0.57620186996073119
-0.63274299374028209
-0.72070587715180767
-1.2062868409681726
-0.77846827389820006
-0.59785966388617484
-0.85770597805583715
-0.84939462655741016
-0.92550633421282702
-0.91006564511080468
-1.2230323705647901
-0.44556710815539402
-0.57384037044621328
-0.67983087044514934
-0.70283042663886985
-0.68381172650273536
-0.71984029137229866
-0.93243218553641283
-0.91725567319939871
-0.88643886225648605
-0.32065891821635589
-0.44663542939133627
-0.37083543496719956
-0.51046152817004475
-0.83933444309802618
-0.85693680073206191
-0.80505719947891752
-0.62403625298192889
-0.85408968338750257
-0.72944575772645504
-0.63471115047300475
-0.53982235686555613
-0.61816648558490517
-0.90682815420642804
-0.59770219743876341
-0.84497571705522745
-0.76049237725573049
-0.50293727961278589
-0.52941345258341876
-0.8915935968430444
-0.67135212291741697
-0.38992897103778135
-0.70941475813635912
-0.76751262144241916
-0.7362847764541669
-0.5994954474002302
-0.44473585246140146
-0.59855717238303108
-0.86951722691440769
-0.57226341663254732
-0.92251162302413703
-0.11162907906350691
-0.54584839915358607
-0.82594535641536593
-0.13881027855711062
-0.85579613172103208
-0.84505315613468879
-0.83461415785547743
-0.44054464200319771
-0.6181882566481931
-0.24160309502050531
-0.65303990596221351
-0.71247440559955133
-0.26704535683686403
-0.40237068642298934
-0.55778947755430497
-0.87313843547267345
-0.4078949091120635
-0.78856730478568582
-0.61085187893669013
-0.31161543169318451
-0.65224727367432256
-0.84080337109159997
-0.92795918497818497
-0.45938369670714368
-0.4299538356769273
-0.81431058178046301
-0.72805728307348994
-0.27449912650221314
-0.55891082987426655
-0.78467164438628534
-0.63330328614423281
-0.61572182206502724
-0.55562812653505023
-0.40370949610568124
0.0037130095072087587
-0.41355651894576034
-0.44162142761161538
-0.24617861838923288
-0.58132552519312419
-0.29205840433246155
-0.67124005628008965
-0.32231210962041956
-0.47702571516336129
-0.6482675311220053
-0.44395461453560753
-0.49040950565836078
-0.61231323040632379
-0.34590933080950953
-0.79557962330236642
-0.54122602776927997
-0.33047942203124953
-0.74990094892458037
-0.99729030868521373
-0.56361702783404444
-0.41700369401452303
-0.64651827740089596
-0.5500485773240833
-0.58235566753721679
-0.74704072241463115
-0.45995027854971476
-0.50456687984526694
-0.79335008048390232
-0.3300227039790215
-0.31993015926544904
-0.24819242957203599
-0.79161873851901154
-0.52710296763662867
-0.21650690688626778
-0.33912904613332123
-0.76873576859477322
-0.58807894829948382
-0.30171514358284229
-0.42234363724738311
0.037833220597861428
-0.2490060973657636
0.0027476204837232811
-0.49422493005161627
-0.7292988135985593
-0.198061947487531
-0.17116332441518392
-0.4699380877278454
-0.18470122092127286
-0.28738958476380333
-0.5843492891359171
-0.51670460524917095
-0.28906019219254714
-0.40138009190717716
-0.44283572646741493
-0.91398420266488634
-0.83201916673082554
-0.66438282409817639
-0.13125382545695183
-1.0475394912394491
-0.11874836184957122
-0.43192359769051764
-0.49452774765908997
-0.333423486209456
-0.53450279868088513
-0.43915257807003122
-0.21381221215964316
-0.43264395373134368
-0.60451118703843953
-0.29399322879053047
-0.33803817912750633
-0.36527706947949629
-0.44619259876467965
-0.4284611901618034
-0.63706086540316764
-0.34900072981895403
-0.32714628532688106
-0.004682559897252526
-0.48236710617386563
-0.6075379036588282
-0.63354908078635508
-0.1886892329600976
-0.075776086605554321
-0.53324716887395351
-0.29161556984971582
-0.38722305943824942
-0.55861295162467572
-0.52898474912067617
-0.3340510568442196
-0.55303033626798026
-0.36451934121760421
-0.51353130924569679
-0.12208270472760566
-0.26888069658196906
-0.73287450726087511
-0.54278548753695655
-0.37025059290348056
-0.34494419225078538
-0.764431275825321
-0.66014896790083222
-0.0080872459669940697
-0.3912667440862953
-0.094161539850074555
-0.37337979836108137
-0.19739652474874667
-0.47504670657166004
-0.39118095532262098
-0.31281923327552891
-0.081851649915125668
-0.15876189268876709
-0.048991435436839093
-0.026060097346819199
-0.3808164586248195
-0.34954516887911974
-0.31183240069795193
-0.23369825107668513
-0.58759550767802848
-0.78713035873057724
-0.39751988925962778
-0.25542125383625275
-0.43137339063425456
-0.31585854236767325
-0.43690109298488133
-0.18832172952222551
-0.29786988383072444
-0.2981723668087799
-0.51708855712408919
-0.54612034809559717
-0.44960399027059
-0.71597792020501527
-0.25549471032789139
-0.56312704043726836
-0.47112665163988432
-0.6011542579270599
-0.48910359522939839
-0.23863089882307542
-0.16743151529106784
-0.39113663565410811
-0.68419796766739804
-0.35367795101125404
-0.24383042185568399
-0.17511770992650577
-0.10627375443654698
-0.33566359884965036
-0.084510258632511936
-0.42800194419088655
-0.29358880624260908
-0.37951072456868534
-0.35510075246279055
-0.35636838293012929
0.043301536681190508
-0.24956143959697571
-0.50866393779934449
-0.25010270776173293
-0.31200575924511936
-0.43743680597598844
-0.17179182954149377
-0.49008122433731005
-0.42615092531586601
-0.23315228659262813
-0.17974143209261761
-0.11465617913139281
-0.23644114886402084
-0.22380572007405217
-0.20978101879039404
-0.158311674082804
-0.27159514521103334
-0.16093391939713786
-0.012776883261534734
-0.59172758166579043
-0.30271964353601089
-0.14265364846044562
-0.24564426244403223
-0.12328088052620294
-0.24114630927654021
0.026221335440001367
-0.19079135949514275
-0.40226786031983669
0.01468560054720967
-0.1471357850067104
-0.39384232117285722
-0.26069880851269922
-0.11945069544791968
-0.19546947051758679
-0.15221828161298662
-0.20254291172941399
-0.32085527582458434
0.03434541354186977
-0.24225020951116563
0.044764973363149684
-0.240285926574655
-0.16633635583533019
-0.16900217233865181
-0.42461064746170474
-0.14630535090433444
-0.032962691815226555
0.01281836744294996
-0.048432375129792073
0.040321152036705561
-0.25848198682856743
-0.03703644934907227
0.0029591009942737051
-0.50088385346978914
0.0036081282484001042
-0.33995102455264714
-0.28952487892000534
-0.014950055305482834
-0.20778526760903532
-0.27872922061480648
0.035840518328139351
-0.42307571555534773
0.30869880091117702
0.061068359806996729
-0.14173584936043726
0.024219921891558041
-0.18571108363393726
0.090740489090581133
-0.068049224431982802
-0.08647402701790971
-0.68743614051862889
0.026723216400360177
0.071344029941701942
-0.34373194892605746
-0.51574605332623724
-0.19855146097089202
-0.44178059036744755
-0.17823865524974644
-0.28434555532146444
-0.46440994941509028
0.13708467449031944
-0.011575966222707101
-0.18691964508696307
0.25922075867863525
-0.18052192287211866
0.074443703262638716
0.07950189662883754
0.034625088029601375
0.039162438637360998
0.17196749926469368
-0.084000205982786166
-0.17293009838756468
-0.080874896900992505
0.25661251277027458
-0.10044772594611708
0.11828923250435985
0.15464295978553902
-0.081748650614786936
-0.011615192945700752
0.10186310882179357
-0.26789227260750731
-0.16547632298884041
-0.12350719405485674
-0.23218576817243103
-0.3345871869903741
-0.35002470452054102
0.16909349377375732
-0.060431381169859688
0.096525407899125393
0.13734540075899201
-0.15283825604348747
0.28777784494107062
-0.14866696430688409
-0.24256756370789764
-0.04667057508842299
0.31252179709540778
0.068019687302959445
-0.31193176677284318
0.058525310893325036
-0.02515508249880689
0.14674030792861217
-0.22399739603304861
0.14638487825247157
-0.17879196217105933
-0.05767693434117515
-0.20087820002457976
-0.036847820870458931
-0.39396184025398706
-0.45068654151609122
0.30958827739710021
-0.09793431815873499
0.044919329565044283
0.2368435424217005
0.064255260740000195
0.033881592964515955
0.20138902600408326
-0.19999545488643264
-0.29650225933196417
-0.3752689430844714
-0.16007619120890323
0.091268000584094108
-0.3752216841236285
-0.42855469695764414
-0.076592462241036913
-0.05517630701502399
-0.071046078478166186
0.23634130014049914
-0.22408357072709953
-0.17827469359647399
-0.21994609842231871
0.074953397113794853
0.13813090327704375
-0.10651464036106899
0.0417261502417191
0.066430396649781939
0.0434969118864642
0.073650523230904083
0.13926389587896437
-0.49128557404167983
0.065473975538081805
-0.13978010232687901
0.19671032448462147
0.098464328014421704
0.09620500343055946
0.21727348759235224
-0.27063216016317126
-0.023865026589100131
0.35634771187621578
0.034948174949130537
0.036012072038140594
0.22379587670659565
-0.22040838452279596
-0.051229917752330434
0.029116226793756701
0.15256609028755155
-0.10227872289860744
-0.11105863414847635
-0.067019959556993913
0.065416883115930496
0.28135773840731454
0.36368225646012342
0.30828228694319582
-0.11449723650484148
-0.063518839760422247
-0.26434128174939164
-0.14760560523525712
0.30049793449489748
0.1225651581431372
0.36374420021919135
-0.18859518498093611
-0.3253083446602914
0.15873689483358822
-0.0079619581100297248
0.11710446963106041
0.054862203133740677
0.0088705296862447106
0.18331843452445309
-0.056518578497459629
0.41288707102928252
0.26996453608255683
0.056859167961343292
0.038443355091084222
0.33838209702149502
-0.068932485925057227
-0.046663533145270601
0.12388874038122864
0.11812794947890774
0.30423155332032409
0.20161021105434251
-0.0067096757229273066
0.16901491738569341
0.29931148296638177
0.22549028536674007
-0.0016220189848903817
0.45773368817655768
0.069986220015050962
0.14984632745480855
0.3366739224548374
0.33808038323031148
0.35836559501935522
0.27690387516375103
0.17138962005356478
0.23853940982807323
0.31844024996523329
0.18880605436302841
0.11567127298721415
0.31472332247312934
-0.046148220919958155
0.086847309524221969
0.059434817300662988
0.56647191853940837
-0.15120194418167923
0.44360127233845253
0.26450317803965501
0.34193717681653824
0.17288566710890552
0.25104552312449252
0.24823623239662271
0.1576950895597006
0.012189297789958557
0.2398811114800071
0.057702935358887146
-0.11574398944309526
-0.095804730547086769
0.18346537119933257
0.37159238659881688
-0.089108665264823778
0.33520085916140663
0.13594527663303951
0.30986737558410976
0.078632527613519937
0.10190289184723929
0.3290413019377898
0.042633743309279638
0.15803540817662587
0.52130129561799998
0.46609647834804219
0.31720956019366675
0.093026365128608471
-0.11913920243254511
0.12415213606186977
0.34873389005851302
0.12381862451473098
0.36250266291695021
-0.050779274073494453
0.2467910118431387
0.43428217044137996
0.4944760549556344
0.23107898698639223
0.23653746145921009
0.38849881231554639
0.41199041044399931
0.39889186185618208
0.076696218814279002
0.47890107003896415
0.16684412750176766
0.29449229260793769
0.070782574978219007
0.12390772810866783
0.24502996651568412
0.2395349104990363
0.59786401582097548
0.31419106997380625
0.35584510193150937
0.50370000173720508
0.22497604038133623
0.11539937725453051
0.020586797155694465
0.19759772125293429
0.43916041870815248
0.18606323455903981
0.38141879048378929
0.35724944839090061
0.49162965416818633
0.1604989015473616
0.15064983578737431
0.14908943613255174
0.0093836425560849136
0.35430294933492579
0.18896518694386968
0.37087230179430558
-0.18981032076713675
0.67483781487014727
0.69972383011049211
0.2247529870997601
0.4444733978175921
0.36378141705094813
0.27681860074997572
0.29533780203415283
0.53004106734284329
0.27102029104767594
0.42691324647693574
-0.067517642957470342
0.079934261396870515
0.45220945998220086
0.34261233446379241
0.26265381818040473
0.39307764292100927
0.65221134970755823
0.41423828589577566
0.72124878299130013
0.21183626120270679
0.32459236761923738
0.50433397221177978
0.75392885940408594
0.27779109119824652
0.39670079451143431
0.36362434532834609
0.33367374840981451
0.30956752585842107
0.5676628671252657
0.14719295001094895
0.60956429335289408
0.46706698087877202
0.39005979426360965
0.57290596105440772
0.2574425038756869
0.25982797808069247
0.44341408219682599
0.56855285106330411
0.32826052279650381
0.53798951509758419
0.32983973441698178
0.53732974501449404
0.4577242701345014
0.58889147801991515
0.30561350695268907
0.58145752712328913
0.28605154744132461
0.25247219866365833
0.39834863568130235
0.1401440704921269
0.74242530093823311
0.35427256136497814
0.13538237877680698
0.66837021819695652
0.45160445392328963
0.29755264593847641
0.32110295611640005
0.55372904842436765
0.52301242165198913
0.43165004352109504
0.63142948195490212
0.60491788064976382
0.56743052359901391
0.44479760966014881
0.098446292613766695
0.33253246485971294
0.68553247194423761
0.27422921400029482
0.29484966980458638
0.48167221283447403
0.29832591727162627
0.40526493405749081
0.62036402622880882
0.19950235191342375
0.55171345947323291
0.60305923317758447
0.58349732060837123
0.5496371564963406
0.52288261152055293
0.2851538562618347
0.53066037434730817
0.62513564919286702
0.33282304941872431
0.38004256156519878
0.71769391626718759
0.47561975272371115
0.62685371907131671
0.59178860998038985
0.78714278175322605
0.75266906649183329
0.56674572836625936
0.28888957850608116
0.71384855527974378
0.38484699099928316
0.3803143321299981
0.61862519382830228
0.23572358824482523
0.39805903221024774
0.23926578674607002
0.4362667272647478
0.44939077768392355
0.49420844958490817
0.39321382739147137
0.70313636281369607
0.44272994819756117
0.41805316519952368
0.39176479110063883
0.15867293509275379
0.42205295615686811
0.76920164644906486
0.74945819233069033
0.52205893650458091
0.5037373476820588
0.84063076732579656
0.8623563067875728
0.34667796487321911
0.47135015527866464
0.67590727924510374
0.30914156685613375
0.42658111328742204
1.0481414213084255
0.74799705362984081
0.79209055793549799
0.63276737723045573
0.4160063025513186
0.57496838485551849
0.47294104601099524
0.72559634322301458
0.76082557771644921
0.35789038169584175
0.66922790364651463
0.33300486057032275
0.39494342753947698
0.49698667180801531
1.0534711559243877
0.78294041356189759
0.27862286152305904
0.90376082910876498
0.83921315238622896
0.71857608893729352
0.54380840332899205
0.46324471301278025
0.65547414775684176
0.67705942196400126
0.46947948060581718
0.28990780088166951
0.45892402147701539
0.87377172276329396
0.67207459659624225
0.81580862419845335
0.76916871719946223
0.63016633754061213
0.37765097506882001
0.91383535448942299
0.28379295855767994
0.58616333527231135
0.49702190364098781
0.60893920984793815
0.79473674711414499
0.62824680948374689
0.80991228706944862
0.82209687367200379
1.0452756692942127
0.78409517069462764
0.64110704680934771
0.26256797940151949
0.82187801559355711
0.76490659663917371
0.63665011801421056
0.62753581898748156
0.53251179118513947
0.78482147039650718
0.65097476491877015
0.8600199111418213
0.96467618265498145
0.57024036766126485
0.63584039383060764
0.70006657825024199
0.65720861988146684
0.73288067098082865
0.64207958943849519
0.65934758786303782
0.61703537879258918
0.66562519919442997
0.66173195184627231
0.54557842633370413
0.67162362257649755
0.8098164552888244
0.64136373722700946
0.53893542996946397
0.82934984738920869
0.83778702726919052
1.0183425944917834
0.6190939866394739
0.39786913091933657
0.47858616431142409
0.58020685552995221
0.58977538933713125
0.71113852361808327
0.18791551987404961
0.84392235210510802
0.60012969680979655
0.7288080833980648
0.5827012202244769
0.97237202284168767
0.79911611034295194
0.56277347160286995
0.49703560953661841
0.64256388379206808
0.65967560573149342
0.72980602351932689
0.57644986863726755
0.50079335685593729
0.87958464840250961
0.97940157986936505
0.84218726046837944
0.9144071894969068
0.54724287933784621
0.93345041115070315
0.80535342669476451
0.86301701800682484
0.74392416623193003
0.84008201857265263
0.8534805835799828
0.96037398803381857
0.675051039327907
0.93873243856778421
0.71736433113299281
0.99766687152271039
0.3954448086503054
0.71001413884466236
0.47355744268859296
0.52206548622537752
0.81809024701716027
0.80474920599522548
1.0001462881337724
0.91291503797540907
1.0624760806262799
0.91585375778093736
0.62143019109919528
0.63626022673064564
0.65565558648670685
1.0805052046074
0.95597001479081223
1.0468411999743295
0.41900047221214687
0.95259636894273036
0.94314982814503789
0.81822578546008329
1.0497689435085844
0.92915558575474688
0.70119680097873038
0.69610598872308471
0.88508989864338805
1.2310891577812944
0.69020799919305753
0.70769265193203645
0.75902612566005601
0.81976584825437337
0.6764370467594939
0.67001712334897612
0.88574401794212543
0.45028595094943608
0.70382436731964904
0.63424325727597031
0.96963752357499022
0.79707058037955547
0.81554959263780402
0.79145261191440386
0.46998388446386274
0.8403861157956497
0.98830407524027875
1.0245113056933639
1.1355159220881368
0.82558368879980371
1.137152602583537
0.9271894856836419
0.48780368050449163
0.98130144175938605
1.0275636030619264
1.0447558577274598
0.7514438490110098
0.89496356799015853
0.94449542080920734
0.76176332873558095
0.76248882148253794
0.65249538239420435
0.81044493860573608
1.2559849641749876
0.81341237789940857
0.75770152792285206
0.7213778587441535
0.95003970652123826
0.50813324401582405
0.9620221074795603
1.4112397631110438
0.99483444147838529
0.94952946582763653
1.1855545824750555
0.956951076188855
0.702220271088009
0.6343987151422954
0.96417846255297024
1.1495079331630793
1.3053321146713579
0.78569226738440934
0.70865282111487249
0.71531336724263372
0.99218474265600476
0.68831917182353686
0.86612821532976092
0.74852564039069913
0.65700198579228397
0.85167614125491253
0.89236049686825636
0.93092803137930313
0.92177183522269635
1.0203721486416513
0.98016084705531403
0.7941515484497329
1.0857764360118998
0.82329121834809083
1.2364100169991448
0.75187022777243095
1.1136622628150925
0.67493380477217457
0.9821145023994351
0.97177096645856853
0.69857238626509399
1.0568874135368154
0.82466876229257391
0.85432369086324922
1.0978116934652207
0.84943128030836546
1.23495802657888
0.9038886222227237
0.61997435994791272
