-1.2089402217094454
-1.1546841671243468
-1.2828098361036793
-1.1263771619189462
-0.82912615137076606
-1.0603903503449046
-0.84273003194748519
-1.1335538077128822
-1.2282619598828155
-1.3527052523703462
-1.2012720548908087
-1.0562121966814328
-0.87941988095235979
-1.2611362489015321
-0.95794460342531584
-0.93279316988247374
-1.2031057284634965
-0.94955229834314703
-0.84101210360274081
-1.0327366883988105
-0.93022509524234565
-1.389315690181488
-1.0411253831997782
-0.7877072345333398
-1.0926093696852028
-0.90411967528385773
-1.0567696753004643
-0.83503302740244967
-0.71588632879640035
-0.94485315348839993
-0.91705552491544562
-1.0146234085365371
-0.90107754472693202
-1.0258128757183729
-1.039864918855943
-1.1175260300481522
-1.1226500133168431
-0.95142135199131861
-0.97057445879560256
-0.75272849169641287
-0.96002565891831171
-1.0254867573631465
-1.1438305504570245
-0.96984422508685975
-0.77178292991302078
-1.0059653831617861
-0.83183059553204586
-0.70265820924691513
-1.1921602762574228
-0.90383019735849168
-1.0330051441250729
-1.1158423262572292
-0.73734755162724852
-0.95807605415359565
-0.67000506027452811
-0.51656009793390456
-0.9396521673612237
-0.95485407600402028
-0.71132575258963837
-0.7612850306130845
-0.94056712351648264
-0.93750439950902076
-0.82085807935566535
-1.2010252655604492
-0.87161921592251568
-0.79238741025054149
-0.87483180666854854
-0.87554201755904437
-1.0760890335715614
-0.90116937737701175
-0.85213670966564592
-0.64355128471755441
-0.92710476544564335
-1.0648128586021701
-1.1804540433005495
-0.9360704600986266
-0.94225518717757084
-0.9385076544086236
-0.76695712736660637
-0.85807416008575998
-0.82515552165052253
-0.43694708967767454
-0.69262759634749749
-0.5552158243836558
-0.91448866325420797
-0.80100125133357625
-0.80586081303759449
-0.88542630400316524
-1.0669568405780145
-1.1387082195780562
-0.77229288434220322
-1.0192891008542222
-0.70858957150084534
-0.71770851731126184
-0.83206873834709749
-0.67528778276728074
-0.96968271178173537
-0.80192199639553541
-0.86632259355211327
-0.55560460800477984
-0.66741354750727611
-0.7568667501404408
-0.96132468059018517
-0.78029770843291868
-0.54053423075553508
-0.84236088366196438
-1.1192613477498805
-0.76265045361510309
-1.0370292878308447
-0.77886218280150976
-0.92434414603313109
-0.87819697559699572
-1.2077631037688972
-0.52043615635008278
-0.5173251453985046
-1.0529702427217751
-0.83871917565930232
-0.70670086383055841
-1.1508141354593737
-0.4213044689630952
-0.90391343186672246
-0.86086606388378561
-0.90513492248533511
-0.80314878985943838
-0.60704186740131783
-0.84749193678801871
-0.86420610410403986
-1.0775492321509221
-0.83283028908474821
-0.52844971429831522
-0.57683201150679797
-0.7856919643673681
-0.85243428104500774
-0.73852698113363624
-0.59296453931738269
-0.73073521338915426
-0.49269183227503055
-0.74885228819176575
-0.89252721084561804
-0.76825605714751966
-0.78686815697141654
-0.52145734499020679
-0.82251695088732413
-0.78152417376134831
-0.76689839326197606
-0.99056136000762185
-0.92662773967509016
-0.73733629900425623
-0.58183101082245192
-0.53215591661368344
-0.87741289541067014
-0.66270315071617647
-0.77137984736680354
-0.67509548776383066
-0.41718055560910061
-0.61762698333528954
-0.42872416544713221
-0.27071815689105427
-0.66389803007504566
-0.44289561535666205
-0.53345354606960271
-0.82258950085603721
-0.64350211895085319
-0.82565610320985772
-0.62381615786866951
-0.67117433351572298
-0.52029977747357115
-0.74341299310642694
-0.61649912848263666
-0.66804829209347971
-0.73509543035383884
-0.70604940829727092
-0.42869236540351363
-0.74665523062624484
-0.87890671593034453
-0.6873932588016709
-0.68137975435565457
-0.61338116716926783
-0.49836334953083034
-0.77004228843182754
-0.44480354876774825
-0.41210696612131392
-0.48223844765444401
-0.72963030474279489
-0.6289110167095463
-0.61893528133314835
-0.65866201079792708
-0.72757381896555429
-1.0645022579482994
-0.58034253447862327
-0.52773296209080311
-0.39791360683945737
-0.86555334063808276
-0.78959970716879035
-0.48217083470805133
-0.64967806514682624
-0.56035159567273563
-0.87942797934462946
-0.48619975704746909
-0.97805561880096181
-0.64179298523748241
-0.44975257478324498
-0.77146293269158495
-0.55728928092316121
-0.88938169404478618
-0.48751408740697072
-0.68597977326347193
-0.55514476019392889
-0.70562396888063494
-0.73885553223597145
-0.37548647341135627
-0.603956540862289
-0.66899092748452094
-0.82140999193644637
-0.61123749330196819
-0.39810134601558134
-0.59099097202137285
-0.65586818988057694
-0.78202017868551454
-0.88518368382033064
-0.55561058473291458
-0.57692186684598479
-0.92839354866486268
-0.58053696988876158
-0.4709144365460487
-0.3774461221280962
-0.59392119326745729
-0.46712424776275258
-0.76626349938680205
-0.5214064783405955
-0.80806091517523038
-0.67764372056307132
-0.44508461750995609
-0.54703391778465482
-0.49119001190156364
-0.72559824398528283
-0.692983452431436
-0.66450104365258178
-0.69923092212271643
-0.65273471483365475
-0.5647743422885233
-0.19649557224389372
-0.55549619604758849
-0.55887916750323119
-0.4973582274936007
-0.59380969725515453
-0.37744635104148322
-0.52623996968042086
-0.66839953029173815
-0.43682326268450367
-0.65960047370342789
-0.37894041066709999
-0.6092855680415058
-0.62759970726609038
-0.68189103829215414
-0.51973368336191972
-0.59634098703365834
-0.55138551582656381
-0.48069410613949842
-0.64546997480415946
-0.29771556062017895
-0.49406989008065666
-0.73291995914641683
-0.42610684498860552
-0.78869943146207744
-0.51720040430314385
-0.47547714054233492
-0.28891503561704784
-0.48151866797113679
-0.40710455565975223
-0.57977927783025673
-0.64407479127781053
-0.27718029032426095
-0.38820163960567122
-0.55512079079132526
-0.56737186999947253
-0.72402988576420169
-0.58510778176350087
-0.48372399636661695
-0.60993151758741571
-0.66813738591060845
-0.37279624840557191
-0.1181343945438902
-0.43935910899295855
-0.41442580000114532
-0.35900296736935128
-0.47915705217077598
-0.56029445432171765
0.034417847750186463
-0.4599984914986347
-0.32620896001156691
-0.52286516586473564
-0.62877360281154193
-0.3427847661352989
-0.32592083510251457
-0.20661303910997439
-0.48632884334614812
-0.38155019863014217
-0.79135338716976189
-0.24233080451384711
-0.24166024498058769
-0.6013071889881465
-0.58072080078411126
-0.63154273488812396
0.038067484846743264
-0.38387274157623419
-0.23495654413656517
-0.13751298494375597
-0.23288865924845373
-0.38766966580902712
-0.51221453485534563
-0.63737399760005808
-0.49914380962498761
-0.45859086491865303
-0.16931130078921464
-0.60013621906960735
-0.45771027364126937
-0.25406706824605751
-0.46417422663618901
-0.47899852549981342
-0.38122504899911019
-0.16681633419996039
-0.73318490506366629
-0.46819903396195045
-0.53162012898797073
-0.083417503293761838
-0.61142149444536176
-0.48474677150399809
-0.35803054515745764
-0.25185305025632299
-0.22127852878392312
-0.18282787928574498
-0.31122179594816685
-0.33738413304408427
-0.375587493013123
-0.48174191287560231
-0.35656130702761635
-0.55471734380972382
-0.50244279311814077
-0.57946430795039439
-0.42532575252032784
-0.51968578225409567
-0.58281205217222609
-0.40138171324682348
-0.10650989278935179
-0.25942585464627904
-0.38816540600902616
-0.36980285789318051
-0.21513541134752812
-0.32255986639434492
-0.41551653052587051
-0.14060653446073448
-0.24312850436867744
-0.13995933012576114
-0.15729529513123275
-0.30391277179173737
-0.35170179365495297
-0.27857433601030324
-0.24441220512754899
-0.033912770578163658
-0.56826895430453883
-0.19670414715399748
-0.17448168277861001
-0.42678726627551933
-0.38435263080673243
-0.31953026736464929
-0.33114224214903981
-0.36478879274920539
-0.38857267996322875
0.0088263316586466752
-0.3573883404514876
-0.32323824414735208
-0.3481410039400023
-0.36555732449146272
-0.31091331270952755
-0.34391410652164961
-0.29522981426610012
-0.3106268140463449
-0.18895131135991142
-0.014416570446778309
-0.25512663469005492
-0.43510513165035519
-0.41671376525310033
0.16432015247035561
-0.45922517865382095
-0.031960351410439319
-0.25902181310179434
-0.15743167085358112
-0.45138784714648728
-0.26942635498425199
-0.25732591871118876
-0.33148870631262534
-0.36487609782345415
0.12643229984550383
0.19664226536818083
-0.13393558693809116
-0.312984889766875
0.0019151213218140633
-0.28516343102474467
-0.48738716962324247
0.020072930602654478
-0.08942658910297073
-0.02272077964365465
-0.26357361265751217
-0.37582481229794651
-0.19653973492867938
-0.23836075587154965
-0.074710983532603484
-0.18131305173168755
-0.10153580791273577
-0.43723647523628356
-0.082985232744910528
-0.02243946093136728
-0.090971511682531314
0.019609982001824025
-0.46311040112906099
0.046862239620239624
-0.059313899606182947
-0.47559326837447802
0.084365726500118643
0.097712017164109294
0.071008578246664567
-0.15532457505497252
-0.087372220219850125
-0.5220214421142243
-0.59081067965792977
-0.11599611067625611
-0.079540304198991899
-0.19350226056537803
0.0050679976064087551
-0.21085252913237201
-0.067909081429471746
-0.35912057513800461
-0.39480932568906729
-0.16086112048804807
0.034296230507759061
-0.10666894810144088
0.01442267302065639
-0.13949937960808936
0.1072253083456087
0.099580301057787979
-0.23319591529424885
-0.039479809664398666
-0.079182917042370002
-0.21772963755958069
-0.32624231288953132
-0.063407305179681128
-0.14484982056147866
-0.10655814377421982
0.094700923587782995
-0.14898389080506519
-0.011153339803883293
0.19124966212431405
-0.13534104350194803
-0.19835108896393699
-0.23842555603626769
-0.0130458527574666
-0.18124664312814356
-0.039467778001727731
0.076034214424015312
-0.092525240676802914
0.21768970437600818
0.26004994010258581
-0.42123313407595148
-0.0070505962660159203
0.069181379623417583
-0.27906199109710544
-0.26384460254700109
-0.24145447181123614
-0.069957340778109556
0.068623035186190062
-0.31760967416131614
-0.28970261646402418
-0.063755737804472135
-0.3768872264972517
0.017873466253602682
0.15989178032004331
0.038229694174242511
-0.030630763950900353
0.26569854628479606
-0.23968765633852662
0.0025647071374672956
-0.077088908046177823
0.10226156474706233
-0.15440605794479714
-0.16104081491211938
0.012268855219812833
0.040465689086915529
-0.18654283616210118
-0.11554664146872279
-0.091369849013246046
0.1232090352889023
-0.010738434586058889
0.071636481802690055
0.11485775459254825
-0.25264425155348003
-0.20205637919392599
-0.31749525794872163
-0.011549071813294851
-0.18565567145563289
0.11429650981028382
0.13411759095855919
-0.10314570870628441
-0.046603263928920578
-0.12907035722772678
0.10532779755126231
-0.08571354138083806
-0.073903364167483637
-0.17696855821081778
0.25740101324635939
-0.092557848625336503
0.16256357177512026
-0.15664384676644594
0.074846705422130982
0.22569075295315519
-0.10521622253737324
0.17687130386963731
0.20976247298494913
0.13197324642857808
-0.018453791500424758
0.025302525326580821
-0.013295064675648094
0.22891811054390912
-0.08085911323090364
0.20509640401402063
0.17925610434931658
0.13284975659058745
0.19208736491190417
0.29669082028053712
-0.051203868957225923
0.043510773312144028
-0.15320116701823017
-0.081732927706903241
0.32004646851674851
0.26393672321467587
-0.35266643475259479
0.27517528876261399
-0.25215426076299702
0.16072693142379885
0.014941788255310286
0.0069234154384062675
0.20127515528871812
-0.0057392980872348004
-0.099364387045619562
-0.097421837548972837
-0.046438328423866082
0.1258460886231105
0.25538134624791786
0.20021632510903398
0.058075243950296125
0.18515899005370062
0.33065684286057012
-0.26108533558981745
0.24530823481113845
0.46379641775376845
0.11441655067696135
0.18253702706627542
0.51933295032389992
0.061463890616119357
0.17944835984762886
0.24411924356901754
-0.11416183763345812
0.09924547534776379
0.11756769415088238
0.29425596936358411
-0.14677505491139875
0.048055799069645244
0.19862321880725375
0.33081408289419223
0.44562557152574811
-0.16203809916616371
-0.031777819570451893
0.022605680841990619
-0.11215796569312655
0.13222227378217472
0.20586064633159468
0.59045403311862288
0.28099083877261161
0.11329608953552732
0.2440809719539403
0.39311871862689135
0.24954659077913369
-0.10592455079768597
0.38608104424751954
0.23837143808537645
0.156063160407032
-0.17157378721173913
0.41513005355456484
0.09984470221358932
0.3686908000300797
0.51395509979919363
0.18810115734059515
0.20274820401837548
0.24912399762552673
0.44463345734290516
0.13161410448654154
0.31212093580804057
0.15927634096258231
0.2669555399295872
0.34098595365773227
0.2662525117596467
0.21724181323211184
0.49275193574570919
0.25422399149901381
-0.031736883376722147
0.10590544025735109
0.15125341649424984
0.31688924904273158
0.41909964542032874
0.34831412573310583
0.19010448419562298
0.12209050311836592
0.31954405884940396
0.49310178396977983
-0.076985499036105715
0.56653165261557958
-7.8588611039898191e-05
0.3430862801351095
0.40301071472728833
0.33433779745147707
0.47523517351688521
0.33650990549791088
0.035719158921210595
0.33909939219025859
0.29582050280707417
0.48147138458564903
0.34559159981873666
0.17659186110517669
0.2645337852550349
0.19541817518422291
0.26708996566072618
0.39971119825791068
0.33974758396187099
0.5405592977545487
0.38398164193084106
0.22195271418066995
0.42551846585179198
0.4450026341434612
0.087092590219516805
0.41803309656313031
-0.040036285895918219
0.22112245975184247
0.28462520532254415
0.073572948105462402
0.47033620959587985
0.22058142914213727
0.16510477637405213
0.40867959105539425
0.30805680805585217
0.25808393093018711
0.12284668167224295
0.38042563364912713
0.68094124490382979
0.25289528242266995
0.09079449494207982
0.23933965528087831
0.27805570697963694
0.32010489048043012
0.52761858972889097
0.19173328126690733
0.54128371092457872
0.17399975223421454
0.51123906469580582
0.56990950761550785
0.43643317968210665
0.38086607799178707
0.32783082640623473
0.33224632190451836
0.38828448967888712
0.33548454131082789
0.23083709612318007
0.3692237443931114
0.28396056749718029
0.376242830096644
0.34433991264501834
0.17602630230283642
0.32469425036305388
0.4346661269385822
0.025421616876114349
0.45429765708236663
-0.04581761652885194
0.023407476794418458
0.4812892826244235
-0.035550497889275133
0.30371696675957616
0.50674487079385278
0.42929991318502814
0.67941256487731883
0.68733534335656554
0.47789902447906729
0.33540430071768529
0.62438669115303891
0.55276347629910938
0.52553131786244289
0.20273159210162031
0.16588636636919948
0.27302941073030185
0.26801257802271622
0.382632716144503
0.25493473704263808
0.22428684488524053
0.50300377247165506
0.19629242145174361
0.41048438640502594
0.29045954380941996
0.60429745070599372
0.19263026742324937
0.31805173590772656
0.36160624890358617
0.32077039305748872
0.25888146054144728
-0.051478436178997548
0.41826028274941579
0.44729970862923712
0.18889742698330148
0.0945737088521338
0.31475026001880363
0.42458606781081515
0.49295923880439801
0.40389127350541343
0.53021099826005702
0.55559248289221375
0.15920340063080651
0.2824816201547411
0.10298322290449802
0.40886501807842107
0.3187070282274464
0.67378094456856441
0.43543107459010189
0.67085957643420313
0.43070351217610164
0.54995818014158515
0.28626176704866518
0.12068903449502842
0.70539407557005696
0.72021062989106766
0.3618241958721628
0.58651434015360826
0.3652622419520562
0.55692590972508504
0.19693664954574105
0.66705998802012312
0.90801057795832929
0.64937840174005201
0.64348642988483218
0.33851804589934836
0.49595941919204611
0.55760130327304602
0.40672923414614703
0.52174940075230025
0.61914491942634176
0.64188564521143776
0.5567747229538661
0.56706685126773826
0.62080284491956916
0.33080247096783011
0.54865580675893233
0.64721107505131725
0.20541883021393409
0.51360020468210288
0.9156322776145257
0.64052344508549675
0.55261193827962407
0.7377119828303117
0.58692662749447211
0.72675759541223905
0.50450686244751053
0.40137047261503611
0.67045174394652696
0.84514551658073755
0.47140867281713267
0.82900985528698556
0.59996694968680808
0.63692747353757073
0.55953839894015778
0.68536219655371733
0.74235925217525556
0.56318413717869775
0.70052875417610505
0.49643769380292996
0.46290530970110239
0.53360109704575387
0.5133323157683104
0.59393542117500753
0.57173110909287217
0.52415418121277257
0.62410972154218192
0.82144924534107622
0.53702592270578453
0.7151030724974734
0.51692330095192462
0.52476116184867816
0.54810374841571452
0.80176996001873968
0.63525819060141209
0.60865195830579444
0.70981684521570942
0.62458776672274963
0.21299099334532337
0.79939555911175586
0.81960986675076442
0.61668958636646842
0.97999394431829623
0.44715689878580467
0.65298534856196289
0.59203225513815416
0.6920778609549858
0.58034615866283912
0.5474422397976223
0.46257496671873988
0.77285926325842147
0.80568643643381299
0.52320696194476668
0.88170699441006939
0.59522665935110131
0.79845070363025972
0.63790631255846297
0.65494933989278836
0.61909827107936088
0.57857247648246557
0.79370807678726796
0.94912011873975177
0.60964802437914944
0.63749282774071159
0.55471576455105942
0.72381677464345606
0.82211732524541437
0.81160574271835428
0.59297811632879172
0.55623289414070998
0.33864143429226212
0.88441958075391491
0.4187092685845234
0.63456516629677251
0.75783106034098713
1.1524738061441244
0.68718985083994244
0.73936851320589148
0.92144211812574128
0.65324922458615353
0.79400844708544538
0.71166943407471861
0.85536918543064744
0.82662177773804257
0.2623247260712202
0.39683873691041516
0.73090246995736696
0.92885992908390436
0.82070741241472533
0.69999761058613219
0.56045767043755446
0.8798557722413628
0.5407648174651648
1.0377043575538878
0.3695810225012337
0.88859553825788418
0.83302982729613895
0.72546005578552242
0.58706592790226841
0.6530810355831238
0.40305099956985752
0.6592296655961094
0.93698032239549367
0.6639704073709265
0.50815665806472976
0.79284232627420603
1.0761023903062787
0.77966399937499486
0.56193041520435705
0.67225828315009317
0.54447370335533385
0.8166879626631266
0.78537858826537787
0.83784107782904405
0.83413762785398304
0.7678999845288037
0.32738190930770089
0.7944477208349755
1.0558162293399254
0.56322168879168988
0.68674343670883398
0.91780979998713574
0.4244854140385706
0.95583723151146971
0.586369299769543
0.69448271373205805
0.83321687940259681
1.0551668701832104
1.1167957905595034
0.80305574846626981
0.78987874564661309
0.92789983795162834
0.76820124292926817
1.1451744428738169
0.75697726313273495
0.75815284972775165
0.90886418887590525
0.84329474366134882
0.29074811785888421
0.71571633392824185
0.85696742714997332
0.5996165826275387
0.86712660265980079
0.61758326864268553
1.0270068142791882
0.97951165516226379
0.78827895967921113
0.65461738997302232
0.61318224338613481
1.0759994657560958
1.0346443669629302
0.90603352204641352
0.72657443773226904
0.54657928343303297
1.0758668204186901
0.71756914899289603
0.94045159092753938
0.95879381961293764
0.58501847033406029
1.0413727996712034
0.98900573345058407
0.81224055872768719
0.83651951463733187
0.66872673807918082
0.82710189735541262
0.92727054039983803
0.87564172753955072
0.98027252715482438
0.92014878194788041
0.63901590681600906
0.63397730812458164
0.55969884926424174
0.87460121906312327
0.87704204886189097
1.0362029138326514
0.72743445969864473
0.96507020480976513
1.0721901578078294
0.89863641073604694
1.0284271097915332
1.1783825986719465
0.82569007601147903
0.96239140001310675
1.2303164787370782
0.98260272147036742
0.80193668938707419
0.88037667087417693
0.7296280298855955
0.99393644418008542
0.75467229240120715
0.92782026384134664
1.0124150694135159
1.0048543067162106
0.92183461297070279
0.91574062377167942
0.93070199143433585
1.0540920301126158
1.1098481630360135
0.79885519648718428
0.83371869247506625
0.44755024978766644
0.66388186411691841
0.94549990202556466
1.0590111264183482
0.69495683808606357
1.0583616610614166
0.90903033458541682
1.0270876869325625
0.85878837698011623
0.80875394693140623
1.0062110264942254
1.0246686079844842
0.90410541474380335
0.78564031088155439
0.75257676523440553
1.0195846028001692
0.92928062625919461
1.1887979074225288
1.2493411171594444
0.86671923425799147
0.90980060080538394
0.73010856156366366
0.8978604344037534
0.66850309715030565
1.0639571467820119
1.1155131238014051
1.0042336545500639
1.0004521217865148
0.92303791208772157
1.2390317440264562
0.88851156929522912
0.76336982184080127
1.1271514444598441
0.88599817137918002
1.0188829233850984
0.92469159908696197
0.86952104431287736
1.0576752380349002
1.0740188164011124
0.72453931203799016
