-0.89377407714832968
-0.98736368412995124
-0.85353183125895604
-1.2522127283365987
-1.172870396781273
-1.2307651270403939
-0.92964910760135966
-0.76936214381624513
-1.1999635278405569
-1.1579691988078487
-0.99852581755377035
-0.83035928659518077
-0.95337539221101431
-0.98182416641666448
-1.157133497522624
-1.1591531220892966
-1.1294683673925543
-1.0607071346229771
-1.0178132956306973
-0.98165773688458169
-0.79285369193802169
-0.79985888435252162
-0.71268822220272288
-0.86581152449548127
-1.1405342080731271
-1.0354849951529714
-0.82960235705574514
-0.93693422762792022
-0.88198346258950511
-0.60854286248943901
-0.89058694262081561
-0.94914023396422675
-0.81356867444613989
-0.99918680103304758
-0.70638071658454493
-0.85028855613198939
-0.65918151162577521
-0.92497909536042411
-0.84428935332860422
-0.91091431447804472
-0.83173294883085358
-0.78022499336337503
-0.75965982228688367
-1.0217518348495824
-0.61491674223252624
-0.92441983036181763
-0.61598823463365182
-0.91338273356833555
-0.83274658059074003
-1.1030318294153505
-0.65096067209221842
-0.82869155755639523
-0.96977653600995106
-0.59401623281697979
-0.97681605334198884
-0.77932093352296272
-1.0766390493733988
-1.0391860364520114
-0.7219672293262237
-0.92126149608852648
-0.693876228611497
-0.68392642702974904
-0.77235422219277428
-1.161923143378184
-1.0240322815554024
-0.77000004145969603
-0.77591141664220109
-0.70333194394337883
-0.78972243462275649
-0.80254994588887374
-0.71636379726369148
-0.64754659298149375
-0.90719443573785974
-0.62855233210675177
-0.67095092269544332
-0.88265266661481567
-0.81209936333419441
-0.82226571119920033
-0.89322876600571521
-1.2490925363976202
-0.64593057518508534
-0.52657862667268462
-1.1428205879983664
-0.8050614764734817
-0.90317070989886239
-0.59348465837176478
-0.6646538177608341
-0.76306771776060911
-0.75112083622929082
-0.53168284528479415
-0.6166552409288607
-0.80695330174865088
-0.94632308050923553
-0.52187021374105735
-1.0903012860622239
-0.9179058050529173
-0.73893688070786268
-0.94023654675788748
-1.0643220262108415
-0.75291493585232472
-0.84221634425647762
-0.83040328701955368
-0.50194618764517129
-0.92370754154270174
-0.76450951354272234
-0.68690043089464081
-1.0369251815030012
-0.76744203494050078
-0.55620216308731996
-0.59447087114567754
-1.0698911982560495
-0.77455142189735393
-0.82691884320279796
-0.71212806276130713
-0.66811930076234127
-0.56019859831978425
-0.82570509922006174
-0.88253633283171395
-0.85529083829606301
-0.99832866756174454
-0.93509085638348977
-1.1863184640908895
-0.43912862237407679
-0.92351989216641506
-0.39067024481556839
-0.57455357185669476
-0.83086739296663614
-0.48323705430231129
-0.84406189348240834
-0.66317229941965261
-0.79054687956507164
-0.33842349551974216
-0.5983540531494127
-0.52266225411986411
-1.0626979381517716
-1.0354475084061563
-0.66022658516748645
-0.8963138677718453
-0.97461691161537023
-0.70121531440919671
-0.91792388117180823
-0.84290821280730366
-0.8862402017966422
-0.43609721794112438
-0.8425768909310003
-0.60727287245188077
-0.70275463375028524
-0.79934112631506793
-0.77188790092140347
-0.74243424149510628
-0.97653445740077893
-0.51166475779093123
-0.73808284919462919
-0.65013465967768536
-0.9392402849081436
-0.32430192350220188
-0.69898982063619575
-0.72317677514034129
-0.65108107047337493
-0.39532223140462708
-0.46552637060001129
-0.53389901202302803
-0.69525479108461774
-0.67878004426790506
-0.67671003320882916
-0.63187636310679218
-0.59737641511248341
-0.61212905792367456
-0.70604348168788611
-0.52490341890868841
-0.41819406191131925
-0.50187494723632875
-0.72601802898199708
-0.76412321891914425
-0.88626725536889173
-0.25270821443936664
-0.96974244051873226
-0.88499000151906326
-0.42286066824948931
-0.65881192349090445
-0.56197825920037903
-0.79509483781730994
-0.67578358818854611
-0.80269549791328032
-0.9057310092902926
-0.71697282343591573
-0.52216447042384617
-0.36697950151854947
-0.6790239107123438
-0.80193606011092189
-0.29016448764667707
-0.49557791710370319
-0.58429252009707966
-0.35329126972298008
-0.64993755987028834
-0.54288182228321835
-0.61074890150115557
-0.67455770072467591
-0.90791063120524584
-0.48164851580009244
-0.54692048516339742
-0.57958376029527758
-0.41496576599830776
-0.44069344048396558
-0.38485865591255053
-0.53546038645530492
-0.80997237223795682
-0.44776084555751244
-1.0193643528578349
-0.55192906610323589
-0.65445092714657649
-0.40675632095091835
-0.53664711150706923
-0.58462078298106368
-0.65737387291052751
-0.70173216717878151
-0.4316261614161736
-0.87658780187719765
-0.73758028926892005
-0.19043567529484415
-0.55831624307740069
-0.82380213717058026
-0.46756944677712808
-0.84848904125411428
-0.50055144004666818
-0.80434524490822235
-0.95319076852669582
-0.4320834978008169
-1.0126931128396293
-0.35353772351960061
-0.52952712564499871
-0.70079517926627799
-0.20809833402406211
-0.56021226101985289
-0.89869938050064124
-0.88196324405810811
-0.59585754317904904
-0.60435787279169417
-0.40167496010575382
-0.36404013235855404
-0.61944841446391807
-0.48955898003729265
-0.41688805763712689
-0.53989773411906794
-0.57110896737726113
-0.24995733892489674
-0.6573577523747931
-0.19328015278481678
-0.49584384094033968
-0.12661824334321142
-0.22218569575838754
-0.37745164499462808
-0.75283967217442271
-0.88604318552282513
-0.71485465342354948
-0.21985867134665962
-0.57884150504343013
-0.55978347579980514
-0.27635032028736917
-0.40774721182929263
-0.75639412826700181
-0.52149189899295545
-0.50574874721813901
-0.29669830906210232
-0.8064563672781665
-0.36133676469997089
-0.46077533895351969
-0.48285352140536297
-0.42294586875957801
-0.47861830267587896
-0.46478553219019753
-0.37418216491237571
-0.22934609210018847
-0.49437804711671601
-0.243088677101826
-0.25326166879395356
-0.63623967307791029
-0.39380031833589763
-0.46583938433071714
-0.65363276557999417
-0.64164648340736474
-0.56987350208683984
-0.084103094809925116
-0.27746514643571674
-0.53483131661999195
-0.59249680568084029
-0.11738485872426821
-0.47778271116524429
-0.51965164184562251
-0.28753136643795563
-0.6136404651642009
-0.3872373114922163
-0.15984135596310611
-0.33436582212584698
-0.51013076520219913
-0.3619682416592519
-0.57918542389989769
-0.29902904560922444
-0.26505892815265208
-0.68644537528866223
-0.5377964378533332
-0.048109076192202949
-0.50365647482465437
-0.083283332429239382
-0.48242784296282099
-0.55991559159075144
-0.22352098104490836
-0.53822307138746439
-0.37767415839128127
-0.23449334537471037
-0.14303889146758614
-0.41410657782598975
-0.63969454866604625
-0.65561697279724784
-0.43283994015410288
0.01564684859819172
-0.062686472255891468
-0.085663757599078141
-0.60836845085352786
-0.42290732325312458
-0.67968591433675485
-0.18399669729253246
-0.58639709199302492
-0.17603276418838226
-0.21926596498220019
-0.34559026618457889
-0.4907088689321587
-0.46701633976941298
-0.049228407785261656
-0.38041323940779714
-0.31119672307458807
-0.38761573587730502
-0.20950016617388634
-0.38377157352179497
-0.29563857330955456
-0.66465497982511468
-0.38771693470057622
-0.01010950601404823
-0.16779951343434546
-0.44578999093931859
-0.072324465967470164
-0.25556112741272374
0.07243379515730132
-0.087048868902606796
-0.33374745946210715
-0.59624898078504351
-0.3224557920365973
-0.10163236111136008
-0.4654194565897346
-0.26201782523458267
-0.51535674372584139
-0.39322625116599524
-0.58749495276399133
-0.43590304841270716
-0.022567349875523404
-0.30821283156259816
-0.25733028782877254
-0.21219029676384896
-0.37564268147925184
-0.23065572445749025
-0.21895886475034565
-0.061828813747111896
-0.47922840168941699
-0.54815604122933848
-0.21883676529693907
-0.31811576016257437
-0.48093990590362962
-0.59394832012684617
-0.066862977582779468
-0.25051458106793106
-0.13937630981224652
-0.40444576720505399
-0.20906632062930008
-0.15404399849142619
-0.27495671472984085
-0.26227703084619602
-0.34432177237661615
-0.065855804636125864
-0.52594494926971191
-0.43704064697154904
-0.33260139778674641
-0.39273784243963877
-0.490630267231698
-0.33401339926804585
-0.34870553769732343
-0.26763969873599541
-0.30973280929534869
-0.1913040620814552
-0.53908732869068055
-0.46186246467016157
0.17626154911942118
-0.075302984851781718
0.049234610572702203
-0.36454551364492288
-0.011937980375634627
-0.21952060886113509
-0.22195607214416255
-0.13589695538154911
-0.27055288547095563
-0.38337639793184647
-0.16122034824350859
-0.16759344579473254
-0.080602379038305708
-0.34545491744584544
-0.22352333217580991
0.20075549860694172
-0.32411454766524272
-0.093714559950421342
-0.4381067945666281
0.15430995386835752
-0.1281313190868415
-0.41672647931474505
-0.081131579517810679
-0.0032944362509445381
-0.022469447279773663
-0.11912634439186197
-0.18692126770674528
-0.14730324824754693
-0.28929941503278223
-0.1546941599247334
-0.29672080217311086
0.21047771968713572
-0.19040967427297315
-0.18343346365145799
-0.042489418928047994
0.19735476380121006
-0.059138273945862213
-0.29680952516605363
-0.19098108778382081
0.056219329610687332
-0.39274255100049943
-0.60412562637517397
-0.10520095778752836
0.160115233854661
-0.50616795827962291
-0.23022783625022381
-0.24612376148928305
-0.10488102924103442
-0.35186332665870618
-0.29773499490865757
-0.30376366621173623
-0.29084250557435276
-0.24790027829466682
0.0041180018321078492
0.10440008055129323
-0.35334553029362503
-0.052463414884378133
-0.27471699884648276
0.038096809596079403
-0.25267085420894819
-0.24193540574449401
-0.20406960897473553
-0.27347775321533563
0.4610406437425037
-0.15999183745057194
-0.31278554268650133
0.006956323872097517
-0.19871477169823745
0.13719411012173471
0.055299299941811438
-0.053308021982680705
-0.16410018662953313
-0.077059238709869166
0.10239441055710415
-0.17213461840264138
-0.0406622942790167
-0.25333094844344006
0.22699423180150061
-0.056358295252898753
-0.19185451275507498
-0.090569750594400228
0.036275200770200848
-0.053473167593781006
0.039603891762723595
-0.24985753014151041
-0.24489075129905291
-0.27383686611143537
-0.56333658948881227
0.12768067690014739
-0.078999040283711658
-0.16448544836962892
-0.076302869270326604
-0.17771149754470394
-0.089839090215681094
-0.13918751813742045
-0.13373418676330229
0.10735571971880935
0.00010582352852324659
-0.35610146549960675
-0.53666716801885039
-0.048366328260484245
-0.30023431969515318
-0.25002599072687015
-0.011329492938228361
-0.012891006125126
0.075790899571798354
-0.082135196651857909
-0.3743538787740795
0.098437203144025889
-0.40487049464141556
0.1999220418027968
-0.31372068218997645
-0.072852326134746417
-0.20158640766575062
-0.28445341197481772
0.14402497370973419
0.065984344109427953
0.047375779216815531
0.18126587658221016
0.099318384643579768
-0.081002233743649871
0.11183216976521863
0.18828999769664245
0.061047179867084855
-0.14961398938101453
0.15026096548217535
0.29077215316407506
0.33363394711239258
-0.0200510895227375
0.021262543091816716
-0.12241923403266619
0.24644652540649242
0.016634729389886957
0.15812332476983959
-0.15697781252527629
-0.056253034319399306
0.24555951362323861
0.48979201106530762
-0.11802840143165934
-0.016959975817322368
-0.060011272917002173
0.26032748745640266
0.22437605368158711
0.092216745928939595
-0.017348819306527374
0.14572320215360451
-0.060126499033623007
0.088913054595005953
0.03064135505665672
-0.069012159895456851
0.014571967977224541
0.32709297040387797
0.032191961225510837
0.18072184718498022
0.16501469216612522
-0.032129714495426558
0.32437018419949737
0.0364215030909339
0.21310296719758404
0.10713419379207528
-0.031556400827251758
0.12014807306994583
0.42104431409957765
0.050765122139136899
0.1990145330219848
-0.07496401388091882
0.054874938607917312
0.15829932540690009
-0.033244475161677341
0.13345885947508404
0.28613732068581527
0.074929441429723423
0.082413783602085275
-0.01834807691382952
0.47278099479601537
0.068877852286714239
0.15156414368893503
0.38115118252507491
0.066837848060084998
0.23053991138104885
0.28538615918698651
0.27878731638391829
0.17498026655284024
0.09580010832442841
0.3320237572792003
0.030303339075568321
0.1547115905578032
0.089609223526500636
0.2390610028979484
0.24164817362433558
0.10455984134458568
0.14013856446695319
-0.026659175336583331
0.068067467930007286
0.37139266069547433
0.38621650639613447
0.04106113997924029
0.046179633098731306
0.46117574781525716
0.35613996301392037
0.52663055788187429
0.49285906283288256
0.20933233762961673
0.36025837640255032
0.069474201225689702
0.29851875955083351
0.19522073065629947
0.32480844861496738
0.071150877229239018
0.10058304661446155
0.26435615664126061
0.14721853963848658
0.16709831796265379
0.18468121196012255
0.0063758641107297259
0.3126877100236809
0.14655751844969631
0.620251245054664
0.21703203735069568
0.29833252477957484
0.37759150768582161
-0.059340435735372364
0.01322398428030102
0.20817485713391057
0.12444403233841807
0.33130261934230704
0.42607860848774293
0.316916587051082
-0.030248013765994033
0.1162590569529956
-0.079693564822660212
0.23934027547513834
0.094906176379338084
0.19107840994515315
0.076388882118941279
0.24300270895425624
0.049896688586119349
0.68331176706317354
0.64505860786821956
0.11793324150259456
0.096964915145556815
0.35150336350116762
0.20723129236898452
0.30462245131805576
0.58285979420334544
0.40309494964610226
0.28907728035444236
0.2367675717048662
0.49231307620735543
0.41305728661096758
0.40599581588833517
0.44153467605125046
0.7121297364175867
0.49231020203488951
-0.11734131784049948
0.12735157012442844
0.27855181186737393
0.070033393166452268
-0.058713901419549824
0.16443347682601223
0.49536095134874153
0.30509661893709017
-0.074601446840471791
0.26621635111317782
0.27739171004890634
0.056352590409598689
0.32298882340074381
0.25861992807143747
0.30406354183321821
0.25116995024804556
0.46389463823319566
0.36471276199681441
0.37270531412671976
0.31928843253195066
0.35223764318658418
0.55018870385799268
0.10394241923945223
0.065778773467838739
0.20172621452166106
0.56121976143914143
0.48601954851695517
0.43422993122874182
-0.14549290815445098
0.32107138870837648
0.54648520891243235
0.22182543048190392
0.33592363357105659
0.48243157112735274
0.32354685416556694
0.43479562632437235
0.50124696405006064
0.43179860412361276
0.4632716697341584
0.23712672132446985
0.38932113926746592
0.48395903720440192
0.26467796025919343
0.031708945877351874
0.24966336153442339
0.087074834542584426
0.59460684342071224
0.53720069853486552
0.033294048593051011
0.20838327906897125
0.4310384000704558
0.40129654323343417
0.40127054137898732
0.58127647387887449
0.28867430836170482
0.22999776561317828
0.39702115891704332
0.11325603589063914
0.78866841442075353
0.12281439725220526
0.55179907498762082
0.35964100018115408
0.11711263638320459
0.29995494931676603
0.10580733745850866
0.49528426602316417
0.40456870533889866
0.36906396970437499
0.40398904814340403
0.37560889287373539
0.49131590665080344
0.25405482974816412
0.40249116727110201
0.18339101622943216
0.13969711864396972
0.057259065984618829
0.49179955009261922
0.62027568880495054
0.52802311324189644
0.50293957902700992
0.37234562993995857
0.24426802825642796
0.44619134042604158
0.36164729140442226
0.26038659569240741
0.39324022170554779
0.71013765421058217
0.56048652066942706
0.64661421199455082
0.35882810389964997
0.56886234121087742
0.49292818355943202
0.47520994953205087
0.58367486944592384
0.25507093251634549
0.83502438442725069
0.41645264725710757
0.57850550512750931
0.68603229087100392
0.38283481476934772
0.68769618235198327
0.61828326913366116
0.63713365552942369
0.67011054709517581
0.3465197683974669
0.31099863117146437
0.6101672800004041
0.56714331314053479
0.71714666834304552
0.58060856136899108
0.070639183687791013
0.78111131303501369
0.65698250666579261
0.87420099724318467
0.52262575574641379
0.26401336403512149
0.61946287760399277
0.52043881873008468
0.56760190574283087
0.84128907877543457
0.89352702136320583
0.40791802892463003
0.26910937283527731
0.34548729941342443
0.16625086793857968
0.32692581128267323
0.502523567737859
0.66169323756169807
0.23787862438761156
0.72225361181089998
0.40702569135345207
0.50399158407813105
0.95846685217375405
0.71737008987871187
0.6590774740528389
0.23494164073421722
0.61186391909914684
0.48138908001966058
0.40824316442742525
0.65318960654200731
0.092760645887251345
0.63532144643516975
0.54368966430407073
0.34726057592426063
0.53741665732789778
0.098332891206634271
0.52911505228305622
0.66260438899203555
0.38125811156480333
0.54320183311274717
0.75959441235570202
0.316116951986748
0.42405650082915819
0.51086981801762243
0.51003479963540466
0.54492341671860045
0.35602314080259839
0.78469394572839879
0.71981822409635277
0.30335966806409675
0.51833571214452068
0.64568286490205684
0.74515169240154222
0.6321318018650629
0.98578834439781304
0.82161891320321667
1.062220085490984
0.27105320899351332
0.61192342551139167
0.70068230474146265
0.93419430239216195
0.97886762276626715
0.57100299767944995
0.35005285924306334
1.0712316207942068
0.51913790851634212
0.51257179393988961
0.64845326285531246
0.56276047787700978
1.1246085548897791
0.6510958726685403
0.84005578085749444
0.56274046658405841
0.96319292610488183
0.65923909736949804
0.6463304344091173
0.61533183446513118
0.68656352107189078
0.63555730528915322
0.37922338313335824
0.59586294044069477
0.8125620177672378
0.53114910069343757
0.37842816139140684
0.75265736896604174
0.49698621620504274
0.62109198226922058
0.61598947508806723
0.54862267093314088
0.47295611477801186
0.55907198971998417
0.37180950787130523
0.7750898343568432
0.69269134782668829
0.55638549102688628
0.81838486099210672
0.95038235477407285
0.54665801146714665
0.69862638001543897
0.3486630252275183
0.69195865818750557
0.78187911469754878
0.75197812775495509
0.85296309965896167
0.88262987924504033
0.53383544930561178
0.73521810657928355
0.74339726565101782
0.7808104098351919
0.76567360598591716
0.74227393239098738
0.69991502601680133
0.62495435711625635
0.86788801672481664
1.0053416836362636
0.68727614798856396
0.64842197683594827
0.56464085262631947
1.0562244915813925
0.70172269952059751
0.7350375242257825
0.78273316935329551
0.93110837231725863
0.80763012909270648
0.93142137281025228
0.53391522319380846
0.51112697997688117
0.73518915649452021
0.91821477553039355
0.88347734075413076
0.65898202275575835
0.87141209883456427
0.61686281668731135
0.79069121811540666
0.80912468694484407
1.1798372432111293
0.65794260818649075
0.81028797987903312
0.665260084372014
0.99707175037644435
0.36921205039054167
0.91076707924036082
0.97509946800409653
1.2501837209407045
0.77783051933559444
0.95051758649180729
0.66400297872089031
0.85428364641335119
0.92415153024741559
0.64604097465623667
0.84108746072758844
0.8924635761538795
0.728505818217559
0.59724091104868793
0.61984908568777197
1.0692019038078828
0.84518620536101374
0.70677044294300484
1.0138162105131634
0.6629640124017353
0.82643021435659658
1.0196251708099964
0.90854326392726703
0.97736038434281147
1.0781732126974
0.84196133034456955
0.75958750963274324
0.69229737514400569
0.72039382017099385
0.50168181995405992
1.1957369694291504
0.64045391804170937
0.91435589689337016
1.1274150486364105
0.82532344341861053
0.61484743490444227
0.68312907411270796
1.1141374131525585
0.75425807682446333
0.9281175017325477
0.89583939967047588
0.50544566624991472
0.64561970374235123
0.88541320156975689
0.82121232192137206
1.1116985198571467
0.86754844652218432
0.78792058124154329
0.80182936278458339
0.65033388157697591
0.77627935875759591
0.86375887311101929
0.74069511453831038
0.69239094532003764
0.97051753215690373
0.73766869035531213
1.012449480547178
0.78710007172175689
0.7400809535102123
0.87815714043108883
0.82243012278574923
1.0553033335259214
0.79058834015103874
0.91776747982507489
0.95113934045088822
0.77855221588449952
0.94847410837744428
0.84570066589602977
0.9508517493380646
1.0453330509737428
0.4061157803563511
0.85591778231931182
0.78484825797101898
0.8157800504068331
0.9075592901350622
1.0983366780158692
1.1351184173534812
0.90029100056148093
0.70433455328171901
0.81502755826835649
1.0016424662574057
0.78969607867161395
0.89903750014516282
1.1554636193406049
0.959339791729512
1.2485406841206503
1.1277883959160475
0.70489279813780126
0.62282594086404974
1.0904197983504087
0.85715490036993136
0.74457961884593749
0.40231951628863177
0.83508179140922545
0.89737329215477368
1.2369087772756759
0.81184150542087141
1.1332987012012476
0.98398397616014366
1.1269404112666208
1.0634088331852516
0.94546644568386384
0.83806061680460064
1.2180491659481949
0.90405617109984815
1.0302379268457273
