-1.1803934195333141
-1.1561385668765702
-1.2832546353838334
-1.1060902332797162
-0.83504840334158847
-1.0324445927009063
-0.85143414510405613
-1.1238279702825662
-1.2208623022252765
-1.3695871992862356
-1.2244123890490592
-1.0239899418855969
-0.86178076310389462
-1.2809582352360842
-0.94218471438719009
-0.93159897099120548
-1.1991157650649105
-0.92462424742522153
-0.83588300819031247
-1.0244215635242018
-0.92283263808252691
-1.3680527695882416
-1.0376633475787469
-0.79892112561228323
-1.0876682449893116
-0.88639800027082616
-1.0523748753196325
-0.83078225286302021
-0.70739630614479332
-0.91489869656395317
-0.91611883313903264
-1.0143089460182975
-0.9097772908635523
-1.0127303174958333
-1.0076371639217363
-1.0989484549233508
-1.1551479247095982
-0.96077613632239578
-0.99091963404537642
-0.75898559923309861
-0.93748374004192769
-1.0314501021644331
-1.12310783784879
-0.96613307247626745
-0.78567501138635243
-1.0120970242406953
-0.81212033988429833
-0.73414135672404235
-1.1657613610339437
-0.90307366928678179
-1.0260914285922835
-1.134836409476452
-0.71477286759016967
-0.95825284949328793
-0.69412367039707756
-0.52014705136065487
-0.94176504040297682
-0.94565870126000617
-0.73589055947587778
-0.74801806948682104
-0.96778336387837738
-0.91026332372877161
-0.81949933238970241
-1.1935365288337545
-0.88293329924257624
-0.77255535340034376
-0.86146921636024254
-0.86571526303860824
-1.0699978610560668
-0.91497919672319661
-0.84478512941894035
-0.61099299674632246
-0.89601961871429125
-1.0739463666123914
-1.1865023879589562
-0.93544653202077954
-0.95251130073484824
-0.91775578988698714
-0.7718517756437292
-0.88127292870519425
-0.82234667428920771
-0.43663283563684219
-0.70273939251113282
-0.53372416582357807
-0.91122483740870086
-0.78917872103887132
-0.83333787998378217
-0.90043200487222197
-1.0677382565488145
-1.1295306676184325
-0.79152078452158314
-1.0285584535951298
-0.73165244623868286
-0.73111380040741947
-0.84054878122405186
-0.68963589939161518
-0.95729876399946223
-0.78332895330977226
-0.87190626861954135
-0.53796528527982079
-0.68765733682066643
-0.73995436948850613
-0.94202899141871532
-0.7841311986859143
-0.54765537965915356
-0.84630521755077037
-1.1335374875042494
-0.75926610804979922
-1.0409110673530748
-0.78038060205339033
-0.91840093286461777
-0.87388963742269954
-1.2047570909329701
-0.50267340182584241
-0.50282842081074186
-1.0810136384914688
-0.84457829403761342
-0.69914220950664108
-1.1309376934217874
-0.41286939686118618
-0.90277840116927799
-0.86996731999040311
-0.90751648478927061
-0.81264598743709671
-0.58819605654009832
-0.83049137635613224
-0.87620995316835337
-1.0885939089691505
-0.81940029903064482
-0.50518931688877367
-0.56799860847406902
-0.81245273196095513
-0.87389406733841779
-0.73260220380823748
-0.6098551755932925
-0.74087809243137981
-0.49082126399269971
-0.7663875622829649
-0.87974526360130401
-0.76015551984435692
-0.81120409497033763
-0.51794533550532118
-0.82996367345408395
-0.76575010418706768
-0.75303941035035205
-0.97511706618369265
-0.95727037997289954
-0.72923322910119304
-0.56541580401907732
-0.55164469101548752
-0.88195459746574145
-0.64543643818227314
-0.77204850732282604
-0.67538033568958011
-0.41299011394134943
-0.64413906888917605
-0.42863381920904153
-0.27035473932413923
-0.67935193942194916
-0.44417412409060725
-0.50855383776008289
-0.83560863087115456
-0.6284593994957417
-0.85207030801965111
-0.648769797303544
-0.67528109035817274
-0.51270453392767079
-0.736211189311194
-0.61339220142446238
-0.67340162016861449
-0.74399571233579753
-0.72151106873916571
-0.42823871086750348
-0.76747550090042083
-0.88619829128752947
-0.72338630553282879
-0.66707777311623906
-0.61827279405186153
-0.48631316750367887
-0.77599299770850139
-0.42557136430555481
-0.39695335845937219
-0.4794428083517398
-0.70491387731280153
-0.6375597377744403
-0.59601618690332658
-0.66532480263813332
-0.71075834298991392
-1.0712499920823473
-0.59515976564320017
-0.52020554545757436
-0.39639967794159098
-0.84301840534356753
-0.80252680609651983
-0.48547573798832605
-0.62844451450752847
-0.56309539963359767
-0.89976450522377194
-0.49589645686684725
-0.97867546345814171
-0.61898648868872186
-0.46808685259784261
-0.77591184073687725
-0.59135538821164391
-0.8774845992089797
-0.48520778485037114
-0.67670843512844303
-0.53921349903093097
-0.69833364655093544
-0.73858570483721009
-0.37804921910900413
-0.64201473424000255
-0.66774075662646604
-0.81912936196696273
-0.63186345351993545
-0.40506002582111539
-0.60804346746024085
-0.66301406035805099
-0.77046303023502627
-0.89799326520024403
-0.54133576462110566
-0.56325354141995376
-0.93502567997724195
-0.59386741973555524
-0.47510695696939215
-0.36853499483632174
-0.60199461730741699
-0.44710317419814344
-0.76298635188667274
-0.51798381516423531
-0.8279742398488712
-0.70026811932097222
-0.44928857970942615
-0.52554923917356067
-0.48026765306963498
-0.72361188234653828
-0.69106289683443223
-0.66993392159936105
-0.69218798524533232
-0.66351427005677999
-0.57970501840268529
-0.2102619763106548
-0.57204240734160905
-0.56949567908509213
-0.51975416480043224
-0.58913384549861758
-0.42203264043795546
-0.52267836228944775
-0.68824610799623132
-0.43288485079469063
-0.65174744641275173
-0.35386764251050545
-0.62437335268892313
-0.61208561862512689
-0.68116058398151091
-0.49696288664037236
-0.60089853816985239
-0.54778134897805841
-0.49013774849162767
-0.67118237686775861
-0.30623430261928786
-0.50300315116420424
-0.71465411634545317
-0.4259198117388886
-0.77643862250570916
-0.52740769170747626
-0.48254736300156303
-0.289627095380662
-0.50061530064740456
-0.39900659888864415
-0.60543227280036804
-0.64911601463887092
-0.23585848521976976
-0.38203096062215869
-0.55302273987757267
-0.59684392355125104
-0.70358772767997479
-0.591159197116917
-0.48940279462953362
-0.60541519624510409
-0.66280584185747582
-0.3753577602198947
-0.10593184704556044
-0.45432777384726586
-0.39488526855235473
-0.36434223108335645
-0.46673559959285377
-0.57661669577140962
0.046855541469908286
-0.47795367241402203
-0.32376747982508403
-0.52309701961044441
-0.61114337727395496
-0.34198059020164989
-0.33585448683571895
-0.19062112201706979
-0.49169944593412612
-0.38149682463212548
-0.81082663130747368
-0.23002877325300891
-0.25384382889768697
-0.59807967838798326
-0.59459320546019245
-0.65204465033628944
0.01230253219685307
-0.36822292801282513
-0.22791709355946677
-0.14040694680751528
-0.24943016059075396
-0.37437440961268337
-0.51899267816082451
-0.63148091220922986
-0.48424898325458593
-0.46913495202243699
-0.16575432599330267
-0.61779566777414541
-0.43989680685728555
-0.22780743400037204
-0.45448721824218385
-0.4911905200819261
-0.38454960057191162
-0.12063124082183065
-0.72747916875245522
-0.46394928799438578
-0.53974885929084904
-0.09844254107011037
-0.61531451245490143
-0.48985831822957887
-0.36394042283961597
-0.24989440718147038
-0.20689780534638114
-0.19101694725371707
-0.30132957498592217
-0.31177475257544679
-0.36585501655573227
-0.50010140859256669
-0.34074351001094122
-0.54939139359947275
-0.48593796326210725
-0.56833306647603954
-0.43786844219340759
-0.51456161688411362
-0.58136272019719271
-0.40926166020959692
-0.12799208615652125
-0.26510648154088917
-0.39068313651506098
-0.38533156904962368
-0.22604326573410111
-0.34839474189894593
-0.40862985607594438
-0.14216637571158358
-0.25027448641995254
-0.15081894558009806
-0.14524728340894499
-0.30081933516738174
-0.34254228081376475
-0.28468116461504556
-0.21255917608919578
-0.020613319728614167
-0.56321445748210686
-0.21570964387508668
-0.19289435638642105
-0.43876277664438135
-0.35174755810332897
-0.325294573523359
-0.32295517322416328
-0.34864256831143453
-0.41035944612882325
0.01389678232959312
-0.36636159369946908
-0.31380916934398684
-0.33207539702323802
-0.38293175907733301
-0.3285949025816135
-0.3482307949326825
-0.28886881854686997
-0.30952250833387623
-0.19777169781641146
-0.036009938128739795
-0.22779992892535184
-0.46024590411834471
-0.41311327838902911
0.17552335153012932
-0.45959020021115371
-0.014751153510893253
-0.2670823305149766
-0.15831510924183695
-0.4300005526002918
-0.26424129151024689
-0.26614646281971321
-0.35544226267444362
-0.35435002837229918
0.11032598070823441
0.19813699461908676
-0.13327520824876582
-0.29857279766452238
-0.024559546411871191
-0.2669203660993017
-0.48636028742687698
0.011313099560546495
-0.10082967249641578
-0.018775401693671843
-0.26363950944939818
-0.3955890199791835
-0.19260872697882461
-0.24905011405434005
-0.07888071954263226
-0.20729778016320946
-0.088982773672295512
-0.44861593914465703
-0.065061278613734633
-0.049607801118200498
-0.093084883481733049
0.012891183694212419
-0.47068435612731968
0.044380975004053615
-0.064201274600179131
-0.48585493919095479
0.10249386496137741
0.052352920041003143
0.060909327430005399
-0.14710945805632605
-0.089376134979091956
-0.51361083417503683
-0.61158653476200575
-0.12075777964194154
-0.065922159773722261
-0.17523474595169589
-0.02325922232929617
-0.23682708934451513
-0.079892236529381058
-0.3440732184689469
-0.43023291794208018
-0.17865396354325483
0.0053194791350847093
-0.10302034676956753
0.023800083813889563
-0.14656501849109835
0.11838866492278205
0.091367548925192499
-0.24155186799780495
-0.024943522056530002
-0.072925684364564258
-0.21023604160681036
-0.33687228583889567
-0.061120731233928888
-0.13301788538934198
-0.10193024747375126
0.10069022471542872
-0.1530658868978261
-0.034821321739881457
0.1716974954333107
-0.14525953593306121
-0.19477047563174041
-0.21669786710107894
-0.0018632757517937964
-0.15296041483166473
-0.024995013644001456
0.05372677375136907
-0.090731808037070358
0.20614933536955635
0.25706696628647219
-0.44448866638697337
-0.011547763908369438
0.075145936432219423
-0.28483095230703309
-0.23457397747538489
-0.23158985572952476
-0.071669245769558743
0.049635521744317679
-0.30319381093685083
-0.27622171827642183
-0.068039039244111477
-0.38846282483575828
0.041669601370981045
0.15157823922969957
0.039581709671961805
-0.030433692850521884
0.26781815715102908
-0.25187688887669829
0.019075484486398731
-0.093026725675718736
0.086387585363699018
-0.16725517218962077
-0.17991825684760346
0.0062434340512279342
0.026505592416553377
-0.15835874430815478
-0.10898038458595724
-0.10581566674545884
0.09426072564597833
0.015218165278031239
0.076457706113809171
0.10570131910763191
-0.23837414392849182
-0.19077014626133085
-0.33232591198560302
-0.01824645058164449
-0.1677684241852769
0.13572184781905983
0.15508750673240679
-0.047116586767125768
-0.023077290438399494
-0.15645304837688759
0.10578816153673438
-0.067648015708004203
-0.078941614533645163
-0.15076020818156236
0.24926669751026748
-0.086344509540897021
0.1485905041637848
-0.17402834993421776
0.072117085731170955
0.22875303695891808
-0.13208106521747295
0.18129118862863935
0.21048226339689258
0.13524838733477546
-0.017133392233024829
0.034755780633133233
-0.0096861691801882963
0.2274832552303056
-0.085083546608748242
0.18989543810106976
0.18646928541705363
0.14224521790555478
0.15299144919544286
0.29348687748932778
-0.072792900424233156
0.037344956748047879
-0.17625078654445436
-0.080934708455644933
0.34250346583984537
0.27123556344437694
-0.34987007469621501
0.24950703044416514
-0.24042510794960706
0.15607614541768736
0.016101383107091811
-0.0010072645673731581
0.21695107213080811
0.0024289167109369141
-0.081438278473641282
-0.12801215643051456
-0.045220439720798512
0.13895120226980684
0.26339878734578404
0.18941246191072594
0.054179900301029468
0.19132984823919505
0.33723267554005532
-0.24715029741344022
0.24422452594546726
0.48358626458665499
0.08837368684487612
0.18491391689275363
0.54068220869041128
0.065820090606472592
0.19131102368354308
0.2320884409965549
-0.13610855714226575
0.081423145058639457
0.11658828087810665
0.29925631910670464
-0.14055044400851238
0.062301644546074654
0.21212681228178101
0.31532668164573902
0.45394670667549331
-0.15160785524158782
-0.017591031244978225
0.012193499174767298
-0.1080067205633313
0.11949490073277408
0.18351027396019207
0.59055191492090164
0.29267077165993294
0.11978512407281466
0.22413554199187466
0.3915553815855603
0.24955036569745914
-0.10576261145412458
0.39497542612787867
0.24437374086872954
0.17289008678384041
-0.16860136643143919
0.40935738227926716
0.10053958523655221
0.35868459994379254
0.50416582093618856
0.19685301064168359
0.2114245994049436
0.23989024839596984
0.49122868053354202
0.14267451613233964
0.29546862871269569
0.1549397694463249
0.27739823701668548
0.35067220093558199
0.28878076443876455
0.18928705423303288
0.50184225743516708
0.2425078290632702
-0.042806444334426964
0.11959716437265304
0.16481795704368518
0.3367394800469386
0.43026005414752144
0.33821127519129873
0.18927433682847983
0.11346464419193356
0.31837583283210358
0.50443187087540775
-0.084441050498180736
0.54680850964090699
-0.0097851239483316022
0.34976955307462887
0.38472789258327289
0.33363171786289719
0.46069804151619831
0.35165109493026536
0.043968528861667217
0.3493849925528642
0.28644669201997908
0.48750179485332923
0.36378727326043736
0.18520107692355994
0.27281187070497204
0.20763289576460131
0.24920496823340701
0.40526619637003325
0.33501837680148172
0.53307956035424942
0.38123375002078896
0.22630647978233301
0.4417382821596102
0.4643154684842159
0.084471368484496837
0.41239808657334581
-0.055121910622093859
0.22480951188310325
0.30465245850531025
0.070134650122410241
0.44878317148534064
0.21945462224478202
0.16966501342913709
0.40979540893914757
0.3182838452804348
0.26326175000181712
0.10801758907837973
0.38985438913485454
0.68435325959320237
0.2397055835215709
0.087441852317630603
0.2456223593298309
0.26734954966541624
0.31327637740824493
0.50970025025372867
0.1713250679982028
0.55315971220699423
0.18248983898682494
0.51633794473966799
0.58610825458270477
0.42203639509242558
0.40814964943118848
0.35222118751626852
0.32659944692562815
0.40196163292455583
0.32926669331466496
0.22599061161365935
0.3645500259735398
0.28602730278827554
0.36622372687532406
0.35278271937170308
0.16021443609330932
0.33213320818708469
0.42944680773275618
0.018561032238697529
0.46705894480755711
-0.071602704438747888
0.0074940712836681937
0.46579839902650377
-0.054079675319557118
0.2981935138324518
0.52093384245043584
0.42406399321412019
0.6703784238932412
0.68607133546440924
0.48778516217183915
0.33099091084715232
0.63421898200663596
0.57282759350244394
0.52610832132737873
0.2018914828983551
0.18068933676457283
0.27601497427651078
0.26721706160812858
0.37178359109772174
0.28221351711397663
0.24097411688346687
0.50341989713058743
0.2148477708421789
0.40469496545374128
0.29703734056704784
0.62398987790258709
0.18968438579914168
0.30795515087424163
0.36009053423430193
0.35027825037382437
0.2658341090411262
-0.057145032160532509
0.40605440884203531
0.44513265005436164
0.19041819430802714
0.090008990117674229
0.34115187546167219
0.43181094485464178
0.48107714967934972
0.42013062888146557
0.54074279549286874
0.5204998995174912
0.15560924683043725
0.31959887095981321
0.11381542367228079
0.42678174308711564
0.30790755995225694
0.67169775137996846
0.43927747944705475
0.68302573715936921
0.40548325427078535
0.5766653568080522
0.29486684084818643
0.13201244142690266
0.69425401691926036
0.72124800281612489
0.35051545430211611
0.55599894842330622
0.38118078907408015
0.54588389299823481
0.20129385121447305
0.65749202535694928
0.90174194077441616
0.64459685703065328
0.64964039807135288
0.32918356071503624
0.49766365923748351
0.56059131355588954
0.39452419773142439
0.53490403755106075
0.61537681878870432
0.62605405120905289
0.5533337132036642
0.57890194517416849
0.59890441640731973
0.33462193882225683
0.53975899589067899
0.66914915708718525
0.20151240900542636
0.50819721098504078
0.92910222120642394
0.65161062729123742
0.54104789687772648
0.75116659395359775
0.59930848366567524
0.7115413326541089
0.50850591866845662
0.39747797042155875
0.68877225045737089
0.86606730647641805
0.45488281193660546
0.82682445583588238
0.58536339566139173
0.63650230258298479
0.56371585195600915
0.67825430042303603
0.73747406029182638
0.55531172226325543
0.67937356258980641
0.52227287952711965
0.46475100520425527
0.54026231979273254
0.49345220565217579
0.61425423682876135
0.55424287043644005
0.52719514336117557
0.60415478834645331
0.80475279001099254
0.54586180699443165
0.67802608736129633
0.52180656754194599
0.52397521159680149
0.49410772860131597
0.81584274181802552
0.62797251380979147
0.62983070138501229
0.72119885567664765
0.64061925419467458
0.22424257139256473
0.78895374105874694
0.84677294033224038
0.6077705448805365
0.99875081337135774
0.43752098542771706
0.66345268882066877
0.58384106595175078
0.6758102680170408
0.56991501258255539
0.55549163965073023
0.4524492908007281
0.76979687518884321
0.79233555372805731
0.54038216652233495
0.86322791964615708
0.58669737520691845
0.83692023200475363
0.62378012861041066
0.63817926307917483
0.62279490243968161
0.61433555544188789
0.80107854061153205
0.97289480438316445
0.60739468502902327
0.61107692488275578
0.5685211094318946
0.74769651838073958
0.81890354025910062
0.83048666771623603
0.59902782706983726
0.55222477353479027
0.34611085679617626
0.91679118711841845
0.40167709924628642
0.64980428512909649
0.78392027730374947
1.1322673476961003
0.6843042072482638
0.7365612418929941
0.91745878374251932
0.65278431124073621
0.77169051598353722
0.74081920155527192
0.85947701296585532
0.82210008428651493
0.28999171572295535
0.40904807348249389
0.74680590480460185
0.94280947676702342
0.80917060991107126
0.72052334892404124
0.56955517228122265
0.88487524292181896
0.52476319681289674
1.0497460116788229
0.37814292033608293
0.88622834849505339
0.82562521504165165
0.70280684428421936
0.6000775528224046
0.64897573943766207
0.37795783740404248
0.66926060721789571
0.93023542140813231
0.66082701141165212
0.50295507514947346
0.78622996991004113
1.0874771756738091
0.77907413870801789
0.57576827070598624
0.67556032695481094
0.53432551113541227
0.79892220534882341
0.75762205466152754
0.85299752903688963
0.8335118813315453
0.76171759797886218
0.3224532594039024
0.81282419752724022
1.0685400688657329
0.54847631096527882
0.66353560639962184
0.89938399909908295
0.39507124665597165
0.95502332728397799
0.61123012467032933
0.68426599957869572
0.80723129652850278
1.0501107737895843
1.1069584214749357
0.82081960127572129
0.78635843520363746
0.92513107980941467
0.7667452379983315
1.1587456153974545
0.76439730278432427
0.79359635921408167
0.933554335406936
0.82462326119778173
0.26994382368495118
0.73794515147012163
0.85773928300014812
0.58278050988937413
0.86922938914086101
0.61437587379011527
1.0002302168256239
0.96525926062459622
0.79500615663107244
0.66755215495562092
0.6066653934412628
1.1056467893317805
1.018374498303575
0.91757314040851612
0.70940572742910768
0.5463735663857946
1.0636053795151428
0.73559677368787668
0.9277450451008733
0.98307650952392578
0.5924983930792932
1.0520308502857874
1.0072149805684607
0.80704371425160493
0.84395484176310942
0.66596271714305499
0.82663571453430607
0.90786987762082538
0.87720589684377148
0.97617535112634057
0.94148503162837471
0.6327144846776297
0.62244233930009829
0.57716310543345972
0.88621046322044705
0.8734737288384089
1.0526173649766306
0.70140863967273037
0.96511125998024683
1.0761093771491506
0.89401708181265904
1.0383301522242756
1.172860499245689
0.80281139729251594
0.97851586723027806
1.2377611173822129
0.97502967958873765
0.79560425418410008
0.88047147286865524
0.75864250195572425
0.96747629642541022
0.76415544430524229
0.9278059107335096
1.0353673276496715
1.0233300632411486
0.93336000820421827
0.91544715687908917
0.93834331603366194
1.049259914174639
1.1043691703878398
0.77423726832642847
0.83147441349078277
0.42576123172560254
0.69869196465726635
0.9471799079287857
1.0863313801441998
0.69244554067513742
1.0584255731919476
0.92033635691632831
1.0248045802242891
0.86626300620227092
0.8061014819240242
1.0084874475558676
1.0427606961643516
0.89425902244424083
0.78190880722671197
0.76141037486288332
1.0263822593965017
0.92211543775169502
1.1943750692475172
1.2625317543284922
0.8680107625329917
0.89976981156276403
0.73920533232896379
0.8925213131399643
0.64336608048500421
1.0509956951222754
1.096069011196201
1.0103981794517134
0.99210636792395812
0.91361858156243358
1.2348461426040531
0.89614777677467738
0.75850831279617026
1.1055934603678859
0.88918709532739881
1.0376774325291551
0.93500798485537906
0.87522477581083957
1.0700262607037829
1.0513186937405452
0.72729158089483714
