-0.77142282334652446
-0.79130965018473898
-1.0946408189530836
-0.74784470983811135
-1.2020929533449733
-1.0346222986389875
-0.7591609168978436
-1.129706422649331
-0.9347723975967559
-1.1235825174018839
-0.96381368825294489
-1.2260556120382269
-0.96317335933581683
-1.1800611020773215
-0.76634046340804396
-1.0443574399273636
-0.91867167611936262
-0.90958495423387586
-0.84213826560373395
-0.72950226364158388
-0.9538871848545607
-1.0854537141041429
-0.95806392725384093
-0.82997392047374818
-0.70955992605224305
-1.1194736551753184
-0.62318551122440191
-1.0600988870608397
-1.0070329087241472
-0.85524597493988741
-1.2583240761058112
-0.56006553532185377
-0.91882557188057645
-0.96525958101024811
-1.0026883461815661
-0.95072081742281822
-1.1271795176379682
-0.88302668591404943
-1.246242464580618
-1.2276627105986491
-1.0401022623021476
-0.87992315788434439
-0.80625216731065774
-0.87779837769033831
-1.0043245393743203
-1.0588858174584923
-1.0296926048230242
-0.59578087799951418
-0.86704536201094462
-1.1906887085602289
-1.1377365976421279
-0.59400071617156769
-0.69309678542790898
-0.94596564454471355
-0.6717648174154498
-0.75647871962244917
-1.2521553441519959
-0.70108616412586977
-0.90662383872509877
-0.99960601812731043
-0.92648631862751418
-0.93268324150031368
-0.85392291385178198
-0.7461918531016688
-0.83850122350099154
-1.098615919556758
-0.81974407943655592
-1.0000189832795412
-0.62240328258500888
-0.68803918495527328
-0.77036125841173475
-0.61956488944445287
-0.55655116941943716
-0.88111201647443516
-1.0124009842866415
-0.82740876270520836
-0.53434529421575838
-0.80108970109013289
-1.1156361970621627
-0.67674083897829485
-0.81277476921110758
-0.82603561775918355
-1.0435486916891046
-0.81368233212119268
-0.41134193828838378
-1.0436623267911465
-1.0231586366619412
-1.0050732041402624
-0.77238810348002385
-0.72162407748832547
-0.75064252142979859
-0.64399874646229116
-1.0050716951940892
-0.58680227376751581
-0.36688184055905965
-0.84926121055618053
-0.943570011179648
-0.67539334896127012
-0.68757102484431709
-1.0586570581019341
-0.73907870944778076
-0.75902340588926742
-0.93352169451393729
-0.8156115427561994
-1.0377840966317811
-0.7361217660532724
-0.71915876670745948
-0.89080238633929143
-0.79909837942290263
-0.72705619699205248
-0.6982320281891875
-0.77879962479805387
-0.65426252683571673
-0.66625368838610288
-0.84256193402978219
-0.82868672411150746
-1.1155445549911023
-0.4743370072843206
-0.51360574999395348
-0.86165970015942905
-0.81442199972265028
-0.85985321324947139
-1.0684362756115229
-0.63293635809595783
-1.116647369670432
-0.8506045989592238
-0.91343206170338742
-0.5721798878876222
-0.5670094454424951
-0.6617927747601281
-0.72457984058001423
-1.2135010986804731
-0.76159483750302104
-0.56991012690762111
-0.88298035695335897
-0.8600435043935899
-0.90795573674999042
-0.888452849765201
-1.2248762692232493
-0.43716637379494283
-0.55802912597408938
-0.68113329293165448
-0.69511652066567442
-0.66123921675669428
-0.7225313992757344
-0.9396383509443833
-0.91635702950206266
-0.8742009690732151
-0.33217153804380845
-0.4337468840888809
-0.36419621270312597
-0.50601312431268197
-0.83674820950293716
-0.86931258845958792
-0.81831274849456048
-0.63789907344994223
-0.84764400978343923
-0.70896273721483116
-0.63932146076381358
-0.53084420308209346
-0.60974339226947494
-0.8973338232929764
-0.60729444493507267
-0.8689912993815585
-0.77495734747645906
-0.52251700537503498
-0.51630021260212511
-0.90575486819026829
-0.66485989775169152
-0.39854180781007531
-0.69067712188555264
-0.75812399024915766
-0.72935915103474147
-0.60314075729041416
-0.47223716132497179
-0.62269081287241457
-0.88477998557342785
-0.57936180335596743
-0.93788626737130298
-0.11539957042291366
-0.55284084237023312
-0.8148921793712397
-0.14059043303936181
-0.82552967042161063
-0.84632833381830375
-0.84472334199467414
-0.44294952877737681
-0.6283178197705227
-0.24955020420803986
-0.6521513465621851
-0.70381000240210145
-0.26584645878319663
-0.43576026912043425
-0.5555476571681528
-0.90285215639952066
-0.38748216230298677
-0.81079380961646375
-0.60331007463480468
-0.32088285220536833
-0.66426066231798075
-0.85166010153376193
-0.91662222069918775
-0.45819950454852526
-0.46989347050461749
-0.82971727021187458
-0.74272032308329705
-0.28377596281093104
-0.57277669195308167
-0.79067719136594861
-0.64891976436107235
-0.58933657684463037
-0.54102265002894334
-0.40253327763251417
0.023524700078363419
-0.4244518724535104
-0.42875195757298756
-0.26375727916389952
-0.60181660046272911
-0.30771591413476507
-0.65157499357139814
-0.35089335021710377
-0.48861864593713306
-0.63383562691070794
-0.44959992212643923
-0.49748701822701014
-0.60706218906052567
-0.33513005590196404
-0.81247268116861737
-0.55766668539379927
-0.31956388928967494
-0.74978015950804533
-0.98680399796852747
-0.58152170511942824
-0.41965837441237269
-0.64422320344355333
-0.52861175006161942
-0.57746077778234828
-0.75668613921860539
-0.44550494009323144
-0.50201207409836313
-0.80488534222376951
-0.32552603904399324
-0.32448928589186304
-0.25209001317540242
-0.79607570025525842
-0.54175814299506131
-0.21862426320328415
-0.35211043673650561
-0.78414184671140674
-0.57523320191159122
-0.31225124769572665
-0.38464480023791675
0.062665430306413264
-0.2501780189522263
0.002281472266412054
-0.50581911405078128
-0.72725559174899257
-0.17397422570566795
-0.19728740261004513
-0.44000641855039135
-0.16452346298099405
-0.28806539535874093
-0.58841434227050204
-0.51796699149353331
-0.28953430508991074
-0.41208838022063632
-0.44942831545222023
-0.89947533768118793
-0.82927366999754848
-0.67167981324012249
-0.14941884008513978
-1.0494286667138828
-0.15460450434560827
-0.43985791573815425
-0.49039332358950843
-0.34272577099241419
-0.53637008650760387
-0.44154182303765122
-0.19155617793384319
-0.43247653823014942
-0.59400342211971413
-0.29406251261206229
-0.33407710905533888
-0.38185040713677693
-0.43649375734449553
-0.43648228846190107
-0.64230887867463893
-0.3598154271234375
-0.31483481736853547
0.0027118412032650445
-0.46164697998174553
-0.58646086326101876
-0.64700763373945114
-0.17663333016941282
-0.075962458411968484
-0.54143006810057892
-0.30306865499656976
-0.38512605458962496
-0.54636603699126607
-0.52730789251780752
-0.34887352687672402
-0.55078546346108004
-0.37340513037478124
-0.53206554825615893
-0.13212234439784679
-0.29854396006990719
-0.73606047276418662
-0.52085290108214144
-0.3776177062338919
-0.35323731970666555
-0.75241443033672917
-0.67894320693583576
-0.016152173416871543
-0.41420938260426099
-0.11339542264048197
-0.39025399015490042
-0.18407261745523579
-0.47059635245739939
-0.38237600723713416
-0.31971975450147022
-0.08064333435695191
-0.16158669183248142
-0.088889522817884647
-0.027708011788422568
-0.38475956644174486
-0.37099206675271645
-0.30714242768237676
-0.26946171946783576
-0.60036964667107451
-0.78180070105561195
-0.38897510393402024
-0.272475348840299
-0.44897053284373795
-0.27285088373605904
-0.43274721786355724
-0.18301845110697842
-0.30797546222055905
-0.30623602272938816
-0.52331758831032515
-0.54418863768150005
-0.45426438798501922
-0.69997277900461685
-0.26812233110120165
-0.56146927899995247
-0.4627505125873142
-0.58780956907968707
-0.48554624320621032
-0.23251517358632917
-0.11625348888687145
-0.39377863100914973
-0.68995905129505397
-0.34467011475416143
-0.22686938318784444
-0.16672812363910527
-0.10392614840297883
-0.34296704256932387
-0.090395489339135909
-0.42726932023891701
-0.27234112509664188
-0.37539908971257324
-0.34872332564670772
-0.36893827845453542
0.044678258424982832
-0.22779848663822239
-0.52639933289607366
-0.24483949014957529
-0.30058932480041256
-0.44510382253301328
-0.19417153070872917
-0.48645284344163409
-0.3943420147973305
-0.23478177741592104
-0.18586546623667979
-0.12496012607915209
-0.24114560503126628
-0.24813882447417809
-0.19603494688524495
-0.13642885249373982
-0.25762569561613291
-0.15581415149529604
-0.024855205438839113
-0.59745924867673494
-0.29132307272649494
-0.12395840564556258
-0.24958790547284246
-0.10348871124525401
-0.24248368691047156
0.021357023081137481
-0.23067393096133576
-0.43266279278992775
0.0063422898153822106
-0.14133814168708686
-0.4008605028818249
-0.26117412395692768
-0.12654983676130363
-0.1832169032316277
-0.16644823512310314
-0.22332709392087133
-0.30005747038670327
0.045855081140966744
-0.23406352640150122
0.041892329746160022
-0.23498024091927003
-0.15295787483572507
-0.178651522815233
-0.42183229640373199
-0.14176836091378309
-0.03931960424376784
0.030411802162857517
-0.048270184400291162
0.033580301010308643
-0.267312191688578
-0.027203858343137162
0.0053052675005758792
-0.50940542107116737
-0.0066827516075988174
-0.35632704247096736
-0.31029000020810232
-0.026552328109862636
-0.21971492020718478
-0.29155972801961694
0.056001957280278
-0.40412454142510312
0.30947022959421794
0.073707902413227916
-0.15343960856484498
0.020681662296277829
-0.20898836583891056
0.067106154124673564
-0.056889423612446852
-0.088387032277656222
-0.68147716985005158
0.013532677070385113
0.098482689439804635
-0.29968079242106538
-0.50337890720509548
-0.22552103341235891
-0.45968914589240473
-0.17310536426395556
-0.27908546868476564
-0.44435109902798337
0.13930628053411578
-0.010642444594943663
-0.1720443534585489
0.26201153564082796
-0.15909662704736627
0.082028922007263638
0.077489337608877079
0.020673987656928773
0.055658979513054894
0.16114599505280802
-0.10624738576216274
-0.18394638791967607
-0.08276962492728189
0.27362581210318387
-0.10364541009479387
0.14749831469432775
0.1540638926538451
-0.071372438467766627
-0.010169573295855758
0.11507220550269671
-0.25699431904778963
-0.17694519799464808
-0.10465804292779216
-0.23228943886069714
-0.33709130052358405
-0.36284124929704564
0.17037348683778816
-0.059773672578969365
0.10087039709424696
0.1567005586589863
-0.1262422588544776
0.2869968584328938
-0.16377637897646694
-0.22248003012807174
-0.04150937421313964
0.31080178795155666
0.10728368883283849
-0.31426833214590816
0.043697952630180108
-0.022699593708256419
0.15122041083516868
-0.2298929676766813
0.12159095575748344
-0.17927017569423859
-0.044028235341959265
-0.21976358947854932
-0.046899105060651314
-0.42152533220613936
-0.44005019079409602
0.287927534530315
-0.091150760446383983
0.061280513048222289
0.24836272942632304
0.048684826885771471
0.031542894906404877
0.17319935801408801
-0.21490020958176673
-0.30308854484147274
-0.37496874212765136
-0.15762323229236078
0.081087596858977568
-0.36562436820214606
-0.43973492515318685
-0.050523324807136845
-0.041537864255288465
-0.057778675375294547
0.23374472347012715
-0.21846389355595056
-0.19546274412834805
-0.21496723563680736
0.078890518133172563
0.10155220207253229
-0.1011797470344962
0.034364769329785633
0.086203588393992239
0.040918090613374924
0.088668788383795549
0.14687509310692223
-0.45539700607289024
0.075043890992223958
-0.17184206705146199
0.22612947378578088
0.094183546082334771
0.10585669390906517
0.20575544242480967
-0.27217080450903486
-0.036680754314252835
0.37006930498462015
0.030221945569597609
0.060234866600258535
0.20872532079031136
-0.22817391420214028
-0.056284876053602197
0.040393384260859713
0.15791558228924812
-0.12334597293837972
-0.098180519529904239
-0.054846640958019728
0.062977741027736706
0.28423285784377794
0.36856185248606554
0.31171804669856401
-0.13774615809374777
-0.057728591460720638
-0.2576188892944003
-0.1386496090753061
0.29797683787439083
0.11159175813961181
0.35842391743569624
-0.18416145866428238
-0.31498374345891067
0.14251298996113329
0.010637424099210679
0.1237712023992535
0.05914480614222193
-0.010510765896748511
0.17456664425761764
-0.033768627006673387
0.42202758835091486
0.28221341886093859
0.067197823256453362
0.048907714270259785
0.3457796742995165
-0.08133465849037412
-0.048651839937781327
0.10933105579101986
0.11036526673226717
0.31534749783518307
0.21075559533763655
-0.02053357742161771
0.18909566781988923
0.30889211272444078
0.23166649252719709
0.0081775954629940851
0.45348559642750375
0.07305566199796365
0.15675559130672484
0.32704807070406988
0.33572618262752479
0.37745680271653181
0.28425324962143667
0.15870349625840935
0.2245256872556729
0.32095527670997792
0.22211152456236499
0.12965745279118349
0.30692360559162829
-0.073735729363528429
0.07567681743977249
0.060069274751894136
0.57526400053644466
-0.14860709381221024
0.45650955483906103
0.26521353571413742
0.34589544592907562
0.19213180811406633
0.23657119194574944
0.27483540890269997
0.17324943573796389
-0.0060512908622240569
0.25407329459594763
0.046317912111710983
-0.11491321967877223
-0.083191060528924082
0.18655313225257786
0.37257290058407894
-0.080922726504445305
0.29597315218295184
0.1366533621057453
0.30495882767581312
0.049162418241627391
0.090987591011018026
0.3348837826421448
0.037278840104881687
0.10919207052169641
0.50938269136505199
0.46646844810639237
0.31237804762758131
0.10317680178182725
-0.13417834215746527
0.10122390230498136
0.35956182186250052
0.10804684543810493
0.34443216314148306
-0.05193830060968186
0.22808492542690417
0.43300646631602469
0.50125613534108315
0.20635424830702603
0.23117716799169211
0.39426118545239597
0.43322619622955705
0.40681704171654476
0.055953794783162522
0.46675726737940942
0.14734717675177789
0.28441056222482813
0.071942504644056438
0.13246755895959303
0.24355356744118015
0.26783478103181069
0.62057629686674509
0.31937791172536889
0.336377031797648
0.51877433398880302
0.21067333785310963
0.11698827038378211
0.03011888737707584
0.20195582111248436
0.42485745660384239
0.18471431939536689
0.38277543156703714
0.33748776671198177
0.48253574738318139
0.13086722453976277
0.15990993055912203
0.13600800968179683
0.015708719916495032
0.35063677755271444
0.19762036362925905
0.37942717015583205
-0.16665070888203753
0.67296881977022149
0.73072533470267964
0.2352223131383703
0.44971508866368776
0.34575343398255082
0.26833423067076051
0.31393466193543906
0.52947901584957058
0.25965518582494002
0.40425316273975137
-0.057419841418462937
0.10649149414446349
0.45713356880673783
0.36499518603304415
0.27037471002078783
0.40658289245881885
0.65438070819092131
0.39644236765503582
0.70220811779674364
0.21187800173254648
0.30598512954942947
0.4815644925487319
0.7513111170408866
0.26053454988660918
0.40059391400150623
0.37719553012750734
0.3161473829467597
0.30861590577315817
0.58333887628149561
0.13394800675653684
0.61253364971022839
0.47603158332493484
0.41320731912379
0.57657138228322602
0.26243835788233555
0.25451686282013347
0.44355257378533652
0.54400410471070282
0.30284606566518851
0.53605924828715046
0.33435466430611044
0.5498960801569579
0.43838737854762483
0.59198140971995572
0.30999126370079555
0.57437741065551273
0.29773003197956449
0.23322190955182528
0.41122863623666489
0.14125000849879923
0.73005023898290244
0.35494706266080767
0.13292355878761566
0.65829137420741535
0.45128597890805849
0.30731701789700228
0.31128215891882816
0.56058237596300453
0.52663766632522269
0.44169530393108208
0.63661161013919465
0.59184531102465876
0.57117064457989131
0.44595309229417585
0.079505587174423631
0.30348231728625519
0.72244837482164059
0.29237310858444709
0.30696540793745719
0.50054348089808265
0.27893877886141227
0.40554046811825589
0.62929857220949237
0.21002868846099745
0.54471121842369175
0.60963908731337557
0.57404870885166237
0.57092021584944863
0.52782370501902565
0.30501923634795164
0.51307661091566004
0.63876167073039325
0.31414411677169296
0.4006382518060293
0.74485672487262122
0.46074283685907969
0.62306278145378313
0.59004144950939974
0.76408554371035931
0.76240717244626299
0.56951394536707411
0.27840551964888499
0.72427018923785447
0.37496241175893941
0.36535082599494118
0.62418051468984659
0.21691568587583446
0.39870272801043211
0.24594730777634047
0.41456149167831657
0.45391787407095269
0.49199953313139794
0.40850774503103937
0.68791051554328952
0.45945526599926378
0.45316459009029703
0.3904024829063783
0.13048205409581831
0.43268643020190223
0.79538799542522376
0.76187138131578647
0.52426758998763612
0.48858767585648899
0.83332363366154194
0.86024211211542356
0.34656194144907726
0.4989840203458788
0.6653577853893865
0.32622080522518254
0.41882219914246638
1.0322291618502293
0.73911040808826056
0.78919475428893993
0.63243985835223093
0.39577892925461777
0.57090676529413653
0.47668651512356819
0.74591130597195132
0.77248719156901968
0.35123414591147067
0.68834309774947355
0.33658058766141724
0.40762257955214914
0.50161088169373058
1.0634772864647488
0.77826110671720883
0.27335755078295731
0.93233696252371479
0.84823633147316069
0.69565345517760158
0.55560593455003982
0.44842548276986094
0.67675186402508203
0.67540200309619658
0.44409919582216228
0.27063759293366724
0.45871400751680635
0.86373235930644188
0.66030716190219529
0.83231695356786228
0.74676030928575954
0.62424146451041218
0.41468102731694345
0.91860398750603889
0.27010017748067222
0.58795707985922596
0.49186400262321739
0.60240059797100876
0.80112233021098944
0.62901822745291391
0.82074525917507768
0.80517781186664672
1.0502270887680325
0.7769026332504203
0.61163021782676086
0.26499778199012985
0.82089514117520324
0.77145388976221285
0.64609338108345027
0.63749891830706362
0.52305823289644138
0.76654440520599332
0.6754005855150732
0.85437522925681453
0.96066329375430759
0.58945700330946216
0.66018767251891131
0.67578753630690513
0.64538992436413778
0.74949997091210041
0.64813813688688182
0.64680417844306015
0.64909975458049818
0.66300691828502889
0.63983453571731175
0.52256774623893343
0.68469502998386333
0.77528184397061295
0.65043614761598645
0.51691720220992121
0.82832701305641243
0.83975401194786148
1.0162116470454694
0.61965636736917395
0.41666749034003098
0.49902598331985687
0.58422476605624551
0.60273352574818106
0.71106599179936958
0.19249219125336364
0.83311981580503269
0.58543795143939914
0.73226833069200159
0.57809074900334989
0.98964568360960359
0.81207305361639792
0.54629329130766657
0.47223451017208906
0.66397401748630103
0.64628529308086835
0.72402233754484135
0.57861862518711815
0.49749844589290998
0.88456243527050182
1.0079468460797263
0.84208701076707893
0.90072931759067398
0.54397207083889154
0.89412860863905852
0.80002089819123368
0.85816216316245997
0.71998342135689664
0.85025354455184521
0.85707521213404803
0.94248231670040961
0.67276904538493931
0.9323778746963225
0.73795057109702211
0.98934317601478294
0.39436994040249657
0.71054867876803929
0.4819457591960799
0.52639402490610088
0.81974624683366937
0.78181710678376715
1.0149474293854763
0.89018496989255824
1.0328484414054104
0.93475127238066613
0.61379801355325747
0.64343766732468255
0.65896219532912625
1.0907268282863243
0.95498016104826577
1.0528980364139362
0.46132611970109705
0.94331787266788192
0.94278194348999278
0.80437051597753972
1.0699600124355397
0.9157444920689457
0.70048704960465114
0.68667200134405237
0.87901911490129514
1.2340698446996607
0.70315265254525339
0.70679997766810199
0.75571468039667
0.80762162687821326
0.66053687984731235
0.65833364029895114
0.88359384982129685
0.43356356515837463
0.70656648592163562
0.63717035462045923
0.98684518184990189
0.80525877482071695
0.81668170141006402
0.80222796805528784
0.46860950721254591
0.82294076485688217
0.99411129033943846
1.0158302613214194
1.1448661108231293
0.81853145574671482
1.1365374691817405
0.94318282000405163
0.48616583776209754
1.0051715706073052
1.0118510104453005
1.05033244052007
0.72609026864845239
0.89844561600033701
0.9314561202232271
0.76502248461303746
0.74810729395996012
0.65025429155499392
0.81023169795071848
1.2415820738002945
0.79842591993658796
0.73265406970901636
0.71875387688821812
0.95155436499739199
0.51102640616712325
0.95895906225420835
1.4149276273696847
0.97269298831282125
0.93546933104315677
1.1870614309355665
0.92341203247824322
0.68267104374681853
0.64642797231227467
0.961950577626284
1.1336079814970585
1.2814986834178659
0.78654712620361489
0.71366277948983015
0.68974551341297108
1.0166205994703927
0.68819938715784801
0.89334519935654844
0.77468406282215985
0.65042409307018978
0.85136261739950003
0.91256461379559517
0.94080370428012405
0.92277969877983101
1.0162665944395353
0.95695374952977341
0.79713379774182136
1.0985259852582181
0.83087949564429964
1.2315327021038183
0.75998189137561689
1.1006687441640635
0.67455406842917354
0.990878726018669
0.97606125342281524
0.68743576706585152
1.0809585162646926
0.81762488979308756
0.85949508791177609
1.0890153902932544
0.84250187790518516
1.2435351491021061
0.87775803128753149
0.6310986307039631
