-0.93818202323226529
-1.2536940735048498
-1.0340860831833354
-0.7057561434624392
-1.0805663144948696
-0.93323147634004056
-0.85349667080529856
-0.89318813481230752
-0.81965836818688054
-1.2072144151406246
-1.2151323721971343
-0.87533102263708651
-0.89547677764753963
-0.98143590397565561
-0.93708772352467151
-1.0501183222736308
-1.1599178098802347
-1.2100691210107439
-0.7479822678466056
-0.71841301656825896
-1.1831084333542017
-0.8653675864616831
-1.0289365265052219
-1.0033817129357605
-0.79256165226299202
-1.0507911854320011
-1.1004421004113478
-0.96590147179023367
-1.1133474947592872
-0.6389259402674764
-0.76521992046025111
-1.1302892903224271
-1.0523969858191964
-1.0122412716702192
-0.77195033832770321
-0.76056251451762891
-0.96989890809283652
-0.86854299791016332
-0.68076968652061343
-0.79958148937012274
-1.0285857044044207
-0.87340582761851882
-0.75875279522953332
-0.95433900263998106
-1.1552293723035059
-1.2719225590787735
-0.98737926367051065
-0.76908628441878268
-0.48103991781779343
-0.92464435395940425
-0.74158512538189092
-1.0057254043150283
-0.61573528995763382
-1.0162722619618834
-1.0750365077381698
-0.92289208955389179
-0.9637881658906563
-1.1375177218547323
-0.78892052009014579
-0.65228021971383388
-0.99926689513516087
-0.62271360974360945
-0.81139920358909834
-1.0327049315685088
-0.81877482592938511
-1.3819206637977419
-1.0281050876393509
-0.82619236251857964
-0.37683329924785697
-0.76627938517259453
-0.83725915446094235
-0.70232027479390502
-1.0222205012108969
-1.0373465391150409
-0.81101040306103167
-0.71123914620949125
-0.59269342419412019
-1.010201087124704
-0.7149654189182556
-0.80217229561510528
-0.89859080023232296
-0.70345707527972468
-0.79162266656121749
-1.0462229160493668
-0.9566919883806374
-0.71926131681721217
-0.8086030851108621
-0.8179142418582247
-0.54658596926799319
-0.78318589580671805
-0.82720823840249447
-0.72479580000114019
-0.98466553956566338
-0.80820423459849966
-1.0077993563046161
-0.88395624863932631
-0.44252962999635376
-0.86787320509068266
-0.98843512529829025
-0.4917364099439025
-0.60452448830351613
-0.61114487158329034
-1.0697353137908812
-0.6120638757516762
-0.7057768195174785
-0.93626334762172603
-0.65447909817177408
-0.95125064082725963
-0.71073730628802356
-0.75940303755408511
-1.095708599153983
-1.2879766704176463
-0.77975443512669418
-0.56894438968371763
-0.74587481507556286
-0.85083491044654869
-0.92857166732864405
-0.65562721290237647
-0.5736137013512167
-0.75824550964314363
-0.61410487344012021
-0.70845672688165651
-0.74207791321328787
-0.47014746750227948
-0.73395191864210474
-0.52441194164904825
-0.63019135355917166
-0.53421877751745173
-0.57110410662116529
-0.65958537971223175
-0.8155978031617549
-0.86669143908839275
-0.53763739918211662
-0.67789693354698
-0.72216731205529261
-0.6582797361453927
-0.88864109447880013
-0.35120307374484755
-0.49843318378764556
-0.70673697364179933
-0.82098800223713275
-0.94858048637385795
-0.62489009148786334
-0.68633299704256001
-0.76037446297568723
-0.68908961097485333
-0.63816910433530338
-0.56077265547645927
-1.0038681397840497
-0.75869887482293452
-0.59631555838771999
-0.73974628748906812
-0.58961448254599902
-1.0137650016422795
-0.87355113052382716
-0.78006625570578092
-0.77973809841740971
-0.65149637738805799
-0.97582089311733633
-0.636172634712867
-0.64910216636477946
-0.34709010125890849
-0.65763301148326714
-0.71406215399455031
-0.78062764207400637
-0.89999403157783064
-0.65553872321311135
-0.62305316582100678
-0.98691659677617627
-0.72727929190848872
-0.61237726092251399
-0.59303050215884989
-0.42414302907446766
-0.80352433916499
-0.67011266586618756
-0.69199980295667529
-0.69305078703695511
-0.50755299757858896
-0.63713865468655462
-0.76338345521469742
-0.44876374889064091
-0.76338702081671617
-0.45395677481569757
-0.63575575747260926
-0.32645764420711731
-0.63063415012778434
-0.47240581455538316
-0.88738066027058293
-0.94559483649298881
-0.65162310125181111
-0.75792395189889405
-0.74493183550874653
-0.81132865253645969
-0.46603830781213479
-0.75806207864653452
-0.71544895872692094
-0.5303805091097602
-0.60756763690048532
-0.86349078739849927
-0.78867471552704183
-0.66229243089923917
-0.34759469738688198
-0.60163184018337124
-0.34332887149263658
-0.62706448361857536
-0.98238253327180713
-0.47604259748297778
-0.66999842866462467
-0.69278720600236121
-0.4858610304260233
-0.83430232433030649
-0.68436801446871742
-0.59198226193876413
-0.35023339247632651
-0.43061418583562638
-0.40865355358755817
-0.77368820033816643
-0.57530668527070683
-0.62354306419470373
-0.49326105463540831
-0.40821464922274386
-0.58433149169785359
-0.56098774723750733
-0.39565891551978821
-0.78309785801797327
-0.74274261732743774
-0.792073470245371
-0.3868036405099553
-0.24136507237443636
-0.55294347373779684
-0.29910359167036177
-0.61199851827221741
-0.45706198296374029
-0.40867947120389869
-0.32127639059296487
-0.56818161610829443
-0.41376305120610762
-0.70081481624396902
-0.82007482553667355
-0.42899519526336166
-0.40648813386848454
-0.84649017460629739
-0.55034855267009331
-0.1358072502547516
-0.57349566895444004
-0.44784909686293778
-0.60480809148314996
-0.41607708785929759
-0.13696002817553288
-0.61404961761746912
-0.3596939901440801
-0.61158449012647487
-0.45335332800542089
-0.78483823953028353
-0.39356777666264658
-0.47785279484492404
-0.39262745200835519
-0.37836025410575441
-0.26037160110852847
-0.41278981772915646
-0.63303885178425379
-0.65734941864537988
-0.36210869800494244
-0.58652024026820915
-0.48002803863769461
-0.7965228240688087
-0.1784412469093406
-0.5105619441483209
-0.40638193934172628
-0.28335351270822207
-0.36785480923590058
-0.48297792559002972
-0.66774367246209609
-0.53481567706599809
-0.49554955204327222
-0.25311944103046718
-0.29532200811707504
-0.5742700847125255
-0.37813951532303641
-0.18083967177490956
-0.13391237479657039
-0.29330057581091357
-0.46464160906765167
-0.39620168247536214
-0.6201279940405563
-0.4305729423657938
-0.39169802993907493
-0.63087879657558033
-0.49772274834989561
-0.38622045662851251
-0.56514482833951363
-0.42325258120270121
-0.66260304802699743
-0.54298132523765141
-0.5118025669918288
-0.57897085860039921
-0.52636118450980696
-0.32461201890848418
-0.62857417872436494
-0.21730062162024863
-0.53103231795607286
-0.25764431182069192
-0.69233024222982198
-0.48887633663357771
-0.36131319370193615
-0.61178974261447538
-0.59643812088221559
-0.24559614673944222
-0.45165566566645832
-0.42085934904597544
-0.55065041374481849
-0.41087083572991406
-0.31766162107749102
0.030844942523177418
-0.18007277677396763
-0.71796087627379002
-0.45000041320696293
-0.52391829583268101
-0.10620504598950752
-0.39637041547608975
-0.13617278055068455
-0.26194436906050145
-0.16792627484458963
-0.37300013365986029
0.088662594269133227
-0.34240918881637711
-0.27526222156802854
-0.30762540816060757
-0.37660427969089166
-0.69169454810965925
-0.43187581965331123
-0.25872080309625234
-0.22492006055375671
-0.54369081814915476
-0.41284348781375396
-0.43957054106259164
-0.51890009376164969
-0.48650630456197452
-0.1114404433626234
-0.30828323211177688
-0.16704820942224546
-0.34246430505356412
-0.51546502066171385
-0.36418429695755788
-0.33734207249497045
-0.11841224677439018
-0.37995801017833436
-0.19138677687633635
0.12466917798982431
-0.22522052479581331
-0.23544225128010143
-0.21068862646758074
-0.21434899044132155
-0.23318564584168447
-0.44057269502934926
0.182081807189311
-0.49449902525460443
-0.040814048371475967
-0.096673079572163867
-0.4485428247111844
-0.29495757761211738
-0.38336539193265884
-0.47824252217071561
-0.24962452260832677
-0.10626546550373767
-0.11277265830381862
-0.28522205031526848
-0.4460427216257391
-0.017912821001589013
-0.38735194897492659
-0.031354026671469887
-0.17582938546083532
-0.091910044148338935
-0.25475008594384835
-0.34776237751678551
-0.48989635213724159
-0.29220264467861795
-0.56240449701104656
-0.37418275499555509
-0.50749650411735736
-0.23377094353865271
-0.61437704233792434
0.047981914816836696
-0.59907346652588656
-0.41099812161572247
-0.21737417180604846
-0.19197882028277191
-0.10710129280982868
-0.18215166931760643
-0.20352367647297459
-0.19285053135126207
-0.43468988840536715
0.041706749216648471
-0.025995355135677328
-0.042518376953746169
-0.11818493844511568
-0.093786900315331725
-0.025508152265412941
-0.22981780079720232
-0.093240109811938615
-0.11205544199329827
-0.35498663580955175
0.032387751123223077
-0.11491566451635643
-0.30313034213714452
-0.23983046467945848
-0.14545827824315694
-0.093313423916534091
0.40302218528553113
-0.58224820650478148
-0.12496441613652599
-0.46758710634698714
-0.18824749938388513
-0.14709049911381003
0.0083419801546293498
-0.066061322995390817
-0.1662652298519334
-0.37054501267813733
-0.18039885192692856
-0.15129593677030967
-0.22895525115399668
-0.1267873272018824
-0.094121497639042276
-0.22231048075850859
-0.17553511421485737
-0.49959033444292139
-0.028863418674807323
0.27386304456313104
-0.022356031863049946
-0.33002416174302013
-0.18943078521409035
0.07789329036734155
-0.24483330863178082
-0.042580626668857632
-0.28968536702064529
-0.12547992491195858
-0.18746798961375608
-0.21247076749303248
0.06695467577696658
-0.38213364754021895
-0.21014750978064414
-0.22167293359961598
-0.27093329861912846
0.0027292941034459911
-0.23133140575127473
-0.28653182460760696
-0.33625265306998076
-0.19931148794883979
-0.27589256779832799
-0.15375013780241667
-0.4030507365167319
-0.089830211930782528
-0.13543132599577584
-0.2406466588894402
-0.17937867534094018
-0.12796655077676769
0.056121112059615862
-0.30759710969564891
0.0087824475475367647
0.30958610930907493
-0.4258327282075447
0.1557625643360632
-0.19587511495944898
-0.35115560953341241
-0.25821071645854871
0.055130166647020605
-0.14104448482790161
-0.36530148888071184
-0.077324102232054576
-0.18963182552447386
-0.19059349614702845
-0.065931167626118517
-0.18003874774105288
-0.16197930260275226
0.20341625748361922
-0.10803909085390431
-0.059165802137157886
-0.33069211725179604
-0.1156660230036585
0.068141938132223329
-0.29994621962206125
0.28272606796106625
-0.06929586913938042
-0.30362095433136171
0.22292945543621168
0.11139673163791941
-0.10591512460046372
0.34165330838610414
-0.10174326946655948
-0.1468728034055079
-0.16268684629100316
-0.13046341440036766
0.032674622918930189
0.10399633693303129
0.077219627717734787
0.023886717993920569
-0.39477820925156593
0.059235554252153128
-0.03807824426524295
0.17539854858574594
0.19798182188593078
-0.00076199286648083713
-0.043437433127430064
-0.01950884684170082
-0.0815763069067518
-0.33747880609654474
0.019270586439022085
0.3248327469042625
-0.046237235150105312
-0.021477581033726642
-0.1201055694152456
0.23718224394869689
-0.20500348245968955
0.16854307064779131
0.25474155162134976
-0.10378951022793033
-0.062478876156157111
0.062305074713283302
-0.044278473202119306
0.076699225082737826
0.28932762364137921
-0.052797092357079113
0.12918775321084355
0.12684576967032637
0.20119159927702035
0.26885707427686961
0.27742170443047032
0.0035137201280156559
-0.03038509494496773
0.17654504405583962
0.078256170718796647
-0.18521267212173803
0.3045446397274853
-0.11441746043320103
0.25351360672517598
-0.13846234464820123
-0.050266788599613303
0.020857141513036397
0.2273823149298263
-0.0050009723875489472
0.032282180589720169
0.084580113990319949
-0.23832924033942418
0.019934844497494997
0.17360421139895207
-0.18673786065318157
0.19902548396487585
0.081551377332194377
0.3091231441716365
0.49070105923991841
-0.11646463435746672
0.55234392503626517
0.23794644089046901
-0.0016810263367405768
0.36986946829658368
0.1854863733355164
0.072294771195314841
0.069700139668913433
0.094479313488115765
0.28968537229968994
0.10248046376811368
-0.10305431490871073
0.0062318431533217632
0.30026760835249056
-0.019865757597455198
-0.1209067194556267
0.17357990329270381
0.235639998681414
0.23071072484993757
0.1414735197564552
0.20185740613575237
0.094629558116496384
-0.022978131932334247
0.14691996136201177
-0.067841215562734453
0.24014924183389966
-0.10945150428644802
0.29487656137768098
0.18882970136183605
0.099708020045752757
0.095963972795302319
0.28866476496302623
0.099304758890946351
0.21376347189963862
0.0020149943410499509
0.30020120434419917
0.081506680855164007
0.63997680206449348
0.3165954532277801
-0.078286295707169606
0.13110457824261423
0.18924167039025189
-0.069015545797314407
0.35945652315030546
-0.01051931234612013
0.16630528816812779
0.32310877363671919
0.05215949449019993
0.23211495062262341
0.42729574652272079
0.055493125607141661
0.03082385309443338
0.043987121803880876
0.16897085462723668
0.40375234959083156
0.3152221364412584
0.51359020536155353
0.38458674033292722
0.10534105675692453
0.14179803799382512
0.088847877489305935
0.43860392499107526
0.05939659040825343
0.15836319538078195
0.21666284826124196
0.19030425164807174
0.49310292044415627
0.31981021558918221
0.20245525109760062
0.25424651511109547
0.51507020515543478
0.39694848586392656
0.16900719495720892
0.35334238219772685
-0.0015715984651926158
0.33824171067292619
0.182525485430927
0.34379657432583449
0.46915660209062066
0.36131824684619568
0.50740035328784783
0.22587578821120441
0.082805325393834908
0.5324257221285722
0.25862752675480216
0.33211241565738198
0.11786820862845418
0.19183101513511513
0.62961736987932848
0.3739300644387028
0.20973238900760577
0.21681942031532764
0.066110081537156265
0.52455833337184321
0.4019936986451062
0.44240170812587087
0.46352007288009339
0.20895447333397837
0.41769284245091937
0.57427301365111483
0.58095159029683996
0.52085067552701159
0.27592897733132471
0.58627393656426219
0.17712886205656478
0.17330590843532331
0.45653582326801279
0.40935253172947716
0.33540319107243532
0.29287046366619623
-0.010878000017280913
0.39218740049203027
-0.011426353114831296
0.1552680950961948
0.46690473425017748
0.50935442604696612
0.5198789872638454
0.31849352061810038
0.28369803250003423
0.43671784142813086
0.090437331121599907
0.18592125357051334
0.43151939086769325
0.22130655106922592
0.4437846361952319
0.25268198009924409
0.40004828581107138
0.43468307368070869
0.35031055114486548
0.16353510118121606
0.45710265264869188
0.27301288919058631
0.22485274439313807
0.36666171183758861
0.16159762412289277
0.44613968743377413
0.30189816451198492
0.3989248547424098
0.57442290984956212
0.45563034023651938
0.16371485949454237
0.3353072535802859
0.53682779417645465
0.32356378151732229
0.086630623370542018
0.64462244049742501
0.18633334693324483
0.39398079632479061
0.45387772848246688
0.51628388253355773
0.35861392104730505
0.54694898912412393
0.72127808923479264
0.35439462428127588
0.25068172816372764
0.19742166903737507
0.66244356346214406
0.40904803373238097
0.27279338247504387
0.41426376331462905
0.87224771118117572
0.36128355763284659
0.76735578678183103
0.47262627047555356
0.58709012518128689
0.29613741431835194
0.50392428654503452
-0.082599782931340598
0.49807226672696092
0.37929486403836005
0.34320452066716789
0.36789104524418986
0.56217984945474531
0.49817888996125914
0.41349206833573676
0.16327036733157202
0.74781923862647026
0.48564971168557375
0.36155784513977007
0.56547392294812915
0.5848507620493153
0.25103002224307358
0.3657454874795798
0.48402455642227821
0.65603628612206832
0.23620917367671246
0.12465165591259743
0.83332234413801498
0.55770864517349084
0.90051306438060252
0.43036575749933725
0.30797303789641328
0.26982901223778022
0.53669999862839268
0.43214708380206923
0.69960602798546045
0.85393127664002255
0.91149482577571384
0.74780781167748578
0.39888212166900855
0.60300744404981843
0.63711704036936878
0.47032464169307658
0.80757444168289694
0.44334716189149764
0.65068731931752377
0.92141366513888234
0.48123875573749664
0.25581885107255586
0.77947238058001567
0.30663473621036741
0.52665240750986964
0.084640408043569426
0.56525537447224761
0.73775106570358007
0.60333009901638179
0.60886142503369833
0.62770391486013599
0.59334196607572376
0.59682849843104135
0.75492356843213404
0.44818295698220267
0.45699814035631642
0.56262738428698844
0.44585296853781559
0.59544154983541675
0.4569456928178473
0.90688976180525316
0.5749132646252133
0.44800490139141502
0.42794322630748638
0.50091575840692137
0.6646063020468056
0.5604080816400504
0.90368497821216398
0.37195869778438512
0.49979565317245717
0.56103985250203547
0.3695733724661513
0.28956035739882907
0.43149361543832965
0.41641181460465454
0.37089064980970837
0.75412889416256879
0.68127019518036569
0.62780192332707485
0.67713442000261426
0.81300357709344617
0.3963668590539689
0.52329595607939061
0.23907327822402116
0.48283501742393675
0.75093822136084742
0.5117111746411811
0.55906993616782608
0.79215744097194185
0.55074739454235522
1.0103928275010008
0.51146979214478716
0.53211918375957323
0.69302527254307655
0.47961320052049006
0.6618015912284485
0.55246771762656655
0.89638048687526817
0.54441544970138045
0.66388359057945212
0.58684603076338238
0.89031384469223229
0.6957734490246309
0.74422378809550405
0.29288048246050252
0.69679783577440624
0.80595411461559818
0.31398664223139539
1.0312801076527329
0.45281807464575496
1.0912732593229992
0.51800549535494178
0.64638869914601005
0.86455462130408289
0.64859084604806849
0.78304483910777412
0.60327645199535107
0.91090228660797201
0.84348441081880399
0.61350916349242623
0.91188071272373161
0.92801094954051511
0.70973555170367475
0.53312097397059499
0.76972384370019498
0.53971423664751395
0.62859809440859116
0.62835401700731486
0.63901633180317841
0.53553326685998126
0.39485591621386806
0.65278012044428524
0.63527315177081456
1.0313060250676342
0.78443174956107575
0.4473465615874555
0.53333673773655965
0.69394732082021426
1.1218099578166421
0.64221647514161262
0.8087344306990647
0.69339606592340253
0.71031520154043937
0.83553783278013161
0.53941935905156468
0.77262412026348892
0.70317791231536719
0.73232081560277507
0.70558896487371747
0.98949163127362327
0.50281047723455607
0.90856317874733095
0.30426283974114066
0.58842415062188869
0.76831284224761376
0.87368853535164648
0.43729575197164228
0.79060459158185481
0.67460150141500275
0.80192478330826522
0.684224452210764
0.88895267414081836
0.78659117975678017
0.67130553506584589
0.80717456125979492
0.81364506734349029
1.046739019264983
0.62320597702188485
0.54457126796306599
0.44112914161841782
0.78398640725450397
0.80356835671292337
0.62748220587494508
0.599956948463371
0.95287109806273884
1.017304297541324
0.69896203915176935
1.007674099183212
0.90135280853660937
0.99439232798087018
1.1603107064245621
0.5976036064598621
0.78979009476477413
0.86566414208955256
0.47595167902732965
0.892189707297245
0.86721646790859253
0.5141777091515991
1.0120335661487057
1.0152913104937928
0.77770750005884748
0.94630669274982671
1.0671552451763318
1.0614335401832169
0.79564671165862622
0.8949861142411234
0.96687642604794577
0.90917068067481177
0.54447424694406932
0.90219946641475468
0.77081425578533602
0.77139546779896073
0.8969472460125768
0.81493060164574405
0.95947058854133671
1.0065736207436682
0.78991831001858615
0.75247838025418312
1.1362982944770479
0.7291629544732563
0.90846980013556511
0.67991227506852714
0.66392044322831423
0.84269455549484451
0.88482199271703466
1.259470460891664
1.1201910942644899
0.972483716917108
0.85175712746972587
0.58778436356023978
0.99787928060783249
0.97102074789647363
0.89098527889169321
1.0438548304154649
0.75303909306700378
0.9636762568533096
1.1948513515368668
0.94054192793398483
0.81878756706393885
0.65141304185400084
0.5016724643287277
0.67439919554762362
0.72117946318429471
0.85392047759218459
0.60057136684888857
0.70375745555125802
0.99230234689319696
1.0787378026931609
0.72346349002210919
1.156777829497496
0.97655728593133506
0.76015968913278686
0.87942369070599258
0.87956096751831081
0.73438378358239542
0.54385125771054266
0.82548296166515389
1.0345293716767394
0.93181153366850245
0.53399389774407446
0.84314343020412208
0.98638605833706605
0.86865819540726252
0.86202294912652899
0.92248937996360802
0.95320358458350385
1.2492179900660447
0.80302186156336408
1.4120097832837992
0.75376450494024749
0.95885159152842669
1.0968733098631058
0.71459203853870834
0.88605703247448697
0.98481534337483201
1.0650727169106695
0.77185068985120076
1.0301457455553795
0.87427501393914542
1.0078058987236258
0.71917715248541991
1.2708615331535338
1.0253744229264026
1.3021403445073891
1.317671973460637
0.90851899004259074
1.0526901655381999
0.81615992198866416
0.9599396501614047
1.2106554170603931
1.0441600770950743
1.320471544382946
1.0284540312103698
