-1.2109992191896679
-1.1605400168695801
-1.2716105039960179
-1.1233860649771255
-0.83077373164098256
-1.0457864083753796
-0.83059537897748537
-1.1447267792903089
-1.2288668344058269
-1.3488033775308286
-1.2160738426705502
-1.038405465179814
-0.86380553217120914
-1.2844130175354629
-0.95054582427422651
-0.92918510241691321
-1.2154489981306482
-0.93853961498268512
-0.84287176867918456
-1.044253146746549
-0.92776068887909957
-1.3613466694405947
-1.031052501412969
-0.80056672888048896
-1.1097922037781149
-0.88719956984875725
-1.0522049369571342
-0.814829530220607
-0.70825098822590038
-0.92746723361492345
-0.89426139930479398
-1.0114100018779901
-0.91285201014666573
-1.0094955281685891
-1.0120368034249141
-1.1148257736715497
-1.1535732150451203
-0.9519765073855998
-0.97352362429155725
-0.74352207839618156
-0.94746962000448354
-1.0486581064702358
-1.1324704502025329
-0.97268872670057815
-0.7921196949568976
-1.0025047252901285
-0.84648265915920073
-0.71981973793051879
-1.1499155450262006
-0.89910344274926202
-1.0374685096305052
-1.1124523387978262
-0.72364891804992004
-0.94871843265475553
-0.66646830878338659
-0.52063906999203768
-0.95283479825007911
-0.95240572215466657
-0.70504856934655336
-0.76029036197563782
-0.94191294325609276
-0.92252004781981756
-0.80743476823979776
-1.198559380867011
-0.87435136330377705
-0.78617782793199442
-0.86382643619004507
-0.8764615346533603
-1.0767242854614016
-0.9122316410882253
-0.8460995354379629
-0.63983771575611403
-0.92824362900603363
-1.0484032289578045
-1.1905270682302294
-0.94540698491937969
-0.94478208762283888
-0.91802834858968341
-0.75457344165698814
-0.84019677762782918
-0.79399233822843973
-0.43714312448875176
-0.7212677802044597
-0.53204585378043434
-0.91014401048060156
-0.79771558735663317
-0.81147106162289273
-0.90446036845004152
-1.0552105682469592
-1.1282836368515341
-0.79033238542616635
-1.0367355410347225
-0.71548317911644677
-0.73105181574357048
-0.83614048670838903
-0.69658654800912423
-0.95951532684191487
-0.80609864865539571
-0.86867548180661014
-0.54348995180961535
-0.6753627562276201
-0.73732403730195173
-0.95015682549376124
-0.79666568096895418
-0.55283612278868255
-0.83438100219207489
-1.1117768027607606
-0.75240093225868376
-1.0401626077160462
-0.78450941458900336
-0.91139547423467271
-0.89796633254395974
-1.1967056459737904
-0.52161038719697161
-0.50623443386062716
-1.0665150272518173
-0.85636510838052204
-0.69869908879500009
-1.1247982194674182
-0.42670021244317885
-0.91679583809950316
-0.85977743130385076
-0.9101843030383856
-0.79432875504381728
-0.60053016722618846
-0.8497994980856991
-0.86169685878410085
-1.1002273904440718
-0.81446203847424814
-0.50464908187308866
-0.56415940627163419
-0.81771619305149545
-0.85116358847012574
-0.71656937379983221
-0.60080662974198396
-0.73370816383661519
-0.5146383375516197
-0.75829645583956418
-0.86769225534396632
-0.73957447722037672
-0.80924416042107972
-0.51599396849551615
-0.83902019471684608
-0.76981044759795991
-0.78624692744613323
-0.96551176541129258
-0.93438680191198487
-0.72242154646910106
-0.57473218063356502
-0.54777097330489477
-0.86951177866759521
-0.64494653222637965
-0.77607196437275183
-0.69243618726108236
-0.42407518118350412
-0.62249702874419521
-0.40154887395460193
-0.28138541093468106
-0.66683355395030375
-0.45646668254609185
-0.5186490017273101
-0.82438761990914378
-0.65238041301698069
-0.85078742956672659
-0.6447665044351496
-0.67737089996307687
-0.51351221890286491
-0.72432031580158418
-0.61140427604363157
-0.66984901028452903
-0.7504393150056079
-0.72088258367443503
-0.41016256013811825
-0.74713691363151913
-0.86669737595684315
-0.7122384415723525
-0.67359717084968074
-0.61207345870148788
-0.49433861627136866
-0.75823514595753039
-0.4474432843060544
-0.40805138705722288
-0.49528526354066288
-0.72799825550192954
-0.64752387840546122
-0.61163314717349448
-0.64056054551417807
-0.70115495077956735
-1.0897991579313913
-0.57145713633297401
-0.52320540489822576
-0.40573983194506857
-0.87791009022742261
-0.79335642671061002
-0.46429121125001827
-0.64254990912291154
-0.55840120216726841
-0.87437785425618864
-0.49399890165698213
-0.97647713530284752
-0.62532422345478
-0.47384486865964281
-0.77705740334526163
-0.5827154138222278
-0.9030066048934432
-0.49016212456029062
-0.6846355312689687
-0.56348691649119254
-0.68219104041846412
-0.73614676331811912
-0.38192480295134057
-0.63523574887606926
-0.64095102877665189
-0.81797020478061255
-0.62322510952945209
-0.39993957485997406
-0.60056676942932419
-0.64930622378324321
-0.78770649164804651
-0.87846319317273758
-0.54255111106090415
-0.57495257110305242
-0.9352239874328353
-0.61226124176350682
-0.48586640288245009
-0.40832722199075305
-0.59416148189970996
-0.46676811268513274
-0.75996364403376848
-0.52398324368571914
-0.80746832511772515
-0.68427871572005983
-0.44639672276157433
-0.52687059828190941
-0.48573640763446879
-0.71347264128025856
-0.67292891363623752
-0.65724713406821933
-0.70277881389987595
-0.65068597607564038
-0.58403569833872671
-0.19825542488832337
-0.55888944187196521
-0.54315094772349248
-0.49716127280096584
-0.59125936481335528
-0.41257128600060744
-0.54048332645318309
-0.67741116953924696
-0.43179779137809082
-0.66535219848378113
-0.36005376687345114
-0.61764623212129577
-0.6023869142514785
-0.69061891629423988
-0.50833655724795079
-0.60370284470635183
-0.55045017324316348
-0.47561038257496163
-0.66553608699895728
-0.32133221446064664
-0.50670127921774122
-0.70897745488481401
-0.3962134890629937
-0.75177537582177134
-0.53514431186965883
-0.47576292979249524
-0.28525966069267267
-0.48429905447831095
-0.41195268361200599
-0.57859701246818873
-0.64241632140928662
-0.26714217697179637
-0.39647439507123944
-0.55099174920708327
-0.58580239148507152
-0.70013073502720091
-0.59014889847214169
-0.49144502387895755
-0.60757561806549543
-0.68793891042957411
-0.38399645816293709
-0.12452787033393863
-0.4482984899706246
-0.39608724548786289
-0.34626501775527391
-0.48035398543778129
-0.56492858496577025
0.035782151573502216
-0.47957304161554726
-0.33163606166175713
-0.53423070602510248
-0.61894502886579805
-0.36345924675294738
-0.33568584376221006
-0.18512584212743274
-0.49148371052877737
-0.39013775053763916
-0.79635455864725191
-0.24109223951808231
-0.26083052082624608
-0.59615402381782534
-0.57557378925050884
-0.61262057971581219
0.025229051123755345
-0.37660441947792472
-0.22051524613808779
-0.1356064924892515
-0.24673067091644105
-0.39127238708628503
-0.49953434001276997
-0.63878696849840377
-0.48865895642527457
-0.46890581217421023
-0.15666039696234754
-0.60961402998858494
-0.44728484169827187
-0.23124818062150901
-0.44305593547033001
-0.46847898439368446
-0.3760360998770742
-0.14195956034441815
-0.75636009203819177
-0.46798323956590954
-0.53592782843589781
-0.074459997924941013
-0.59060011244648492
-0.47858217876213988
-0.34958810654011097
-0.24597280327316956
-0.21478006719333725
-0.20059578370560704
-0.30312787194091739
-0.32110271638986682
-0.36407723039554357
-0.45582339281169459
-0.35492134109956092
-0.5662724357038772
-0.49136407974729862
-0.56415034116036911
-0.42209474676772218
-0.51987584409126975
-0.58877218105916784
-0.41483836247386741
-0.12863597194230786
-0.26649853586905953
-0.39059184889224646
-0.38425395271073748
-0.22135451237968762
-0.33926461563642341
-0.41907709273068394
-0.14635151785850439
-0.24580815486178639
-0.13391299906828391
-0.14301705881701837
-0.29280449701270084
-0.35977274018220762
-0.27759157248482802
-0.23057790175289417
-0.024842706972935443
-0.56628160208208334
-0.19248928087881401
-0.18430528406468785
-0.45731439155701092
-0.37404444861352631
-0.31268186360930278
-0.32695116429004228
-0.36753235339012169
-0.41676916628621397
0.0057936723673131414
-0.38266598370743782
-0.30644652177455822
-0.32722979508384059
-0.38161839562439503
-0.32579059242520891
-0.34356995554003994
-0.2821022334684764
-0.33366485702694149
-0.19073829408010887
-0.014957449784799914
-0.24489607480906664
-0.43994024545828381
-0.4143169246961585
0.18010299006320055
-0.45906072851601681
-0.031919683921459927
-0.26869990012032596
-0.16896155143823791
-0.42737431040290053
-0.25872925258783108
-0.25868618821890516
-0.35322688973189675
-0.35110225666910572
0.10072830035951831
0.19374280544378761
-0.12548521744167171
-0.3176712397011931
-0.018605432576550372
-0.26779339835900889
-0.48531505412995191
0.029060408951417802
-0.089360474814277766
-0.017998414791428826
-0.27686654630555796
-0.39427273556118569
-0.20678945683458558
-0.2529728650192884
-0.076109631915676323
-0.21342028829270873
-0.088189643688362754
-0.44197486970321154
-0.076004003773072371
-0.035249898124932594
-0.11168202743715724
0.002253790839147474
-0.45757660381959492
0.047869311988365602
-0.058378234681791777
-0.468966054879775
0.079595791931216589
0.099243875540765511
0.062506340420468071
-0.13574525430958595
-0.087540807371726884
-0.52904152911305258
-0.62096078343109351
-0.097977182274091273
-0.077422515112564594
-0.18093229150318305
-0.0011362147333644872
-0.22075960592611382
-0.081307762967320701
-0.3529543845752835
-0.40310997741477611
-0.16924361100434646
0.0047146157260947383
-0.085532154971230123
0.052146577248685398
-0.14849832799354792
0.12097844463730131
0.092877003203919783
-0.23386309367739191
-0.027694603931151598
-0.074254352527957979
-0.23175199907289151
-0.31341761960465314
-0.077891377598389419
-0.13715970780767206
-0.12603245553851228
0.082734960722193343
-0.15209166629380941
-0.031123610578095755
0.18255488666510658
-0.14669603935376735
-0.20784759289223828
-0.23184537727388951
0.0022979564910739609
-0.17171833988094887
-0.013658161114084718
0.046417446049805536
-0.10662086472013708
0.22452821477639537
0.28007571695173894
-0.43061990519090981
0.0012611228188950266
0.056255316913253715
-0.28508719005118738
-0.25124123837666296
-0.23314685872368454
-0.071771797094057094
0.063302403697426707
-0.30965454043912405
-0.28278218652637921
-0.061540065554164587
-0.37399288880881515
0.038052262147644497
0.1592659977353422
0.032452594089990981
-0.027918544299269609
0.25790825576897947
-0.24805768344014176
0.013790054412344727
-0.089918169751606755
0.10670335757917773
-0.14666915037450612
-0.1516784892321458
0.0058870718141699283
0.030357748002108106
-0.17514252595882127
-0.11504031877674893
-0.087700412719976972
0.11297583071290168
0.028002425647064042
0.057495263155359848
0.13961837322779755
-0.24007743707273982
-0.18740618338640549
-0.33004087255989817
-0.021972616067377077
-0.16622430637116592
0.10567953225649636
0.14461109251956489
-0.073728824774369775
-0.043865912164526365
-0.10713256537846928
0.088510021501520347
-0.076901423510748315
-0.07335234271998875
-0.16080132785364537
0.26298907058847332
-0.090400406492923496
0.14416829668018052
-0.17275805985122983
0.069252502936399132
0.24154603207241998
-0.10649534802719378
0.17905968160292463
0.20972141133017097
0.14664839198753274
0.0031544727194556636
0.015123136377641008
-0.018815619191596918
0.22785687287289005
-0.076587411193051264
0.20762461919656108
0.18199038796715625
0.13891899843168931
0.19398312379665469
0.30653915039061091
-0.067981224282145009
0.040531298572235794
-0.17762346662929421
-0.087320666959304044
0.33434098152050418
0.26462269843784031
-0.35670750518945843
0.24298012477195208
-0.25718432876168301
0.14067538289920953
0.028838593240280611
0.0080287078532341009
0.20915216414831173
0.013179998708032912
-0.079486463699849935
-0.12900710989036876
-0.043293446098827668
0.12876446455768242
0.26088156660240913
0.17623756368842705
0.047175207081306784
0.18078103093971082
0.34050482299997109
-0.26737740784482417
0.2608909262927061
0.47002532232085525
0.10752455294151894
0.17649108201397079
0.52955727662925145
0.061241921008818416
0.16986727898213591
0.23809601441714928
-0.12134784459357499
0.10388673201654959
0.11535138606105859
0.29592760625799069
-0.13542029592933455
0.055968810776479326
0.20585871041848774
0.33946490620701114
0.45868442856885394
-0.1574626854799312
-0.035540636062527699
0.0242525577002277
-0.13028047219387703
0.12241956476387672
0.20524374525331102
0.5899296788156605
0.27321138916267707
0.12185396949333044
0.2366261682671644
0.37927104545427159
0.24847769149712778
-0.11592184556736874
0.36870523125664201
0.24501030065288568
0.16633164080752408
-0.18274479622910272
0.4036046511655989
0.11165394944211891
0.35283836188617523
0.50662476571500936
0.16177451399896231
0.21250926942375781
0.23631025383674081
0.48017169062878789
0.13952045519407838
0.29443831059025466
0.18574444382807004
0.26028313488833038
0.35323532577295169
0.28873504496676528
0.21667862323585857
0.50319478972790532
0.23240994477122526
-0.06182074049623433
0.11085001281878157
0.16208836382589442
0.31955375220900273
0.43491138004147684
0.32702399815867528
0.18525338767478192
0.12801257191979104
0.29642112938178344
0.47982396446356318
-0.08054576397796738
0.56191228335155974
-0.0034824128113709399
0.34855775716968007
0.3933852842105135
0.35145583785266676
0.44541643993478292
0.36832116949921989
0.033455199932233268
0.34659754902009987
0.27755258929637827
0.48565026465705152
0.3443903804180386
0.19529722364048391
0.27486099094113658
0.19994983833698138
0.25723068076470779
0.38914256082886056
0.31378543378984491
0.52598453813393065
0.37588225794516256
0.24339433397392055
0.45284163521425863
0.44109228095085184
0.098888680499963841
0.42029788724685202
-0.045982307876398322
0.23875310497262603
0.29750912096421983
0.085125732361595194
0.47457867632729489
0.23778235422274666
0.16495149033044681
0.39278794385597454
0.30931610566984846
0.24151400006815713
0.11202260740302726
0.38072541554983735
0.69703924497476255
0.23688520064647972
0.1134457987478629
0.24371526505549262
0.25415059483488839
0.32102427886178747
0.52683432097684846
0.15394660640754737
0.54694457801756435
0.1812497986598354
0.52438107343300699
0.59276765309416057
0.4495554035682513
0.38747183975885058
0.35883198124294263
0.33017700767697195
0.38329025402684014
0.31809691998375816
0.22517544310835028
0.38143254394831783
0.28149623870033791
0.3595409492092666
0.3527550760243533
0.17710120433990764
0.31498104337661642
0.42264793657745592
0.024825709687744106
0.46271567866146707
-0.040407618774277523
0.020052465772265968
0.47030898619521244
-0.025497454344549707
0.28848756716352469
0.50430798498724894
0.42928067533855063
0.67105357257140563
0.69240909700565323
0.49877776979014782
0.31232274677055039
0.62528837987841146
0.57576562223464456
0.52329201020667004
0.20609254813262587
0.18422578652712632
0.26713096048704849
0.25340783431773273
0.37481329461543494
0.29254432897290666
0.23756051097513331
0.48332513170752783
0.19836441773313984
0.39729620221200224
0.32699209352247788
0.61968858892933742
0.16523448782878256
0.31477681551199505
0.34484376742954731
0.33832561246568338
0.25145137528134637
-0.058526082921130346
0.41341866705102115
0.45137066687449479
0.19561448655667552
0.070160653285831806
0.3117381612885366
0.39871650424150201
0.48881835949424218
0.40232871968481099
0.53056082911356772
0.54261735739110872
0.15795908786966592
0.3193313820903611
0.10901975986703623
0.43279525094722365
0.30588732511420386
0.69846759305629835
0.42605158927656084
0.70031737917778125
0.41051702048014632
0.54388707862515095
0.30979309552641826
0.12826797524094635
0.71511342194651983
0.71593324073791687
0.36115958538386017
0.55895955754278137
0.36914430778361379
0.5603650207305908
0.20331638442108099
0.65675463490392549
0.89858125358733498
0.6281149550855063
0.63883974980650826
0.35056415734959911
0.48457244482779072
0.56192624477796327
0.41295604187466795
0.52080229439901204
0.607867574069482
0.63000692571191008
0.57850240052477042
0.56212837116397474
0.59956145622980428
0.32267378706935795
0.55751222833840475
0.66740828081098025
0.19797783077125752
0.51361228719131713
0.89752813249647856
0.66414152010121663
0.55383381488808137
0.76762138808021696
0.58604895976218052
0.72128791229819678
0.49240936297801285
0.40666529214244385
0.67237026302828284
0.86209074242211325
0.47248212719330562
0.82133876175231657
0.58206870858393356
0.64602113159513452
0.57170990435744784
0.66891988563308902
0.7535493144237756
0.54861124184863019
0.69656396942324872
0.52349377960860277
0.45131865310574198
0.53840113651843147
0.5179422565169981
0.60799079145189072
0.56818427959541307
0.51966911368877533
0.61155327811083882
0.82778944350201777
0.54889086056168335
0.70693429511466765
0.50979114325619468
0.5115538723353964
0.49733654933646543
0.80294098691729443
0.62001029628671855
0.63075448969080561
0.7257614741645414
0.60276965400231741
0.20911677171858414
0.77549149793677563
0.81465148429891288
0.59580301502818322
1.0024977880489205
0.42259043326654211
0.64609552921926461
0.57705577685182929
0.66152059628429327
0.56348357598106036
0.56686147286700461
0.4507490857028621
0.76406776863689563
0.80597113504160056
0.52712593048268763
0.87019029398590009
0.59223972243428658
0.80307926678343899
0.62451284663488615
0.65341175328768331
0.61890071254640378
0.61512277879529953
0.79640481535285057
0.96930278151978644
0.62675844820322901
0.63520331778786832
0.54759894709642531
0.70759952899167577
0.79842749618715814
0.8027822729110462
0.61349874918752534
0.57489951887971502
0.34885907847057002
0.91875211767151721
0.40828287276304359
0.65598301490639643
0.76222104866142371
1.1182033710914785
0.68357779631352944
0.7185315195524361
0.91195916894846896
0.64922986146969786
0.78986021135872742
0.72606313134349609
0.84883542493378761
0.82640395572920311
0.25258121054237215
0.40874596130371471
0.72962381922858188
0.90489559775073336
0.81798952166564765
0.72412658606423275
0.56024774745655592
0.86318234385817283
0.52066975156419404
1.0278261380670377
0.39460066817496658
0.89202118836367961
0.8190919262109696
0.6900366941205468
0.58757408230248953
0.66057033908310669
0.38909472316719956
0.66636883548882708
0.9383839839624859
0.67488587903035302
0.51294644004350198
0.81322866770186464
1.0856553444102639
0.76280516091218986
0.57508256797086155
0.66192520288665857
0.5098449173419709
0.7833525430760413
0.78551210593658916
0.8301853288461839
0.83371497654637317
0.75867774464918847
0.31673863327392904
0.78487987023309957
1.0615075857235696
0.56121505266123395
0.6948594671850381
0.9088160992295059
0.40241558551973483
0.94793225225450606
0.59348693108367889
0.70371987152833693
0.8218574342786944
1.0581274942908794
1.1053223364673528
0.8294589986026164
0.79113359612922685
0.92914301632522123
0.79044483683120581
1.1467143719805879
0.73920705123598551
0.75611759410993207
0.91645171408050163
0.84598390792563616
0.26015920516836283
0.7293855786443284
0.84934431321037918
0.59192164328568708
0.87251591826489028
0.61423760693069163
1.0102137217064557
0.9636959625266569
0.79840524641268562
0.64114514411242163
0.60828105503908092
1.0833298264154891
1.0157369738794171
0.93501922423280726
0.70849284528926981
0.54930703397279323
1.0677816984148749
0.73488795741455792
0.94415593682307764
0.98319109182631936
0.5910600313945793
1.023870498572363
1.0128678493649084
0.82579800564502315
0.83349615853705428
0.67172502861938566
0.85278575069158946
0.90199983022776142
0.89584494108445856
0.97900915382244103
0.92253998343747767
0.64754475722073435
0.64061026270923316
0.5697477508865989
0.87221602900732653
0.84597493191555817
1.0589463775398484
0.71001724432072344
0.94867871043563656
1.0722480908776404
0.87550023881234362
1.0239829423720037
1.191650811966114
0.80695534090836252
0.96479905959290246
1.2290662945614013
0.99451578782553951
0.79981056190428923
0.88745532195355203
0.75486253583368557
0.96890029922338616
0.77543505032559357
0.92567964603331221
1.0294798730344041
1.0209063700514296
0.93057623755180796
0.92310679247838301
0.91201995458906626
1.0543205057141616
1.0976002509635714
0.77831234453508413
0.82145899663455879
0.44993726371482606
0.66728033751807647
0.93666652705658138
1.0599632521960995
0.69673063391712875
1.0651337057504937
0.9177426020036169
1.0319659161768044
0.86636224410400575
0.81934728968414161
1.0148711035741373
1.0225837845711006
0.91164151668166582
0.78810664076791703
0.74435969004745983
1.0260911271898185
0.94330197080374578
1.1881714566087156
1.267013028658367
0.8686569688770821
0.8771052377179156
0.73524438441037565
0.89531168262560068
0.65175856015269773
1.0596080797976846
1.0866657518564415
1.0061136928319541
0.99866587655536965
0.92500507390472164
1.238491378692913
0.87332125102253955
0.75088393955180111
1.117851918416563
0.88274705233902073
1.0449483235478618
0.93331585596717181
0.88414142178198096
1.0812355628809349
1.0591749088462739
0.71151954839870646
