-0.542759427904146
-0.89081905719283339
-1.2656945760415337
-1.1984076785580748
-0.91081626040331665
-1.4287795560965091
-0.94083677909112984
-0.77285074988085634
-1.0619634301325922
-1.0817196268581548
-1.0287955461508818
-1.1513267014220123
-1.0823631421486193
-1.0357623643778857
-1.2368612287912093
-1.010846111868364
-1.0716719944441397
-0.91622647112277655
-0.84598648528025777
-0.58235191128586383
-0.78143491632711637
-1.0366794067208316
-0.81201286612260948
-0.7266729667401578
-0.95810767103420491
-0.93526537595459969
-1.0879836587583773
-1.2086042052335157
-0.73943325945109484
-0.60989228486924851
-0.67617056274828513
-0.90289917840339939
-1.2162739593000909
-1.0080726995465574
-1.3171307201313318
-1.1863469934597368
-1.0578903449920938
-0.76014367648211445
-0.82530445550656784
-0.82927887615986273
-0.93201022295471858
-0.74536478676008533
-0.75919395284677893
-1.0108831855143638
-1.1516176886049796
-0.60730405189769743
-0.63268233462854728
-1.0267896968019354
-1.0374587424569888
-0.9665583035003803
-0.87854512735715995
-1.0218680841373118
-0.72401825964728062
-0.85124824516513087
-0.83893405876192384
-0.71294758152965176
-1.0027336674940044
-1.0240722918077654
-1.0214119979269947
-0.69901582033577458
-0.87021870988614214
-0.92333367197014671
-1.0958301476389325
-1.0036369956234124
-1.0943744063503009
-1.0266136433584849
-0.75070356791887971
-1.1307006212996757
-1.0615452838672226
-0.71051597864742577
-0.6594336117448637
-0.6686744751511452
-0.81746007472409576
-0.99390429713404294
-0.92762659671799352
-0.80478126105857328
-1.0556758639219408
-0.87052741776903453
-0.50595694936930868
-0.86054153524923649
-0.91485123594310458
-0.71416818077544353
-1.0716556588141302
-0.86633209927867083
-0.97601321203078772
-1.2186570187803256
-0.75731581456429475
-0.61415091984776882
-0.69978276882772117
-0.91928962821305593
-1.1620147723523946
-1.0437180537794848
-1.0915372759776933
-0.61271242978354135
-0.69965616692836419
-0.8789347726674186
-0.88276796518625578
-1.1164952763558815
-0.62282070107604504
-0.64757311565024989
-0.8544935458652122
-0.47690936246652549
-1.1075745331921516
-0.73326330233155779
-0.81130518273670671
-0.69337649256549305
-0.71418597619312407
-0.79416587407920058
-0.52066188558071214
-0.7386750216162502
-1.0456455354167855
-0.7672379879220893
-0.86577269486813291
-1.0205673907548241
-0.75573744189424819
-0.92529822878742851
-0.61592584037441389
-0.49883434281494354
-0.68033251987339194
-0.57568754195111627
-0.7245140446493602
-0.734102992092588
-0.75936657387290363
-0.68619953686055823
-0.80655443055070797
-0.83017233068721608
-0.67627622460335968
-0.76829357342129623
-0.95175252150693113
-0.60445702450491512
-0.522334314043294
-0.49442554922527371
-0.63143841718183624
-0.73774831851166045
-0.93063070670800552
-0.79042998853753499
-0.61311503761594477
-0.19712166636260461
-0.66406309771856376
-0.75851981770691168
-0.67719744867512521
-0.54956742936552339
-0.48312853413256046
-0.48207024822577327
-0.4746813841609806
-0.52427637693463436
-0.59706735435424563
-0.89933860180037772
-0.85473948757011542
-0.55028166684666935
-0.89130159930861974
-1.0039121596782341
-0.62264434363830468
-0.33950215285061291
-0.58213499400798396
-0.57516160855888854
-0.45897445215918403
-0.38845390971897281
-0.49284134031491006
-0.73624906077481922
-0.73395655676311955
-1.1302119520463545
-0.7993067559531698
-0.89541994889798138
-0.66851392748013683
-0.8060890893560102
-0.6269531063046756
-0.97497349741879913
-0.87757581840487264
-0.49982225618655385
-0.6297952226696979
-0.60292239874530573
-0.56947607010372869
-0.48420332904662344
-0.52911271277181238
-0.71880384840859146
-0.69101733854181702
-0.4955092549254802
-0.84820027886346172
-0.42693944700441094
-0.35815177187881958
-0.78755963648706562
-0.5179990412004517
-0.83642488184025154
-0.35244530932355395
-0.38577147351884633
-0.83259323619372327
-0.32754234434159751
-0.39866331405508765
-0.58773746048500464
-0.74481999823491074
-0.60828192068848363
-0.81224184763225327
-0.41475455225273522
-0.6903823519850264
-0.50718463650169554
-0.58181263734259947
-0.8597549268120751
-0.92424343779672691
-0.70608232403800375
-0.80569751309907178
-0.63132315016562401
-0.73291626995382608
-0.47051960273116056
-0.44073558862963336
-0.50813543949308726
-0.81455537643573472
-0.7995835508194522
-0.45674973314490708
-0.60118515021163565
-0.50414508181889195
-1.1711580416386063
-0.40806268815966196
-0.82483517381587013
-0.34051327226339634
-0.48143118645410016
-0.76781715365843839
-0.36758113001639453
-0.27334597166269825
-0.39638885497833132
-0.62156764206915815
-0.63592069166591436
-0.53903928550432745
-0.52074553697231596
-0.54877005578434646
-0.62810284222438284
-0.36771266810601966
-0.51235362176975863
-0.65501941550427911
-0.45949656872206063
0.03604146879485208
-0.51012669610608241
-0.33128401062176116
-0.7341407543568168
-0.51780951077961701
-0.43642195707647513
-0.45802918892006017
-0.85242565342291121
-0.46718926812254402
-0.54740584847895646
-0.39852668920478729
-0.35993772342623737
-0.71406733240517495
-0.86048356443197449
-0.55804579534883625
-0.63896850393478
-0.65679654668888032
-1.1300217659856513
-0.42013412400717259
-0.57089670444919949
-0.39413080328954336
-0.5410513638373442
-0.80875303751573413
-0.58998871685767074
-0.45535503935530458
-0.42940577445056832
-0.77093322271881048
-0.54533160516786661
-0.89941009777454395
-0.66155908322620471
-0.51540218678775118
-0.41393270052432907
-0.19333605250419428
-0.56592461092009561
-0.72329161455232516
-0.38507893821771932
-0.65327634412712743
-1.1309532877705692
-0.52442483766022574
-0.42317953823463894
-0.60002244448087982
-0.41609114481442377
-0.54477345071671801
-0.33470188867229439
-0.55465615263031198
-0.54936034248337307
-0.14901602590673155
-0.67691434407836637
-0.5429001665410168
-0.39342513926983963
-0.56738194229315142
-0.01298857748809888
-0.20213958537950813
-0.43052521084503015
-0.21997735358884207
-0.37785861551172112
-0.11002727430739059
-0.084839738975667156
-0.31844059746182612
-0.24235192685328097
-0.19962749116530576
-0.14753219164110049
-0.15205288534839675
-0.22004576988785152
-0.38620813613245714
0.068430919722245312
-0.652530502848368
-0.11254521503385849
-0.38999026188749641
-0.17772049524366187
-0.48336687153993607
-0.2841053523526213
-0.27713042814860722
-0.55681041231658956
-0.49082776206929807
-0.057087244005582558
-0.48310695785548491
-0.14571773662664908
-0.50524420377517232
-0.21158647157402199
-0.11175537305189233
-0.40381270036586248
-0.30276235107318838
0.060550804068409486
-0.25299669824993271
-0.40153253528874799
-0.49703310807867918
-0.21532032753213778
-0.48509163096408614
-0.21523761792571436
-0.11181157929704008
-0.15215903496948321
-0.41622307745917708
-0.54497126851462063
-0.36536635463567119
-0.32976696202520051
-0.13752600498883244
-0.41581921037474101
-0.14274524638876365
-0.24964298990517267
-0.29871412966612582
-0.24942010152768729
-0.39138682207530778
-0.40268485369773849
-0.31965289227010918
-0.34335591645955871
-0.45628845066143708
-0.16737651151128008
-0.39829932822757436
-0.54082031247009654
-0.28388882160482865
-0.31872443570677866
-0.15380213310847263
-0.48714806971450036
-0.6831647436276348
-0.30766235596438318
-0.36892104384538865
-0.20836468126683427
-0.28106624427261245
-0.33663964162462195
-0.35922597302923487
-0.45308145566948482
-0.57185215591816985
-0.35580008786812806
-0.085290403953916419
-0.32081498074511855
-0.079565999164050799
-0.42498592981393774
-0.52052386898128333
-0.48895515338144868
-0.4790782735773414
-0.38771037697580318
-0.39395188376988688
-0.60676223251011685
-0.16183519469897722
-0.89325396295559134
-0.23850579347696116
-0.27580606894927479
-0.47292378311585304
-0.05824843687653232
-0.47845955405496204
-0.22544751460817425
0.054174962413942658
-0.032635100925018319
-0.37972271542370428
0.092829709299211943
-0.4078008248812246
0.16365774181823117
-0.088238400057585736
-0.30140728983798154
-0.46316067999491761
-0.37215136327029352
0.00068461239608872358
-0.29425975543613364
-0.51097597087858837
-0.010410066645360086
-0.24077305193932172
-0.35877022038022133
0.058071886725495542
0.0031157160052095257
0.15435139132141903
-0.17453744030230312
-0.28717442289165407
-0.72323019036893421
-0.15159832860186248
-0.095702249649922688
-0.37323997520434576
-0.2129419629056076
-0.41696911361246497
-0.023034573141108416
-0.17549038286221311
-0.14407828386565774
-0.35198736557189014
-0.159394038882397
0.20362773571146117
-0.31228104547322127
-0.28573016577381244
-0.22824395015017584
-0.41407585522119572
-0.12113280080164443
0.10598410749753975
-0.67149364994249239
-0.29374156780271826
0.20228123340875531
-0.39545996840415765
-0.32739069554338185
-0.0093131306845243966
-0.037612445293505402
-0.25573439132763381
-0.29481738813033659
0.36462497783466585
-0.4217576776737807
-0.30045601087631657
0.087365322118866745
-0.21110556146156828
-0.15953126156439967
-0.1166618669008965
-0.5274662557531149
0.028458671174257613
-0.13401037640346844
-0.016158010091440515
-0.26163925174470187
-0.39998152521311753
-0.17088743690879324
0.40293988062271119
-0.054473791644630239
-0.11824700301623682
-0.47473016153390346
-0.18873632652289338
-0.16123614988916915
-0.31875090654884036
-0.027506166886899299
-0.10386880840955115
-0.4015883491142665
-0.079608621528701198
-0.071662607983439264
-0.30320062825261757
-0.40438707059005191
-0.079675023930892416
-0.42810700038947236
0.035262329568888057
-0.09280457262358828
0.1081662381795188
-0.33665558905377302
-0.087578699502982749
-0.034840959036941829
-0.28846297936256926
-0.35581536444087092
-0.24610749923795644
0.11058732249078725
-0.18190274364075512
0.12718458488620588
-0.16978662300260508
-0.36492864989437385
0.13517259653073913
-0.16424928169903516
-0.19223604949865847
-0.09345519866826052
0.040691968724064456
-0.023047015606957742
-0.15986301503485101
-0.087030787593747952
0.16106794487231452
-0.41823434299955886
-0.23288008464083279
-0.29323927504926578
-0.1474298942976425
-0.31104661374417297
-0.014465796663757472
-0.10015242717238093
-0.15863118111642677
0.0050769196865305816
0.084411781801204594
0.25263232685594766
-0.040565701178704304
-0.2578815197944121
-0.296627718408769
-0.13556961302009909
0.00083177395712928691
0.016405430345201488
0.10913886572324699
-0.19124792459317608
0.12170552092891582
0.0027960356634001266
0.2492021213178115
-0.18812411129600373
-2.3207906655736683e-05
-0.022591070288333216
0.19682742474331386
-0.27764119543839838
0.09347041764033602
0.39068357376435608
-0.2554823242550362
-0.19841064454660354
-0.034458401515506644
-0.32001943652918474
-0.19124750685913297
0.18427607883987912
0.29535485969424319
0.075034613142689111
-0.0048777175790616547
0.320528120568986
-0.26219258543106133
-0.16939198117196572
0.21270244738096647
-0.12967394153404585
0.082527819919908499
-0.045755576784305453
0.11967492668836151
-0.12491770894065085
0.11384647085068429
0.26932442432461462
-0.13845718331321874
0.25054435761564692
0.072467645039640524
-0.19377560986149678
0.031831282103650119
0.18012010920517363
-0.02439168803893017
-0.13499097896921905
-0.11535748615154132
0.2661781698268611
-0.1902584693116684
-0.14172352849609143
0.0098972467416445671
0.25281408541967659
0.2330356946528504
-0.15877767755840083
0.22938509595854489
0.051917619895778096
-0.01844840757085112
0.27509366494951965
0.12360567077441728
-0.065659969943421187
-0.2380298594490628
0.23604961788720191
0.12877673728280631
0.36341791202760421
-0.20937047796977987
0.059335864392449554
0.2187132774020186
0.20985464771029891
0.11077853577655029
0.095705197258223101
0.38166950587515525
0.1722368566743345
0.40418017378013432
-0.009421925982181608
0.10558133883921837
0.23244181998973873
0.10046835148854218
0.055140980749997202
0.081400584334566747
0.20073128006558144
-0.0097128597398104203
0.18388597540683085
-0.10490677245666637
0.06460534200667635
0.074972529169399296
0.4478708793630421
0.44778164331713993
-0.2339756208627175
0.071953229809818525
0.025976717586084205
0.1115285583549121
-0.23355351832356228
0.21297098744974713
-0.052066980749831453
0.15383614285311617
0.24899609910463708
0.31057939893749309
-0.072963307417086884
0.326013932037723
0.41562530838984801
0.1084426935741773
0.13521991308806719
0.11721993494498917
0.066579798965793968
0.35533702151422009
0.3749658534837198
0.29525205326922566
0.40113780164477253
0.18594748270536329
0.091602153344576678
0.37895926752518344
-0.32363584208303009
0.16234388174264366
0.22856466880365819
-0.19079837372142147
0.026892402539170308
0.56759105302593671
0.37227846275792675
-0.067016685565570805
0.53982312147218003
0.076599013920372661
-0.19124063772815064
-0.046748261074315033
-0.016205813707198213
0.031077565394961832
0.23692087572418433
0.54538131177735427
0.095475351454483354
0.25670349172784018
0.28561093736165821
-0.12220117616093978
0.41993268946700829
-0.0033498300564508456
0.22266323155317772
0.28424637923485535
0.52547201449462966
0.26603978203649636
0.22944977961997606
0.48047346601933
0.3803287234003786
0.57878230631765581
0.27549024946687101
0.17976252012994523
0.21080475657098183
0.047546744827301757
0.015038445281347524
0.7121005080118592
0.1353364190890512
0.37806479541677579
0.58669591382848463
0.26336607141606333
0.52289464008038655
0.44342680778344651
0.24279538502365655
0.48223519375798685
0.35536671322602514
0.43483845154560319
0.13609796831926227
0.51176434049815567
0.63090914021981159
0.49284961798784427
0.40694461703336565
0.28450899123459455
0.26940735584141456
0.55658373935707106
0.45208450377010234
0.63736181609430687
0.33990732389764938
0.3491366291226341
0.33061017763730982
0.16306127449215949
0.2285136633112943
0.18911056361685083
0.14965635687211182
-0.049777689537148687
0.50966272769339427
0.53731466261975291
0.42610954754066199
0.49700673707166509
0.41755957256265047
0.46406167060617781
0.40644546984980112
0.36996155137255948
0.22588981210140449
0.47709343376109625
0.27966738760928861
0.21982560274418717
0.76120641333049655
0.60081538825255554
0.70098690496784388
0.2840381300348484
0.4522160336788088
-0.021861002810645624
0.20817038472902349
0.32843066528198461
0.22906232169619642
0.099628765809448933
0.40602608486410907
0.35827397712140585
0.3636175321136626
0.40466618788562403
0.66441350502772833
0.2626494785376105
0.13067739757475169
0.14991818109663155
0.30888705506265718
0.29788357691986783
0.30626738413523752
0.1743446098965418
0.22227890841240364
0.48332926497675499
0.010078101250246016
0.22823860092211748
0.50442513928008925
0.50033973460662529
0.19682315510775247
0.40095802889248167
0.27852588495745167
0.097402539562904372
0.46828684544518878
0.46110271676265996
0.58005168040261945
0.43608469862528576
0.25165185224583825
0.50396912125421911
0.049939620706613147
0.29875015912056124
0.48453606698916513
0.31787902626008296
0.56044427614233128
0.31896964384745152
0.393323038391308
0.4524421890254553
0.4740803432107778
0.53016906770699024
0.44698328968370815
0.80241772640327369
0.5385361753065302
0.70229532038193276
0.59394098422118202
0.34634160571752093
0.19936403924304347
0.54197978424977844
0.38672142771184614
0.63257140502357323
0.34698400007811825
0.38294348250557525
0.42221490079795926
0.48106871880538454
0.3582126358099712
0.37659173554427039
0.61875040332811693
0.49576201105184836
0.46762889796422924
0.25154658875607272
0.62807561551881697
0.56125683968417239
0.21121765603963591
0.53405134365702767
0.21734378224794024
0.53852069368813626
0.17461655544673371
0.59731664977387511
0.6906865955457453
0.48497969294016979
0.87521724943060686
0.42247288864442856
0.25721497856305187
0.50449615471925202
0.41403843995685358
0.12213668743315081
1.0445585661064238
0.54253223770771142
0.5539743518645921
0.84502810665892125
0.93568460519473051
0.50586224634085308
0.24551454855559895
0.60562657100065853
0.60740764691014004
0.25525218111342463
0.55356413636060831
0.82665918355749768
0.27686118821628264
0.53454477132267275
0.49917795570392298
0.59284500969572074
0.69096138813565877
0.18992990805422166
0.64124391690654914
0.70626363526701996
0.16929198509503945
0.54983502104064785
0.48116307626451721
0.68868333814651717
0.47455398475977317
0.44162392156777147
0.27916028101410395
0.31155738414672973
0.77503471049229455
0.90683779507094908
0.52993864406119595
0.82680422013290844
0.10715895800525048
0.62193566891278651
0.60282232335474506
0.39920994576190455
0.60380186107568856
0.51305771954751245
0.63601536536174708
0.62822592606120842
0.66309937023927912
0.55599784260747553
0.92025761614920754
0.91933885795317127
0.65035252450186753
0.55785191753858987
0.55546085563654812
0.91834123058203188
0.56134343292826228
0.82737939453919473
0.83415588680048314
0.48947072484608817
0.69968083807811032
0.13420492546278148
0.71604764854129965
0.63298217125750578
0.86755968122693483
0.88533336004130803
0.60311685127410564
0.90196350139465264
0.52360555069344894
0.53264827283765348
0.57435928401627723
0.64467051026282707
1.0534713388579986
0.61041238905433848
0.75057233218499952
0.68947219670212989
0.7522526110546196
0.59634742958751719
0.52839231197105663
0.3871018445851952
0.62845267642601599
0.87571401062210208
0.78360580102202348
0.32585321943073942
0.30723415426507517
0.80191980756563253
0.69926393066365433
1.0816723088110443
0.57832413773453961
0.75433997534646324
0.80127895708389618
0.81829267025855934
0.4628468227299638
0.79822509251519813
0.73158802376060139
0.46705896531805335
0.96404079847005819
0.80189182399384518
0.57565675562175567
0.58487479410740473
0.98586498120662147
0.72012637830502724
0.57944499028255214
0.74643856102079609
0.91566776280906859
0.93937478833662202
0.53852761039811914
0.50669326568235917
0.62407955045400854
0.729761162934772
0.63380607884996509
0.95539209453890628
0.86064837176130893
0.83632521117619518
0.90577595406899891
0.64865766508129241
0.94066622446856596
0.94051859033719654
0.67534453846886133
0.78285263448939024
1.094571718773248
0.7392846410920102
0.71061916575859152
0.87337412049058039
0.61219341817939477
0.84149063235744825
0.67171206549386719
0.69590152444657638
0.82646900711210514
0.69695707458469114
0.6775328005010679
0.92413085751854518
0.92646796064165282
0.6360652387804514
0.98724269015369837
0.85819086645063891
0.50350536682934199
0.55622610547097417
0.68879338716054916
0.49537661280276207
0.8552210271366556
0.7114228655676309
0.61143081994252124
0.6762672761630607
0.89269501869230916
0.70061911568915536
0.66370077511569114
0.45129173487510654
0.82066666919416409
0.83089578702930311
0.74567851903588844
0.87579260426129124
0.73407434508513769
1.0011432509570317
1.0669216884885644
0.97155245659313294
0.78501128907190965
0.77213283450418346
0.93530757036846013
0.58102976133875961
0.74065805750845193
0.97844453690818045
0.74022313204554435
1.0248935357481028
0.94192281406032563
0.90308131950561321
1.0996488333353804
0.83043772659631876
1.0611581820293461
0.91982073564335698
0.85426080141148575
1.2121158624586308
0.75999368230228825
0.86704265495330179
0.68940877692701674
0.6738499970270303
1.319836189183579
0.75191368574760575
0.50466273911384252
0.31320995470283225
0.80961672845828014
0.99317920593872333
0.82219261800450438
0.73421895986733854
0.90586103553862385
0.93315909745973813
0.80213529917467974
0.9887208188915646
0.82787179367776442
0.678709980164108
1.0564128098491852
0.86778950233177632
1.0844973629743284
1.1529663092046636
0.94986763201500046
0.95194480700650475
0.73782545268297417
1.0033506882379575
0.7217726600806732
0.90411073708703149
1.0679972052500337
0.87498779179932684
1.1913624618023047
0.93266938780608877
0.89714536016311752
0.68005416808264951
0.79537971703425292
0.95659494735922068
0.57542796602814505
0.99483051920703436
0.83693608457581681
0.85989269049978667
0.74911184447751133
0.87027029423624014
0.87333718845681696
0.98589954249417022
0.90454858264240667
0.88285167975412293
0.87297256800483036
0.93834764727273401
0.87840224808996514
0.96660161605318129
0.80341003740645756
1.080519509293606
0.95940408097448837
0.77094110791100823
0.88010563245841
0.9901852938763781
1.2620401149868719
0.94822605078177991
1.1817197508619761
0.89775585283851578
0.98469523412486726
0.93829764640144919
0.91113056067285714
0.79512456851410074
0.95446823234878586
0.62801131321590542
0.61522619921233668
1.1852739374560981
0.95069091863927646
1.1420932868337896
0.62057103792183133
0.6983990314907017
0.83416568238536382
0.94258970555043053
1.1629805750436235
1.1317479111018296
0.93225764164392266
1.1428332256539062
1.1053255751154822
1.4848180773680966
0.69710717614756301
