-0.52759132647005946
-0.89121711140479187
-1.2700170644459134
-1.2191439275024709
-0.91708735428364041
-1.4206859217228716
-0.94842679548061026
-0.77367688086875808
-1.0696868750002344
-1.0907479946415226
-1.0273203505617481
-1.1742825679093114
-1.093546004960279
-1.0363051076488234
-1.2270290255310756
-1.0104159942244797
-1.0606338611122061
-0.91673626284531151
-0.86346560543763207
-0.570751625079853
-0.79157336073615325
-1.0377861883929467
-0.7980694718548359
-0.75216947408095325
-0.97281256721595355
-0.91837645836233917
-1.0622982604437485
-1.2094444140110063
-0.76267686173972415
-0.59917891799270195
-0.66224917749960133
-0.91881105470829316
-1.1923865924690469
-0.99033597252313865
-1.3491713426742336
-1.2049120668606903
-1.0410945935959595
-0.74727930668546305
-0.8318514266195608
-0.84970709187926541
-0.94560459901377625
-0.73189365926819128
-0.77493744452083313
-0.99608518777556099
-1.1702871633295404
-0.6277741343633213
-0.63464977901151121
-1.0309923278473003
-1.0285285880330015
-0.96567306758629845
-0.85942548401804109
-1.0164435417928663
-0.73109063233332772
-0.83455329068236173
-0.82807294819680977
-0.71391564717271772
-1.0187842833342258
-1.0236343539473609
-1.0271760809683295
-0.70241389384861341
-0.87434854480649271
-0.92231648416202205
-1.082354936067274
-1.0140998365185745
-1.0980044806757798
-1.0414731696604671
-0.756377269244627
-1.1324424397413855
-1.0829374780065242
-0.69699095863087746
-0.68483600228496477
-0.68352481150372524
-0.79078092668239008
-0.97765689730404381
-0.92575365381474728
-0.8226361493783878
-1.0602346099652253
-0.88166109087894906
-0.49375731071439694
-0.84015060463308588
-0.92474268731343157
-0.72725011388275107
-1.0821673959057529
-0.86942142119282662
-0.97124350878737697
-1.2303122156672308
-0.76912563664926314
-0.63177135171968912
-0.70977917205745111
-0.93808075592297413
-1.1718685355679679
-1.0523475895982037
-1.1059396646177564
-0.58909102712534089
-0.706172190305286
-0.86043838905437386
-0.89566316049463457
-1.1252857180978926
-0.60845104328361033
-0.64089811354729487
-0.85803219695798483
-0.48056616705305194
-1.1004649430110272
-0.74827823785401881
-0.81493830303004167
-0.708764519838327
-0.70505823346961205
-0.79537012265851526
-0.51063658344873719
-0.74179076883073114
-1.0328048457322918
-0.75794377187378381
-0.84866949380566581
-1.0297386469528711
-0.74140691576544626
-0.92341355185078333
-0.61396996526746173
-0.48254235279468732
-0.65203865796070004
-0.57871829096624183
-0.71721737387081708
-0.72971124480016381
-0.75758678305683502
-0.67181795978990555
-0.83604444991902105
-0.81936827778981802
-0.67680708279080071
-0.80223460864385099
-0.97856850727420253
-0.60264643705768084
-0.55986759767352934
-0.49059397501429847
-0.63418054152547509
-0.71904664473845525
-0.95673563090670344
-0.78968526645206083
-0.60672824633335498
-0.18963206529370602
-0.64055404561610974
-0.7563774569922519
-0.66789879228977211
-0.5348178753229571
-0.46941293696476655
-0.47440440554451502
-0.4797305190372701
-0.51406057862466747
-0.60178666804539138
-0.88786724022408281
-0.84969739121312171
-0.53463206432758403
-0.88322934574473955
-0.99935689644863679
-0.61223469332854175
-0.33203380253304771
-0.55966556749696761
-0.58014428284094066
-0.45849728008158447
-0.38496275386258011
-0.48312730083802025
-0.73890709263616727
-0.72233383223912606
-1.1538483474935173
-0.80043915415083033
-0.8946156576567279
-0.6586209092955464
-0.80411842594376959
-0.60980190208019036
-0.96255555456141306
-0.8806777220485158
-0.48342602626602255
-0.61121810099205764
-0.60333717203706516
-0.56976030055583726
-0.49845517178813187
-0.5248340842767697
-0.72150148872831854
-0.68928676711582659
-0.50502261232167212
-0.83266035159817453
-0.43090712943747639
-0.35437643197588997
-0.77302180005893084
-0.49899976426130882
-0.80659806432261283
-0.37045502710746991
-0.3924318909558967
-0.82811060984312856
-0.32567962548774521
-0.39443581453288579
-0.55453693883126476
-0.72421287864509998
-0.62465616253422196
-0.81410997884149283
-0.43609334924864868
-0.67232963652226563
-0.50870883765985575
-0.5897415751663686
-0.84837228726475367
-0.90400259726249466
-0.69590034954678903
-0.78294598468798515
-0.6334084016664423
-0.75555307867458787
-0.4573497367661391
-0.44011519676324024
-0.5310617481239811
-0.81758532749191559
-0.79233293315339726
-0.47213705485137974
-0.63251817028755897
-0.50930419830219198
-1.163548624361169
-0.40888376884823202
-0.82539251752324405
-0.3258054042949774
-0.4807521092457015
-0.76229211489218462
-0.39024645838733224
-0.25865118099267048
-0.39343518016926143
-0.59139096653928003
-0.62720108900555227
-0.54234722780681643
-0.50181242325731501
-0.58051854440808004
-0.61213995464396409
-0.36849642449730258
-0.52295276973750793
-0.67784216155087684
-0.4625239396258426
0.021117229856609528
-0.50989924833849087
-0.29976003077962071
-0.73973298449811054
-0.51596071542876121
-0.41806522292078924
-0.46627531680133538
-0.86490225736625292
-0.49090076939426364
-0.55364217362632973
-0.3934072379600424
-0.35531270894676698
-0.72936344910683304
-0.85200729144424359
-0.54204381622788134
-0.65275029278465524
-0.66171704255183383
-1.1320973573802164
-0.44201755154817801
-0.56522638174509643
-0.3923738495938407
-0.53517357739651883
-0.80001176032332322
-0.55920917375367396
-0.46667376086991796
-0.43051602653265925
-0.78096523306923382
-0.53369467208045307
-0.89642733203324809
-0.66780739141669432
-0.51601399917907875
-0.40148888044700504
-0.18231755732631341
-0.58284746503683327
-0.7413684283694808
-0.3820094006673167
-0.65519629112217714
-1.144312637257501
-0.54591437325085046
-0.42087543981379755
-0.59075232813127709
-0.40756185668776107
-0.53406495998967851
-0.33236787881719715
-0.56995439078332755
-0.54916909647008749
-0.15399754668489662
-0.69427046533807757
-0.51588349899093766
-0.38662363497521246
-0.57479027528996962
-0.033225043177375964
-0.20490082135978727
-0.41941641609286573
-0.21142942681467788
-0.36622051037637571
-0.12053374199629049
-0.083210626886013717
-0.3099920424252402
-0.23862855272001376
-0.2235570737246016
-0.15304736832921817
-0.16171573174743098
-0.23326255131054308
-0.39020863014974155
0.051173425738470515
-0.67083787346644386
-0.11773575540931853
-0.40364984495057432
-0.1715305835494734
-0.48514337189742512
-0.29471003675281743
-0.28268381927684105
-0.5708830067123557
-0.49701043961583963
-0.065676181242236648
-0.48241176846926376
-0.14025142962044299
-0.50097940059355928
-0.19923519477436594
-0.1168890272921158
-0.40767068934319889
-0.29652986838669898
0.052132168532229614
-0.23121697266133576
-0.36994783031982614
-0.49076174626760405
-0.23701483101346116
-0.48979393033953328
-0.20509309330872591
-0.11010448639706305
-0.12937283254202561
-0.41883707435957923
-0.53901564140230929
-0.35160756447236347
-0.33348061508109145
-0.15932269047833145
-0.41854437833349373
-0.1486802708430511
-0.2281424178461311
-0.30909213392676299
-0.22963520511277888
-0.37694917730969146
-0.39780233139838578
-0.34963192354196626
-0.33859428409539316
-0.46048663214442975
-0.14656622419378146
-0.39409591856157955
-0.55467983838946688
-0.30685905546565251
-0.31699885842691222
-0.12849388719477423
-0.47861735361787233
-0.68673369123187233
-0.30061973282541232
-0.34765605212309852
-0.20221932429337114
-0.29400541631288546
-0.3481464021788645
-0.39855581980287152
-0.45887839108511286
-0.59037407816199705
-0.36754785575439863
-0.089691034581332207
-0.33763460618209473
-0.063149985471252792
-0.42169854175635058
-0.53824653471487549
-0.50001120489448769
-0.50388383608946141
-0.38973147496050214
-0.40083257190546584
-0.60475847679342087
-0.16064152573374821
-0.88795230531285585
-0.24634447791405034
-0.27928172505095461
-0.47797458593090975
-0.058682242761784707
-0.4587581434762289
-0.21990118231693562
0.044436585000169899
-0.053018552684715142
-0.3458717043693138
0.094646065681585817
-0.43304030618829847
0.15185979659613244
-0.098434222476614763
-0.28434840324053118
-0.4495449726530939
-0.38297671657542742
0.0050424255683449515
-0.29812304388764888
-0.50816075496832736
-0.017059953614962445
-0.22237507323478645
-0.35176551583826415
0.057303818751350689
0.0088926221082768313
0.15890169304056775
-0.15846735458164557
-0.27076118932089033
-0.72183082273580679
-0.16958993728487942
-0.092329875626162516
-0.35398853086108512
-0.21100135776449824
-0.41513633543743894
-0.018927895149915348
-0.15994768471177173
-0.13439408130323324
-0.34803326042706229
-0.14840030768444629
0.17361874166042673
-0.30210964872225904
-0.3124360302114636
-0.25691037463864153
-0.39258376637728487
-0.11780399677189694
0.07901331400467812
-0.65116139637059711
-0.27044144201629067
0.22319334922576978
-0.41753616705658225
-0.31091790052566909
-0.011148819431800655
-0.042549807811971659
-0.24967349699232139
-0.28818656201559378
0.35685854463996564
-0.4332244637851202
-0.3064803727636522
0.081484768122417672
-0.22561297347152573
-0.1532729831602512
-0.12628090612192733
-0.52768314117839066
0.03661387566228088
-0.1241738752185762
0.0099841906145857889
-0.26624184430130465
-0.3734032302493524
-0.16515833623567294
0.4187612989132064
-0.059679797806681936
-0.13644096293037725
-0.46241431410628031
-0.22347706959587438
-0.17138396974980041
-0.30488896700290197
-0.04239282536418066
-0.11840223577648817
-0.38077187457479811
-0.069668743906857719
-0.068119495852554543
-0.29438106098911432
-0.40030692857703193
-0.099318899868264074
-0.42544810860835902
0.077557971284503091
-0.081291354890721437
0.11005338829923404
-0.33369396163938553
-0.11201954852265425
-0.033308818291841145
-0.28750857096227594
-0.33916299319489285
-0.23411309921143195
0.11511022671591552
-0.18450026237675851
0.097466053740214942
-0.16957387572889374
-0.34893872659563863
0.15761506736538405
-0.17206499338442402
-0.18879370624023312
-0.072818396859882409
0.041380003297006487
-0.031552070360296211
-0.17296482371587696
-0.072036577735862306
0.14706670496811119
-0.41125604790716963
-0.23008325412441735
-0.30377180998341774
-0.14716487727032163
-0.35299101314068471
-0.010658162857865664
-0.1068192398917923
-0.17602140360040514
0.0098973875316043219
0.090177386274181509
0.26954310927337199
-0.054082774320805396
-0.23979805983583946
-0.30507170563242453
-0.12782594011846921
0.007727843882920484
0.032328568836363383
0.11034518562423497
-0.21489712513593667
0.11440917847848539
0.015408456168320674
0.25187963610351782
-0.19723469787126077
0.0016587855353580865
-0.025180935119849798
0.17555549887832791
-0.29838032346750454
0.089578199322708343
0.38244967459069301
-0.2706294719122202
-0.20929563458093742
-0.026204732839366841
-0.28545888508833339
-0.21458216953004428
0.18441694968507766
0.29802947503737531
0.083693980286429895
-0.0083214088511868022
0.29546364115982271
-0.25874743762075364
-0.19184198641137873
0.18677007192872336
-0.12533012381403844
0.094783713571308173
-0.058544045813683235
0.13240213153201383
-0.14355889828473306
0.079570237313998968
0.23078777473943737
-0.12392780080065167
0.26780400401042953
0.058844088153620001
-0.17805230185980209
0.032493595357077985
0.19126508056777933
-0.0218770666261154
-0.13809399712173218
-0.1089887310999415
0.26762337656430357
-0.18070807073461476
-0.14255255889099344
0.0080575088915462549
0.24372629072274554
0.20467506764826865
-0.14929143049574681
0.25817155578984352
0.040630184665974386
-0.027959366506954676
0.25258964954134516
0.13809458779493117
-0.061608052416524541
-0.22234303451129853
0.23169043608283879
0.11972687558289208
0.37299607400565332
-0.22692059392097433
0.059798510723273357
0.19874060833734974
0.22125443936695566
0.13141094528040873
0.11775745127939589
0.37810681006927277
0.18944234151315395
0.3798785897958547
-0.0017471010141413342
0.12824998329074508
0.22836605657755296
0.1158652382473324
0.043366446275677054
0.082635497582164097
0.20150299280537262
-0.0061785091847539548
0.17857228884218862
-0.10024906612904155
0.066979866389589054
0.081915701714554132
0.45433157585965289
0.44364807352244506
-0.21630997067137159
0.096898395323525066
0.051606326011575186
0.10916870632295307
-0.22928847572703798
0.19763311447559528
-0.049281228021569881
0.15716090141557723
0.22302294926476171
0.32844572458176796
-0.068603917360617758
0.32562824803172108
0.43249145546560086
0.11459765364496828
0.12848874815989195
0.11923137648608843
0.085861638136458446
0.35458219187609252
0.37705876676622663
0.31252792976888866
0.36500168296621094
0.17761537644001396
0.10061432858389414
0.37916261742146068
-0.33556177071566845
0.14241024952320991
0.22991897915397469
-0.21173197117176473
0.020208698838640619
0.59569030255831601
0.39093427219218707
-0.061774907407327523
0.5623535491484406
0.069809072275446638
-0.17684349653107351
-0.04754678563025859
-0.022849879571860951
0.024896927435975075
0.23922929253837813
0.54373203964815886
0.11381219405279257
0.28453460572400907
0.27662403534998442
-0.10661071304937975
0.40147486721725234
0.016934232200600863
0.21420867175039693
0.28047492314940903
0.53683785357904068
0.25838591507356573
0.20796435478143979
0.48209429630473055
0.38945956219327738
0.5934766561353737
0.26457185851411386
0.17316355591857971
0.22758437474149532
0.032971727863334577
-0.0076550992016782751
0.71722100430321545
0.13943255961913109
0.36323348175505032
0.57673617864830828
0.2863598123078136
0.53785886793462667
0.44045888856850929
0.23372463569247262
0.50382834596737636
0.33721172024115303
0.39825272336613943
0.14700334842440527
0.51725831016615742
0.61968039119124863
0.48944478841313599
0.41880323896599131
0.28293754983581282
0.26773616564973857
0.57405331619165012
0.42595401666101634
0.65537809614727294
0.33994736287188154
0.3504369604518533
0.32995099450504944
0.17948077822457087
0.24532949527398312
0.17331779110925893
0.13558392397351832
-0.062891381697271237
0.535472603200146
0.56147247374538201
0.42260908459475088
0.5131415688653066
0.42244924656766508
0.46367651543789246
0.41373339159888467
0.37065749917621149
0.22028289865897419
0.47744597689271695
0.27401196976837572
0.22340010646824351
0.78946557098689496
0.58178412266770141
0.68433814736688159
0.29420374270426419
0.46209846772252772
-0.022525114492636229
0.23064847631823152
0.30926679601675433
0.21239392835203802
0.094034758450396966
0.3935909177973998
0.3689455223506396
0.34763747429490871
0.39207251109360375
0.68268100698605472
0.26943567157744441
0.095930001177069138
0.16484322092107292
0.31793787587676259
0.29563816151945133
0.28321163767398388
0.1728349822857759
0.2273615388938556
0.48638959911281571
0.024079324122982151
0.2378909876247208
0.48658598526848379
0.49817893970219695
0.17822638060184137
0.39031317254289188
0.29193806992771593
0.083807870338977158
0.46544824204755092
0.44191267093881548
0.56824915773546303
0.45544038978477902
0.23450679332238483
0.50318440224333871
0.063712708014750027
0.29899985776454246
0.50215589620204537
0.31072040944495727
0.54670021243904021
0.30259415646446314
0.42312140787799857
0.45939035355656643
0.48865962972663568
0.53659715308530687
0.46007364763714576
0.80589569142859341
0.54454820119800296
0.70256733924046544
0.5952741874027021
0.34535373189893026
0.21419042467144189
0.51881944022276827
0.38670775748250841
0.6427115516444426
0.36513351832433577
0.3876673433746618
0.40652771473758875
0.50538859424379112
0.35177947658452136
0.36898307156339383
0.61241555961534055
0.49522574148762771
0.47206437471207968
0.26711956943947934
0.62589876455979876
0.56529212387137084
0.18802675907671887
0.52687493901270588
0.20975856012111846
0.5485404051506535
0.18422489503606701
0.6039231266331202
0.69315247656266665
0.46991363401859881
0.86240259877371617
0.41036156773892085
0.2734664029998542
0.51778550275459312
0.41672596621192187
0.10236959343417648
1.0374075034531527
0.52799792859682793
0.53819639279999842
0.83315114364762499
0.94335100058205978
0.49541884066816538
0.21844301668087066
0.5862219938788511
0.61036255636390357
0.22803880605269927
0.5362665988649632
0.836797616650372
0.30676363652965294
0.54295824749604849
0.4995477808152281
0.58063200005864568
0.70376531801109954
0.18134603664969384
0.62966636543720933
0.7197647276482052
0.15917513815108775
0.57825328403693876
0.46525444721510512
0.70139951707946679
0.45007466276898273
0.4378249389050225
0.27957775570820137
0.31151274667881784
0.78876618169758439
0.9117363573802818
0.51504351183640351
0.82647699403465746
0.13476062195950961
0.62255986795079177
0.60918859188631502
0.39966336842254668
0.59508755651198697
0.50668402372068189
0.65685274369959268
0.63951457611320528
0.67133903299895059
0.53173109778421757
0.90266969244789363
0.9090417258396144
0.67875784043247389
0.54589513544574497
0.53551614211732168
0.93795153071640458
0.57846128688010534
0.84650494953235167
0.85626929090295778
0.48337485556978121
0.69382462863061556
0.14276385374840775
0.72534889908789668
0.63584426996267884
0.8667430640059528
0.89191653022035933
0.58845095405657966
0.93125700041929338
0.51133004684846395
0.54907307304827546
0.5885480986274062
0.64370939940924143
1.0374041713376871
0.60776701351730944
0.7418424747102591
0.68033716625602281
0.76418533177373693
0.60272394225606962
0.53609771891638736
0.39962811252894909
0.64042333694755171
0.8655540496837687
0.77778167211643756
0.31791952187033434
0.2946999008781615
0.81998294593011833
0.69921844924727694
1.1078645438994561
0.57318522999882204
0.74526542392337369
0.79041565819902571
0.8481557324712945
0.45197727433325652
0.79440083255518101
0.75379288145277834
0.47183289685747226
0.96543563626425155
0.80864363036314491
0.5581743721936645
0.58649305344829594
0.979352161888013
0.71746341625008836
0.58995874728650088
0.77429874208309335
0.92286457217448681
0.94954426834050421
0.53656464461427167
0.51231793112688218
0.59934862154149404
0.70887164862131447
0.62559633185810504
0.95419902238026255
0.85443246584996613
0.86314978916844165
0.92171822359633859
0.66607203220166944
0.93812130221600265
0.9350144928183004
0.6632840930364462
0.7766470684268546
1.0750416889297818
0.76535650264091404
0.71909304078239911
0.86676708486728171
0.60215980053893792
0.83470662150510422
0.69415332231593163
0.72202116553204854
0.84190066644480654
0.69894815087034545
0.66346558642510078
0.90493156730396185
0.93072636178485091
0.63189013466140176
1.0087705255486519
0.85008071048992984
0.49863132619134909
0.58430558453346804
0.67921212197571457
0.50318483803091851
0.87274769558712395
0.69540869999124488
0.62097391442870464
0.66013635332275578
0.87073513319567997
0.68510422915760549
0.65962645379125429
0.45675159167804091
0.81365963464295321
0.8694816632022927
0.75951554679604094
0.87416469166775024
0.75114529039989897
1.0178452831830049
1.081511433659869
0.96254683223310711
0.77040824866869007
0.78399701668713795
0.95132138960075374
0.59403055594687004
0.71413994472429199
1.0017225079784313
0.73230020792960537
1.0100131462122552
0.95528913700660179
0.91618612781613828
1.0945513905286874
0.85353151975625352
1.0813248591173072
0.92679225413522226
0.85928879033465699
1.2091505170567207
0.75770256852478257
0.89822548635262478
0.67253422747896741
0.68239525045694616
1.311913273080731
0.73680244664768924
0.48957487010458384
0.30197625639292519
0.81614437786605076
0.97753437333874926
0.81223389376571364
0.71961384552123508
0.89163234665939206
0.95035769710383367
0.78326195769511864
0.9920814269561874
0.81473355151432847
0.67041715150692172
1.0363882157302369
0.88825756405414358
1.0940483719482608
1.1774360410254798
0.94090726608296071
0.91145891329473105
0.74585537952222447
0.99668193352056023
0.73328024828604932
0.90838851638763995
1.0797337422276576
0.86575510419253776
1.1812338276725529
0.96305763762371854
0.89899286263591216
0.68474178895006255
0.78638900274760359
0.95283485254194433
0.6067486938371548
1.0030411536897597
0.81920279706726451
0.86543792344016168
0.75740782451628152
0.88433003452541314
0.86557448977013107
0.9773978323661201
0.9137992421734934
0.87912681014957994
0.88137310073266084
0.91446459868689078
0.85732934286394435
0.96211712099631963
0.81043210075856709
1.0777438506754466
0.9533209128692548
0.76259669548913511
0.87683564171103068
0.97300556140253625
1.2479057796738231
0.96471915803617458
1.1751490461956802
0.8834146504805831
0.99883914079340475
0.94055354290226867
0.90633372843757998
0.8203075844318598
0.94169533199782207
0.610176413446471
0.62157825287985657
1.1816530199413386
0.9261894367337582
1.15173712048438
0.60272086610255116
0.70220382670317671
0.82851514531277903
0.93388404776524681
1.1655504325170407
1.1255438411901468
0.92044986992188993
1.156886869390457
1.1035436263649734
1.4648125649338906
0.70543449959218496
