-1.2045690391340516
-1.1638075749878665
-1.2849085531357207
-1.1148121272581455
-0.85600569132691773
-1.060559475801909
-0.83904609331623348
-1.1362907339417121
-1.2424281515670506
-1.3566309547228874
-1.2037021206562992
-1.0384396328621333
-0.86341551494866597
-1.2838231417119377
-0.96178893233950036
-0.93702637720893978
-1.1903562417212359
-0.93845676372308318
-0.845832342103219
-1.0269491097618666
-0.92616957505066422
-1.3741019949627691
-1.0418328666172851
-0.78858635574355229
-1.0947549025595278
-0.9083825623535311
-1.0829485538245374
-0.82414818893458197
-0.6976297443476045
-0.91164570851611892
-0.90689053276389608
-1.0168775710775271
-0.9083493264136473
-1.0083427513139529
-1.0327094933223917
-1.1040601838588149
-1.1213234423417684
-0.94927286011020051
-0.9679694034379196
-0.77390284523099173
-0.96523874913004204
-1.0306811345316869
-1.1305312838176624
-0.97544604220585052
-0.81097093712906987
-1.0019025823812153
-0.82084696327555173
-0.70354653528813882
-1.1717618866532347
-0.89465436007905774
-1.0049647811031546
-1.1218370556599992
-0.72053993526853899
-0.96066506466764323
-0.70121084241162768
-0.50927466716437708
-0.92546110902704459
-0.94294339077129374
-0.71980994796963116
-0.75740973112643495
-0.95449095347396695
-0.90195379482031091
-0.82009877642909546
-1.183174436160694
-0.86387588922129188
-0.79757742259389597
-0.88540247393448457
-0.86472472349231866
-1.0850562341423928
-0.92539548382362746
-0.83873232368969775
-0.64096124368815288
-0.92026467238930532
-1.0759520303303831
-1.1873456861224838
-0.94069949509876571
-0.92236022150708286
-0.95318630306061303
-0.77598618639689687
-0.85902848264849896
-0.82281789911046488
-0.43498565504643566
-0.74472098461983016
-0.53405075163309967
-0.91989806869647761
-0.7808183022362708
-0.82698543191657892
-0.91695870983254313
-1.0662347040425288
-1.15498781691709
-0.79594003302270855
-1.0265142888815082
-0.72677933543318662
-0.72844153105077003
-0.8345455269076465
-0.69074921233859654
-0.94089501325535918
-0.80071956798425536
-0.87242295046313689
-0.53740876499890644
-0.65117571972830268
-0.75118390643051602
-0.95886924559525488
-0.7694671174592087
-0.54092000410803054
-0.83867209575692192
-1.1325690620394548
-0.75821741655238395
-1.0469037305244542
-0.78856207570775905
-0.92454511336261103
-0.88532529995334019
-1.2103367237335458
-0.50790003864110267
-0.5176916706766983
-1.068205171473849
-0.84135185307520921
-0.71244944817899714
-1.1466084664987277
-0.4130854272060685
-0.89024863101242269
-0.8662780943938414
-0.90229097076110665
-0.81541622624137267
-0.6044358140588435
-0.86231078059916411
-0.8605233586455221
-1.0901533548580473
-0.83295398001334842
-0.51680562576082123
-0.56299818041227989
-0.81812733207264821
-0.85807373521562524
-0.73526206879349287
-0.60583871827007696
-0.73062309047763685
-0.50929221856980877
-0.76945348094098287
-0.89032178709582988
-0.74782081325412042
-0.80502676609858093
-0.51660021174946547
-0.85320772867983707
-0.77854667144554368
-0.75957622194736307
-0.95867178027111222
-0.91374201407108369
-0.72977573265341134
-0.56182254650681751
-0.55911540454815156
-0.86891810161647098
-0.63302673846933666
-0.79865302654837367
-0.68431957362211349
-0.42828304979040793
-0.60641090366564354
-0.43808010215765442
-0.28910499968053111
-0.69244319690404432
-0.46886755468397423
-0.54161469154408359
-0.81991276275710412
-0.65128081235266022
-0.85687912765015584
-0.65271425233040248
-0.67649124178169229
-0.51554036573920314
-0.74141495249777578
-0.61585215938240856
-0.6747903965702422
-0.73850345192479405
-0.7170254870197299
-0.44528706655587713
-0.74024251493311199
-0.88368256809895473
-0.69905401843937298
-0.66792608770153117
-0.62226413675121961
-0.50103007948059519
-0.76226150686224314
-0.45436620035881159
-0.4208553620602416
-0.493998252738373
-0.71644105733813579
-0.63969171269207459
-0.58969866132502802
-0.66438457725804778
-0.6990696754339768
-1.0863962800172733
-0.57719312723353444
-0.53992761707925185
-0.40792995705428342
-0.87248876224907412
-0.79723931276739834
-0.45436637311755274
-0.6492080538899756
-0.55040706264897998
-0.88110316574987013
-0.49283055969876582
-0.97854355039155505
-0.62699104466928324
-0.45814527571603203
-0.79410634644582112
-0.55860717844717522
-0.89187893024350284
-0.48391428170903061
-0.69015115731208498
-0.54209708075437579
-0.67991870061937976
-0.75108978560034101
-0.36786194623988772
-0.63428378704064681
-0.65226354257688912
-0.80744211551112322
-0.60498812659313994
-0.40185054239286994
-0.60214971737518763
-0.66400190981861029
-0.79171047816350115
-0.90380273445888615
-0.53965096425861492
-0.56172496231633839
-0.94762649871621174
-0.608429470275477
-0.48289906285076467
-0.38860741798906429
-0.59275048806958652
-0.46469501008993691
-0.75674039177279362
-0.52869968433306624
-0.81937106784961822
-0.68581499949690872
-0.45640494936730691
-0.51499869042130508
-0.50248726914782915
-0.7072438842694122
-0.69603473675162686
-0.66023678666969476
-0.70548349089301998
-0.66861711060543516
-0.56707381240321764
-0.20767705043080795
-0.55902826054296961
-0.56099397495396819
-0.50482457877890552
-0.58481536668073797
-0.42052419489311793
-0.51865063349599583
-0.69161455421386964
-0.42623854021283869
-0.66520724440833212
-0.351536801098774
-0.6237410465182619
-0.61911664444672854
-0.66709540934303502
-0.51308819489923618
-0.60319094519438332
-0.54625769676650549
-0.48824520327659998
-0.66752599895642117
-0.29921191539251579
-0.51534303440494844
-0.72446611641277703
-0.41599667333309814
-0.74108142513983921
-0.52286137017566869
-0.48762769999973798
-0.2710251077708653
-0.48673758257773886
-0.41648528725395195
-0.57983933258920062
-0.65030164410818525
-0.27743572688149148
-0.39508509812502474
-0.55131421361198685
-0.57211187384175
-0.71231874128037032
-0.58367697911498884
-0.51477977118414409
-0.60020619859669744
-0.67002331407894111
-0.36266270866451611
-0.12591990822450225
-0.45894014715268616
-0.40599671166614226
-0.34176400541965779
-0.48907572451540982
-0.56245252555406189
0.024288894040447827
-0.47275124091261789
-0.35285471709021099
-0.50650374315528024
-0.63360881822967718
-0.33596327987621988
-0.33010583901824725
-0.20551940190052673
-0.5000880007643006
-0.37226369655934516
-0.80231843929978341
-0.23523029525223277
-0.25226065988003471
-0.59290017740424672
-0.58426890786411501
-0.63960042498380598
0.040016748640751158
-0.3710501303655549
-0.22454110153217527
-0.13978705390774937
-0.24081921315200758
-0.38624277741166868
-0.50104028500651032
-0.64391583395722818
-0.47017731919819172
-0.46076663973391752
-0.15411410870328857
-0.60783275580101304
-0.46320059234362354
-0.24259677355467224
-0.43844613758443324
-0.46588523818834698
-0.39218660933085336
-0.15266624029746084
-0.74571484118951714
-0.45941353548875441
-0.5370992881181903
-0.091916375713427964
-0.59639062666533937
-0.48929709657456238
-0.3658579066616251
-0.25557697027809861
-0.21363077674188241
-0.19415324331295705
-0.28985348699104774
-0.30393029923919862
-0.36052128221444224
-0.49482632668314036
-0.36569451236533063
-0.56254888860873042
-0.49083075394118802
-0.58288026503932888
-0.41843132924536086
-0.52811172891163438
-0.58728094375244067
-0.42084705102835368
-0.11649146582657645
-0.26242046347699355
-0.39470585959508003
-0.37966268715922691
-0.24116180835715509
-0.34565519044723136
-0.428575901498361
-0.15240737033774018
-0.23873858002603487
-0.15021365223499647
-0.13275161639685035
-0.29000986806575774
-0.34912390101592566
-0.28486041985128102
-0.21960937531009145
-0.010690960409916697
-0.54771894810754718
-0.20337968201135229
-0.18916088266193123
-0.45453663465796557
-0.36230927879856462
-0.28907197795235806
-0.30353869213877871
-0.3312369949662291
-0.40581441592125467
-0.001879685887598456
-0.36961855125086085
-0.3341782740289248
-0.32707049819783218
-0.36705984283168913
-0.32240420496026845
-0.348576705988282
-0.31384090290438754
-0.32365634985347896
-0.18591826648458942
-0.023163402521805074
-0.2026813975911255
-0.45251259842756597
-0.3955896211719957
0.17588230651709347
-0.43812056624843509
-0.047068987160835386
-0.26323914825723072
-0.15335502200481174
-0.43397060722427133
-0.26434997000282884
-0.26709338881206324
-0.33424985755139358
-0.3370844221762373
0.10996245219439493
0.18395707987541379
-0.14332227321785118
-0.29276882988501829
-0.0041609328714627978
-0.2523793586438195
-0.48409774645889325
0.028457166951624958
-0.098719421126826495
-0.020944504321840286
-0.28561143472612399
-0.38615476504766405
-0.18006584140097548
-0.23954793389155504
-0.080768288918158834
-0.19081872484483375
-0.096608828639473468
-0.45747276495834138
-0.075539732711114888
-0.02983650383777561
-0.094789934846734716
0.016514127973329535
-0.46865641678356351
0.046861442389975069
-0.064204420079454025
-0.5037473053012167
0.086560414704817235
0.07286598112299103
0.034170956190807643
-0.14016981026830505
-0.11351380247914084
-0.50752041406647475
-0.6015280016016209
-0.12116996885393012
-0.084379811595890253
-0.210571421194613
-0.0076995199607166132
-0.22970382681181398
-0.074935232812600047
-0.34893461313813423
-0.39477144239644052
-0.16503972951374249
-0.0010851280244563372
-0.11278954194054515
0.021427598918492319
-0.13890042223764953
0.12552051969222544
0.10343031037332601
-0.23371248584213947
-0.034206728856816172
-0.056622774558545114
-0.21280888816609339
-0.30623579395363776
-0.07403731191971194
-0.14216181610559706
-0.12296126597615185
0.087050878179317059
-0.14952522809764057
-0.02562611181911105
0.17443067381153604
-0.16389225105719504
-0.20007937111954263
-0.25152075682018726
0.00041885017301307914
-0.16966047828360983
-0.01151465863914442
0.059960605357272344
-0.10990516096653663
0.22674340913012825
0.27663061291502478
-0.44213494165440487
-0.014905230197275007
0.070146743230451628
-0.27292962939274307
-0.24895787663808217
-0.24003097200412729
-0.078332611195849125
0.074386713906767238
-0.30138892422993557
-0.28099977355542644
-0.044654501577164718
-0.38304951899819328
0.0548671622117783
0.17196524239731373
0.055015805516224509
-0.028984613924944915
0.27629391759639543
-0.23568938227340905
0.013824084592004956
-0.08587220389041271
0.096687587882907294
-0.16285004528796379
-0.19082613530890044
0.045918360565014936
0.035546315824869605
-0.17156146715703563
-0.10007984810514253
-0.10117915081484699
0.11021182921981007
0.026116036413425081
0.050386442761304044
0.11818096093486964
-0.23399763409629509
-0.20033625272784997
-0.32738195566197242
-0.0088111101656029381
-0.1666881236926222
0.14092424171542786
0.16983812275816265
-0.072338168753154741
-0.023526112544492096
-0.13382989582481739
0.11776272382803242
-0.058730270639103854
-0.068241669489695705
-0.16702721456451664
0.26497070273958406
-0.083032365952992168
0.14919174011300104
-0.17710173385688463
0.086183499155888937
0.23953881958701698
-0.13752496827504349
0.16696504044308083
0.21632329680014981
0.12206100046747527
-0.0049456160938999528
0.023201054639622937
-0.011221280285378438
0.22194685196747205
-0.081304371455589497
0.18717295538837572
0.18935078543767023
0.11651063830990024
0.18294085914660932
0.28635142474572184
-0.048580121680866686
0.031976711278388345
-0.16721368767678244
-0.091773565706295329
0.31962196819811334
0.27435943451178574
-0.35343248332738458
0.278103198075353
-0.24057694633492263
0.15194802189421744
0.040176997863820924
0.017218773531444079
0.21982772903241291
0.0062486007959473107
-0.092004930358581913
-0.13555213909476829
-0.032100573123802816
0.12810449177983479
0.26864314817322466
0.19130828808323186
0.047992244579202467
0.19362787204700685
0.32264996245656924
-0.25885121732709954
0.23864426423703397
0.46951020554538941
0.096027623471879167
0.1605012422530927
0.52986077038598556
0.060473943363239975
0.18649990436543082
0.23818084836526673
-0.10644679004335715
0.076157316430779845
0.10871857100148211
0.28402044058412751
-0.14961109955997415
0.045209807313614438
0.18792134643982944
0.31975686258523867
0.46071784902991353
-0.15073071648274919
-0.043077478084109562
0.0093060740908751018
-0.099512279561346631
0.15881905555298051
0.19894830648112299
0.61018117616943734
0.26676511648787038
0.13492378768935542
0.2335980476989683
0.40962728683424238
0.2448627856856668
-0.10351663728625744
0.3836717290115047
0.25724310384034288
0.17865430400856488
-0.17913586818365493
0.41647104871609103
0.098896323221851434
0.35918142346689935
0.50532916843086906
0.17217762372213455
0.2231254585226542
0.22789791484857566
0.47886302332500852
0.13585137317838228
0.30541032667340301
0.15577895426790536
0.2918602249444312
0.35624818503411465
0.2936415267734519
0.20704406840756795
0.51456345334441389
0.22773771240241766
-0.047461457640906424
0.11820815120801195
0.16902612472436709
0.31502570449593303
0.43168401613169011
0.34080280041303779
0.17518367237404353
0.12563322894376408
0.30322266704886253
0.47626314219293353
-0.084625692302236891
0.56151648965643708
0.0014200983848972561
0.34470680516477986
0.39237019878567198
0.33360835060431687
0.45815228655016882
0.3458828127872931
0.031579682993814667
0.33954330340380523
0.2890511782022897
0.48629992743110789
0.34499148954604214
0.1787040391736418
0.26381685038970099
0.18862307144110468
0.26841243811516569
0.39072911577893454
0.33711126082188708
0.55017158225098606
0.39060317752363277
0.22081542582608316
0.43234007172951133
0.44595937644118577
0.11119675756409055
0.40673750305186068
-0.038770224300941729
0.21568049572388506
0.29171074448508244
0.062314383297925352
0.47623332383824968
0.19966417577099974
0.17114480819109801
0.41744217372508047
0.31480727986795759
0.25002260013760053
0.10539879557039006
0.3890975021825453
0.68356785061692482
0.21901942352210349
0.075575114921183337
0.25593249520106093
0.26626515951336616
0.31818678562494551
0.53222552618711028
0.17020318357380287
0.54955611124694015
0.16438786932987959
0.51434296374938371
0.5992991227024449
0.43671611849096609
0.3962882100582395
0.33789947125533898
0.31771601532929655
0.37072173263213365
0.33004918499329661
0.22514183093912815
0.38392086470621584
0.28996936595758094
0.36568758339177382
0.32781465143853339
0.1466105212753146
0.31281342143166319
0.44056810292806192
0.035255664469191053
0.4677488031563658
-0.075060733751276726
0.034683940613473317
0.48893980348692967
-0.050528170576576659
0.30282769973985579
0.51408054575436046
0.4241067054002241
0.67940277448407138
0.69950882531269631
0.47495138856197011
0.33831042614465001
0.64606306490022058
0.54258770075561269
0.5409515382851624
0.1941718173090714
0.17202933539332094
0.26966041595029827
0.27848913804193659
0.40289903136880967
0.28080913568005705
0.21130222152163555
0.50868454298182575
0.20400212306831825
0.39326172627173162
0.29795051127905842
0.61122319037923634
0.20201182369531812
0.31990961926383654
0.33336107612793614
0.34906007770765113
0.26202009216567096
-0.052656385540176855
0.41440863519998383
0.45615776415330928
0.18541929120217235
0.08974831095308497
0.31407696302779803
0.42657753477453164
0.48278736945105605
0.43359255334337043
0.53082645208610424
0.53607692093288417
0.15950647548880442
0.30802951891191521
0.11947786271584847
0.42144209869930782
0.31540251832473837
0.679960976224943
0.43691230004883991
0.68536445224744025
0.41109063616891345
0.53986973542062056
0.30081495447192613
0.14635618194315875
0.70900702043314445
0.71254782743161615
0.36754068703735771
0.58667483624793981
0.3528981991249609
0.54417585894704079
0.17874447456409973
0.66174916079225876
0.89239744790399633
0.64877997724208814
0.63169817955729257
0.32090300025762331
0.45967963442445464
0.56491549895251147
0.40909807206262427
0.54566923756225327
0.61157171009762024
0.62323624093390451
0.57137290507190508
0.58688237691811918
0.59726977838633721
0.33729234816946146
0.56264201050660745
0.65254280320918046
0.21005970293710446
0.49561520139244997
0.90362880797957568
0.65385167580156556
0.5384099762825969
0.76067781207602403
0.59705918401574209
0.73990104893197028
0.49741494019157589
0.39510359022338232
0.67757768237948335
0.8403411119586357
0.46319203408030574
0.82174025725134259
0.57160316523632748
0.63568634225750464
0.55685895273693564
0.65528420593119541
0.74937221410101651
0.54152653961008768
0.68157998114702723
0.53840322934190865
0.4691756555537806
0.53738788870326459
0.50300526962882042
0.62799248196213375
0.53266776152131823
0.53813718530199295
0.60939039956257524
0.82864187737988082
0.55902963378379156
0.68492817047695087
0.49533826792642355
0.54147075624852314
0.51392340026264893
0.8020657748076081
0.64348166297252962
0.61682426754412201
0.72018170133914339
0.63726042580107867
0.21115118855028711
0.76290989062125558
0.81433953401779069
0.61563040988387374
0.99159920056121365
0.44795743831635626
0.63523516620502996
0.58113751471811692
0.68538873377482656
0.60028322883324681
0.55218685575557314
0.43756905409868396
0.78229133255072192
0.80801893984248196
0.52473470850873949
0.85425116036949378
0.58790348352759036
0.78871741743067669
0.62488897805990462
0.63716736573669008
0.64973941826018855
0.60524498451461506
0.8122928537689611
0.9826097892775848
0.61228579080405887
0.62512102286085935
0.55058319022035085
0.69750432502105808
0.81756362953337325
0.82388703755709514
0.60860285994800301
0.56742246320104817
0.34728475887141125
0.91833031073171201
0.4006088249310073
0.66537913351852829
0.76712176260264164
1.1473670135076379
0.70093853219131896
0.73752235881447292
0.92504234044752132
0.66329398118043892
0.78738188108397322
0.71486438562493271
0.84143697727198807
0.81783501707244066
0.26030427097968806
0.39574316387076564
0.73515364899024804
0.91031151228780494
0.80668704694771431
0.71230350640410922
0.56241041441162387
0.88551190375483557
0.52871496881626889
1.0318276908797539
0.35371758554402161
0.90668147209678818
0.80968199813034214
0.7315502325352945
0.59710614625950187
0.65551353989996064
0.38067702436601819
0.6529487188585833
0.91170497541736395
0.66559383320904852
0.51702389162462203
0.7997625667303474
1.0801424021724617
0.78242990402817525
0.59263350588758612
0.6575604859486015
0.52948102042124201
0.79278388817470524
0.78190000454109965
0.84358528590879356
0.84472548520491786
0.73550117263856674
0.28668531347222631
0.78371761687953667
1.0633801437816883
0.56266405025610977
0.6853786891986664
0.88889951257803967
0.41122163813593837
0.94654901525409407
0.62854303204281559
0.71645234866519869
0.82344951282092282
1.0480438073802874
1.1142021778885229
0.81985546011938648
0.78989329048947143
0.92248786825921536
0.77269567481150958
1.141034190878597
0.75349399756549451
0.76984484530068675
0.92648413748683001
0.82013382175592209
0.28377229505475954
0.74293093542421118
0.86295724871377311
0.59162229104210107
0.86915456612442155
0.62763430646746865
1.0129269904921292
0.95692236711374878
0.79030469747103194
0.65955208619348715
0.60421307148633252
1.0870655459966228
1.033511666758085
0.9366493705225557
0.71236796741211184
0.54102887625686646
1.0512182600180422
0.73788703235743747
0.94461637615447158
0.95070058529303969
0.57320974095809396
1.037672932376053
1.0246132551295042
0.82330137544018189
0.82285317247289536
0.68474213231063319
0.84272349569385563
0.90817070118162169
0.87667516600757478
0.97757260456030382
0.91232713715234126
0.62647934834988928
0.64058845744491166
0.57540290673745331
0.88943036157438249
0.88615282671777118
1.0353244192726789
0.70004458179204865
0.94907870702599983
1.0809849238773104
0.88733739542445789
1.0202730345564508
1.1686771223269683
0.82726509848235574
0.96115656056361165
1.2321271986810094
0.9609344721940406
0.80180878635582542
0.87764515542698029
0.75970131820743392
0.97698344435080686
0.76810526794145628
0.93667031442503279
1.0336055150609571
1.0059934484045836
0.91661925381487119
0.91816035070117363
0.94582948155762636
1.0446016580095152
1.1167490943192575
0.78743396851348424
0.82570786102171145
0.42881069360327828
0.68423871769717792
0.93897032554250781
1.0488156713814847
0.66461597170037034
1.0439636583919869
0.92443909724953355
1.0408032734652026
0.87078702293525534
0.81568725378572304
0.97507800192730854
1.0382885595082763
0.89491396976942461
0.7905459264377519
0.73568058558452998
1.0243906163530632
0.9310465259237285
1.1809213081865955
1.2394021750535853
0.88198350208050336
0.88336282650039588
0.73529335563747722
0.91282465835537274
0.64078766898772055
1.0413007224211839
1.1059179130378538
1.0103738705517538
1.0062006621997894
0.92120335063017622
1.2489827796968427
0.87221409595943922
0.75729369581781658
1.1068958350140385
0.89809151558791533
1.0374994625253149
0.94439684637400889
0.88481852103388148
1.0498789667415827
1.0759243103188274
0.72091600575348713
