-0.94102663674978726
-1.2605290167441712
-1.0263404857569962
-0.70071581460172638
-1.0969159576510057
-0.93410149194192682
-0.85549844329468061
-0.91166197204601929
-0.81512986505677498
-1.2014370809579864
-1.2236060380883331
-0.85629018343664964
-0.89147222453317887
-0.97237375275627436
-0.93568419363034994
-1.0318921732327666
-1.1428622237978299
-1.2079180113471804
-0.74057840138530939
-0.70692592994486558
-1.1632311628234802
-0.8470143171432708
-1.0278131311034571
-1.0127532537934958
-0.79556996756233722
-1.0517839772796578
-1.0907191670278551
-0.96220158140269252
-1.1312574809121623
-0.63366935507680011
-0.75115017641063675
-1.1368159929597879
-1.0392964247550933
-1.0286667649971719
-0.75878665304510406
-0.75601516556521842
-0.96649433770324311
-0.86197376315228824
-0.66848918341201791
-0.79107130484738486
-1.0217861257320584
-0.86883494685206974
-0.76186716842853386
-0.96802828613192138
-1.1839356184371033
-1.2822397831928225
-0.99084064768544811
-0.75441866409785308
-0.48683394036795219
-0.95164364152738612
-0.75244757952020103
-1.0133381456717525
-0.60472553292154463
-1.0210097078733322
-1.0911443427912142
-0.92813158422484832
-0.97213178676545253
-1.1316412117539445
-0.77508824467869286
-0.66575350934141564
-1.0003083428403172
-0.60579201351058065
-0.79518000222074803
-1.0278417482730982
-0.83161930758110802
-1.3652445388991339
-1.0342796740303855
-0.82457365157690399
-0.38963914044279974
-0.76363026584110438
-0.85081056444315883
-0.69578552523385817
-1.0112368245412517
-1.035685625717689
-0.81255438364631105
-0.72527884215400007
-0.59954426425317553
-1.018917400282592
-0.71724918989134201
-0.80154574851865468
-0.87612295533867413
-0.7127370290566919
-0.78763387428575626
-1.067955566349887
-0.96627382969149356
-0.75388350779196756
-0.82614365092871456
-0.79802608337646996
-0.55123706169791875
-0.79051864986551368
-0.84852796170122735
-0.7329743639455425
-0.9756152306825705
-0.8238046008106743
-1.0282386931478955
-0.85840931886994298
-0.43337502559906638
-0.87306607932828928
-0.97869375205057652
-0.5183138227384203
-0.60318924820297004
-0.62423714031264688
-1.0519878339887017
-0.61663933165066398
-0.68368218102700473
-0.93141613899868503
-0.64283234074030871
-0.93013089104496371
-0.71490606586080785
-0.76652720592131218
-1.0890811378560812
-1.3154948978481449
-0.78080227649798906
-0.57825340896663024
-0.75799039849439576
-0.84383473950952725
-0.94369215452987099
-0.67115372255570949
-0.54642257587180509
-0.76783918017797159
-0.60596954606784281
-0.70107529398960422
-0.75058878539674589
-0.48532176349398359
-0.73309064438188043
-0.53133065563275139
-0.64538135566429899
-0.51724119936338653
-0.59116269631037888
-0.64639468674630607
-0.81807148656900697
-0.83423519990910877
-0.5533895636626468
-0.67725901627578766
-0.73679795640608858
-0.66650296598341208
-0.86418334074816128
-0.35103851449292522
-0.50170313616560513
-0.727588771902415
-0.82452615142165409
-0.92522589086223017
-0.62977470897609367
-0.69676184968919586
-0.72245184525849548
-0.69138157272001588
-0.62695878082267298
-0.55701069311947837
-1.008983118232528
-0.74158468201564032
-0.58747408266161505
-0.73295850520131312
-0.57842098501323203
-1.0037275805017731
-0.86106550389059189
-0.78542543067864401
-0.76315714147179514
-0.66627703855987541
-0.97299812055321588
-0.6589994601643353
-0.63857528263604757
-0.33841774019551801
-0.65390928944622106
-0.68440893911763989
-0.78941699211974359
-0.91090882124147554
-0.63547390423547301
-0.6105274374918056
-0.9877035577448513
-0.71425864299166553
-0.6299275593265693
-0.58832079342497567
-0.41400531627665565
-0.81163612217962011
-0.65442898659388982
-0.69488835543778404
-0.69088578323236483
-0.50834911624972268
-0.6241178780478529
-0.78905189948055721
-0.44606147176815869
-0.7855738607865359
-0.45146166974737623
-0.61639814843040885
-0.34814843461063977
-0.61349807858407901
-0.48034252623615298
-0.87630849642363096
-0.95328022528823109
-0.64976086324769367
-0.75897077355908271
-0.72635387887119518
-0.81813534457654236
-0.47298593931258737
-0.77337686650419446
-0.71556927788177616
-0.51247513646214504
-0.61410770475699972
-0.84666567391248726
-0.78028802660115759
-0.62782739359422179
-0.34685316337148747
-0.58406689073224927
-0.35459694835343486
-0.61030303645146255
-0.99355529068035109
-0.46982171326222305
-0.67209951013652736
-0.69496260736545368
-0.48233062373106489
-0.85514667265415911
-0.66234182822214127
-0.57610750422946533
-0.37168129236055025
-0.43379580537610357
-0.4081686528495409
-0.77938099564354457
-0.56636638173219456
-0.60451615283191618
-0.50225193712457006
-0.36917034582310071
-0.59628675670318299
-0.55076467894881753
-0.40333792189406953
-0.78981605355371354
-0.73838812927654207
-0.78498528396288614
-0.3839951759469431
-0.23493628155427237
-0.56362189139106444
-0.30927226447375944
-0.63043026291946502
-0.45694395877566713
-0.42778421609865813
-0.33640489299958032
-0.57474463238700857
-0.39741449231638265
-0.72043680924070352
-0.83481956089835774
-0.44473878480175361
-0.39961063988408679
-0.83224056611023767
-0.54162844940765964
-0.15911035197997503
-0.59000742394637862
-0.446208235710356
-0.61482541696100879
-0.4150446383275519
-0.1457789508631108
-0.62335102406700404
-0.34816072518899316
-0.63288021393448213
-0.46069004475735159
-0.78686960837949016
-0.42555744158221542
-0.47068603689204536
-0.3973298316104692
-0.36016691084340985
-0.26511560544058005
-0.42242824587786554
-0.64152130301228261
-0.66360529404569768
-0.34335619042526849
-0.59081205397493453
-0.46449402821080599
-0.78134981237270285
-0.17977170153742025
-0.53471477438849491
-0.41313854422230051
-0.26514004027146421
-0.33222123496494799
-0.49230672019467447
-0.67036983119740656
-0.51520848586230283
-0.50717956188462754
-0.25835687271642227
-0.29184013171976597
-0.5735863443106527
-0.36780690490848961
-0.17839069156485293
-0.12009721116453156
-0.29424731695363532
-0.4630044554307004
-0.39932154323121727
-0.62889779241085386
-0.44346843255738727
-0.40051122297811209
-0.65050042490701099
-0.51253595403970142
-0.39753836309168217
-0.56456586343684201
-0.41046193384932977
-0.68658465838578142
-0.55516690068455621
-0.50251502524746861
-0.59425631351501051
-0.5298599351473614
-0.34700940795607765
-0.61956914937924812
-0.18975529244401651
-0.54610342364481101
-0.26493753274580384
-0.70830677816856225
-0.47693964082879586
-0.35338707169748712
-0.59599968932142178
-0.6133341240166883
-0.25256553663502723
-0.46202589263377114
-0.4072562129839758
-0.56234541666713767
-0.39793861910777911
-0.31541352265148948
0.021745157603934331
-0.17092570518866426
-0.73456322253619244
-0.47873373625879312
-0.52464629799371487
-0.091755791839438869
-0.40155385710205344
-0.14128203408359535
-0.26682944816445292
-0.1580971678088004
-0.37698799362531249
0.087216991132387095
-0.31673593753653456
-0.26819060343485884
-0.32285172387570416
-0.36629044404752376
-0.70004840296793103
-0.42694073383229464
-0.26363560560761018
-0.23161742202386784
-0.55641492768889955
-0.40063847111105277
-0.42218138341726241
-0.52329794342167613
-0.4595223970125365
-0.104835160616117
-0.29190656909633794
-0.16190204360418275
-0.34495928001826337
-0.51600494131393926
-0.35312934940583451
-0.35190254591185893
-0.11915006314196512
-0.37500177343948399
-0.1879940936503873
0.12564879466670395
-0.23311254653142238
-0.2270562195105999
-0.20028905644470887
-0.19648392737926673
-0.26416574952352195
-0.4453745806132749
0.17193982740566757
-0.52077867691451007
-0.063304601707654048
-0.10907799342631147
-0.45931496214443962
-0.28693076404486206
-0.37435111749181554
-0.48919432819626812
-0.25147556151797229
-0.12085958225267771
-0.12341086573589417
-0.28529406055616152
-0.45285058331506056
-0.003538826638272873
-0.40374205302420085
-0.039494235678339373
-0.16373789289151619
-0.077386254692733705
-0.24739615200053997
-0.35575108753266199
-0.46729813985110935
-0.29966035434841115
-0.56157559486833597
-0.39084164161850765
-0.50503396308643422
-0.21348011798769059
-0.60975079497572837
0.06530662171033727
-0.60669823574671922
-0.41228819296308822
-0.19990550440086549
-0.19573769277182049
-0.10077818235983806
-0.18528109963538816
-0.20485110686677571
-0.19298621902170257
-0.42648228745411576
0.023804655901545728
-0.0097214230969586476
-0.028499972807001544
-0.12547509129069598
-0.079914180963215745
-0.0020508460351218584
-0.24681506895284175
-0.10803975088105919
-0.12322311516804865
-0.38027352522843622
0.015835347728196388
-0.12172741680458003
-0.31544212067712862
-0.26090521488352553
-0.13305928854925697
-0.063007460605682422
0.40452152848849415
-0.5734389423229288
-0.12457722959145261
-0.4594071559129066
-0.2031146699827438
-0.14909704005116439
0.00029800876501752995
-0.07060670157317557
-0.17446913696898522
-0.35958770211865182
-0.19124864632519706
-0.15962031741687829
-0.22749591432351224
-0.15172161345628363
-0.11837752236115331
-0.23057916837901682
-0.18456127649058954
-0.49834829133488268
-0.051604899191593792
0.29814779212512371
-0.0099978925340346008
-0.34280286266360932
-0.20503489214789439
0.097921893660707734
-0.23446838146017818
-0.038641533422220306
-0.28637661526197222
-0.13181031762578468
-0.18286269879915551
-0.21867371041698158
0.06540728366875212
-0.40072291544905297
-0.2220776547782066
-0.23257905856076008
-0.26601829849633574
-0.011238214836036532
-0.23348558306517048
-0.26714576153509889
-0.33141944326684353
-0.20021113299053683
-0.26927986283762489
-0.15831699465114701
-0.43119776542624694
-0.084010334880062543
-0.15036639492641393
-0.27439531880063661
-0.171885289544357
-0.10538242281291914
0.071291846699159805
-0.32135580010976295
-0.0025234425132383228
0.30702617727395143
-0.41006430468570443
0.15085826549144946
-0.18670175941551601
-0.36082180241883832
-0.23005380672194076
0.080145254992976922
-0.1548701109799801
-0.33092148248343989
-0.061959738723075169
-0.19886257267094098
-0.1809545928909489
-0.049824068655189228
-0.17134534392770476
-0.14676334100148189
0.20698130690432015
-0.098000545418524154
-0.037596595214279271
-0.32398993636580947
-0.099526801148773006
0.057881940949796803
-0.29085303324499595
0.27063826410339092
-0.064816316501372526
-0.29918854600824962
0.22919597401323924
0.091652108451289696
-0.10275934198098657
0.31904976542239954
-0.097796793355520675
-0.12072480320550369
-0.1601985955929455
-0.12247268468972117
0.044500166328244758
0.10026737310900102
0.080504800888180267
0.028026396432556756
-0.38064342268633927
0.066011307632696137
-0.03409755942927864
0.18011331006275144
0.17124531449050118
0.009626172209452737
-0.04759501943896069
-0.0035154718883146502
-0.081261190590232402
-0.35047476561875246
0.016283317417357467
0.32928395154148793
-0.051375249334644595
-0.028516411166754702
-0.12618719795405875
0.24318151617165232
-0.20340685413191759
0.17239946845455065
0.23709956852573214
-0.085758173550328609
-0.048137815269282236
0.057719367785455999
-0.052311993066715815
0.054651318563560744
0.28362427452721167
-0.078776852204903519
0.14181518094733872
0.15288654452656361
0.19590263555475537
0.30469389686800974
0.29065362084485924
-0.010929791046613296
-0.032380750166947539
0.16106974987204878
0.079226969480315851
-0.19826643853655682
0.2940456735105097
-0.099207422593911243
0.22554313803517986
-0.12195198659142292
-0.038635617621845621
0.013072625824225432
0.22479981168018492
0.0069592175661961969
0.044776267880191498
0.064640786702570882
-0.24924184993981932
0.052275806142282041
0.21114958640510248
-0.18351558442459931
0.20327963676141278
0.072043962335606893
0.29159054165439424
0.48346894756393521
-0.12023294408532421
0.53314681190492219
0.23119577993069951
-0.018968281198522272
0.36463773488992507
0.18987724242846429
0.063077618856090381
0.060693572698439835
0.096348757097288323
0.2897419335081553
0.12206239947791313
-0.067029760278554423
0.017416288512764399
0.29610902803450073
-0.0054344898089086812
-0.12960445818268443
0.19536380246935756
0.22646226050849516
0.24063021838388113
0.15257166037386791
0.20850434014229119
0.093324802206786253
-0.04310689106340506
0.14801075489180118
-0.068784018834867983
0.24466375106353463
-0.092294307414243382
0.29026989585064067
0.17178446566768785
0.089458840576613019
0.096932713392511596
0.28690351373532424
0.094449110507757103
0.20703394452495319
-0.0032516419593568466
0.34099909862177102
0.073056304374091524
0.65071373551159872
0.317854045485227
-0.074824812048293679
0.12218558988384412
0.18349979029574201
-0.067907813989792426
0.37657624925210659
-0.0018739756974378982
0.15883998030885568
0.32847028138300366
0.051037033229949742
0.20838952423226328
0.43509325388311204
0.061664604108683407
0.022273522761799631
0.057054665087847026
0.18117293948162758
0.38233968822419678
0.2996156747454442
0.50735379265932445
0.39014896922924031
0.10121391100660471
0.15072841682366506
0.080460926713509406
0.43427228847861937
0.066833776152663962
0.15443981823160624
0.21516091182376451
0.18959749283071839
0.47668619569963727
0.34072358133576336
0.19569925324588303
0.24822834403481753
0.52359077193594494
0.41437339942454704
0.17462491841645755
0.36745271577234773
0.0048298346917255153
0.33026892647903833
0.17378044299291734
0.34277182511487031
0.48814758196064895
0.36588180427884248
0.51836749477592325
0.24284782912695743
0.077060495655974781
0.52203592068779525
0.26727337335038237
0.33454652935149409
0.11571031456132853
0.19752319567339058
0.62059464499144368
0.38446162407486262
0.20171896989764987
0.21607690929947754
0.058523131654635775
0.54354124601149367
0.39964908135122285
0.44865973064690035
0.4529762979925076
0.2106684156127715
0.40305808986630487
0.55359789240563728
0.58064542446406475
0.49871424834269951
0.2812348428791932
0.59276584458976134
0.18019970307529884
0.17020360431379894
0.43325675126003305
0.41051805052988416
0.31117848859596176
0.31618701675858979
-0.012653854485450835
0.39337844984230247
-0.024158833131517614
0.15262890732272349
0.46898541375435165
0.5247600025733008
0.52309595369344453
0.32902584559986175
0.27470705442773902
0.43050251705181514
0.10278746974031568
0.19169135495303982
0.4315146312168352
0.23855290540674223
0.43292003351756186
0.23691041185149053
0.38024631787698315
0.40140341835593063
0.36947537026342264
0.18012019237851765
0.45367289631087238
0.30454895066462506
0.22061509624944389
0.39393340389715104
0.16333973688420933
0.4477636128618902
0.32361536929532864
0.40616770181478523
0.58985913689816816
0.4769665568207313
0.14843906742827853
0.32130161046147143
0.55097180850212069
0.31134702558162347
0.10124140520810976
0.62740864810808838
0.1689898335575919
0.40062205702461834
0.45532435942756155
0.49947530345595142
0.36253015023954666
0.54001331805552855
0.70793898469432859
0.3595923690982224
0.22671388796670219
0.20019809382799575
0.66548194000675098
0.40690293881374928
0.26932680467932896
0.42556954299910749
0.85142578664474144
0.34152332474898661
0.76611205310697561
0.47192331878476629
0.59973757226738555
0.27033594036458769
0.49888980869859917
-0.065997645207490144
0.50469261346057126
0.36896176886308191
0.35435942422614475
0.38917163850709646
0.56648422273341636
0.4674595802062293
0.43450217228277699
0.17907892277565832
0.73788024509980699
0.48748590914563084
0.35795333439381349
0.53943304683776827
0.59080090752841496
0.24032718502419242
0.37303877500330151
0.49927522358120824
0.64198196458040191
0.23301535787365976
0.10419670457292485
0.81641927292713545
0.58657097437747863
0.87244273293072017
0.42944767131685097
0.3037611028493708
0.2439050547824998
0.5310894000285834
0.43689220995317068
0.70779560717337975
0.85800152652871375
0.90216538601263352
0.75158301845049735
0.39378960993171541
0.61120158665442548
0.64606665654490048
0.4918786361689691
0.80511933741788966
0.43849310767999522
0.64111191544559298
0.93248605302506249
0.44718789411243404
0.26931419026036835
0.7849297268028812
0.31052261529744613
0.54033932159106624
0.080588620677565878
0.55502520621155227
0.75145849730928416
0.59122571833990023
0.5900400443437418
0.64232272751708586
0.57647911307303945
0.59935167462892747
0.75297978208334015
0.46193897018062835
0.46458741253756008
0.57834314794763786
0.4393872484428844
0.58162256690830005
0.47688660620347556
0.88120730520063006
0.57765510351302263
0.4325571406817072
0.42780028159141548
0.48959415400687295
0.65594762620964142
0.56900826171122232
0.91461346999816084
0.38594704775620881
0.48568559669518951
0.52006681017435197
0.37254842174525138
0.31725458543674295
0.45123095662723117
0.42633719705607381
0.35675860945992405
0.76649234888862572
0.67495053252251846
0.60239447137168656
0.66235196962058318
0.80142933881369049
0.37493090175279503
0.53583746314483049
0.2370149578119167
0.4700908695940445
0.75637927989539178
0.51539774807644911
0.54467273627784818
0.77449370925956318
0.55738079383840444
1.0206269753237782
0.49420463989128754
0.54669743044041208
0.69301300559486845
0.47693670370397545
0.66164339329694888
0.52619215019566601
0.89405606915367142
0.54938281474829453
0.67092759441407357
0.59233589877520254
0.85371245820647268
0.68767418702087668
0.73209675959154641
0.27738263861496532
0.68323777725150392
0.80809591841964257
0.31129076768941577
1.0255871244351098
0.44275372913690275
1.0896572285482355
0.50667845416653723
0.65341682656086852
0.85843790294740663
0.66391344169523225
0.80135016988085983
0.60754204894500796
0.90868413711651641
0.84159812811803236
0.61710161678015796
0.909136347794682
0.94954346358842712
0.72577674128050662
0.54871257217016844
0.76657379371302115
0.54142123535145126
0.61497206997031773
0.63371430968080456
0.65405684047529478
0.52688636678525835
0.3875212461967032
0.66973793504586066
0.61531361226358572
1.054726637203899
0.79846006085113264
0.43242400408475251
0.53460400122949003
0.6876647050750524
1.1254942960695249
0.64572336869291103
0.78965731955718466
0.69317898994275906
0.69915873067461154
0.80960247038128652
0.52231166011086705
0.77632528928651612
0.68643926748588857
0.74707824569212222
0.70835444107193968
0.97009817326701897
0.48192451042520923
0.91070770905320209
0.31187600445193542
0.59115492708598127
0.72579015401192426
0.89476321597932995
0.46027907852115313
0.78575471247976858
0.66340168122315135
0.82571102371013505
0.65963633728658944
0.88605949193430478
0.78554316749972519
0.65334842597598997
0.80632798120436244
0.83046465280649717
1.0584064536194948
0.61871462921885034
0.53186780361498365
0.45618685316009133
0.7700898465511542
0.82062709341374573
0.63762205401501437
0.61027523468365696
0.92262358164067915
1.0218334688895194
0.7064908932358227
1.0183565928534377
0.9021215444147449
0.99762429054682766
1.1430634124295531
0.60154747633278205
0.79368028696114234
0.83669132894936149
0.48524759780156512
0.92154246621833824
0.86399726322818826
0.52545286055012086
0.99867073350323154
1.013074634575335
0.74781145933241977
0.94210606529138752
1.0872718266375259
1.0580197990687028
0.77721137088046144
0.8995029557312938
0.975857739620137
0.9255103763898862
0.56139195284266463
0.92025309226402974
0.76444398012916204
0.76894852186941909
0.90112733510627319
0.79938876142306747
0.97334738301060597
1.0234757608848655
0.78750929974095996
0.77593935644847067
1.1240309629111984
0.71922470055009313
0.91395397232370601
0.68489921853249169
0.66941165404184477
0.85653054993404576
0.88754987623816473
1.24158560391165
1.1126336377517181
0.97068469264459067
0.86507775109161755
0.57807610388399133
0.99601451796115414
0.96973104287220147
0.90164600157606389
1.0625002100878713
0.7598137668874807
0.95350253136951979
1.2092444799195738
0.95259013029423878
0.8450518349563263
0.64589490594346766
0.50450890749675825
0.69856059300384155
0.73876220332063769
0.86502088675024091
0.60552566083276094
0.68379679670431559
0.97582023398953577
1.0848451617083295
0.72466526197098147
1.1579596462675346
0.97780250269989699
0.75551580763543069
0.86853175552867945
0.88447729890477855
0.74729415636698227
0.54154863178274204
0.83780714507574061
1.0153357170222941
0.91626973338338391
0.53564329767585617
0.85238672411550209
0.98079120900549865
0.84665385136540061
0.84406290236147707
0.9092842802698009
0.96241764303474608
1.2566877096322824
0.80520777376366892
1.40652386434836
0.75756566755500976
0.95404634416834044
1.1119253343671465
0.71715096956895197
0.8822007766866572
0.9635657264236005
1.0776322207047957
0.75634775178236346
1.0414023252886513
0.88864543997287482
1.0199367220554245
0.72750215173674093
1.2661066742164155
1.0124086598001176
1.3032331853970551
1.326208766409144
0.87648205900725851
1.0348627690531071
0.81468329180065668
0.95954735424736293
1.1930875257089379
1.0410124869246811
1.3295270353867463
1.0215957472823731
