-0.75028052484674679
-0.78615471388463287
-1.1095558309764053
-0.75585548393871504
-1.211979186062984
-1.0562189215523754
-0.74403676201109981
-1.1174737151780454
-0.93077553684620251
-1.1267960366384222
-0.99045292058933987
-1.2434952772253207
-0.98432796351266805
-1.1886956619801223
-0.7862546139674309
-1.0350511987158979
-0.92332290959244467
-0.88770691861902862
-0.8496352601461985
-0.75460508778287938
-0.94450821153931219
-1.098814187690343
-0.93867891303670026
-0.81815965574915561
-0.70270322593020695
-1.1127491442328574
-0.60437901910314329
-1.054468660082738
-0.99565374396268813
-0.86796642880999608
-1.2562945523103048
-0.55375899422082053
-0.93611298479097971
-0.95745281064697041
-0.99564022996739987
-0.92981325327961084
-1.0891368778973496
-0.87212782376073461
-1.220999735316262
-1.221840755716489
-1.0244974159197076
-0.90013152496643478
-0.81690729161692699
-0.89487672266295992
-0.98634863156215669
-1.0378336869047564
-1.0521425959075381
-0.60021188009481929
-0.85433618556594226
-1.1985603328821459
-1.1310425595584288
-0.58841466341144089
-0.7132681607507475
-0.92285006201110054
-0.66508512751940263
-0.75032977317593663
-1.2691898955595033
-0.7073851072915821
-0.89283357494900839
-1.0053213944614894
-0.90343327321691425
-0.93580195811718425
-0.84339677238810695
-0.73652163264492132
-0.83993023470343442
-1.0891395218539155
-0.82082822042972892
-1.0138792036826578
-0.63894929344784945
-0.67199442933966169
-0.7786835790272304
-0.62589723098212502
-0.56557856480723689
-0.86039923229502302
-1.0219614476687482
-0.82591272271230953
-0.52412869485240121
-0.79117439000648371
-1.1481469707206649
-0.66706542186380757
-0.81191010435357835
-0.8267892841078206
-1.0427203648530177
-0.83978677270149971
-0.42672116200393212
-1.0254815770459462
-1.0414032477125139
-1.0060902798198341
-0.75041830046068414
-0.70141312622001806
-0.74525081260345249
-0.66509844945332064
-0.99693895560906243
-0.57734769807571429
-0.34826727642999883
-0.87304778892458113
-0.94662075544663904
-0.66480658366489942
-0.71444325312693735
-1.06147690730403
-0.7182775346574245
-0.74398578524881132
-0.92250230714144599
-0.8070225274199978
-1.0128211682140178
-0.74053223862776629
-0.73299881911845932
-0.86799315525410636
-0.78932136995675584
-0.72020314581397471
-0.68413784015459944
-0.78132029469540121
-0.65972360287344467
-0.65356216089941721
-0.82946703496971175
-0.82600941086278024
-1.0974722067840468
-0.48148515597263425
-0.49930400944410652
-0.83216900815892403
-0.82741495151573485
-0.86183713500146342
-1.083133603872438
-0.61752333960019568
-1.111158284013479
-0.85290547014378415
-0.89427538024829534
-0.57090774548239176
-0.54081634428256764
-0.63798390716604814
-0.71561556218234812
-1.2224857270942284
-0.75582662023023484
-0.56898494819738821
-0.88394684065824913
-0.86158185490141936
-0.91913116634727121
-0.89665837517702307
-1.2131530441765894
-0.4403614268218996
-0.5747810700019218
-0.67829297953560053
-0.68727958953596513
-0.66502935712178302
-0.71381692006001474
-0.93387833566524281
-0.91796851655267442
-0.86557643648495042
-0.31274256347076718
-0.42792451899600653
-0.35299775434646818
-0.51058529862670265
-0.85116249020201207
-0.86947908726644563
-0.80542907944313569
-0.62682302103233989
-0.84877413393684409
-0.71911407794754079
-0.63640695577996842
-0.5327346648936071
-0.62341699095472436
-0.92811743314390271
-0.60007878658000657
-0.87814277750604852
-0.78407443162751678
-0.49883443808023897
-0.51296253639438771
-0.90120171288682471
-0.65882956098697654
-0.39545386687630713
-0.70319329954798093
-0.76009622628803586
-0.73321678590746886
-0.58909858870369636
-0.44761595150112959
-0.61866318342631832
-0.89478559384155498
-0.58878211316948592
-0.93194997719349959
-0.10722680414339646
-0.5618033794512769
-0.82545572174103587
-0.13456083469837077
-0.83794275885665404
-0.83017576075143151
-0.82523911646268988
-0.43801090094203854
-0.63125168978223511
-0.24206689722319227
-0.63730023958773063
-0.71387552808588983
-0.2512707642729074
-0.44599843811796491
-0.55421887520249113
-0.90529834794513986
-0.40833261823032907
-0.81519728405704805
-0.60321704964653378
-0.31795272554257664
-0.65178205316650428
-0.84903597399000519
-0.89591747129247701
-0.46503281809138353
-0.45528908335082319
-0.84057632006943273
-0.72356170783431584
-0.27654232247517219
-0.57785268224343367
-0.79174772323726694
-0.61705055478389848
-0.59578624143332204
-0.54978014416722976
-0.39227967543782455
0.017275694234697825
-0.39405180206907081
-0.43396315715632067
-0.276002208753866
-0.59165182158379315
-0.28821147929909235
-0.65078468882979446
-0.35191298923055409
-0.49427305762192508
-0.64925544217540365
-0.44872641612482267
-0.49490962366454599
-0.62586468265006623
-0.3431064489722232
-0.77159960828242391
-0.53846575652957906
-0.30604198427857249
-0.73891194756673251
-1.0016057475514013
-0.5628714197398631
-0.3977957658090418
-0.62668947270014308
-0.52630759028058982
-0.57039764277767702
-0.75035602421038727
-0.41987327239566907
-0.50488484344933116
-0.81342337074898896
-0.31498370249683849
-0.30903617492745761
-0.24211219456055699
-0.79989013083760041
-0.55340059186478063
-0.22438502662950832
-0.37276044930111801
-0.75517348361007941
-0.57278790079793274
-0.30240060924863787
-0.40654733057932063
0.048481841325335853
-0.25363487903467102
-0.01979404818976593
-0.4988694468244777
-0.73681390142803138
-0.18067159871611987
-0.18832861348980029
-0.43437204886300818
-0.18830305296148106
-0.29078224529021329
-0.59489424135019409
-0.50578017008398268
-0.2880256773864987
-0.41579980366295199
-0.42828711757357435
-0.90451275555446808
-0.84573947074394606
-0.66646197867634216
-0.15394477569682213
-1.0597980767809878
-0.13241996012201601
-0.44558489513781879
-0.50605074004393202
-0.33001950568764721
-0.53499091689535272
-0.42738346483617401
-0.193389336265096
-0.44436359835022193
-0.58954725547963704
-0.3067718593231834
-0.3371320208553269
-0.38655867724580634
-0.43081646566865217
-0.40015251368615812
-0.65848483839342187
-0.34431130717144381
-0.32773348896749799
-0.0028610946154091856
-0.48620992088029091
-0.59036726911525761
-0.64020331892151394
-0.1728081739070127
-0.086856296166718389
-0.54020364004215105
-0.32448468717986212
-0.37821110355229459
-0.56047123024938117
-0.53255959008851395
-0.34491032829521373
-0.55679388693281939
-0.37930976016054868
-0.54015521742605277
-0.11112318014882058
-0.29388077235856669
-0.75056539527709054
-0.52945371647459782
-0.35405403180940537
-0.35518741045264607
-0.7717655050399127
-0.69813354730608679
-0.016761578221561397
-0.42389830153434482
-0.11002304676260123
-0.3492407784394761
-0.17780544765885001
-0.48611034315995538
-0.40242152551277094
-0.30521866946423848
-0.08002351904673069
-0.15540907688733827
-0.070898253544095374
-0.035444386401593246
-0.37887424872485798
-0.36888984496377886
-0.29846306292348118
-0.2540515582492302
-0.61599858868427582
-0.78771586018529371
-0.38503179179793412
-0.27013048312044052
-0.4546605006215157
-0.28834090457525147
-0.42433021784378333
-0.17128973787783139
-0.32671332972658207
-0.30921336560192897
-0.52718381024634986
-0.51881357784180993
-0.46320374882468929
-0.69963447859589545
-0.25392492581231191
-0.57570347839368319
-0.4658856527026356
-0.59596869062321278
-0.49285890691874779
-0.22367756363576924
-0.1446237524453533
-0.36334707171189862
-0.70754818682910714
-0.34626098717267351
-0.22552717654718224
-0.1713292524340006
-0.12649077367807168
-0.31838276097324675
-0.099513835496598424
-0.43704550679127019
-0.29267198328232497
-0.37733452537735934
-0.35104760208072022
-0.36582968768432028
0.025579924074332953
-0.22817375019993652
-0.52621010492880915
-0.25126365910338233
-0.31149102538740375
-0.43192294818392546
-0.18469286290508352
-0.48907518219361218
-0.4134471230149615
-0.21307501943330284
-0.18267575233931632
-0.12341100916609586
-0.24410830983387555
-0.23848979867748263
-0.17039071109030202
-0.15810013017501373
-0.27000795620081108
-0.18002108848452739
-0.026822431662064071
-0.57480899056548784
-0.30665296680944587
-0.13164388948204603
-0.25029217592734937
-0.10756925963256878
-0.24356426747591381
0.014695720839748098
-0.20649548687883637
-0.43158386390548714
-0.0055967991668594372
-0.14774434823493895
-0.40280949611495315
-0.25293662875787659
-0.12380819956841892
-0.18558447729782165
-0.17441199530347201
-0.2129333447017854
-0.32666020157185577
0.043024363637814783
-0.23645502887843425
0.024993677444751901
-0.24066056298277363
-0.15495500272758739
-0.16856268388707177
-0.42534334322653972
-0.14306364818825029
-0.059786681235488887
0.017139224381581629
-0.04044169841645049
0.039079240133084392
-0.23936620915478946
-0.037348866827385536
-0.017171233681239628
-0.49625035846207899
0.016141477682988094
-0.34063492890477803
-0.31508744127441474
-0.011989037353032006
-0.20394437243534394
-0.28551676377502344
0.044518810393378482
-0.41568217135509805
0.28932197657050229
0.065044001498486187
-0.14310812246290258
0.0013783999660026201
-0.19274145837775378
0.067669057399615748
-0.061688333264027562
-0.063337015720265594
-0.70850684093026672
0.015116724426707724
0.086670540669142829
-0.3197913380671365
-0.49430935065281278
-0.22040488914919873
-0.44766152681101667
-0.18406304415039268
-0.27330612163639423
-0.44400607313066021
0.13669440232294278
-0.0091860415516050124
-0.17101342877187986
0.26503419446860771
-0.16084950720698088
0.065560257816412795
0.061080263720554188
0.032840254777861053
0.048873860553749954
0.17199473591674244
-0.10614141989963848
-0.17998454483974818
-0.087188630887564636
0.26538880589797736
-0.10070993348069503
0.11971959033801149
0.15532064655924774
-0.10229682048576469
0.005843438995219833
0.11626645059946894
-0.24783708922979922
-0.16545392945889062
-0.11474673083034695
-0.21555937239194164
-0.30792847750764529
-0.36638220964692431
0.1745271754808673
-0.070375979990408108
0.11290419422435261
0.14713963405609859
-0.13613988049269665
0.29768984592117664
-0.14383968619016643
-0.25076269111519672
-0.047214094888605194
0.31604531611084058
0.10314278959010505
-0.3200777769987142
0.019676269240210004
-0.0094116976849122052
0.14366544591645419
-0.24490801873085036
0.13236173862016734
-0.17574721170002647
-0.069589468306800212
-0.202835652460613
-0.018225901732344965
-0.40342647408194254
-0.43865241492281459
0.2770113245064752
-0.08823112374481587
0.05918277177485945
0.23802251531411175
0.070933053827187301
0.029812000949850377
0.18348574294132561
-0.21529976657921315
-0.28524730191875308
-0.37546190311841604
-0.16089348278271504
0.088180478788294589
-0.36463781657515576
-0.42669903814208143
-0.07736319921293966
-0.037418614109425791
-0.063284914406611673
0.22585614250151939
-0.21614530959742995
-0.17774010454296194
-0.22344784067031215
0.060758851421852902
0.10876891824631139
-0.10706428754790109
0.040140402862877331
0.091134931415982959
0.046625651484607088
0.08507872323685739
0.16092499702004665
-0.45806234367076104
0.075507825784958613
-0.13349207519676118
0.21440540961169469
0.089332636821844821
0.10989851704972715
0.20310636129425949
-0.24925716553875485
-0.012861296648506135
0.37213927319977103
0.034855957599479542
0.033211955344344173
0.21609437361119405
-0.2442801818064271
-0.058218157523950466
0.022320675818568132
0.16965963605479067
-0.10850009370807234
-0.088783507002358361
-0.057289603492694408
0.095825570903865676
0.27397857083113375
0.37278664630202557
0.32889782059931061
-0.12310578350942755
-0.06693636473014275
-0.26129195633683933
-0.14928364613746867
0.30099705872220767
0.12767131349210398
0.35970088440282316
-0.19772098285936449
-0.3180506824258979
0.13314826921808753
-0.007277163664066875
0.124740409715628
0.047786714386532723
0.005045155471200523
0.18839644482899023
-0.058543148837350033
0.42264116035536892
0.26539480937942117
0.0589592159550274
0.044865280062145116
0.35708768566683041
-0.083509242603787573
-0.018104358883193228
0.10630079579583523
0.098280726995958773
0.27469240408747991
0.18399908945557736
-0.015230431718657622
0.17284040628504005
0.30847867513546162
0.23320483449759513
-0.0034023777318181415
0.44089392166257207
0.072924128214708672
0.14817634180540629
0.34008455358757539
0.33951403028202393
0.37418231756890502
0.29499135080316014
0.18191572815540841
0.22493701741461697
0.30618807145470017
0.20504630317749825
0.12385144033827288
0.31861998191565039
-0.069002457678266627
0.076535485638567713
0.089925611569740202
0.55071397385763776
-0.16048109919017442
0.4589387060514028
0.28245779202053861
0.3352567055621577
0.18105692854665009
0.24407616746177715
0.25250079774914841
0.16522469990691371
-0.018883384007295608
0.24582390789574649
0.058790492690669098
-0.11807486914006053
-0.089181960162514867
0.18440702522082361
0.35381709908493919
-0.098172443433829068
0.31739281252182622
0.14168431261856174
0.29352765142838888
0.074288918872154538
0.093668268177566835
0.32940876553162035
0.04220685588089091
0.12029698244341404
0.53130975670279246
0.44060692549458541
0.30356383006183491
0.11421593768377661
-0.11121004973824057
0.10902886757700525
0.34260516050867634
0.12072426474906574
0.3428973608210022
-0.017457653656266395
0.22267625294294749
0.42571675195702496
0.47432938630807042
0.22924902255411167
0.25391486268165409
0.37720752796563978
0.4286606178755793
0.40225310598687536
0.055370494459190386
0.45948213463715343
0.14901184859671329
0.2875261928373361
0.056691662310829151
0.12272273036907162
0.23933603080111421
0.28692295553132879
0.60932944818367196
0.32598171509666052
0.3454933303499706
0.49169686398990031
0.22573353891175524
0.11909198612866946
0.029793236751360544
0.19108002875468655
0.41611421792072573
0.17211340431135139
0.38775990952867617
0.35369545640972327
0.48997003314030702
0.14304693565924542
0.16541804128702878
0.13302073930209016
0.0016394157063859664
0.34358516282179952
0.19407907322627604
0.38144994304440671
-0.19642936352214313
0.70425486328055054
0.70670574734269365
0.21628102696217408
0.43634415472930776
0.34965155159942507
0.26175335617742501
0.28822170794871171
0.51595561418070013
0.26385969072077331
0.41620748110903399
-0.077095641063212622
0.11367318441542798
0.46342674423373825
0.36527645462314651
0.25756193241063158
0.41258555921521467
0.66034919027885275
0.40432393362106211
0.73244277083317222
0.23451164092187979
0.32336003509057915
0.49589981435246699
0.7487472806018638
0.28430055517233943
0.40519041056171679
0.35286727725847683
0.33578456223061459
0.31625276918319745
0.58148899864579962
0.15936420466013035
0.62594564135998509
0.47725905674746988
0.40712205234876109
0.57639920368259889
0.25733370908215564
0.25835186990269066
0.4618990860727033
0.5411241818654301
0.29758208152983695
0.54026604092586372
0.32615513500609483
0.53750704598007282
0.46397294616003565
0.60165492457714109
0.30629094312252225
0.5818330913224864
0.29128739375885765
0.25468687804491624
0.39719655523048186
0.14069662775574088
0.7405030487223816
0.34720315569741916
0.14190519074344918
0.65820334359759602
0.45030064499403899
0.29325842051253886
0.30177627779203092
0.58108361474509451
0.51079303792000164
0.42943626569898152
0.63553650063008793
0.60744228179036985
0.58546980611027388
0.42844318670555925
0.084274665643119376
0.31208515559675543
0.69476351032948436
0.2729800252404031
0.30471855785599045
0.48415017849977571
0.26928935745542898
0.4074119589916162
0.60497147117960914
0.19510512263669777
0.5836119798442494
0.62784263166872067
0.5711331911317975
0.54887806580581355
0.54363520737732729
0.28738449670547933
0.54325542686723005
0.63627404860085035
0.31633887545524975
0.39104796936921721
0.73707653600083889
0.47111540764177079
0.62416396154450071
0.58596974999481877
0.80579333303647738
0.76564100912893696
0.56886705693141082
0.27760623500874892
0.71023204614127067
0.34241030871835854
0.34016784561006896
0.605344167524417
0.22146598306223134
0.41032833727898288
0.22681826821437054
0.4098182021701624
0.4491474066164089
0.48313093147526376
0.38768184560094371
0.69998922069614455
0.45624870879705531
0.41681255932982014
0.39549769598183337
0.15012925619597534
0.41212836372679168
0.79954965828243996
0.7550613653356294
0.53873978821663371
0.5073891704208664
0.84442373546111338
0.84715668641529995
0.34882347808744901
0.46501869057120943
0.68970110731763734
0.31424727231953858
0.41641538498973735
1.027325033064951
0.76626931654316588
0.78893402586160777
0.64556867765084425
0.38594390962999042
0.55052020452144634
0.47958518873001194
0.73560584103332216
0.765715191971164
0.36224234470796257
0.66707654652027426
0.35148065088888342
0.40213405968550825
0.53699742668095074
1.0642090618408728
0.79492452091520049
0.26210113921089495
0.9392600468210438
0.85220257818975098
0.71000494964787841
0.53365142921094089
0.48440251011332863
0.65442987685698195
0.68482717420277173
0.45283593636807301
0.27677079969216278
0.46167086929241574
0.87827894039563403
0.6563239527007555
0.80328786675583541
0.73450863920442899
0.63962056693886415
0.40381929885926349
0.91624070574492844
0.26070676980604257
0.57928873127353064
0.50730926486571437
0.61856398432696635
0.80382802765764627
0.61447581259896533
0.7998350563940233
0.81977850015485754
1.0383614067696183
0.77285780134488014
0.61660930591399099
0.24045035988030555
0.81993902281616804
0.77617379739049586
0.64297038693465358
0.62976446958419119
0.54751893531674467
0.79939958497365637
0.69235572190390959
0.86272188228204749
0.95583595298717516
0.57730068685634417
0.64592912208070996
0.68682393122301721
0.63767580734769669
0.75590688718300059
0.63962166728730618
0.6481475615921628
0.65624126031961683
0.68266117608880783
0.65725097425724965
0.52087453868838296
0.69279064061713724
0.78605256123470724
0.62710529209401455
0.53545215546441327
0.832004212297214
0.82185176262052562
1.0128541362027856
0.60267118346937543
0.41026434789708011
0.49192166927795172
0.57790855489372717
0.60264104386650197
0.69836486658590269
0.19244917714741105
0.85380887466556721
0.60195703448707583
0.76614161524598579
0.56897876950425741
0.96427748846671368
0.78766998084489714
0.53880324758577847
0.50907485802137142
0.64818380525658437
0.63826018407225771
0.71908297623399597
0.58048313859820211
0.51687600678232615
0.88941922256604133
1.0012185191976561
0.82865245917595076
0.88058072604668669
0.54864790324657553
0.90248466818862882
0.78366334975533503
0.855298309545651
0.72168110538676977
0.84905104933046327
0.86786369094810967
0.95469394401732821
0.65294360057477419
0.94692579446111691
0.75059791490117655
0.98957814412114642
0.40919077071470267
0.72612282326903854
0.47884458042393557
0.53634432223667083
0.80673663680436303
0.79290964340244896
1.0023226411933182
0.91033760305817202
1.0492446976861065
0.91902246902261819
0.62389294170542731
0.6458566666782396
0.66286624299360197
1.076541343337341
0.94930918954114074
1.0368855759059485
0.43919501922865306
0.96028686495598226
0.92188621135713711
0.81654570364857515
1.0907530358941899
0.93689810661406736
0.68672776035086802
0.67546736192559687
0.88193055138917387
1.2391356379146508
0.68993174860989082
0.70662336632255995
0.76769824823099242
0.82195645846686993
0.64653925772057297
0.66521284285046622
0.90714894512709376
0.44118354961543288
0.69140360982204485
0.65496778846295989
0.97040807494529946
0.80848998852409093
0.8135152086124241
0.78695064478832644
0.47993580677839709
0.81034380368142844
0.98650237976589894
0.99543588671638705
1.162863372482531
0.81309438904561282
1.1351575041129718
0.95103707719358255
0.4852299344227145
0.99606062257568173
1.0384484046343023
1.0542425410185838
0.73517144062938378
0.8857422002525297
0.92986902904388657
0.75241875317096163
0.75814907205530624
0.65634321044042732
0.80724570733903145
1.2817499573381612
0.81153507358161747
0.76216901848515872
0.71907681100779586
0.95276514368393583
0.49822308464216197
0.95718854965136979
1.4077671967395671
0.99254266927597556
0.95895404453519817
1.1963362056054982
0.92245408552479058
0.70030163433970949
0.62629586750856703
0.96715772167784575
1.1356559519166396
1.3023566461357401
0.7731832307587222
0.73775889199564892
0.70784195414474671
0.99766832248983683
0.69015610902526126
0.87259857222750548
0.75335964455193949
0.64575709210934351
0.86100371124868924
0.89105872815843523
0.9246611475679305
0.94583795825654593
1.0207118110031852
0.97500326544503702
0.81408634683800052
1.0776700552102403
0.82149065172184155
1.2299117766385741
0.74739719489255574
1.0735437348692112
0.67504193722092076
0.97451370500020795
0.9607183765361399
0.71476699782658049
1.0553817460747552
0.82206154318824198
0.85735135640255078
1.0867954460264517
0.86047981536982754
1.2343479218387423
0.88243121622899534
0.6213303676108024
