-1.1917551704166951
-1.1654183149048998
-1.2722770837725756
-1.1419427354270926
-0.83065319260734494
-1.0468578249859062
-0.81409950663003472
-1.1477290698570397
-1.2335405841688254
-1.3663722217444487
-1.1853502386481385
-1.0563323927721091
-0.87095902375971312
-1.2562968799322676
-0.94538787978741612
-0.93268294165589172
-1.1862261847088442
-0.93365071240142394
-0.83023216862131577
-1.0365253027984316
-0.90800235411917951
-1.3745801181893409
-1.0497844478779024
-0.78844169250597107
-1.0824679848739303
-0.89617507126031826
-1.0642171032190744
-0.81059958574174673
-0.70681990090253111
-0.92356811503954628
-0.90764261474343333
-1.0114394721004878
-0.90867560976898887
-0.98951779658811845
-1.0361789350664383
-1.1147000279466552
-1.1450021519388882
-0.95508658713161088
-0.98229910496143236
-0.77464900270149928
-0.95478945351808442
-1.0286386692212088
-1.120015026567869
-0.9743245944214679
-0.76686003010921022
-0.99767168860907607
-0.83704043236009529
-0.6990343157250265
-1.170255921661439
-0.90219016926442852
-1.0329335847587577
-1.1320491880948025
-0.70950792149187181
-0.97905915382490427
-0.69224325647044305
-0.53801575144832237
-0.94684022744313245
-0.92572739314992769
-0.72839342295428655
-0.7578869379194213
-0.93812733422851657
-0.90733919742073399
-0.81979417876102623
-1.1878402567024244
-0.8440159108937022
-0.79068787272776775
-0.86108038775064677
-0.87283175289959658
-1.0752825128162151
-0.91953445693488745
-0.83678630587621894
-0.63179479489953938
-0.92067238057521217
-1.0488487006008917
-1.1699588064040933
-0.9451810095247819
-0.93870155291779478
-0.94009816742972729
-0.77110564990191954
-0.8520151181696799
-0.80415799488560002
-0.45339690727454363
-0.72658231014122587
-0.54059510565227675
-0.89387329202773613
-0.80869795411464129
-0.8385504995520221
-0.90797848623033706
-1.0498655500387493
-1.1448335125437381
-0.77040773449557787
-1.0279977490966539
-0.70470115299607083
-0.73310704297234175
-0.83696835099074252
-0.69749172556946981
-0.94944347348296554
-0.79932320156755976
-0.86837395404141693
-0.54707001376512543
-0.6777277893273449
-0.73917707671359956
-0.96157294525376658
-0.77833121346156064
-0.55053777648754332
-0.84815650147429578
-1.0967271248231332
-0.73419206370826184
-1.0439120244436089
-0.7941635537809929
-0.92426793884524505
-0.87275672331707843
-1.208424313374177
-0.51274111335596007
-0.50091322126090165
-1.08216021399377
-0.83305796803703991
-0.69914882630328801
-1.1416175622153848
-0.40159589639942711
-0.91480361081462069
-0.86907728285674868
-0.89963156122388976
-0.81623359861775147
-0.60353995925452375
-0.84298435091709722
-0.86389877446647945
-1.0753216733192608
-0.8294807117129539
-0.50555804365992618
-0.57572234465683925
-0.79854450167905178
-0.8551743798057071
-0.73000899559052934
-0.60334420805752842
-0.72743600432252553
-0.49482379982341984
-0.76356275675079399
-0.89423471477814664
-0.7511897815146833
-0.7995845422351251
-0.50176822273145172
-0.86036793276861512
-0.78197563289616956
-0.79033041499833623
-0.96106584781604198
-0.92793473046624764
-0.7272344666462901
-0.57640962584780386
-0.55387410477805266
-0.88187469231202209
-0.64797488137740256
-0.77727660365511964
-0.68475604170751314
-0.4028636783427596
-0.63147487309211503
-0.42292547909261247
-0.28217357022381823
-0.67669096785515792
-0.45790990407042104
-0.52805472593103908
-0.81943459858223533
-0.62510752097768074
-0.83599992477255647
-0.63116611806368672
-0.69872651167653899
-0.50260860040278976
-0.74336279803819871
-0.62199317786605524
-0.69274485527204832
-0.72771056205832596
-0.73408176504763101
-0.4369222436916384
-0.74989617539266562
-0.90031265187993459
-0.70779862444889075
-0.66457402957375589
-0.62771808871286239
-0.5134805962946033
-0.75894628426123778
-0.43429731350096912
-0.41144111735620115
-0.49383623657967229
-0.73417643516281916
-0.65101292059577054
-0.60793949445641515
-0.65102330774870454
-0.68322177475124457
-1.0682743161444086
-0.59844035240780269
-0.53880045848707225
-0.40081653242553927
-0.86063385884711485
-0.78384560293919525
-0.45680974286172699
-0.64651563947705692
-0.55867304458564371
-0.86387838227749592
-0.49110084560432266
-0.99381459798586469
-0.62643849841075527
-0.45025562256034979
-0.78853864157826314
-0.58272972633985809
-0.87790727223948173
-0.4868849997773102
-0.67349341601260293
-0.54515649523765386
-0.68783383830736244
-0.72674282923192246
-0.38981021358755158
-0.62017057333912251
-0.67224418423664767
-0.82984305045385121
-0.62756983441887304
-0.37970300123147283
-0.61494852829048663
-0.67288686019815525
-0.78992886651465077
-0.86581464889436655
-0.56910404262789061
-0.57449450038637306
-0.94079020466336238
-0.57897099396654061
-0.48564207631561285
-0.3926007038661859
-0.57663659032994774
-0.45532949656390226
-0.76147824851184909
-0.52997596196498153
-0.81803889753591086
-0.66946677595647863
-0.44690809946626242
-0.53204637878646932
-0.48290172261975889
-0.70659866676088567
-0.69545787291818451
-0.67880641128434682
-0.70218215107396176
-0.651307771828742
-0.58193800730265854
-0.19729943338668779
-0.55647894021031219
-0.56988700007234916
-0.50750143683989435
-0.59693782929591721
-0.40384278318197298
-0.52097088017034066
-0.68321448724665845
-0.43407727271710717
-0.65361837116834642
-0.35692781011767938
-0.62726186751456126
-0.6093799375989235
-0.67026023559127113
-0.49339441193536676
-0.58487646222368717
-0.5491710859974841
-0.49009169253624052
-0.68834752964322521
-0.31624415786632287
-0.50173491448875551
-0.71843113995941787
-0.41690243295694829
-0.77502283745522371
-0.51488857041318903
-0.46869754169802874
-0.28316013735122414
-0.49908662440522228
-0.42841854515535577
-0.55603682516389141
-0.65567333728872235
-0.28164221743292633
-0.40414415023797895
-0.55135798479304787
-0.56346648028291579
-0.71142484268371509
-0.57122712389212771
-0.47705646600629242
-0.60610200378245771
-0.66821188672705345
-0.35711844510273549
-0.10063717058101176
-0.46394430891470179
-0.42531262501142603
-0.34346351479245113
-0.46215040099845001
-0.55064455908628951
0.047298384287286159
-0.46209282237376031
-0.34236375725348994
-0.53435643040618819
-0.61545816189772784
-0.34304478101796704
-0.33604718436612324
-0.19990496747140213
-0.48247501234085771
-0.36964105374652195
-0.79017363036804145
-0.23370247407404218
-0.25038684022747792
-0.60047386185723228
-0.59358799365687231
-0.64651550501782029
0.032638099065719434
-0.3940630707895551
-0.24329595969008722
-0.13786102583412568
-0.23706335892303282
-0.40226755420193216
-0.5081711927337057
-0.64763098878014502
-0.48308108881250195
-0.47853763530701554
-0.14875547207117829
-0.59358867487257838
-0.43454470242373222
-0.24449690429675242
-0.4424917469307173
-0.47681178538332336
-0.39985385058486711
-0.13584922462271432
-0.73768783893549994
-0.47342781317032034
-0.54382990211256954
-0.10745769507635998
-0.58464018554418995
-0.46331368851869797
-0.35700615073560638
-0.27240763612294849
-0.23217883423822458
-0.19389951244935988
-0.31365562452263296
-0.32091695898818468
-0.35811377625426366
-0.49784137227756586
-0.34534183933261819
-0.56293433683632421
-0.47909694698796251
-0.57196290779035119
-0.4236581119952364
-0.51301071465757664
-0.59077197540706305
-0.43155395615886027
-0.11995992617162583
-0.27266455849003896
-0.38118655386584338
-0.37976575955478709
-0.20895649990912862
-0.34030459842306349
-0.41932177229904033
-0.12802803697943196
-0.2566785530507748
-0.14747093100516337
-0.13669408696999144
-0.29821633695290917
-0.34025551068046023
-0.28159499100489299
-0.23897383550270984
-0.0098757177850926428
-0.57823256554753844
-0.21545891426020589
-0.19190378840814157
-0.44837610340764072
-0.35762027867250545
-0.31680387550333561
-0.3131563929838041
-0.35144271746687455
-0.39325899320188829
0.015049744278512951
-0.37080947114002122
-0.32632266138395793
-0.32883488646900283
-0.36855973975126149
-0.32220585468787855
-0.32700038116052349
-0.2903187044391573
-0.31455570912923414
-0.17417799144077631
-0.03016180485305385
-0.26049348102618064
-0.44515281328961048
-0.42829101222631544
0.16812888001417131
-0.45278927764114868
-0.027917559119531039
-0.25527504968255077
-0.15099337852481837
-0.43291542290297508
-0.25548137998690001
-0.26959447974237222
-0.35009103442721468
-0.3613714721141118
0.10180540077235066
0.1785642910367353
-0.11734908691806883
-0.2969306966040709
-0.0084880181316199527
-0.25902890744058216
-0.49593291506241793
0.04084404534627676
-0.10203185370337814
-0.031317315067263471
-0.28127389181093088
-0.39169156217304929
-0.1877256156836026
-0.24129787668909145
-0.057761710457493669
-0.20111692513636223
-0.089216114789277365
-0.44425921113252126
-0.075540455666461767
-0.02602253947967029
-0.10180870174348537
0.015673088400737462
-0.45643987158551763
0.058211621991648789
-0.057740699167807219
-0.47988319669821372
0.076999389160086765
0.09164984167020078
0.066514856807806763
-0.16349056505076784
-0.10885422216912814
-0.52527555628344624
-0.59501571773315654
-0.1250315925320474
-0.076301780738537994
-0.19409258776629013
-0.018303334455705315
-0.23168367479278459
-0.085285731205932094
-0.34850170776320277
-0.40194641845694573
-0.15745707864312436
0.013656419299332452
-0.10564887604176483
0.053241099487540487
-0.15177943065562075
0.13359199476162589
0.10480989034880252
-0.2323578745335606
-0.018021672019604494
-0.071444204070382281
-0.21863432868145671
-0.29906570638834312
-0.073978509993376823
-0.13963385055976696
-0.12556247228338388
0.099397256015706981
-0.15539190350058343
-0.037064880688630154
0.19426990866291016
-0.14219230267070945
-0.1893233452020909
-0.2116174050735771
-0.0096654964367681451
-0.16611088923855977
-0.011173607080558609
0.04421470134706218
-0.10352366303803118
0.21884207374916956
0.28510919346721225
-0.42827128419100385
-0.022325646011780047
0.071123405250076016
-0.28195996650680605
-0.23206119723891752
-0.22722817694386765
-0.085982569311073342
0.077367367781566651
-0.29647725808785791
-0.27781971382768117
-0.075164117968745031
-0.3707812522957562
0.031128151362073527
0.16689919086903096
0.0072971534189724746
-0.035298785384615325
0.27045754519792869
-0.23746368390749353
0.014373711944631311
-0.07811028565680668
0.0967724465932569
-0.16840146330883499
-0.1755699301406809
0.012015815407853432
0.039979938731028009
-0.19474288105097801
-0.11760559538735664
-0.091053640740861905
0.11062396186870982
0.024917924975637305
0.046990395812711201
0.13053121195954195
-0.24162049561762311
-0.19890267946747436
-0.33300180245258859
-0.020710479486132624
-0.15341325746655979
0.12435548987001641
0.13243149545001379
-0.10350824537279553
-0.034118582505485398
-0.13365059336492699
0.10453118188695266
-0.053769704887447513
-0.072403513625985474
-0.16462320198267835
0.26345011168263816
-0.099367365949033185
0.13746217091269874
-0.1621879207920259
0.069409687962562333
0.21548454837738276
-0.084671747209334028
0.16384983900081487
0.20145238242461525
0.11742165794538394
0.0022929480699449981
0.015429406023955752
-0.025522029703214748
0.21361164236727592
-0.076077462667067094
0.18737712094342326
0.18548781018640459
0.13698114240244189
0.15621706328000223
0.30482751990671297
-0.054420594443558519
0.045592267173199745
-0.16469717189286731
-0.077546978363035535
0.33601034874838431
0.27388069910343382
-0.35092334417010462
0.26628206557444867
-0.25253693852134546
0.15512573910286345
0.033916503006505665
0.017207122739607467
0.19375856805462399
-0.0082509492648133731
-0.10042179308999062
-0.12955708148836398
-0.019111981330163445
0.12137016321895243
0.27580872022493685
0.21032662897020246
0.044535742210378981
0.1643305964684561
0.32715449970734478
-0.26913736042792569
0.25296580872823615
0.47463865234527164
0.087376722313432076
0.16414049296587541
0.52783406325012994
0.078191725669964129
0.20164838061052179
0.23494546851648979
-0.11595664577692257
0.081370024401358751
0.10741250935949663
0.30906224431591423
-0.13737193437487491
0.04016075110637847
0.19165765618347474
0.32973470452080134
0.45011026407190152
-0.14633516717496964
-0.037789877250887408
0.014890683270322627
-0.12304329362871329
0.14078864071523858
0.19217555334037362
0.60989642279383816
0.26723310545950985
0.12277498724432903
0.24656591329598071
0.39327248375126506
0.26110125454472438
-0.1077334837938765
0.38618774347576379
0.24833140825586891
0.17669153879063529
-0.17284542246630391
0.41134158372541918
0.097785978667663184
0.35953604745153595
0.50956128914959309
0.16576510990607837
0.20402372709212521
0.24699600176403477
0.45048311671429214
0.13010960644970646
0.31693411977332775
0.15366783764834524
0.28814672481765757
0.34369026133407182
0.28726639219980876
0.21831657169610241
0.51177241650865612
0.23854209392218992
-0.036416972219887211
0.10520167755313681
0.1803468658513549
0.32757054795070839
0.41494722603864564
0.33698315505493004
0.18875572763786166
0.12263398363157704
0.32138304264127976
0.49055734496101144
-0.078265826923800297
0.57403244990724167
-0.0066061004950030353
0.34105845350942127
0.38319540288125092
0.33078486174391764
0.46173763762402592
0.38016729027233132
0.031428865483061556
0.34114176961916232
0.31884910569970193
0.48397004759764106
0.34182153443497282
0.176021625896576
0.27189451857889535
0.20245329585432817
0.26125874967308299
0.41811403548342568
0.32385519774124688
0.5343131206839401
0.37761799049700562
0.22852087147277642
0.42202269903864931
0.45289645449967658
0.10335372775211449
0.40720943919890557
-0.060009173123890057
0.21666090244579789
0.2859012670834864
0.072087667643783257
0.49059173586194038
0.22577429595409443
0.18328440540103441
0.39887247053123615
0.31336068535619749
0.26412221950088871
0.11602030525419559
0.3980163438774359
0.69567564993942477
0.24725442662157426
0.099220727134353967
0.26749730224300505
0.26025242024549727
0.33133268839109409
0.53839982634259409
0.18342819785170802
0.5359125603065279
0.16126236302099606
0.52675770030157454
0.59410248805666388
0.41065007178579027
0.38406769457637213
0.33176808232041899
0.32742530390348396
0.39171100319559227
0.32511807123339126
0.21464179565572533
0.35907945333894875
0.30850765730041019
0.38849457040061408
0.33014326673067451
0.15943515855763002
0.31316674748398732
0.42896358526962025
0.027647076744580754
0.46739450744543304
-0.034420655976036538
0.016637339912354922
0.45464492966613818
-0.036179347671253997
0.29726726952006061
0.50708324252116854
0.42837700875763901
0.6697796505038619
0.68806416612323118
0.49479112997837921
0.33342479283126691
0.62581350731404528
0.56778378537131857
0.53914344799646896
0.21280091015050492
0.15727956584948366
0.24710570773206589
0.24263151072092418
0.37100599658996114
0.26694460947205589
0.22310465100081789
0.50914297933578712
0.19609564328146178
0.37242785464251077
0.29741400458571471
0.60988659524151023
0.19937578411508883
0.33212862300576451
0.32354068833250221
0.34899535896768968
0.26026429444204779
-0.058236414020829456
0.39433981505447518
0.44765413119405256
0.19185644871601759
0.062778746978556857
0.33324962507612504
0.42532249527083443
0.46746363622192966
0.40180591096496293
0.52692430479737506
0.56090018081572512
0.17198190268845145
0.29954937379228447
0.1148657215194847
0.40765961531357553
0.30909935447881742
0.69415850487083353
0.44250203444009983
0.67277505082828248
0.40363987564598863
0.54833820511388731
0.29926025352381352
0.12995793639819092
0.71400653722089247
0.73907687009101797
0.3780322721425135
0.59433261697801365
0.38568427209758982
0.53107196143865332
0.19359067433677604
0.6664559623218036
0.87923756317424695
0.63094769135291018
0.62790702072117666
0.33366355951919185
0.47574737848192911
0.56117067880943428
0.38187990656017456
0.53022235826990427
0.6125982854435118
0.63858487283302945
0.56911528315067206
0.5659279885317966
0.60149281229581852
0.34179917506743307
0.54094659668438227
0.65649099639045505
0.21928421486699839
0.52089211783228817
0.899043985333004
0.65649421772725081
0.54196257330060948
0.75262549914162646
0.58205389030989452
0.73291124693966525
0.51059298277372922
0.41385964169980954
0.67145053141018807
0.86128288884243698
0.45821691948667309
0.83258934317736244
0.59475107302854457
0.66049054492879755
0.56756278285389106
0.66257990670027622
0.73799543567254644
0.55425443922822448
0.6678346283444363
0.52112953892365976
0.45861266263458367
0.53888884816013971
0.48240294610388867
0.61834609708675126
0.53804674616163706
0.52673508514405065
0.61056575823565551
0.83571124396984753
0.54729339097531648
0.71703225302185059
0.49556365168125782
0.53588773131759526
0.50201453990542566
0.80195825828294454
0.6200341994332278
0.63787557812451878
0.71561359586510576
0.64615009480297769
0.23542599583544568
0.78735926979213033
0.82980730018841409
0.60045344070535212
0.98902442742157837
0.43725077811007945
0.63620477526296226
0.58233473117405798
0.67741875436689136
0.56140532902168427
0.57049830019770242
0.43533322147173859
0.7778168891855034
0.7930238340423903
0.5332477666591281
0.85690285530170096
0.60370367414501613
0.78879175780382182
0.63228907891075359
0.63877148412519358
0.63200851273861403
0.60042982880217055
0.80948207341518885
0.98863039773664241
0.61546186896533595
0.6299193580046879
0.53203174174460277
0.71505431354095883
0.79701556347317404
0.82076743171822886
0.61108459405195248
0.56162381211574786
0.35027900521604749
0.88827077067121907
0.43054007012284118
0.63852403350192144
0.76944871969170725
1.1370271813990263
0.71483708887479447
0.74440396473042092
0.91739672594696808
0.65201441584919551
0.79525072832741384
0.75667700790222003
0.85594965150480773
0.83224080206493001
0.24119352160966298
0.38368022753140807
0.73617697700413531
0.9119680782535412
0.82951558344754284
0.70560934389933117
0.56192759808771597
0.87401821742124641
0.53984257484971199
1.0448890363167298
0.37296684753888787
0.8655131425320346
0.82624453487724392
0.71900200700537598
0.58543172628107765
0.65325458493644817
0.3980958299692311
0.65996104275492817
0.919102669282439
0.66835377454314715
0.51631864866005805
0.79497727306247801
1.0894346811131848
0.78769648956966709
0.571164824323244
0.66426935137106213
0.51073938290793564
0.80849269586265338
0.78502276617096745
0.84150580957362586
0.84229302394316796
0.7474543707418897
0.30932727628999512
0.80331408872379062
1.0856359296173455
0.54899521122708983
0.68905038496081139
0.91103714144179282
0.408135698695408
0.94303238375862219
0.60918713249529466
0.68917094693698977
0.83540101398906585
1.0586989013054573
1.1102458986973234
0.82268826111425963
0.77415176258345786
0.92383724229998554
0.77505623741572294
1.1507892848572627
0.73229463180866994
0.76797406544365221
0.91888357042477764
0.8424731815208486
0.28061846914950295
0.72729530702382594
0.8337673052326634
0.60165272158424032
0.86409928678613079
0.62402037097586738
1.0082048820596856
0.96203455145980821
0.8063022664101982
0.6517624302652073
0.62372305068999767
1.0930199773713249
1.0113718580962383
0.9300863428087579
0.72813754997845892
0.56181223761376009
1.0631257593209122
0.75890735849749957
0.93996102910624479
0.9673259286858743
0.59301863083460793
1.0447446932291713
1.0034619271791325
0.82205426929582615
0.82479212059073337
0.66414257399421595
0.83039525391436897
0.90666214198899209
0.87152560384603561
0.98291436018981249
0.93082539474688408
0.63797309686933346
0.62982400564719754
0.57216213677306049
0.88886609740328182
0.87687704835700719
1.0391049728570463
0.70836087487623478
0.965514718724793
1.0762649781359248
0.88142057077118197
1.0138180446716041
1.1599111965419575
0.82967877864624584
0.98057320359237476
1.2389888469620813
0.95808613000131293
0.77746167493670848
0.89348434829889345
0.74811766092991583
0.96461820716939284
0.76291499796836171
0.92611962801944925
1.0127456428620356
1.0126719691418167
0.93021522038876769
0.89595817524473598
0.92984197212629838
1.0537918962364352
1.0915617722443258
0.77987664860276396
0.83611579048086171
0.44363326164738642
0.66739370384439745
0.93829095839210541
1.0729175266427511
0.67637566730932452
1.0581798828417022
0.92804284131529646
1.0294551148472966
0.86348688877252977
0.80821896447675423
0.98634021088794954
1.0408153670705729
0.90392981254723215
0.78487744708300689
0.7316797195077247
1.0150571104334387
0.93227247578049177
1.195822603132356
1.2512601792679028
0.89023192147596819
0.91354512303165347
0.73155175621838486
0.90130763852515139
0.64441795081241915
1.0603722694473765
1.1057383552245321
1.0039264290478236
0.99481115791174002
0.91328836904711708
1.2333337154476669
0.87914698457175822
0.74729645460179794
1.1251070282886335
0.89741853832641294
1.0157860187393064
0.96571884279206288
0.883481255069405
1.0607501775298429
1.0517826100941967
0.72301555541750473
