-0.54421425173100357
-0.89254241404763512
-1.2556233432365109
-1.2035831099000089
-0.91875606532617116
-1.4106604264190057
-0.95162410403842368
-0.79834210381218529
-1.0655824508560603
-1.0878748151124684
-1.0409751614219676
-1.1717577908780183
-1.0874222869813648
-1.0326866034039064
-1.2260298464273136
-1.0189739859442681
-1.0752406795430289
-0.90244205995636262
-0.86711119186543706
-0.58900421362768463
-0.80018468159964862
-1.0268328066296426
-0.8067437669561438
-0.75140895134748942
-0.97854852681127336
-0.94126311667075102
-1.0655101943375269
-1.2013343005493446
-0.75192768266499532
-0.60290448633302729
-0.68084832583801769
-0.88599597723900614
-1.2227805919382884
-0.97576846538201367
-1.3161400504816649
-1.179246408923261
-1.0650626612578942
-0.74388244611282439
-0.81620900646716876
-0.84162152397181078
-0.93980514584262942
-0.73624363967548745
-0.76643457548065042
-1.0080893764739203
-1.1748679163407971
-0.61693829999571603
-0.62186629006827443
-1.0210661835769199
-1.0308684695996415
-0.9664923248879147
-0.85724107686045881
-1.033230278769486
-0.75570320789233647
-0.8552365213499481
-0.84183980883944554
-0.71056555755231132
-1.0075738318629524
-1.0121732650586943
-1.0313185012507171
-0.69441122222615792
-0.88033703095542204
-0.90799521971930874
-1.1009593018440615
-0.98626236769360265
-1.1141865278791834
-1.0575813067129074
-0.74800348587801746
-1.1397765379954015
-1.0904833423524538
-0.71037722813079551
-0.70765867256057069
-0.68813531208125023
-0.79101574570070876
-0.98376789312922275
-0.94140114651263984
-0.81110663571362596
-1.0446133474621835
-0.85148962078789536
-0.49954880877427366
-0.83548278836727952
-0.94751028214484978
-0.71583294802284014
-1.1013260437911871
-0.88912763830587083
-0.97731670489048728
-1.2317423691309801
-0.75259125170606112
-0.6259321797610754
-0.68983591588321058
-0.93675175259454868
-1.1743723220199735
-1.0574518973966545
-1.1090941353899564
-0.59185627869793012
-0.68484972494944418
-0.89949895414010961
-0.87127262366693159
-1.1151199010769799
-0.6195397535774636
-0.64136072490789153
-0.86399624698676181
-0.4783781546483229
-1.0722396538910752
-0.75674353743169065
-0.8288413075258988
-0.69913543974041548
-0.70708377820462853
-0.78759018553545057
-0.50737141667083174
-0.73672564435017074
-1.0272429854980625
-0.75653713365887365
-0.85876315014305837
-1.0305621109621563
-0.76247309133198993
-0.94270942893093279
-0.62523260278221993
-0.48705386379223076
-0.66913070748242431
-0.57121459596938551
-0.72862786377122146
-0.69212528706462384
-0.77169151091260091
-0.68866628386869633
-0.82550367014590864
-0.82578437086716039
-0.66048884896521654
-0.77281422309403536
-0.97162153083352332
-0.60041901346961146
-0.54142809194991237
-0.48714323783545854
-0.61428158579465797
-0.71485762883333515
-0.94507180896645915
-0.79434613395345144
-0.61390560973060604
-0.21062312459760399
-0.64501329632760063
-0.74177646809244813
-0.66793709160729231
-0.52870482964939503
-0.46580918902366181
-0.47950429847284792
-0.47534152941312485
-0.53205283752802524
-0.57948029384914501
-0.8981349401764378
-0.84547702062540464
-0.52478515946948512
-0.88060751331493869
-1.0028228567138093
-0.60409843055798396
-0.33855426211457529
-0.57187924399207379
-0.59792262570978039
-0.44040044418154806
-0.38519114758453799
-0.51435096305417982
-0.7407071610556466
-0.7147227933525333
-1.1765123627235714
-0.81880416593263672
-0.89271696519273624
-0.6526549324713482
-0.80324648959877087
-0.61981619648648301
-0.96847053865032529
-0.87334932677740118
-0.50386843928915115
-0.61849467863237517
-0.60340668505538664
-0.59773841937169403
-0.49537058377831011
-0.53419952043238883
-0.73787584793828631
-0.69644432136315149
-0.51143498619466932
-0.8558438142224406
-0.44947642004141936
-0.37198112620123458
-0.76931169362259988
-0.48226091466658738
-0.8250113690699451
-0.36926364761786207
-0.39376096901119179
-0.8302241736684165
-0.32298121777710531
-0.40666718723225231
-0.6010553841936197
-0.72803661168947409
-0.60446152902207773
-0.81054328942882337
-0.45291569483059696
-0.67499526598234982
-0.50895628947643456
-0.58462162925218097
-0.88884251826347582
-0.90698434198352396
-0.69593965394030599
-0.77960706588566331
-0.62624011389166023
-0.72454602861300899
-0.45910016748460791
-0.44529607440436353
-0.52414009618295321
-0.80884611211516
-0.80094280051377542
-0.46262162798498924
-0.59967195174706556
-0.49914838647828919
-1.1743637477574096
-0.39794864065937424
-0.8059704272764654
-0.36484102575367322
-0.46666475610012081
-0.7556287286164961
-0.38117067719676018
-0.26309773166825967
-0.40634972539397191
-0.61005849633504738
-0.60280343257009428
-0.52713300042678057
-0.50766648648399582
-0.54322960430246714
-0.62570794069178082
-0.35715174912135295
-0.53216876001576019
-0.65049389857507145
-0.45448449587752399
0.024326095969963313
-0.52051252501484413
-0.30300144427885722
-0.73191858749769834
-0.52490200631913164
-0.40084085894719484
-0.45707147971069856
-0.86505092146527496
-0.49615087548534714
-0.54531107324909389
-0.38196549561073229
-0.39170367562882985
-0.71841156672068718
-0.85208399646880795
-0.54280134124505119
-0.65344417679889499
-0.65286600478723145
-1.1112821061250513
-0.45226711788303825
-0.56748156762548752
-0.39278096564168835
-0.54319296868995903
-0.80198222047069823
-0.5753138474290207
-0.44077188404244627
-0.4157713496230549
-0.77141336052509335
-0.54206396537096324
-0.89128881900235957
-0.65709791774150139
-0.49674101420431804
-0.42125116306198646
-0.2171325791821874
-0.57280625310967315
-0.74132696194765413
-0.36015360731479912
-0.65507050084003871
-1.1622830695134809
-0.50583228566113358
-0.41432195247444348
-0.58557591584962043
-0.41275740583299869
-0.52406642085831223
-0.33043760377879855
-0.54536748550270031
-0.53866424668083379
-0.13926538406223204
-0.68710877285938377
-0.53377785221429785
-0.37978777092600702
-0.56412499663774518
-0.033267997566723259
-0.20400558663174945
-0.42018041117159455
-0.20503771221267014
-0.36489788352405217
-0.10391389617195584
-0.10510816627586582
-0.30084038000259045
-0.25234228296767569
-0.208986324411258
-0.15067578766903444
-0.1681200714523535
-0.23546144605992339
-0.38246310403042322
0.066134498663463936
-0.68121065245709889
-0.093613489765158597
-0.41590210864975113
-0.13917120465333185
-0.49196373533562515
-0.29711942860906282
-0.27607970916774477
-0.56075877749237013
-0.50437577858133475
-0.077521617783349872
-0.46029243861568109
-0.16405856408988692
-0.52479784738684609
-0.20775736118856253
-0.096252153923476677
-0.4004559388684602
-0.3025277551239271
0.052433966578098963
-0.24391800792063847
-0.36321222650962948
-0.49743181196792735
-0.22970467750467893
-0.48711278202504182
-0.20084769681660197
-0.11214363609729169
-0.14521163592123554
-0.40330428209575475
-0.52079834542168435
-0.34850611392654834
-0.32437630599504397
-0.17318048296349675
-0.41833513330714583
-0.15605961863708404
-0.24396979679135722
-0.28604270151049288
-0.23900329639725224
-0.37333649708608418
-0.41347349241333498
-0.32392683052534932
-0.34058744502728333
-0.46226366054167534
-0.15098006054264576
-0.41416552238445203
-0.54501206847325601
-0.29190250670914175
-0.32472207466632291
-0.14979071438862515
-0.46154238512937107
-0.67513160858308574
-0.31148074946895138
-0.36388692231074982
-0.21477046545357742
-0.27415048380712209
-0.34233159717834105
-0.39717905837277662
-0.45743783292987955
-0.58540585269982504
-0.38291758723776759
-0.08485482343233039
-0.32370268838977639
-0.050232493741135427
-0.42733083461597204
-0.51306452893083376
-0.49099830390384308
-0.49593036007649738
-0.3808013460814631
-0.41376162476013079
-0.59175252274506862
-0.16325506982931584
-0.89237106917410802
-0.24555467246974222
-0.27858112981339134
-0.46665177715527162
-0.033138966535698831
-0.46555629558624217
-0.23492974640785835
0.038593522433900199
-0.048725338807423184
-0.36782996363376003
0.096555392485132452
-0.42066209595784576
0.1694292619189483
-0.089608360284634925
-0.30511318734143683
-0.44897879423133319
-0.36942046248528082
0.025276951058952574
-0.29004931564455622
-0.49898982370698919
0.0069673251800821852
-0.22589341607587521
-0.35772965635528869
0.084212384414706409
0.0072739529970099427
0.1507758695149452
-0.15851508382669874
-0.29351599268532325
-0.72493349087921355
-0.13488049354873699
-0.073351521313948939
-0.36148838789373627
-0.21749709037254397
-0.42585483756287068
-0.017174514248456802
-0.17796363642957394
-0.13807948043445128
-0.33581073312581189
-0.14342726489683011
0.1780579746227374
-0.28166063287352289
-0.30448826873876284
-0.25111054436730512
-0.38920223038252422
-0.11377118760345158
0.099792775521664129
-0.67174997762534605
-0.27089381593071921
0.21187668949975966
-0.40307675822976441
-0.32060331952067833
-0.039731719896702981
-0.038044063171180822
-0.25218616722253201
-0.29267827663721002
0.36399867008655018
-0.42352464431964543
-0.28176408103508571
0.11128640059950834
-0.21077308705728293
-0.18010875444599814
-0.13237435550084387
-0.54266708150317056
0.026307803114253448
-0.12392961848620303
0.0099658284685896284
-0.26741689993642925
-0.35586229949213255
-0.15547389911714851
0.40026216729478425
-0.0528659706763027
-0.12899809937480766
-0.46614906625949182
-0.22729830617160948
-0.15568500470370217
-0.31954204323977969
-0.015939538237463337
-0.12159487646929844
-0.38047425347128822
-0.05225328509541588
-0.059580278761955728
-0.30711973925908975
-0.40947071002088037
-0.090294798463149153
-0.42222417317441252
0.050638533430451001
-0.079002541938598916
0.11573477385941575
-0.3419128000053655
-0.097252845155485559
-0.032413332754073043
-0.29776051005429188
-0.35107569695091162
-0.24007697566958547
0.13953266742760592
-0.19526095662763426
0.097730569295614605
-0.1629411449405295
-0.36820796328603989
0.14814669858373997
-0.1566161928613328
-0.19208591259318022
-0.078379819834242304
0.041538584893432887
-0.029696145915283634
-0.17310748845356377
-0.072466993499117047
0.15531895706216853
-0.4190438673571697
-0.23403049565094586
-0.30560740313594714
-0.13451205605889516
-0.3330620024139565
-0.017052627791287422
-0.076828289914735406
-0.16539358546468994
0.00035955061602483567
0.092002467837068808
0.2620745547432754
-0.055058617617192912
-0.23873236638167694
-0.29300596004025586
-0.13295568656776763
0.021344475167754583
0.041137357277526973
0.11222520430068884
-0.21213103451473481
0.11092574904661641
0.019186375968172364
0.2440964729857901
-0.19259151845491473
-0.012835167238790813
-0.036377331680754028
0.1767031956259906
-0.27820536738896179
0.08762830729490835
0.36706979275794849
-0.25959292716030213
-0.21126049679157599
-0.025863416806290507
-0.3099297718711343
-0.21468163861708223
0.19658696664106354
0.27991338437430008
0.075950800866136772
-0.0075700619011515825
0.31640656844809317
-0.24580427465277646
-0.16235301216848139
0.20818712287669544
-0.12722077703685142
0.085465925488999672
-0.052267114061312035
0.13400092788361079
-0.148320648364761
0.12072157957583017
0.24328675417077358
-0.1384596443308154
0.25209037235958787
0.073745461789238118
-0.16442142928519218
0.021640822084897968
0.17722247671286614
-0.010510889182675124
-0.15391344905321261
-0.11733396921191358
0.25604612732204068
-0.18991037018642382
-0.16408914715973663
0.019679788847519294
0.25667028320589452
0.2037689505577342
-0.15941466008777003
0.23067863791114415
0.062559377277264905
-0.029999572507536067
0.25340010182167827
0.13546387612656224
-0.061589096776054265
-0.23976875818327772
0.23297301786700744
0.13157249583265815
0.40260415213852663
-0.21767451636328819
0.073077535914740616
0.20547335700378197
0.23127329974588628
0.097063559330814689
0.091610180606223723
0.3701986224450346
0.17545356045499147
0.39322932870037314
-0.0048558979169701271
0.13043496272655461
0.21320978569028609
0.11186757401873057
0.040857278012343623
0.082174816467206341
0.20617331404005687
-0.013492880726354383
0.20348947728967309
-0.086504567244406153
0.055988415499837886
0.076012588824679109
0.46422529375414978
0.4268822355887259
-0.22750922485787942
0.098021533835755278
0.031989743051419231
0.096464153850441395
-0.2362149292139625
0.19417650416526944
-0.059500488259958476
0.13774681316270296
0.23004020524941635
0.31968432978663092
-0.081442216602090847
0.32555253251632682
0.42766940171933659
0.11034869024793333
0.13338668693037473
0.12913158444766554
0.054739475591414406
0.36046273062142714
0.36814055080993247
0.30101433807441186
0.395875248753774
0.18332092169458983
0.093685619725977165
0.37160668406101649
-0.33077626755200173
0.15441197991918779
0.24173037540277578
-0.20355337799677894
0.023963946758928271
0.58109155750160002
0.38613340402603846
-0.050116219849525023
0.54926464828387989
0.082255138603196706
-0.19339451378684963
-0.04070343069410786
-0.023986970796033475
0.038366812709951327
0.24807461459986474
0.56663257623682839
0.1129372335023648
0.26297874561406298
0.27735746924159216
-0.10007375208517064
0.39257022631868405
0.0073826019283593199
0.19909784908356185
0.26791813579818979
0.53394870456278354
0.26613383318097844
0.21353504459153913
0.47607506262159333
0.38198286650914809
0.57144617756497362
0.24894078586951743
0.17837713985286591
0.22069428332651389
0.054077795306322632
0.0086162249689689073
0.70983928337271107
0.15625797078446974
0.371681360652038
0.58889176560833789
0.27913049253693634
0.51028635673618838
0.46048746329761547
0.22293077063288497
0.49045630440893323
0.33515251445416117
0.40797391429043767
0.14502107766473601
0.52099226576635427
0.59701742857925777
0.51131753312407957
0.41023732078104114
0.32471433861676363
0.27621191952518359
0.57243914184383737
0.43732311234156468
0.64777302697546146
0.32738538049606331
0.35214357621919129
0.31441734725050546
0.18143231807333515
0.22448214536630304
0.17349321375817947
0.1384135848878775
-0.067078819580938018
0.51878423770214566
0.54350664790352976
0.44701006470357169
0.49718178213466141
0.42945878168074308
0.46813287796089076
0.4192792476867892
0.35720987773314894
0.21327955338879792
0.47773119162759875
0.26484433833592363
0.2258507690247113
0.79442620375032402
0.59697284143789608
0.68140533498272904
0.29038134413545219
0.46077313297263039
-0.016175482974279388
0.22018113637879522
0.33173900369705839
0.25635377002950949
0.10814410774452435
0.39685944632330961
0.36081262749738419
0.34997437000659365
0.39660491330411562
0.66072105298301109
0.26758086363106959
0.1155002687557273
0.15463821053319696
0.30147190125336087
0.29400028574305104
0.28988278091066044
0.1731588807509131
0.22576264071330862
0.4902714450011903
0.010918296579406683
0.25106130391149728
0.50449647616718118
0.48111557545645267
0.19902529874102926
0.40386833014651441
0.29695954536527525
0.097575475322166441
0.47693255328851797
0.45486141640892086
0.57761381679680535
0.46694295458662999
0.2512824506843151
0.51840649473396683
0.066436829418888441
0.31476334557919211
0.48152598222677701
0.30433868508356293
0.53269822915426313
0.32658122157150871
0.40333999015440419
0.46580674700547398
0.4692110252327526
0.54735986228153155
0.4423599837522974
0.82184366001244158
0.54293473600321773
0.70356516259192914
0.57633606958424288
0.35772414920405454
0.21579112671653319
0.51939144019448458
0.4010545383809716
0.66018420414681456
0.35755746215266704
0.36985729101138093
0.41767231136464489
0.50113726543122517
0.35055410230594919
0.34726005956411743
0.59946383795712799
0.5132851141140693
0.45622418705783113
0.28134548061987069
0.62000569328740118
0.53725337965099207
0.18849624812814014
0.52899115698658428
0.23277603156422361
0.52993171018045759
0.18869945774509508
0.59158781320911402
0.71078931101338372
0.47384416889243608
0.88682944562267807
0.40726390282731889
0.26433947389530926
0.50905050133110341
0.41892900606690536
0.12494957125389976
1.0433050089540035
0.52046451356111356
0.55719096261820478
0.85739174430348086
0.95959443677181322
0.50278092983236999
0.23800208045282975
0.59319624011858751
0.60592689069538264
0.2369344115762268
0.54227537865952768
0.82217674978655475
0.29491063464730405
0.54703176850327195
0.48535488211215244
0.57559643532776283
0.70361644092777609
0.18883260751198275
0.65629013034488204
0.71927470637295188
0.15167326900968103
0.56611592304605429
0.49305773449279766
0.67727549649593743
0.46426144235290795
0.44574275560056603
0.29150901430734044
0.28832269340621236
0.7646670378396363
0.91738336438181445
0.52742365429685678
0.84121860791107028
0.11955278238018344
0.59946790546025086
0.59862293916584464
0.41056418212051232
0.59806879112891986
0.5263000657892789
0.641842028992888
0.62092839489973339
0.68741386927146475
0.55901985846613467
0.91183677441446431
0.89316565661818503
0.66584026830414
0.53138064708598087
0.567733623564463
0.93229651966671567
0.59056530174210786
0.82232867574822954
0.85798231070751341
0.47171070354147082
0.68924302359043155
0.13598157703944513
0.71841406839178412
0.62799579520791793
0.88858123418496393
0.89530174072233748
0.58471802036615794
0.91091735281331732
0.52243470898543298
0.55848460452261273
0.5921318285535605
0.65802074374740704
1.0308095863647873
0.6201526513859752
0.72191622356460894
0.69788973125626841
0.74434295244859006
0.60267009072342592
0.52917814315887035
0.39278263569990191
0.65084157457571445
0.86045042751710032
0.78224123505136789
0.31939124934476154
0.30558760141438757
0.81980575195601668
0.71013447463026536
1.1013927873187903
0.59391996775927558
0.72703465134273548
0.80350390301976304
0.84958411045882809
0.44048434082593624
0.81739842099587978
0.73546613793449278
0.45130848027680398
0.97507552703675804
0.80688877733507569
0.56689578088305126
0.58610964054063952
0.9709925242550026
0.6974347126054895
0.59663429724934969
0.76515956987959965
0.93489030968325748
0.93409212900631233
0.53294646860624684
0.50898915775020026
0.6072693675739268
0.71488055258699412
0.64233447248225017
0.95711974004749101
0.86803898201941188
0.84724917016679879
0.90068584273405783
0.66719844849914234
0.96964847523243569
0.94112314523547846
0.66071311685175682
0.80227948732580967
1.0862844545636074
0.75334843144747954
0.72223199850997177
0.86458669210272376
0.60072031234262446
0.82407892577073782
0.68223302846149891
0.69951116775684219
0.82526278539667119
0.69145275591836053
0.6931976882568549
0.91396842609359819
0.91543733050025622
0.63454903432194243
0.99830884369360184
0.85754911318212246
0.51101034115293886
0.56248734176643989
0.67953170994986145
0.50974907922662516
0.84228832691448352
0.69847891879813773
0.6149557258986087
0.66958252715281785
0.88484796539326449
0.68517184930581931
0.6679177876553607
0.45703401379948227
0.8251428025503883
0.84850170735094554
0.7536256041217908
0.85478682744667644
0.7396830210613361
1.0198609027350689
1.0684097769503509
0.96217957994822256
0.7599618304943998
0.75090105331724755
0.9580882876026563
0.56121251228471958
0.71744521958027907
1.0105164674517155
0.73889256449156637
1.0182472753664586
0.93631207253176263
0.90319902746686498
1.0977288919248329
0.83879292070978295
1.0768385640976601
0.93141462826089227
0.87541564016647921
1.2003634795651861
0.75314017356625995
0.90209101756757881
0.68013983923229104
0.64878936874272108
1.3306411136823537
0.74897429930911652
0.51527791191607897
0.30734625910136865
0.82042948808120053
0.97785210649017973
0.79884497892538342
0.71986880204363435
0.91316753342688306
0.94538265255390874
0.79968204469639281
0.97570698708278181
0.83361550802932305
0.66771707323324792
1.0576976004421368
0.87592561838245109
1.0612718102816561
1.1696143069529354
0.96040949711630985
0.93287921404843854
0.75049689008636555
1.0113273603803674
0.72432704336049081
0.907111060706982
1.0877901027997667
0.87070929235682981
1.1919813362792038
0.93909921104718552
0.89531659420523624
0.65862048337736978
0.78859983836687098
0.96957849315471101
0.60651381192223575
1.0096535721100761
0.83191540633153382
0.84709608124768665
0.78242766992738089
0.87864119250222761
0.84032024013531093
0.96745294135079851
0.8993629690727174
0.86351678298251477
0.87174000596090906
0.92338934650220827
0.86144852075989975
0.93699316031725599
0.79671154900513219
1.076383246836963
0.94453197407100153
0.7629599639391994
0.88437281755468278
0.97395726428362539
1.2659315891835188
0.96036942790365909
1.1720586490835048
0.91281897876491447
0.99664668468039019
0.94396935380115965
0.92201762836931234
0.80590563852885355
0.93773024504643965
0.64340960304802297
0.63671113610718599
1.1709013422490342
0.93237589767501206
1.1395196552819455
0.60757266254342202
0.69270595611018226
0.83736355782667238
0.93871606135057595
1.1635011986841897
1.117792200888587
0.92210268019834341
1.151186089631131
1.1101904340594655
1.4702655076851676
0.70300869374261288
