-0.77716890293243823
-0.78117816180487565
-1.1075746231820343
-0.76345054254504663
-1.2017819927598254
-1.0522898764675095
-0.76310924657069568
-1.1338306063053865
-0.93272745887150699
-1.1225513412563557
-0.97268980085247347
-1.2315200574081822
-0.98497341569163033
-1.187425597025257
-0.77441064749438127
-1.0485634709317626
-0.92967547252367111
-0.90249956398340503
-0.84642882233226957
-0.73964033610173807
-0.93766312013087616
-1.097828568319583
-0.95410081199613117
-0.82934291056465548
-0.70326097716740288
-1.1194517452888624
-0.63242638222969838
-1.0497663070178185
-1.0111952725716735
-0.8717256891592392
-1.2370266664974467
-0.54855813407280496
-0.92768356065036828
-0.94296317741804647
-0.99598361553393244
-0.92886842754842858
-1.0975839938757108
-0.86414226653190518
-1.2267805817648745
-1.2267958178513438
-1.0253018010941559
-0.89332207844082667
-0.82848816743352105
-0.86035601638596526
-0.99396740844386511
-1.0695018974505099
-1.0293686834139184
-0.60178890102284954
-0.87587736074700995
-1.2018345073425096
-1.1443526313962311
-0.58739527037755068
-0.70927145695715288
-0.93530369427440785
-0.70172816218933309
-0.74935907316021877
-1.2543921525196486
-0.71143797820312316
-0.87798362983282274
-1.0019684872726051
-0.93078968238601145
-0.93174176847275048
-0.85009657938825856
-0.741245806156826
-0.85637063464334962
-1.0741395628451986
-0.82393384365861955
-1.0061389974374346
-0.63904893483823844
-0.67863253325010031
-0.77732660195332426
-0.63210155434574389
-0.57112228728314318
-0.87504624772216633
-1.026687613598585
-0.82667614204080364
-0.52244385928829129
-0.79574474628745684
-1.1384328497257845
-0.68232245660730051
-0.79487641791093488
-0.82364491633943548
-1.0418237831971273
-0.81354713326790629
-0.43914970191096975
-1.0410386437857688
-1.0243946943057995
-0.9984541746091069
-0.77128145838331186
-0.68913105480068482
-0.7691615802084234
-0.6518607415711446
-0.99604968775025604
-0.57143027149123449
-0.365152629380049
-0.85176170834579856
-0.92871769483233801
-0.66984466100795959
-0.70708578303117342
-1.0567554317643084
-0.71972363469314038
-0.76959553844615614
-0.91298869712055797
-0.80584449766156674
-1.0073752451392177
-0.74994938503133779
-0.71180600476261402
-0.88372954149995808
-0.80013916940029939
-0.71416131180622877
-0.68908188996015296
-0.75448580320631975
-0.64280346004864397
-0.67849893212661094
-0.83172417669743581
-0.82405710576849489
-1.0851822614367701
-0.48463962858134818
-0.52196578459536658
-0.86462021836708647
-0.83197146002810407
-0.85627101594286614
-1.0847099540796803
-0.62059469769124831
-1.1138448025046379
-0.85077155079003941
-0.91158910989661168
-0.58755872794825259
-0.56625175229990221
-0.63941046303450277
-0.71025496900946639
-1.2266131552731623
-0.76407137772135114
-0.55966300691664694
-0.88224152098768138
-0.86181911978165837
-0.90341756613059532
-0.8920651904491671
-1.2372353408205732
-0.44462545300654138
-0.5584326742067901
-0.66922277419128506
-0.69702052608045273
-0.65874500015946102
-0.73727776981424431
-0.93852297380926775
-0.92967703598964702
-0.87059544353716678
-0.31217209132247103
-0.43209479129290462
-0.35682664683285648
-0.49909630426933954
-0.85377101958769608
-0.86291718284685537
-0.8007252763307442
-0.6403548975973723
-0.83898674174511412
-0.72555297761846349
-0.64275762244339851
-0.53182060136570397
-0.61572733333077434
-0.90835728876072719
-0.59187592857831428
-0.87965878993929414
-0.77175457290089822
-0.50426684263834765
-0.51985559374044266
-0.89319061431115387
-0.65684412346115417
-0.38649166936321794
-0.70480046489527715
-0.76679004605639178
-0.74210535385097731
-0.58063905971675489
-0.44881754093229076
-0.61700138126080462
-0.88471488889333916
-0.58242693754622732
-0.91528585236699589
-0.1089825012511617
-0.54779054206505295
-0.83416042677316216
-0.13588328046100689
-0.84438721163510699
-0.83776915802598317
-0.83716897230858267
-0.42605746949566309
-0.62309905019390721
-0.25658755880443257
-0.67670404471369416
-0.68812823094662889
-0.24323357498753032
-0.40454539752811303
-0.57298336982084297
-0.89381181443713587
-0.40976065487801888
-0.80936775073425204
-0.62853202073068937
-0.33261330242662379
-0.66210088400763212
-0.82762681560448215
-0.89524463702949664
-0.45383838666155746
-0.44781960105283675
-0.8390719469707919
-0.73573606711552886
-0.25493536964809876
-0.57767306615577663
-0.80753688449431893
-0.62152101874008425
-0.62072330100748196
-0.55392647380952531
-0.42000164078998886
0.0058820682652332631
-0.42856756248323724
-0.4449917347574347
-0.26378606297726015
-0.60250042831723283
-0.29099251401080145
-0.67806018692600534
-0.35180285565532526
-0.50462444161007358
-0.65913911530392544
-0.45791108295030636
-0.48419723350752597
-0.63297202790720941
-0.36209883432349338
-0.77575764884941134
-0.55559147383840013
-0.33500940330012569
-0.73648044611838981
-0.98790625398086973
-0.57471644586855919
-0.41591578621251651
-0.65028141824193186
-0.54495430435506165
-0.58911630185918928
-0.73423641591887023
-0.4465921533381933
-0.52056181042468375
-0.79860024142269526
-0.32365057099931088
-0.31586266135582786
-0.25048766281612161
-0.78636445244586417
-0.53029385966646048
-0.21589301628337779
-0.3479215148180817
-0.7730384433428914
-0.55310257444569866
-0.31126450099263203
-0.39230297656714619
0.065310728294971032
-0.26030291609404782
0.00028352589380608922
-0.50847598779544523
-0.73461890349109105
-0.19096125701150557
-0.16829645939677756
-0.45372263915090499
-0.18084239680355124
-0.26575882524877686
-0.59531834608470502
-0.51387191938654786
-0.29023875853892611
-0.40587218597869679
-0.42004478519322852
-0.90641611134018474
-0.84289484071021781
-0.67258731830673968
-0.1481466433276685
-1.0646323798603754
-0.13477763307362259
-0.4417051282869221
-0.49596566504153178
-0.34662494794541904
-0.53871061966428924
-0.45164573595095919
-0.20759170600242449
-0.42663510143829914
-0.5997582954724251
-0.30157802981051512
-0.34775404859416442
-0.37424055149513469
-0.44326514695340685
-0.41840882278913377
-0.65286097183710023
-0.36315096977326627
-0.31147790634632405
0.00388542060574646
-0.47099990489191129
-0.6145759731027286
-0.63762343080774264
-0.18798778632075477
-0.08467544791037114
-0.5366898496680349
-0.29529908497863311
-0.38961950901409892
-0.57515483454313676
-0.52750158214968845
-0.33010017778437895
-0.55567760655148291
-0.37338570673941501
-0.52837847600304977
-0.1416734517346144
-0.29948640376414037
-0.74497860109952474
-0.53835299088436783
-0.36217749782801306
-0.35369662688108311
-0.76614215556811494
-0.66034470797399536
-0.024938709499886472
-0.4155773584146138
-0.1090674691550805
-0.36608308342132312
-0.20198583621623745
-0.46293089020539668
-0.40356955153377533
-0.3250654057189411
-0.065629345139529074
-0.16199411045541243
-0.047037163532503423
-0.02494223956818277
-0.39208289612462122
-0.38258048549735096
-0.28887155678743381
-0.25174877111437166
-0.59354175033057266
-0.78739810217877426
-0.41133637439556592
-0.27131910840278528
-0.4334112512466114
-0.29538977921233811
-0.42974721899221269
-0.19507488838730822
-0.30734867255728965
-0.30059485491910637
-0.52354360686736756
-0.55630453566601024
-0.44653249123819083
-0.7123896428052594
-0.23982178329588741
-0.58048905210543011
-0.44812484544657055
-0.57751116682318437
-0.49583512185911671
-0.24029730435468172
-0.12523399482394773
-0.38099692831271803
-0.70788491695481937
-0.34867184236288784
-0.22278614773402383
-0.18114787710271818
-0.1102881481288952
-0.34284407859774779
-0.09140200303048418
-0.42647941773000608
-0.27899505574827765
-0.37693193155347643
-0.34955692043722431
-0.3641734882688405
0.028848528440442733
-0.23327880918415622
-0.53899849722492699
-0.23855507452912389
-0.30909459401420819
-0.43925557250031128
-0.17768545623412443
-0.49294770657381271
-0.3946378969761693
-0.2252841912317097
-0.18038476689418576
-0.12945464448021901
-0.2246337803629444
-0.24575882578615948
-0.21523156004941482
-0.1440206126366344
-0.26143983733925719
-0.16375170657535232
-0.019207358915216407
-0.59779062441547892
-0.28375940220157359
-0.13167387406097464
-0.26935315855352487
-0.10751608766693584
-0.24513608225515782
0.012622121476605854
-0.21254671977799711
-0.40485535542162343
0.015486396969327038
-0.15134192281554326
-0.40537138670662154
-0.24700245678213237
-0.12137039623018984
-0.19839328674872705
-0.17457643329295061
-0.20571711738982615
-0.32340924381089881
0.044498140289996983
-0.2429645550267383
0.017230350629644332
-0.266262368399661
-0.14531019422536973
-0.17611539101907983
-0.42483026747548919
-0.15005539134849441
-0.043747279364173518
0.0094321089224106477
-0.045433896916048072
0.06403190309787736
-0.26685762102117178
-0.047352825327182151
0.012478915613398155
-0.4924213278129308
-0.0058032500004638098
-0.33910618319121788
-0.2929600123748563
-0.024849338021148679
-0.1909986583229687
-0.2933432111553152
0.030202962857842658
-0.42148441513947327
0.30277271863073452
0.065457407959759711
-0.13969112346357448
0.013835623059693689
-0.19499641511891683
0.087731979049975928
-0.058388795411825407
-0.07105445450165182
-0.71181006512164924
0.023411570627155886
0.095100135075131029
-0.32234723756106132
-0.49305563107101835
-0.19003720322265175
-0.46203654851579312
-0.18516820648449228
-0.27476313209784908
-0.44533814019624507
0.14457774712578228
-0.025274412046300883
-0.14272520077178946
0.27073763703460141
-0.15961067446041208
0.067663565930162359
0.058918269945322843
0.036315203277488085
0.036775694468618253
0.15570024674884358
-0.094997950356367045
-0.19253558957987954
-0.0804789408116557
0.24584548213073232
-0.12971187678177748
0.13743829504698143
0.15718806578434352
-0.086185631871941171
0.0098806632069939389
0.12082940357712434
-0.25125120308992904
-0.14657289962501635
-0.10544664451405668
-0.23894704535439298
-0.32770444724364872
-0.36317426597431718
0.17831131177180773
-0.058039915078609561
0.13196877474825561
0.15390251245179765
-0.1193374821678372
0.29719057452050934
-0.14748732213722282
-0.22624686270139069
-0.046089888135740026
0.29079529465908832
0.096447002036459645
-0.31826591850719455
0.056629776521908287
-0.049843113526549312
0.16310184888929685
-0.25031168231138373
0.15100309751683358
-0.1779074961307115
-0.050454004014376261
-0.20915204773156038
-0.032481351680341913
-0.42227577664675792
-0.43826788112017789
0.30498043002215547
-0.10008308266437994
0.06750492188720783
0.23795541451670341
0.038608505782743364
0.02965427134108662
0.17244983649407183
-0.22172658485572994
-0.3173940331395067
-0.3524603767288878
-0.15695102741621855
0.08488964038297718
-0.35400785754722613
-0.42697893313213459
-0.067964094327764707
-0.045449414140788978
-0.067176183570442805
0.21651879063849594
-0.22646342484532461
-0.1970174512107635
-0.21914026388814631
0.073951560401796582
0.11420737960976557
-0.10760040633896086
0.020958430926130756
0.080056437933279004
0.060164856359267521
0.097010590946070979
0.13590793579429966
-0.48259873576649193
0.089417308674632878
-0.13852104314881705
0.21969927843330955
0.086391570477961852
0.088101827757475465
0.23002348960745894
-0.26698428333735508
-0.017178037310602232
0.37916179003905193
0.033678061049715088
0.047588855536561919
0.23176512624230178
-0.22247876220053031
-0.05799025456818465
0.017345121657704445
0.17166716386960026
-0.12834658846641178
-0.098857976503001016
-0.065965355878042531
0.084583303604550561
0.28899473614928128
0.35929579103372539
0.32174218338740529
-0.13030539122343748
-0.086672630602019879
-0.26615787196683377
-0.1547951821562992
0.30674028858272223
0.13365069631520723
0.36223890644003637
-0.19215349663007023
-0.31653343433861458
0.15259710240842703
0.016180522436280088
0.11816530551161487
0.049857106493477549
-0.014488579873453379
0.19644927353342451
-0.052303033326654536
0.41202795860683195
0.26791783744448028
0.059020209474796727
0.048238470990911234
0.33546927550229333
-0.085816765191711969
-0.053495009234477246
0.11098507707384941
0.09742692390754068
0.30209633662544
0.19041215980792778
-0.014510190323522718
0.18257206767952738
0.3057194387235953
0.21046236711584623
-0.004805244137012543
0.4540059112706395
0.064279698733312518
0.15761497695181398
0.33235137749951005
0.34229084680747784
0.36561220903291874
0.26919338512890589
0.16115368200294591
0.22486107892124396
0.33038218310728551
0.2025672244868475
0.1247125762505286
0.3342483921792973
-0.047579616234849312
0.077053114093374203
0.082871981781772422
0.55901985870228699
-0.13922938943811553
0.44482185342142683
0.26858568237716085
0.33970319208529548
0.18256273691034922
0.25113280863489784
0.27018469318487975
0.16220782170919493
0.018438280470608095
0.2622652875606496
0.035081652588920979
-0.13141253947747086
-0.10121188978895924
0.19188034308600274
0.36135142909250895
-0.083139212928348249
0.32380253164438261
0.14686006641500654
0.31630413500843474
0.074573421626407205
0.094266595478588192
0.325980546985006
0.039962265417613954
0.11742466508035289
0.51442474833805574
0.4591361283621167
0.3114993846379232
0.099082785087777764
-0.12472413826846873
0.12054049615234473
0.36193604618495034
0.12467539549839961
0.3398930099613745
-0.037749902754633698
0.25232820236446235
0.43224016431230772
0.48521481300150887
0.22400940078720594
0.2436022088995507
0.39332631172222499
0.40935210996819382
0.41115744668828508
0.053981890243274107
0.47495345949758672
0.16691879149961253
0.29262240046393034
0.057429007733301174
0.12433926281368016
0.24027918896002318
0.26638004952897582
0.59720509756967532
0.32290281744567029
0.34184931360006543
0.51591913255788524
0.21829181478056084
0.13004612926164874
0.023688599610150487
0.21125913643164451
0.43675577616245714
0.18911345732691098
0.37274510697288482
0.33953939286732721
0.4804125969128803
0.14125445985064622
0.15261786701298091
0.15569140135656406
0.017402315518582057
0.33365088664606901
0.18822656033710614
0.37950254188414995
-0.19392438732099446
0.67770410364200451
0.71069966271466223
0.23012896330210089
0.46413564293521198
0.38023304752669096
0.28717460415050555
0.28970627987866948
0.52627201429970627
0.28071224239765924
0.4045923095380301
-0.067943906443156746
0.096674301776989768
0.45728846206437263
0.36483673206412209
0.26671024873839666
0.3853644368553597
0.66151969807036981
0.41409882040893431
0.72756435809829745
0.22698073473989452
0.31542086354041965
0.5100430705491501
0.74864055295618537
0.27159680981943513
0.40025612687451312
0.36088544374483772
0.32171607954334269
0.30590073661844797
0.59465842783864409
0.15505958610765966
0.63080432120103214
0.48277407973506054
0.41567636325977092
0.56365453560199463
0.25309784117030931
0.26113319870297996
0.43886318937085145
0.54214639202963477
0.30585804004240669
0.51474002325541091
0.32891992057291825
0.53111605411955221
0.43522532782090928
0.59804639856664676
0.29802814413604561
0.57713845748566805
0.29484158797201859
0.24512600441525759
0.39529419638212754
0.1344255048603932
0.76927243033121029
0.34656167963066792
0.13542855536548995
0.67179476009474215
0.43327039429498038
0.305160140429104
0.33096049027328728
0.5648192803111558
0.51375262715566172
0.41858235124873416
0.63941045387207174
0.59783112428843799
0.55889776858855611
0.43429779945482033
0.10252869168643075
0.29695737659336857
0.6897158907872446
0.27545694001071563
0.31010523530597711
0.48975695247304674
0.30793910067096619
0.42661223003118814
0.62472016096847449
0.19570106598438536
0.55789884746758478
0.62300057426576405
0.5620733583867118
0.55371751386118173
0.53143627724998066
0.28582032228362558
0.51852924368779629
0.64799450165962702
0.31917898949348977
0.40453778271138857
0.72098056617181239
0.45471563408265192
0.63446629956636902
0.60450166220399848
0.79981820378213497
0.76220303757860131
0.54995857180736829
0.29567480850626532
0.70984447281535779
0.3826457376823858
0.37211795309823603
0.60918573789511776
0.2234323071886517
0.38564090761927033
0.24042001353324016
0.42479952807107674
0.43560685122272086
0.47829357604348227
0.38788796480085602
0.70112821369876721
0.44919751841604622
0.41576541380682264
0.40746876592421688
0.14018459154834356
0.42196206266172132
0.79809010363948374
0.76385225031935722
0.5449099612485826
0.49697039199416054
0.83507272986970016
0.87098184438560833
0.34073659089167901
0.47722092529456395
0.68093662400065169
0.33034858844369608
0.43621485140666827
1.0240477707969162
0.75242616489026293
0.77411483049520402
0.65845194382959382
0.39620328418797168
0.56665375142743379
0.4629447441139965
0.74493306954611549
0.77955294134655118
0.35407050300589343
0.65763954954966142
0.33764475439288688
0.39143715350297831
0.52095798589502751
1.0429147414826698
0.7993802403045277
0.27941686360976653
0.9267740140478663
0.84373501824154584
0.70853545567237453
0.54586131913530089
0.47258418516787631
0.67490078587638136
0.66039387455178622
0.44601051901238081
0.27883615846213772
0.45853732152546012
0.88503969810056149
0.64274381198030028
0.82042834375994589
0.74715815287584697
0.62947218817611439
0.39127606323962
0.90203750520586212
0.28030699182009811
0.58577386968462619
0.5025153675493359
0.61054322582421539
0.798426403541039
0.63526921943579195
0.80843279363474607
0.81502851679797628
1.050458244860182
0.79371883708982405
0.60803847975458203
0.248824735700865
0.81747420126125381
0.75096836793387256
0.64783450499620343
0.64712302053398651
0.53465120568332092
0.80484121065475678
0.65039645721508754
0.85635571854332504
0.95687510976992918
0.57594966452823326
0.65313922801416002
0.70659941598340392
0.64905560216132296
0.73428822082723633
0.65373398480562361
0.66663103676519364
0.63963810612579453
0.67290029594484568
0.65974684496833558
0.53476456212616685
0.67843531953287006
0.7855127203857537
0.6462324834133597
0.53600129513757677
0.82020679073380187
0.8379895849826956
1.0112602967241338
0.62529010858079981
0.41831522788057302
0.47972576161803798
0.58619660957832298
0.60177767634998025
0.69881519169302153
0.18569001593077403
0.84621347384885814
0.59369197194587953
0.74720252835082457
0.59251380612564575
1.0004766833685976
0.80983849725715995
0.54812950589283893
0.51058564450586519
0.65227302131592646
0.63722903745691439
0.75037892037165488
0.57100652264675467
0.49026768208879518
0.88316199923385819
1.0047980667893306
0.83734264970170869
0.89831555075142888
0.55167012182951281
0.88379879359040581
0.78717511259381689
0.86985167756767612
0.72783724360435498
0.83489047722630427
0.84511950958546733
0.94126673042708731
0.65104014492078122
0.92782673315306707
0.72307666380348412
0.97814218093023386
0.41861164525824823
0.70706290303264707
0.49108654078038011
0.52411888171839283
0.80978379071693429
0.81247651253447528
1.0186988897663407
0.89555573321186255
1.0393616457357988
0.92029220963002789
0.61544986534717927
0.63866783565623264
0.67109290425515855
1.0894037071580096
0.95421803906095837
1.0453414370594087
0.44540195544522687
0.93659782512298706
0.93562436047313602
0.8130742825231897
1.0881935727094514
0.93688638088589549
0.70020087572393852
0.70104997775234112
0.87951605003213762
1.2329911853133009
0.70234360602358881
0.70719296304386214
0.72562671072695584
0.80272738147763789
0.68260792803061243
0.67297176644937018
0.8999889188993343
0.43884813989198596
0.68975049166198077
0.64816900040159042
0.97646885564274066
0.80436174674900296
0.81052061851107271
0.79725013779337017
0.48233242289066103
0.81863088827496
0.99217909133474458
0.99810451280117263
1.1535706181659489
0.81067116279295726
1.1393899588843732
0.9322807178838971
0.49361282259280492
0.98804948117024771
1.0258627760111576
1.0282478860069895
0.71960271314171631
0.91184834641527723
0.92581304023827027
0.7609632064873243
0.784584764089857
0.65392329729869647
0.79755721563532234
1.2717852578411595
0.8100803230149024
0.74888715458077137
0.73077375392424126
0.94975016685318892
0.48940600000497536
0.9563538530524438
1.4028192219665812
0.98803599807134901
0.92676042800725844
1.2083464021755712
0.90792729973128694
0.71183072717662699
0.62696650893666317
0.95011898427134656
1.1243192868489533
1.2958752098335216
0.77841156685375468
0.72624319023938011
0.69342784334134833
1.0010652029953715
0.69254379040213476
0.87746432832600163
0.74382314725482968
0.66252670131176916
0.84635482884502011
0.90520210585970706
0.91407600259942978
0.93581061429356072
1.0124112350732306
0.97501025898248195
0.7920072699519124
1.0904233923949542
0.82040091755872535
1.2464302761313695
0.75051941126080468
1.0912396278401606
0.66261241826747419
0.97573817169317245
0.97116000133840663
0.68904337266232973
1.0778134629175851
0.81963552777164495
0.86251538755371937
1.0903798121535409
0.85768550970306545
1.218405299488122
0.88459088117282292
0.60187951125637995
