-0.53158635075666139
-0.88465643461236443
-1.2480572058765429
-1.206626800937125
-0.93109613710148642
-1.4195938295905235
-0.95997252569935898
-0.78919278754990652
-1.0671646574587383
-1.0687627334819751
-1.0448055533734424
-1.1309521396997686
-1.079022157061285
-1.0429083739981633
-1.2307646613333494
-1.0063017975657931
-1.0518332020132037
-0.91109148626474279
-0.8560944058005554
-0.57833848703777846
-0.80557402288758928
-1.04884195527849
-0.79142633016001052
-0.75429788270860121
-0.95261638627640055
-0.93498929982656298
-1.0686477561161472
-1.227975617848458
-0.76025152051743361
-0.60681818973877222
-0.6597593230170985
-0.88992470464339846
-1.2009831033849911
-0.99266328986973995
-1.3137700995573529
-1.1905011440129469
-1.0621645053133717
-0.77213146346144934
-0.81136051873916715
-0.8310810333438573
-0.94941145970188245
-0.72416043593464285
-0.75841346354437511
-0.99241545026878353
-1.1630045462822611
-0.60313131683745647
-0.62683046500771489
-1.0244055036584401
-1.039706434563032
-0.94831399604674171
-0.86787442160696515
-1.0411252175211128
-0.75322939691699697
-0.83885124903063091
-0.83547705854191923
-0.7100687418741829
-1.0146837816201197
-1.0139034602334309
-1.0198410611808024
-0.68322694737662615
-0.89345737097886602
-0.92154256030687487
-1.090589527833342
-1.0038164028481622
-1.0922302386182745
-1.0595354547372353
-0.74833788679816615
-1.1310319603917809
-1.0801597988724227
-0.70354389793677863
-0.66267206200700124
-0.66125718908969977
-0.81042171685304432
-0.96885907762513546
-0.92011482611468487
-0.81661602360269669
-1.0612059484275893
-0.87317104175806981
-0.50165719745209858
-0.85180563764415651
-0.90580733153795057
-0.73122028573863984
-1.0698810865652573
-0.88122956238661232
-0.9837838946451295
-1.2376654271793348
-0.73647899113979853
-0.60742831834532762
-0.71828902726380806
-0.90656134017485634
-1.1725161616215805
-1.0675164813688762
-1.0922737530069448
-0.60569917001110041
-0.68568181635920156
-0.89116897877917756
-0.86340124968969445
-1.1031291701869661
-0.62135400892746873
-0.64666406699910373
-0.89853315499373643
-0.4668093107361086
-1.0763417974523486
-0.75113250101814921
-0.81977989970697451
-0.70926091269659841
-0.70477837422923761
-0.7625016591080912
-0.51133312034815781
-0.7211839686498297
-1.0361827353593263
-0.75512708358442049
-0.86313306528396938
-1.0245786063757043
-0.74166151857283646
-0.92645833761775864
-0.61302479599270532
-0.50205934836659993
-0.66748926467830749
-0.58075061504180392
-0.70689249442648949
-0.73254975882007978
-0.75497663411765092
-0.67713378240008837
-0.83114202571650564
-0.82886704840484082
-0.64903786483365133
-0.77760567128299241
-0.97234013912811801
-0.61412414610404209
-0.5365159795101565
-0.48279827148856713
-0.65560526619590009
-0.71823708279194287
-0.95139615134351285
-0.80728398771958521
-0.61610831167601665
-0.18628592148635603
-0.65333271621484745
-0.74895717074578105
-0.658226324613855
-0.53668361060472602
-0.48702128239840425
-0.47400980555908817
-0.45901575225953156
-0.53679138708561713
-0.61922498915740887
-0.88170355982731952
-0.8601593538174267
-0.51328546835855648
-0.87648364128648093
-0.99428990617271917
-0.59878385744155582
-0.32523972608450863
-0.57209381027875683
-0.59192353752969706
-0.45462823593587082
-0.38856024345698642
-0.49755370432423313
-0.75790796224385515
-0.73063821612379409
-1.1303998359355705
-0.82680311209396495
-0.8805064174899625
-0.65431673304008586
-0.80826079253215588
-0.61835964584491143
-0.97638367041146756
-0.88243511811295472
-0.49336753442220876
-0.60113835487340417
-0.60289583403699176
-0.56974157557495553
-0.50823129107905729
-0.55271667880398168
-0.72833051582910457
-0.68706541978682723
-0.52302088931992496
-0.83494722417063505
-0.43156609016420061
-0.37078342044341883
-0.75990631270562692
-0.48163498064605187
-0.83502237870422491
-0.37266479122351093
-0.40051358773288254
-0.83456464330946079
-0.30719514083754718
-0.40370557363616433
-0.56740152044010816
-0.72567134103938469
-0.59440445322081481
-0.80554991927105746
-0.41478222891569627
-0.68248996906056392
-0.48897626164092117
-0.57212234644104276
-0.85583969263229775
-0.91171370339703606
-0.71712996780363836
-0.77602043749940619
-0.62368641105601097
-0.73733315809747091
-0.46944866224833237
-0.44067720134296295
-0.50988378982452809
-0.83092906092014762
-0.80171625548335335
-0.48447321219100042
-0.61943306210559468
-0.5179428080089522
-1.1826950220875054
-0.41528262529160059
-0.80457896772365856
-0.33272994648772214
-0.45298775637052152
-0.7577909899660904
-0.35844807237245313
-0.2709949950171015
-0.40302998140330865
-0.61575046010130052
-0.64373920264185236
-0.53910426925242738
-0.51204092469266305
-0.59051932409798991
-0.62311644939250732
-0.36489971533047877
-0.5167944080183049
-0.65916197950737343
-0.47467327247810726
0.047014188162373967
-0.51259027205619179
-0.31482658439282857
-0.72434062613279071
-0.51223796191248805
-0.43159877410089947
-0.437139588362363
-0.87600599845868155
-0.48906698076324223
-0.54391592722470972
-0.40253049213632147
-0.36954493861471166
-0.70622522498519769
-0.86515261330472681
-0.53138539050795219
-0.65093748861827916
-0.65755626971399084
-1.1507536677370616
-0.44972212554056751
-0.55656611534804046
-0.39656044125147094
-0.52245531685748792
-0.78778325499804558
-0.58128727678451153
-0.45015541925811275
-0.42217676929332604
-0.76975929248562502
-0.55200542099816352
-0.89941040599399114
-0.66167021867253328
-0.50376217611814089
-0.40304077304757518
-0.18863923867362711
-0.57027384595844377
-0.72296778393684125
-0.38232873360852437
-0.63853035891663112
-1.1458739702967238
-0.54369560358076452
-0.40809882829045585
-0.59436853020478775
-0.41011105462525088
-0.53977144510942299
-0.33116715523235596
-0.54894810359353907
-0.51619418440130016
-0.14135939104051526
-0.69188557595311528
-0.5544318846769648
-0.38535625002609408
-0.57327459991809004
-0.030285716352761848
-0.19540464273006813
-0.40967008256858345
-0.20881657749968499
-0.36251969982499893
-0.13576919545720864
-0.07561913533529617
-0.30688963597569419
-0.24392310961455613
-0.21383787860662073
-0.13835629914948308
-0.15970004309466962
-0.22808301927666602
-0.40888009698230382
0.063173571962466479
-0.67895825791692888
-0.093725268492650296
-0.40133620080496812
-0.17126949347609344
-0.483042411251763
-0.27387709087813306
-0.28421766170697066
-0.5516835064729414
-0.49057050044559924
-0.083547306177200603
-0.48097476547184687
-0.12299819935814001
-0.51368433711769168
-0.21599226657959136
-0.12638945835525248
-0.40160616261458598
-0.3009230977921119
0.055149745329817874
-0.21926784152001988
-0.36254607217973506
-0.51139070939432651
-0.23480324871610145
-0.48461534298045061
-0.20900264043518213
-0.093279756008949458
-0.10532499980176976
-0.41303662288173648
-0.52147027958090986
-0.35087850361135786
-0.3294776776394997
-0.15355675128005394
-0.42980081342658583
-0.14418100077764487
-0.25253411706892664
-0.300542252876418
-0.24001862180933978
-0.38076454724749603
-0.40890242669004084
-0.32773341073031331
-0.340067197023801
-0.47204716953665937
-0.16046254933044293
-0.39782128902178515
-0.5550320183358799
-0.29286761827687752
-0.32330031710492269
-0.14724154140836521
-0.48791111552642097
-0.68543756966467251
-0.31010165781240817
-0.37899582876035737
-0.20416001213506446
-0.27472733340497085
-0.35768155089390541
-0.37490579921166262
-0.44368056470401751
-0.58524593276914416
-0.36532366571298192
-0.063288621824941313
-0.33552911204341912
-0.077110501972877152
-0.42284989921333727
-0.50398147583114328
-0.49555476376602681
-0.48723964873155501
-0.38881030147357698
-0.39933777791426239
-0.60518104305668352
-0.16665246990100227
-0.90777040435011513
-0.2499274915539722
-0.29777184857609845
-0.45651328855819795
-0.048332153268298317
-0.48216636981707622
-0.21929935536112694
0.04632283502226249
-0.034081317243886265
-0.36253951101077259
0.081114369149527007
-0.40043134199480779
0.15904667175896425
-0.10493671251852903
-0.29238967034738345
-0.44623039251071434
-0.35488900298879456
0.017529316389474865
-0.28925937519265338
-0.50587983371763789
0.0030163165826256277
-0.23072436109221275
-0.36509855902122496
0.066187773506256597
0.025689373346337353
0.1389746613156263
-0.15499281547008514
-0.29182697777802469
-0.71058547388973514
-0.16293261725463554
-0.089446679747276783
-0.35094635446193428
-0.20922060958807823
-0.41477940711892425
-0.016641681893162542
-0.17093288865137127
-0.12115089227136937
-0.33404711369924966
-0.1625877298874705
0.17929858504050403
-0.28785879467002656
-0.30858532883183598
-0.25795685750196706
-0.41166851348111011
-0.1188548300224547
0.10024722362456365
-0.68726666463580832
-0.26827560784202392
0.21783379359866856
-0.42816967055181793
-0.3217612014955854
-0.024720666664649546
-0.03142438149301769
-0.257628855891123
-0.30104022389605739
0.36124063525751604
-0.43209522742568263
-0.3118830143420479
0.082449649778801176
-0.22233292307344549
-0.16374916404832343
-0.14996779510435629
-0.51825476495113543
0.041614669584184506
-0.11817158226669607
0.0034049932233393746
-0.25808882441144188
-0.38936046297093663
-0.16356116516091404
0.41715672337545795
-0.055303426574793028
-0.12932604155889224
-0.47228738922767055
-0.22507581896603665
-0.16000450381585182
-0.31091582661273198
-0.036230520170763107
-0.10035644085978519
-0.40217288685209135
-0.08138424944528648
-0.048122497936960593
-0.29307431527436278
-0.39223600644185896
-0.092167485166935972
-0.42185879727265907
0.058334191911108828
-0.077196581163225197
0.11297254350430198
-0.34325092346265446
-0.096737298022625748
-0.026703348548520252
-0.29810297104751865
-0.36615313550644185
-0.24715649093599637
0.13847546927433699
-0.19119530289200315
0.10739103434027757
-0.15175836171821536
-0.35136373761980821
0.14760707353623853
-0.16153196918361257
-0.19900397141562712
-0.07608302848321459
0.012236903648475012
-0.026382726780685612
-0.15925661685391476
-0.067637788373472715
0.14311293104651066
-0.40879469308580463
-0.2567485535986343
-0.29721342441569853
-0.1504714167303354
-0.31640755927902753
-0.023412046519635351
-0.090467033685766654
-0.16882010478753767
0.015979747226016604
0.075264609193593388
0.27828818141745221
-0.045974438424032885
-0.23667101387630521
-0.31094732885421611
-0.11739386773173251
0.010732559156330861
0.020209309458522465
0.11506882342563077
-0.19542878335864985
0.09236198305662581
0.017902510038938738
0.277656705234122
-0.17249219787174755
-0.011790029403035992
-0.016814561775131267
0.20020611872969063
-0.30435880447117664
0.10229928354922692
0.3617762613213753
-0.27919105817769813
-0.21561084125398652
-0.032487387152405178
-0.31680313692759199
-0.20757109762008336
0.197016620207315
0.29898427916133036
0.077306388799758458
-0.013491081413790714
0.32086188372727187
-0.26660360462434418
-0.15415633287289596
0.20985692092644956
-0.12073645811525156
0.086631447718979016
-0.039224618810232897
0.11672549341632904
-0.13744821441462096
0.10521810127782014
0.26818156160431084
-0.14505449100414206
0.25694429449391964
0.036154063168065721
-0.16249770180351397
0.027970615647828843
0.18246367144424425
-0.011726880266282489
-0.13251236182527673
-0.10730564964805812
0.26382502076323905
-0.19004833674528934
-0.15643415212662012
0.025151545302645899
0.26549624886132683
0.19666328367876734
-0.14410880619977678
0.25013107749015051
0.079759458105124303
-0.023164933538480079
0.28376239482846133
0.14788290705591176
-0.070998610916734317
-0.23574030977635949
0.23217264457519118
0.13074528120581605
0.38139691606561732
-0.20615384192450514
0.068647558011405749
0.21485412359034206
0.20184629601053508
0.11489092327918082
0.1121668497502994
0.37584412286370428
0.17378802295316631
0.39168261465262555
-0.0034316771817253663
0.13066153715828924
0.2228931808678965
0.085770834041387217
0.064589097527216699
0.088341381297138574
0.21626254836248721
-9.6900917591827686e-05
0.18530726081526305
-0.087355866206041174
0.04435715981136007
0.090346537682319483
0.45943122531916369
0.43467688137362481
-0.22727624657529666
0.1015536550489211
0.034045936640228217
0.094931579367187213
-0.24191994400447225
0.196240349247222
-0.069941413632083269
0.13977988282020584
0.22443230777332401
0.32891040326479054
-0.081911740135591674
0.32735919659508539
0.42167326453125664
0.11937021094762533
0.13716227912217013
0.11049410816048717
0.085265723366099472
0.35836198917526824
0.37796953158515567
0.2980644728128462
0.39868760821353838
0.20651727699594011
0.091887716688463544
0.38601011842426441
-0.33380674970479368
0.13906156926047497
0.22594683805520907
-0.21097177418072768
0.028500651980942641
0.57335827439934695
0.38133685435308629
-0.083659774882931734
0.53197672931801199
0.059061487657274411
-0.19367343112346164
-0.032867896266288596
-0.010457158462044772
0.038489449864689718
0.23037903868200599
0.56915843673756783
0.12577032377013969
0.29564531721191628
0.29695336042158416
-0.11467287624284854
0.39165274657800125
0.00052448279004154027
0.20646816389668832
0.27064451147082252
0.52600403600322065
0.27620717208662365
0.21014697706220214
0.48716337279251426
0.38397094225429845
0.58049851312592993
0.26390195354824303
0.19327222967506341
0.21346739537507647
0.033417604041033937
-0.0033819582919774453
0.69931896624735335
0.15826928675031954
0.37599082476274831
0.59855240330132253
0.28746200608750322
0.53001260300579389
0.45102672070867345
0.24252666186572225
0.50067909908766539
0.34954659709931452
0.41766398935945676
0.13725346048292858
0.49389342828556199
0.62701020421911502
0.50680698320672979
0.40668843287243117
0.29728609715488208
0.27576679942937887
0.55758209045282359
0.43463113066641135
0.64398563876706572
0.33545702279358119
0.34852337296458319
0.30165886740415498
0.16840442029233607
0.22204687482794608
0.16026182107897397
0.14554024147606176
-0.071287052490617481
0.51209224784830076
0.53402258222555121
0.43896272601410363
0.51539112801682563
0.42579102671434771
0.45787200228973146
0.41274167776249349
0.36758137424621812
0.23054574469995481
0.48449712046541454
0.27393064796194488
0.20784220105627962
0.78307757485476881
0.59546345472077178
0.70188577400864371
0.30813933129301063
0.45716084569623072
-0.021555435203820229
0.22185899320870181
0.32446874729632796
0.24426194066670029
0.11025969147468216
0.39905503807170306
0.35814129591446586
0.3592944161361411
0.42542213745863616
0.67587551082882846
0.26430798311094245
0.11283234251975229
0.15464673239977539
0.3134337633487021
0.31350080917574769
0.28740726551153972
0.16287001418794994
0.23609830377373683
0.48447525256927704
0.013792342539062818
0.23341674996809278
0.48846170348419199
0.49888229584750038
0.19601991509285685
0.39991389331416782
0.29504668636915476
0.089063418306513778
0.46772747147404137
0.43699049876371182
0.56904788990047428
0.46691048483905101
0.24186464661693308
0.49422861669307316
0.054229565606691441
0.28480391435462354
0.48245197769733833
0.30194679393217988
0.56861454392685462
0.312063402745274
0.42632053511622481
0.45911289396069638
0.47807985201809772
0.5308500595939486
0.45909098661147107
0.80975935884927586
0.53957699709841545
0.71516882888693567
0.5843032709914
0.36102055765165997
0.19286604719697084
0.52242035118277919
0.38874727481093246
0.65394847194411021
0.36757437885834948
0.39534071384941771
0.40918147706590963
0.4935391896497221
0.33550607176462222
0.39149990111365857
0.62201733415525895
0.51442833035321245
0.46240751095392352
0.26117765994196379
0.59766724801723714
0.56710720562276995
0.18914187159269547
0.52282047849801061
0.22649538681707601
0.5415769095499543
0.17511892015132341
0.60304444797277679
0.70648213153048434
0.4878254977063215
0.88539246945499128
0.40513528422774986
0.26537974461707192
0.50036411972962613
0.42563047381951613
0.12989552632300302
1.0405834908691529
0.52572161727510613
0.55423486943228761
0.84348424604765992
0.94521608161699189
0.49681644625831972
0.21449413838969161
0.61641639113417301
0.60736560345801716
0.24925811325108663
0.54587400640271133
0.84917932106366489
0.28914368900135579
0.53965653859408513
0.48810913103950099
0.58656063344770248
0.69801620911774998
0.19597220232340348
0.64348689593761788
0.71411949904264505
0.14598407065126376
0.57525886640550217
0.47987427256175291
0.70395360514442384
0.46143162375893493
0.45793095842235487
0.26452566915230397
0.31247477394300066
0.76772782804948247
0.91252344674582808
0.53414214352450595
0.79975005527860543
0.10621277133698588
0.60688514003366723
0.60993760807968112
0.41231296637788029
0.61007255683335782
0.52079004168176457
0.6355987794302016
0.64118286100681388
0.68157452937548924
0.55635810294465127
0.91453106742041934
0.92170619499354689
0.67318136439250031
0.55929874819515202
0.55539334305178989
0.92941082426851795
0.56106069666600333
0.82426951763414291
0.8419046032810289
0.4665078833739979
0.696849568554606
0.12062151378831794
0.73035058969572519
0.62403194923853078
0.87482252257629989
0.90221316763467341
0.5978110514336451
0.90431898820417067
0.51250509649024056
0.53571580366999905
0.57760749949862999
0.64405918950384144
1.0234665774196026
0.59494020820720106
0.74331652922876168
0.69619288044918282
0.7292965346630601
0.60292893243504653
0.50868158538675368
0.38819488270973046
0.63265200081127915
0.86424203393080901
0.78703869879610522
0.30067791831252277
0.30143354449753007
0.8150528082856463
0.69585007893589845
1.1163128004589946
0.5663442730423569
0.75063463758976479
0.79290486269072047
0.82205782501708213
0.44663785278394136
0.81881943170514593
0.74432881782959892
0.46230658507668843
0.97866897968343192
0.82746500492191588
0.55861425158065048
0.60454939084372672
0.98299433925221291
0.71899937205618092
0.59163451451211058
0.74283746098890524
0.89736126223442181
0.95749451743859149
0.51799887078789641
0.50765241170534559
0.60367424489745902
0.71705924118777031
0.63289002992060039
0.96947142323088753
0.85748981779761746
0.84963417101046645
0.93235451399198288
0.66712148461337961
0.94647673612079908
0.94514023416675008
0.65592967657378232
0.79625103535472685
1.0914452095354621
0.76420215606236142
0.73499170580062567
0.86938199436837338
0.59812112860706856
0.83118402923890211
0.6882497667312546
0.72489228817126838
0.82359740594744602
0.69830242390186448
0.6784592038905688
0.92254135197575937
0.92059298741727336
0.63485325063910358
0.97832429683192457
0.83913894252144594
0.51000956004526454
0.56639078656095931
0.67178039701341674
0.51750326902845856
0.84636755031348321
0.70687220746763291
0.61169642065354368
0.65952395881536241
0.88881989900263059
0.67803157503120226
0.66684068520153517
0.43769205581846354
0.83628040790072677
0.84120177461928936
0.75137452453420228
0.84595467738350238
0.75720234124742658
1.0310658206513532
1.0806269751240234
0.97313683933627859
0.77995561733027041
0.77223990454005664
0.97001695411171462
0.57504897920929676
0.73669297805858158
1.0035053007655153
0.74760888718983565
1.0055793224804659
0.95167167370510863
0.90483957658995529
1.0979324302809714
0.83293782870125399
1.0815899807356963
0.92197918726803862
0.87356607763411998
1.1835129597113614
0.79089583364123317
0.87194207024154424
0.67942896899343375
0.67812241608363755
1.3368770012511524
0.74085438562523742
0.50404216570641713
0.32515780820412399
0.80891179535125335
0.96979336667807037
0.81848730286143578
0.72256992337271053
0.90936659780169804
0.97220359579983573
0.79773666893999295
0.99828950959190144
0.80303577787080582
0.66292433964498787
1.0589942648444692
0.89002462606760424
1.0899391904552684
1.1539206352769382
0.96004004136227605
0.92008864548934988
0.73266144034274605
1.0252889903790297
0.73143816092893965
0.91608580525839178
1.0749880582591569
0.8478657835886052
1.2076761839717296
0.93827673815899804
0.90032093963015281
0.67228059804191287
0.78298360571364012
0.97406408604006478
0.59039399408663729
1.0085193223617526
0.83487410313738353
0.85800200465107723
0.76436556333886418
0.88660249410404068
0.87423966338778403
0.98601216692033589
0.90320265028974933
0.89671254478845031
0.89305777185668578
0.93686645799806656
0.84946031846939718
0.94372198807684615
0.7992419318092191
1.0856137485364563
0.97201606944167251
0.75087116771347384
0.89038809535499475
0.97726909806952467
1.2798333381528395
0.96784732784690974
1.2017680570750158
0.90747717967877639
0.99616634488597755
0.93102042847385402
0.90833446970454923
0.79496890531484266
0.95303638835680193
0.61256515430418923
0.62318461308047313
1.1944279759726932
0.92501703235871136
1.1562855125180769
0.59819563050203717
0.69390337591463724
0.8406730284556263
0.95019964346038555
1.144793730588513
1.1209671060138808
0.92992998195202525
1.1527151801348259
1.1038289462637652
1.5008559591841113
0.70597048810535257
