-0.94770494474246525
-1.2547283705090171
-1.0276197536314293
-0.70834869004495737
-1.1028042969262211
-0.9358161582359934
-0.85426205454972326
-0.89332727277855961
-0.83839739797261037
-1.2030027262395036
-1.2111424924535652
-0.85450697398941589
-0.88630513679140865
-0.95339234749065283
-0.95516785469051912
-1.0566524853659787
-1.1345677718533369
-1.1990854018686721
-0.72714158154879516
-0.720170646149911
-1.1551991946992153
-0.83584804300102444
-1.0189353064942688
-1.0028058181253232
-0.79709264184004813
-1.0577185096266513
-1.1014985963600008
-0.97207368877860345
-1.0970849692787326
-0.63925564097777776
-0.75876520840901673
-1.1330767587032193
-1.0443162930180281
-0.99390527867332279
-0.74998244234165179
-0.75435077397687089
-0.95889388014279953
-0.86777098289417842
-0.69309861545898943
-0.78403122677468473
-1.0039327085388452
-0.86243546678466143
-0.75519649379471721
-0.95369351955545356
-1.1562481109459644
-1.2740641350039419
-0.99182248127288009
-0.7420868964415267
-0.45849990161948412
-0.95207371246066985
-0.75411813232846114
-1.0059199102019494
-0.6264578965049773
-1.0174073212380026
-1.0879902867319577
-0.90209749939991912
-0.95554184733638292
-1.1425609688564866
-0.78562987917313687
-0.67196420539010815
-1.0062384363628993
-0.60875927117202899
-0.80782867023791682
-1.0223830170022101
-0.82916732235706569
-1.3535573725679455
-1.0220238509284323
-0.81347771080205489
-0.36382437873458295
-0.76653051332271527
-0.84085068837626631
-0.69175649551513907
-1.0177736881028856
-1.0376652574237839
-0.82570442957668178
-0.70712731721644717
-0.58890927563691742
-1.0169042542982529
-0.74064714888164696
-0.80698833451216778
-0.87165360563489769
-0.69780570058474456
-0.77329891877488754
-1.0719025734233063
-0.95424472376747693
-0.72609328392649475
-0.82541604399991908
-0.8128823991988996
-0.56879421147852527
-0.77144161347871754
-0.82697141689101883
-0.71283611182879825
-0.96491775708660088
-0.82127598136525037
-1.0103626507385923
-0.86545149635126906
-0.46162941271519298
-0.88535780589303459
-0.99109167389349473
-0.4994509423405939
-0.60463576179635603
-0.62518088303630037
-1.0721557564890278
-0.62342798351091167
-0.69202232229176597
-0.95929578920885938
-0.65216349933296958
-0.98029711686738175
-0.73837012759460252
-0.75079302744015886
-1.0961060731210233
-1.3052307238917713
-0.79053193511764253
-0.57372745036497375
-0.75016882763751624
-0.81350146571466631
-0.92676794932609141
-0.63361542222842804
-0.55210893354186341
-0.75866418152329929
-0.61375460643790603
-0.70466954765924095
-0.73635051351343572
-0.47037323784163593
-0.73653200249145312
-0.52773464097273792
-0.61629999388247825
-0.54111619430434055
-0.56861954350079502
-0.66372731910640004
-0.83318026896817066
-0.83684765811122042
-0.53292825595883986
-0.68310980899166063
-0.71996086605654663
-0.67582748628953715
-0.85651947276369289
-0.35060068139144956
-0.50163272249271307
-0.71897486854066961
-0.81340931029602526
-0.93644635948078003
-0.63673231772768824
-0.70394086507302844
-0.76288026914243745
-0.7032051102966409
-0.64989102598037862
-0.58256551421186975
-0.98404910836596871
-0.754900204665089
-0.5763365933643293
-0.73420840181641078
-0.59628458787355654
-0.99408187604788167
-0.87513261786845709
-0.78615243352247199
-0.76987649294136851
-0.66513286664744187
-0.97021967022293565
-0.64019375404544421
-0.62650237060179803
-0.36300976121072565
-0.63677695196682782
-0.67613438032852846
-0.79024207589182627
-0.90784634987492396
-0.62110849025475956
-0.62514930762258814
-0.98825604886645402
-0.71598301044566048
-0.59873827272875646
-0.57645948330541052
-0.39819028304379833
-0.79794682316978571
-0.63562004149828311
-0.70290497416200104
-0.70415638466785513
-0.50293915279654433
-0.61872018996380873
-0.77695363717860599
-0.44720963011139175
-0.77449180227104508
-0.43267353801121022
-0.62717017124435959
-0.31416656091284373
-0.60300724506946013
-0.4717489074484747
-0.87143258995831574
-0.95163319531224888
-0.65141147570545588
-0.75227255550846306
-0.71881086250891213
-0.83430820050531829
-0.51359305950984946
-0.76859228453328898
-0.71061580960260939
-0.50869921912859639
-0.62062099662979731
-0.83286221889256762
-0.77407804649928003
-0.64435811810557975
-0.3463671774098892
-0.58844328294325188
-0.36906093554378255
-0.59850290004737683
-0.99319313445774426
-0.46930744136156305
-0.66912079044234762
-0.67279004273416187
-0.4645495409941191
-0.83980913537703483
-0.64416656811391915
-0.59095234740477109
-0.35739333967651704
-0.43652063039209099
-0.40325416380989026
-0.77420411272582423
-0.57961286637855758
-0.60248747166125205
-0.5091087839786248
-0.39179560454905904
-0.58904914553436183
-0.56846612903880267
-0.37423595558894612
-0.75971106516403719
-0.74005180874484755
-0.7863380199524802
-0.39990129912431366
-0.24792435107493332
-0.54612432705567493
-0.3018762250679341
-0.62240923110057156
-0.44347137482357146
-0.41841618881567533
-0.33239426396631255
-0.5665444012650338
-0.39107259430184987
-0.69584943994219406
-0.82162926539139858
-0.43123799190708034
-0.3962407872898509
-0.8396021650037172
-0.55228902348770614
-0.15850987038148048
-0.5756414644058484
-0.43150625838242818
-0.61196793701990138
-0.42958339991210454
-0.14476058001421396
-0.60528920410706444
-0.36517242576478909
-0.62505184665008007
-0.45276032933422533
-0.77794126869762559
-0.41743568303050593
-0.47127039756693095
-0.41210247916396409
-0.35446536921243726
-0.25556670027811995
-0.41279674557868556
-0.60535627387271285
-0.65344054608923696
-0.33471248780380325
-0.57860318221683427
-0.4931328998027954
-0.79878870728752915
-0.1785136057611274
-0.52525158872811284
-0.41445309689645959
-0.27548227812104742
-0.33767365214957284
-0.5024690366897463
-0.65941029401260021
-0.51529752358291026
-0.48097692154630428
-0.24958726711960222
-0.28257345952461255
-0.56928430798041996
-0.36562218372216881
-0.1765881637004954
-0.12768452955092877
-0.30392825677867152
-0.43209529106717703
-0.40310115959073128
-0.62794927960834213
-0.45691982047958407
-0.39728684874612524
-0.62994614169822993
-0.49992950520872093
-0.39517609515959318
-0.5921212135480276
-0.42161521771574578
-0.68000138023556644
-0.54803398894562505
-0.51300301489834332
-0.57179410049704171
-0.53086752185594754
-0.32551409006345805
-0.62072151840439993
-0.22005232988950102
-0.5228085868201312
-0.25785286186667117
-0.6857515428257539
-0.49996987673716448
-0.34911472414480171
-0.60317970087750006
-0.6009671449558075
-0.24754557968013183
-0.47043319520405036
-0.39522444818546881
-0.57650106653006494
-0.39184842307764178
-0.32219040149694433
0.0067065287874740987
-0.1811434714035082
-0.72213323759027748
-0.47297728985769066
-0.53529101020846503
-0.10917350847140611
-0.37257401780211757
-0.13243028710699334
-0.26551921267952588
-0.15039381405422222
-0.34677039087460632
0.083073913693346907
-0.34888053702975552
-0.2802929965729693
-0.31142473427505124
-0.36948780393769781
-0.70956790173875528
-0.43081359117140927
-0.25079311059656972
-0.24379252945180171
-0.54636516022029369
-0.41102135701204301
-0.43965308140555243
-0.51969383177102435
-0.4818253289867358
-0.096137014830452033
-0.30246793258669102
-0.16128080191265198
-0.34593381196119638
-0.52360676961431873
-0.34610613854367883
-0.34215745071289227
-0.09951180059216061
-0.36130976783393459
-0.18518424221045884
0.12716987621050369
-0.21306605574762183
-0.24904869298903112
-0.20087689048035287
-0.19500116310499013
-0.25025381886899312
-0.42726516837436102
0.18782311902687168
-0.51204000571000274
-0.047644425347460523
-0.093674487833147163
-0.45327207735138397
-0.31115662084590334
-0.38217743831802653
-0.49976820893504759
-0.24739434748561911
-0.12990119091269431
-0.13305391439661171
-0.29830564319734648
-0.42750286665073339
-0.010960857212280949
-0.40346818544553253
-0.051489769247665122
-0.16060097449357408
-0.076527589115079522
-0.23365875025677973
-0.32779393455838812
-0.49234560230304608
-0.30291866170290638
-0.56096656108124332
-0.37737367396107951
-0.48993182391401502
-0.22227663407980291
-0.62340659158196132
0.046888078330234235
-0.60375356384521461
-0.39438406638593387
-0.22344532863035937
-0.2090011484634722
-0.092912285822988716
-0.18803590931079103
-0.1944100542020914
-0.16649042135572334
-0.40978072166809981
0.041530278304312808
-0.013724436760785198
-0.030509696203091487
-0.12509521517012628
-0.089726971901533337
-0.026596631017535947
-0.25073395154333195
-0.086109233669267093
-0.13707675310096362
-0.38916482312755574
0.040202391617521066
-0.11395770491207487
-0.29985170026445435
-0.26138072863743494
-0.14244068661422959
-0.082688108146881337
0.38729912977105269
-0.56753085291070493
-0.12200762529996836
-0.46176465028214481
-0.20255816205022825
-0.14004288071545914
0.00065038382370114639
-0.062285397211894675
-0.1762568220946614
-0.35939696242923558
-0.19352345078029407
-0.15226991453012712
-0.21874843673194913
-0.14986290902295896
-0.12442111528114849
-0.22925160879326933
-0.17596345955673734
-0.48716629941068817
-0.030738021450204382
0.28221187960599736
-0.0097039089559908427
-0.3182662031262935
-0.20370537541525241
0.08070366666885595
-0.25296618124460402
-0.055489284648554599
-0.28694408098892032
-0.12740136603221236
-0.15901525056045834
-0.21982889386321583
0.086646949239253146
-0.37812054402239959
-0.22705125130811024
-0.19738097540410957
-0.26951035259708056
-0.022038124918555214
-0.22197239162090568
-0.25879767417782895
-0.33004447779380675
-0.21156216749611517
-0.2760084988014172
-0.16280535512951513
-0.40252022363429779
-0.098147938641123561
-0.12932722701481739
-0.25713054177014261
-0.19243895789990406
-0.12952950715877984
0.055810403038721638
-0.32727159502452291
-0.0049387958714478099
0.30885380057282491
-0.42955596257078354
0.15998269051627331
-0.18628189076536408
-0.35702358713991678
-0.240455907351248
0.042660840333159519
-0.15633431618746119
-0.34664559900605529
-0.072827635125062518
-0.18584044109612022
-0.19073807051377659
-0.060187899890464386
-0.18175868870061726
-0.14463888421947929
0.20409264548444669
-0.10129480842553507
-0.036286293485565564
-0.34661005928546068
-0.10775273614309147
0.063535011320401208
-0.30064181994971079
0.28565381167168524
-0.07406469298668053
-0.30669063970138954
0.228271811626309
0.11116345098049282
-0.11533886177029753
0.31613668957639479
-0.097357413332202963
-0.13444391017334326
-0.15217501069517117
-0.14466164985537994
0.049400357662029035
0.11091155444334214
0.0593726022423159
0.0031856858034816833
-0.36238771988883628
0.055733066965238241
-0.020816010160000641
0.16111744114995741
0.19797278186266593
0.018550939932695538
-0.049479280157647756
-0.0085752753497373956
-0.091182201091290799
-0.31644754639977274
0.036078613704505207
0.32482429239113531
-0.04228203217387503
-0.019877392554884018
-0.11123330686853045
0.24708551350387101
-0.20818680324931982
0.15119448737853147
0.25810553079656762
-0.10189206241048723
-0.038919167507347398
0.070056473793992713
-0.0645488638400986
0.070957613560949137
0.28681816794493975
-0.055332210090831939
0.11163198807587899
0.15788585559340987
0.17051175380870337
0.28564335561895604
0.28207860272128965
-0.023731613660200254
-0.029662578448215786
0.16190323799150272
0.087111579088005681
-0.21676844783480798
0.27097971215716121
-0.095668003104395632
0.25276231474084709
-0.15079849341987361
-0.056295283517448086
0.027813688941464937
0.22332208247350407
-0.0044446587152686757
0.027909892688936414
0.08672375753849032
-0.22431536854476397
0.043209114067092096
0.18971430119298657
-0.17935845656192029
0.19685479272847739
0.08083318110128633
0.29965325884258037
0.49382830978076048
-0.096806842063284285
0.56037527575594526
0.24552872613989757
-0.016899379040131501
0.36214562565409159
0.19670308388704363
0.084868943327945839
0.066549473672030485
0.11905394684122574
0.27747785169398337
0.1043113788433456
-0.065825068256937333
0.014073934441006655
0.28942049366544331
-0.017036793937349023
-0.12160562478290599
0.17798654049737669
0.23296092906517957
0.21876726311348735
0.12792446288910833
0.20058654559719374
0.10754866719159475
-0.035465149597765859
0.14514255535151344
-0.039769599328637037
0.23765876107761127
-0.10219399441732015
0.29286301514387764
0.17973681482000084
0.094519562654515235
0.1097706074074119
0.27735532527262685
0.11130327954656016
0.20183603736441399
-0.0056166353651811562
0.34268433578010427
0.080438877945256657
0.65107407999530087
0.31901636675825257
-0.063440982646808072
0.13771340362880469
0.18147733588526296
-0.05884036468098014
0.36180929845475868
-0.021399598479859529
0.12807548880983419
0.30944020019134172
0.075408958541979876
0.23520363101352659
0.42333509170641226
0.060013399622149639
0.017182950208991538
0.041594299379460929
0.15829872862213171
0.39042355116264932
0.30307967177151018
0.50329865153594444
0.39477855514165577
0.097637561056742803
0.13108285828434377
0.075803086484224652
0.43886965414363471
0.053599058986182231
0.16822366075127507
0.19260855928515877
0.19586304547228992
0.44732907650855425
0.33960703464863112
0.19438486902939847
0.23401401779118383
0.51728858345380979
0.37451484354158315
0.18217001704429056
0.36048005634355967
-0.00028657760894448277
0.33149131199463916
0.16169938768900963
0.35470284791232154
0.47483749731470581
0.36881053198760244
0.51574571233462063
0.25290700578758668
0.08052274602916723
0.5410011253669077
0.26778587336841986
0.3220450428028932
0.11980896612073903
0.21567309783399891
0.60665346906783246
0.37603405818323971
0.21221913589263694
0.21104014291571965
0.085925376790994018
0.53537950726735517
0.38140614745695411
0.44338876473714361
0.4555745165613963
0.20393816036766063
0.40982258549253164
0.56789545197006674
0.56817202453855087
0.51470558894441421
0.27623944961908714
0.59492816933912473
0.14171979309640376
0.17569575956799863
0.43948445597060048
0.40723963452002598
0.30905741536736425
0.28734610413482248
0.0061750171645341845
0.37286411434835798
-0.032509445361454128
0.15985302025673362
0.46673477941523833
0.52459518213311507
0.51919631823571455
0.32227604376037661
0.28504182459594174
0.43716467192011782
0.099691515282678833
0.20239019217601706
0.44688162981481028
0.22583625398471302
0.44460702008109293
0.24903390652675103
0.38065999786350263
0.41822683444334013
0.38536858970969828
0.17708694223819235
0.46574924558414826
0.29850111810901164
0.21176324304509295
0.3890860433338269
0.16855285578597087
0.4544216874187022
0.31435187611049326
0.38586450886737506
0.57881104401658778
0.4621426747954191
0.14768790797123379
0.34893998777916174
0.54910218923554366
0.32193400546994522
0.10319783882524571
0.62543167892325513
0.173736632171374
0.40858688430565698
0.49925416076699908
0.50923777801161263
0.37066218597981393
0.55522621468513012
0.71732513220480409
0.35712507290054607
0.23532582573270064
0.18035396603998544
0.66794842213962602
0.39230254990043095
0.26174128998275076
0.42628623788563497
0.86326691986592996
0.35127952858504419
0.73923412513918341
0.47376872256710273
0.58005459252277392
0.27975826672999299
0.50978515822312687
-0.068785523389454123
0.50416001633460372
0.37006873250853045
0.34544273178223112
0.37462796447285923
0.55043670217274532
0.46949976290466972
0.41507386528070001
0.17502088872083874
0.74238870237491605
0.48702493599510377
0.36280804248277143
0.56099419917600579
0.58701918094553629
0.24406922897184885
0.38193985062016461
0.49379631891877107
0.63969340391107232
0.21859285896192179
0.13914109165620669
0.80452316213025921
0.57693046274923199
0.88442115569570301
0.41814062432464327
0.28606549373939011
0.25287113486313922
0.54293522303330366
0.44705683385913381
0.67853843007520021
0.86216414686455711
0.91712667921396751
0.73958848838816016
0.38814565897143216
0.60912599421631897
0.64241780694767292
0.46039934592259635
0.81620483299826052
0.43513820327590386
0.65127103034829315
0.92895650881978875
0.48165657909988213
0.25457066565267378
0.78549519062190531
0.2928343526012952
0.52853941699533946
0.080663447439238076
0.57185684534808523
0.75834918001640628
0.58174154688802493
0.6070588488889811
0.63497354165524122
0.60230781124682398
0.60524158990972055
0.76296630104759477
0.45185710277226976
0.46736274575342684
0.56331035513009919
0.43529331193872367
0.5787207761841815
0.46967022982157158
0.87970220953245648
0.60177751841880878
0.44808995970174181
0.43867048417363352
0.4942172426788391
0.64598319914882585
0.55452307174399573
0.90346914125614297
0.38715674345899359
0.48826260464864479
0.55009939218907455
0.38429827135046135
0.30129071395547802
0.43847568472522858
0.41234537813775218
0.35904679311541909
0.78312371506251466
0.68242115180681095
0.59791107796325715
0.66394361507646127
0.79991421330102308
0.38094501504366957
0.52801879452566169
0.22647325846381977
0.45007495719765978
0.75741570141016856
0.52609263458679056
0.56318945166984136
0.77261085361315462
0.53730560347681733
1.0070480899098226
0.50573468041689251
0.54435947195928758
0.70219022763890038
0.47891530051392589
0.64146770575558887
0.53083454306586852
0.88168407643541413
0.56645801776504634
0.66154645306571358
0.55619525137506531
0.86783707698613932
0.69721192312669156
0.73457187861598661
0.29213254294756064
0.69687019696289332
0.82071318804954807
0.30782096525368752
1.0134051298049449
0.45186752959710907
1.1078990870299987
0.51375624813698229
0.63010442188355742
0.844445281509971
0.67454278971588966
0.78240536355973378
0.60741352027165807
0.91063914846971794
0.81924599900265094
0.60744503377292702
0.91321278511625525
0.92004037360272495
0.74096369289511899
0.53870256188105392
0.76855150138087647
0.55001514824129372
0.60673027204860086
0.6553572912127642
0.63602775007320667
0.54289257621847686
0.38416805789275993
0.66202309836345541
0.62201868929499737
1.0377803637673721
0.7894716525548785
0.43652773793999217
0.53626599475720393
0.68454226171898891
1.1309779769665997
0.65778367473435129
0.78896088870293468
0.70448760806878075
0.7081938940633119
0.815733363145837
0.53579947290426844
0.78965849140215938
0.70938328682820095
0.73104777402914178
0.70541793644847195
0.97798313828054195
0.49073315502632725
0.91493266760907255
0.32367350927070715
0.56878257099186347
0.75401907339142893
0.87756961671382938
0.4599144278350662
0.78523955286116576
0.68583574830485805
0.8076105925819409
0.6729535562154153
0.89217748184250634
0.77071753798456466
0.63754813521762232
0.8119619077915663
0.83864424560016348
1.0538838599187923
0.63546354815744222
0.54806389654640297
0.45880888845602369
0.79084443284568384
0.81955114909757376
0.63391522051589044
0.62401764317799902
0.93843096490772848
1.0273712924489313
0.70059865976422431
1.0069097093462394
0.89672794653990773
0.96520260082148612
1.1450650495032495
0.59306002749985109
0.81106069726169694
0.85395240833761077
0.48871418250183352
0.90086482843925242
0.83201820540935456
0.49873439291557303
0.99166331934840746
1.0193677107324481
0.77171545302811329
0.93151525222396137
1.0813080083947149
1.0661037591533191
0.77139531369287662
0.8917818580870237
0.96066580861598205
0.9238376735478282
0.56538933133075397
0.92374182264953775
0.74906178943977608
0.74980405045442822
0.90789308876411023
0.81493863839955283
0.97613691737213804
0.99931676768377709
0.80862330143195149
0.77180116860322512
1.1456389130319231
0.72674137828893548
0.92502322185168473
0.68430947822197019
0.66085514550936952
0.83344724279404547
0.89355964768213036
1.2638020217168782
1.1106096974932447
0.98674861894911303
0.86797445180399191
0.59392839662029029
0.98957924253584473
0.97824589551299568
0.89857229341998235
1.0635564089287923
0.76227163455023106
0.9381581916823547
1.2080527347544239
0.93391431279005876
0.84257106053944841
0.6447348123413833
0.52310710368973312
0.69443357074424006
0.71012672640476815
0.86370924998995002
0.58807400447070768
0.69152711455103211
1.0007342059643187
1.0889050111517331
0.73852000052997668
1.1662634292840384
0.97505723835197688
0.75784635790387078
0.85773276854558078
0.89549469993458919
0.72843260142913058
0.52363251337498706
0.83652225648831235
1.0104812002072248
0.9238511742415062
0.55270290282265955
0.87643527395659182
0.99098633386275403
0.86423165209274222
0.85132712627357854
0.93332189710061342
0.95122547527592394
1.2714150903349903
0.80634265563248653
1.4003865228701249
0.75025734853824966
0.95870586278425973
1.1087017754329498
0.71925048477987119
0.88701412210304609
0.98277187412323441
1.0625118496252342
0.75276145937690653
1.0255269460133729
0.88029331577787184
0.97672799330995042
0.73981220097811473
1.2608590404853015
1.0248043490870729
1.306038822468069
1.309476227388112
0.90436958279752389
1.032047345439862
0.80156799149597668
0.96905633947685044
1.1809939098955367
1.0413520153376128
1.3172247479960093
1.0215723876283542
