-0.52505914273896459
-0.88844056449118769
-1.2458745229859127
-1.1952815475752407
-0.92926102300082813
-1.425948391175589
-0.964432822897902
-0.76907721089614756
-1.0671735209415483
-1.0762001742288916
-1.0251825891387569
-1.151865794609422
-1.0730187657478321
-1.0431956426011972
-1.2330881113207064
-0.98446252260960054
-1.0919236317536489
-0.90148394325116343
-0.84764115048818578
-0.58392976316156342
-0.79688355300155267
-1.0522060132920483
-0.82001286271988871
-0.76497696686282335
-0.95694854590565581
-0.93698964874357094
-1.0703769105737013
-1.2281651205856363
-0.77060838747557758
-0.59396114849596238
-0.66477696257266172
-0.90174657483561416
-1.1880847380814512
-1.0093064936333946
-1.3183330724123763
-1.2000629798029279
-1.0584353912290951
-0.77061341008260054
-0.82050285084790842
-0.84030830001138324
-0.93493257342396774
-0.75079578727481877
-0.76837792778510727
-0.99088260963303953
-1.1639639938006663
-0.59612125319332487
-0.64129419702119861
-1.0302426166516407
-1.0507879810406842
-0.95172815324646542
-0.88065999728138666
-1.0097668132844393
-0.74593145728782684
-0.83702693467209976
-0.8535312963225804
-0.69855308917422898
-1.0324977276313305
-1.0378572100955792
-1.0293378779616131
-0.68220899810293456
-0.877013374849544
-0.92347053817598279
-1.091067506890949
-0.98985914094155281
-1.1036232668477295
-1.0483245163188359
-0.76251289220129859
-1.134428128024479
-1.0951676630442944
-0.71594897284336223
-0.67871229000978461
-0.69777227686977383
-0.79495530628336752
-0.98070151383877002
-0.91765238279041128
-0.80355499924381246
-1.0624688962363196
-0.86475254322435657
-0.50144536840576492
-0.84270335509466909
-0.9152532625519616
-0.71060941448502657
-1.0932833482147668
-0.88707152905790676
-0.9701977446726664
-1.2393859347590042
-0.75433630040832889
-0.62306830892579612
-0.6949000956233814
-0.9187496255578621
-1.1664541334227814
-1.0596994246434883
-1.0872651568373473
-0.58947003411885168
-0.70786927624591345
-0.90300230385376945
-0.86832947083310597
-1.1329110564312104
-0.61425823794442391
-0.63627842495716913
-0.86096888573380548
-0.47564960114841803
-1.0944716514134816
-0.746203689837591
-0.81886214176641148
-0.68778637368316831
-0.70320036523297125
-0.77861201164323324
-0.52437243451344384
-0.73216886568756001
-1.0310114771297074
-0.77922379757886284
-0.8386627290121712
-1.0282579490786419
-0.73671655653577928
-0.92609090467221766
-0.62368596905439988
-0.48087326971036981
-0.67860344585162113
-0.56380961753129755
-0.71665297703312325
-0.70759663679720719
-0.7788146503666471
-0.68589729387423626
-0.83393864170371035
-0.83293906907871618
-0.66487311782080472
-0.7723673191904642
-0.95925808471700236
-0.60124101063560464
-0.5343661442942792
-0.48558330245945919
-0.6518808233931892
-0.69879831384615498
-0.94848596759001913
-0.78784505661087245
-0.59280194748789228
-0.20749804610886949
-0.6632210378214769
-0.73895506465293848
-0.65912221960309691
-0.56084099813271548
-0.49575344244033787
-0.47174586348977215
-0.48240939984408232
-0.52410258498229889
-0.59620616909446233
-0.88794096353548257
-0.84710640390739533
-0.54111803809184433
-0.89481631549846785
-0.99495361982930153
-0.60906828566657312
-0.34371707108259325
-0.57859854423449941
-0.56987449872707874
-0.45735471105613867
-0.39186258878658248
-0.47408095696985031
-0.7570407459095877
-0.7273110865210014
-1.1359822464525946
-0.82065924001859569
-0.89246535836505281
-0.65604260939770942
-0.81396673648310269
-0.64078069673428473
-0.97652582971782198
-0.87247892599214316
-0.49597513491319239
-0.62358214887266283
-0.58784010550485355
-0.58601293291335643
-0.48973808498023885
-0.54007987266920554
-0.71928704766883478
-0.68875257572399884
-0.51182355580669769
-0.85177422476468834
-0.4208626310116641
-0.39564405467581049
-0.77257800939993615
-0.49724936185100216
-0.83013901540512058
-0.3591918292217981
-0.4150621216207252
-0.86321154828070401
-0.34454400631810106
-0.39400743355897011
-0.59363004872303105
-0.71415569616878982
-0.62342184736137496
-0.79837865355402748
-0.39904893483184006
-0.68135589566216992
-0.5040646789261638
-0.56180341632489861
-0.85582930910167687
-0.91323695970410401
-0.69345892738301296
-0.78694541622650027
-0.63736649272045287
-0.72624827015441062
-0.47533514717973863
-0.45009487038314633
-0.54269000277209911
-0.81070945819227003
-0.79713134936243735
-0.46824205553655179
-0.621367469080641
-0.50140199617431713
-1.1768949680781884
-0.4052692186754443
-0.83735950517726798
-0.36062424400323001
-0.49560866161835065
-0.75190813075537866
-0.34046978846950643
-0.25445173301308638
-0.39210771898916991
-0.6139442171503946
-0.61641896135978691
-0.54984094561415819
-0.5325641514293501
-0.552211326612422
-0.61854010885472788
-0.36679295294275122
-0.54216417314975318
-0.66581861268144638
-0.47170657161427998
0.042874664441307372
-0.50679301246911046
-0.31416114785583338
-0.73293037757311552
-0.51132907632452185
-0.42157211477099166
-0.44957008613388588
-0.87056729253791798
-0.46718840778534326
-0.54359908681114166
-0.41014664623422831
-0.37552247596162436
-0.71997342219882865
-0.86852380016684649
-0.51922173738862332
-0.65323291454944243
-0.65893473292973181
-1.1385572932761625
-0.43929512119405445
-0.57517568848715583
-0.36715700061077239
-0.54598909904394455
-0.80278752217587235
-0.5928171804266954
-0.45670431071061884
-0.43535233516070143
-0.76905170187100902
-0.54588932725247097
-0.88440421506961608
-0.65319087035947465
-0.50591638887022716
-0.40853833672448625
-0.22086559233841332
-0.57473328678006597
-0.72939432978836816
-0.38633554430033717
-0.65656715764005036
-1.1597558066106939
-0.5349414962709852
-0.40388741388633043
-0.59633835895516818
-0.42513740562086272
-0.52808204571231154
-0.3232632644320666
-0.55292037913357639
-0.5321546564009535
-0.14958460689501815
-0.67145514205869072
-0.53507652031227226
-0.37985438098693886
-0.56745691752156724
-0.016502572692033868
-0.19398545440560183
-0.40470507437272157
-0.20593922462378444
-0.36563352081706085
-0.11756412742041919
-0.072093217217676878
-0.31382976222161768
-0.23421379236776513
-0.21327826692949942
-0.14244943343593111
-0.163114542821095
-0.21127786763183332
-0.39164242957417211
0.067135769050317956
-0.67178941687290616
-0.12635538084048142
-0.39972392513470517
-0.17487372508858334
-0.49067940224419998
-0.27982402623045893
-0.27146298512837297
-0.56370047927002842
-0.50079031912813166
-0.080541553620110742
-0.48153505924544715
-0.12995464203031745
-0.52218983680824482
-0.23471779835302889
-0.10386875802744436
-0.40631349190641614
-0.30091989226702898
0.060240110983728501
-0.26047663831431794
-0.36198094638499001
-0.48647964260806997
-0.24699575332645754
-0.48634131479027221
-0.20479499908245935
-0.1183602174960655
-0.13776991403384836
-0.40612496755312005
-0.53668121478825304
-0.33981590591014704
-0.33655913657029379
-0.14676817220531144
-0.42827924282755403
-0.14301108415400399
-0.24252656758926658
-0.29835807641242817
-0.23842331182911439
-0.39313026933687045
-0.42006403161274158
-0.32602149991261348
-0.35340129515689117
-0.46200419693610212
-0.14862150476290037
-0.40089082564075101
-0.55948371512313122
-0.30100990471408257
-0.31922197306248212
-0.16790646149041907
-0.47021789536049535
-0.68120447799878669
-0.30672584306255529
-0.35438152144038876
-0.21823619159832083
-0.28473307486352645
-0.33889629508777486
-0.38724592698517485
-0.43701034651589343
-0.60589775940792323
-0.38043638680263236
-0.087080314248293322
-0.32555638980429313
-0.086306211716668177
-0.42401003674484289
-0.49958509757611369
-0.49443143626092645
-0.4974998576776572
-0.38812608694465578
-0.3848383038940642
-0.6191332983656046
-0.16662806081713233
-0.89408598790380478
-0.25625786109916349
-0.29015592754854497
-0.47783588266759408
-0.038775907301437804
-0.49506646961813378
-0.22171978628054534
0.052861585092925559
-0.030032979437796568
-0.36600965331763974
0.0755728436256215
-0.43216121090917659
0.17030427966718625
-0.10243768319765238
-0.29015735229434642
-0.46445607923904625
-0.3672523435407557
0.012454712485678181
-0.28311838634863618
-0.50038570107614555
-0.0061206449364829213
-0.24380943729123813
-0.37529885225438014
0.06727920588573684
0.014509522751264823
0.16077421432956951
-0.16711850451947152
-0.28223592313785933
-0.7112117570990939
-0.16618565992774956
-0.07929179690765778
-0.35732509244590172
-0.21403946278996935
-0.40355024676481316
-0.018667509606924548
-0.17032304673029397
-0.13393569642066269
-0.34397657525725978
-0.15936134767237853
0.1831996740701918
-0.31353749726673408
-0.30052803573744102
-0.24045170440940533
-0.40163572948486165
-0.12262975377881487
0.07699572703405573
-0.66405686713770229
-0.27516155848537699
0.20503768987926635
-0.42851243971567282
-0.34940410772180786
-0.022169556403481096
-0.043558332321585118
-0.24490562294548349
-0.29989160638460433
0.34319973625531491
-0.42203215808124994
-0.30040252144034901
0.10687575955813941
-0.22211313691980811
-0.17003386375385388
-0.12870625627664931
-0.53122855261954094
0.039388682824264845
-0.12688424741235677
0.0021853069267384092
-0.27522294023070482
-0.37783635512885572
-0.14950544237492189
0.40561621048862306
-0.058934986088817247
-0.11748214096785523
-0.48902401852177235
-0.22618919753596334
-0.13564975932160828
-0.32979234439517496
-0.030955661028430583
-0.11209623940037949
-0.40170746582364092
-0.053928811640260067
-0.0623361076251924
-0.30026398834830026
-0.38944991841038473
-0.083153228681076746
-0.42702518908139514
0.043967935335621385
-0.083508661543503893
0.10455799702102639
-0.339847313810137
-0.097388523382412814
-0.021089888653042451
-0.29747582020150504
-0.35551626168220235
-0.24489075702940691
0.12467890423033186
-0.18167632802845654
0.10903156965326631
-0.16168866185559969
-0.36432929598073038
0.15181288347164495
-0.17338930353914353
-0.20509726777958945
-0.077682028090752253
0.036357258921972647
-0.030873225050313882
-0.17159626465548511
-0.077570389871201004
0.16247301780508577
-0.41266274204983655
-0.23491462392286427
-0.30934590128027922
-0.1520955230633301
-0.31583168833462355
-0.001594220279115565
-0.089470514552320482
-0.14194842831852697
0.010078265256519668
0.07547292672206643
0.28029829737374007
-0.06670968180262471
-0.24207940263315728
-0.2768083719573875
-0.12752193257694142
0.019184030748244783
0.024003546256499017
0.13955371235876793
-0.21627850910052421
0.1188227072134085
0.0039332491403565881
0.27799023750395874
-0.16509945257338249
-0.0094045981374633447
-0.019748700957183569
0.18992203548606951
-0.30264563975202741
0.057356885492989625
0.35593771177811612
-0.25126092866249883
-0.2243241753034918
-0.020625064456409343
-0.30650351360627709
-0.18705986086705265
0.19861191514970553
0.29434733922993478
0.073882345364166616
-0.0070362187698146854
0.31930170747397463
-0.27565062835369347
-0.17919707686114755
0.21055508986353111
-0.12118366074064901
0.071099440283977813
-0.053807275287522389
0.10807874874973554
-0.12342578718321594
0.10100878528271907
0.24119672946067686
-0.14877059361805667
0.27492719650415137
0.055555980913312458
-0.18153992303334143
0.049284442610914456
0.21214217322933684
0.0036577545013137332
-0.14065716985078439
-0.11785619207352958
0.26047794530857982
-0.19195415417594502
-0.15912177163217445
0.014674828218674101
0.25458238748152867
0.22036331085791266
-0.16650422655927211
0.26424493435012236
0.064824659855655373
-0.024508886930543868
0.25954279403581687
0.13437169862792098
-0.081717703277448095
-0.22516840883427483
0.22878772492960983
0.1507367334453468
0.37132354730671741
-0.21565399381950898
0.074730348434916868
0.21120477020816206
0.20649025111575317
0.10401869489833233
0.097893069616315137
0.35745735991786354
0.15940022620084957
0.38785907553162596
-0.017231955522472902
0.11896407939288083
0.22114253898916555
0.099849365520143618
0.053790520759591134
0.078518525268854361
0.22701054787489541
-0.02057620122661144
0.20720029303196014
-0.088172838859335287
0.047397469901389107
0.08049812765131642
0.45074412066530339
0.43202788840298684
-0.22309744497742742
0.097958439958151344
0.036000920146171476
0.1119692556996202
-0.2366249949005805
0.20544882062884187
-0.067501826570959045
0.15960504259731548
0.22401385710094818
0.32958943532770235
-0.095541229051436319
0.32767646494676872
0.41965227843062397
0.12095073109277991
0.12752332034157415
0.12760676012250874
0.084409335646741579
0.36771377595938576
0.38702853635707429
0.29072840290077645
0.38850308735044359
0.19554287972220383
0.093357186659195193
0.39347523029610626
-0.32712891738827315
0.13443682387293665
0.22007819887864849
-0.18799953876409653
0.023602159845603397
0.58172907291555276
0.37181965120506882
-0.081182035331888391
0.53426932681020378
0.078754360133803269
-0.18128753981893975
-0.048171232010688667
-0.02706488835693914
0.035840209740184995
0.23727030550979161
0.56303892454377347
0.10809219607904892
0.27466001592184508
0.28446289780182737
-0.10327425968813092
0.42501981539734479
0.021101918031615631
0.19480106323046295
0.29995102581639432
0.54037010340731251
0.28004571173625309
0.23381805947458636
0.47284058837166204
0.37907248275150945
0.5972900331908948
0.28265485588822575
0.18861056069575435
0.22328966075905937
0.030532044440572281
0.0034293116816973977
0.69366889010530286
0.13584655853259645
0.35727151435464538
0.57683052326689332
0.28139149237825917
0.51981222119573867
0.44425935463304694
0.23163284676540027
0.48757188495250259
0.3433013482041179
0.42056862430242714
0.14151518722602749
0.5118691184245926
0.65062409564283619
0.52066895543947123
0.39760579367736393
0.29307005253392782
0.27202964805970881
0.5584433551892547
0.43633163585548429
0.6424258992816837
0.34448877275220696
0.33491492219354235
0.32435066467805801
0.17456077685695959
0.24316584299892288
0.17799857207350259
0.1610745388802852
-0.080472182001667253
0.51189290727434
0.54013403104190005
0.4285446704448988
0.50847924846232428
0.4271471741086546
0.46210716459054801
0.40864901270247361
0.35624688191341913
0.21234449282958898
0.47275857109519626
0.28681832491875181
0.21749617624230297
0.77762428595221578
0.59121434625613489
0.71431769822059887
0.30099377089063234
0.45970366525087331
-0.046456561902242358
0.22711617662339093
0.32930646498963689
0.24097187356526634
0.097048258344402269
0.40898408285914867
0.36459073761723287
0.34382534271065662
0.38874481763965318
0.66484011233006257
0.28694409139983629
0.12251200491647639
0.14377439700125688
0.32740468968260766
0.29821750429071053
0.27613293919096388
0.17880216126785503
0.24154805297650503
0.48846395697712575
0.00039224763311740526
0.23520286372550947
0.47763838446326456
0.53332613752875768
0.1904612069035046
0.39090442450465124
0.29638276002468145
0.088639197286750182
0.48207878394448916
0.45390335672009297
0.57295117543453333
0.48101711145366377
0.23857530819395098
0.50521370688440481
0.07208868203139937
0.29731814933488732
0.49858510801368139
0.3014131312737689
0.57005804942635807
0.30903987873257377
0.40683028947739996
0.46675078602733056
0.47462980745676209
0.53346757065193717
0.46358454998781462
0.79185807018828314
0.5470274201982388
0.69559536163457258
0.60664402840991027
0.36566643207186739
0.20853151525712302
0.51601377202529053
0.39704376502857208
0.64596390273653725
0.35943171212487646
0.38281364059666706
0.40103922042636941
0.48534925403999302
0.35584450163824838
0.36371996184758859
0.62972609218429243
0.49584627002778786
0.46508526504468484
0.26379005075165896
0.61671467332955876
0.5352728476345836
0.19090527905092866
0.53779858626833632
0.22167622845572488
0.53609966600317138
0.18279631564718285
0.59478879306507393
0.69435911785797388
0.48472385775834659
0.87502110321019788
0.40466430898875067
0.26232892020279258
0.49336021257538493
0.4255998156803058
0.13114326689172787
1.0601778722962127
0.53640308284475147
0.54981525356920646
0.83267229503046547
0.94823735884524352
0.49691411248466305
0.24224741544158607
0.59994881972939262
0.61024712420062088
0.23215886745424058
0.5306659205954376
0.82992621458923199
0.28155036276335704
0.55471511380702498
0.4801214242036454
0.6080524775748567
0.72164400119870553
0.1976601866771043
0.64816340901602054
0.71943569103734006
0.15850192950548397
0.56051921931329185
0.46254233537831602
0.69061645754964063
0.44438006685647979
0.46616279508011266
0.26982354920749607
0.31311472237165566
0.77230452031279972
0.90013353491364057
0.51434186449940977
0.80931199667920017
0.099208295779252567
0.61581163352788493
0.60492149195269618
0.41280598068344049
0.61054939830707566
0.52624309724555596
0.62443400398914495
0.63818824359448301
0.67581723171493213
0.53994336391959286
0.92068507814391698
0.9078826741984386
0.65192212419460471
0.54666036209843039
0.56546994075674417
0.91807499550291483
0.56501765549739125
0.81636675032959516
0.82640267880880236
0.48195220112595882
0.69457735385402286
0.13218827792998114
0.72317091138398182
0.63482752630380668
0.86131670253992987
0.89001330195961903
0.61217752632431099
0.9354362693007422
0.51508996374119531
0.53055634087713355
0.55922812720780535
0.62395687680000866
1.036944109686821
0.60920566064983905
0.71856637574338844
0.69694988990614415
0.72674777583440731
0.5898634897609929
0.50360139121947278
0.39038741168222046
0.62979537013959419
0.87779693893743382
0.78707806824655036
0.31038455918291596
0.31199049923346289
0.82651795025189445
0.68999259819979852
1.1197486015845617
0.57856266978308668
0.76436440925499138
0.80848350197422292
0.82929843482202559
0.44831381032414513
0.81791650436418128
0.75107312718460428
0.4748548623968194
0.95804956839824751
0.82526678209095972
0.57668363810913625
0.58618174832954784
0.96625248373848915
0.74055882034205756
0.59233552556745017
0.77589210713400625
0.90971198858002911
0.96491260396102174
0.53852515249732968
0.50074831682083842
0.58751557178275482
0.71612582757803367
0.64237525938549256
0.9603801581837027
0.8553143332790667
0.82574248131561923
0.91815995405224349
0.68176975228602155
0.93537923082362828
0.93632398735664546
0.68641657595478889
0.79728483151727436
1.0801209138000105
0.7592967905776884
0.71234200252230451
0.86557107645460651
0.59423687573740402
0.81411857106180108
0.70325693845735826
0.71060047305011143
0.82092032513818181
0.69917660642668589
0.65974341665237235
0.90045760778222406
0.93339191149568612
0.61832623225872885
0.98664827060130023
0.85583741010094649
0.47333739833200694
0.58850578926247998
0.66834226042607081
0.50534811252634682
0.84403695262442591
0.70047566827520047
0.60822561612969739
0.67978367303972931
0.88057639481144978
0.68514280306318509
0.67914339861603423
0.45126163394857777
0.83837701085945326
0.84750556443695735
0.72195266437803385
0.86045938180940917
0.72884264062325621
1.0115485565279951
1.0785111407176773
0.95602910011258158
0.77691129679753823
0.77642658880509885
0.94184664285175246
0.56996902343426215
0.74121703651264992
1.0056609898542823
0.74438652679166029
1.0145808569124259
0.93872827753627575
0.90580452393173239
1.1077802837635657
0.82915483737666051
1.0776705416892487
0.90914962617008022
0.86452135728032709
1.2117569266568884
0.78165982468576767
0.88339632054681072
0.67673934195393337
0.66931275688443459
1.3541945225003926
0.74709204165137688
0.48850485783931252
0.32557002521516271
0.8250266557906959
0.98690465592393906
0.81015738713484953
0.73051823491147672
0.90313299245802248
0.95135322342796658
0.79467583245781837
0.98542756096549167
0.80110342795954814
0.6622077633192851
1.0509743838666212
0.88038232778211567
1.0694730627031492
1.1735930360275351
0.93256177825786424
0.93237416163173481
0.74883655660888104
1.0087343378491576
0.74543081865970018
0.89374926344936478
1.0575386201720807
0.85244931104044475
1.2003761585878192
0.91567468495282345
0.89639179070772412
0.67307076819724321
0.79771823438713552
0.96952322200739882
0.59031532151448696
0.99406061482210639
0.82999805420063366
0.85508719215205897
0.78292531382762709
0.86328653151594592
0.8758433493754797
0.97513559495740165
0.90527108773968978
0.89598764662435537
0.87851272206996978
0.93984024044791847
0.86163600700185261
0.96103033083456157
0.80894843356410306
1.0862479253719035
0.93733422542204892
0.76013924047445014
0.88603880132462998
0.98796861846977502
1.2590816022710263
0.95277994086161122
1.1782886103120225
0.90437032918209603
1.0010318390990705
0.92794993440593465
0.89512293577349222
0.79276393102442544
0.93632199779945269
0.63539012176776033
0.63687585108394695
1.1866180771758725
0.94488352110711538
1.1430971624126667
0.60098428883204846
0.67199577404889166
0.83913371245402424
0.94596569982294043
1.163221936098723
1.100831972307446
0.9029258210113702
1.1454495128537652
1.1045156130381397
1.4903261297354973
0.71691644918297504
