-1.1878823528465305
-1.1724711382786452
-1.2809752322929944
-1.1314764571609865
-0.8535030651433505
-1.036964321819086
-0.83067445818457708
-1.1408780179229336
-1.2355215631111571
-1.3451240173456678
-1.1947908549483315
-1.0415453047431011
-0.87600226863620367
-1.2778054081942183
-0.94176137638653179
-0.9405217445538222
-1.1925630734145281
-0.93286040631685641
-0.83772179737372998
-1.0407569491573565
-0.90864017915122541
-1.3697627701764172
-1.036710261479413
-0.78268805660093943
-1.0818619270842904
-0.89864199385803556
-1.0646018749019583
-0.80935449761925327
-0.7161499544040415
-0.93094626491972765
-0.92730122856887698
-1.0097772578377642
-0.93229756748629644
-1.0196578326549208
-1.0325727890880436
-1.1150084536901503
-1.1391626259053138
-0.9711277398546857
-0.96686101140294556
-0.75117459776880313
-0.95346505680206328
-1.031361322981464
-1.1202978879770453
-0.95053306799938453
-0.77140765203638195
-1.0141995250279636
-0.8414788415602793
-0.71110508955615692
-1.1725025806608684
-0.90307949684479449
-1.0348536744448071
-1.1216711815231526
-0.73381219144833021
-0.96707347124003173
-0.70156990449299705
-0.5132977812117081
-0.93827834901641871
-0.95755174072839788
-0.71059107968306501
-0.75537694909439801
-0.94403170399828362
-0.90862851733595795
-0.81093895855003362
-1.1895233256105675
-0.8628353237974844
-0.79157766112090411
-0.86940316861537081
-0.87447710861171413
-1.0580916226394517
-0.91311278460768408
-0.85540062896256364
-0.63504221401116789
-0.91296627021002164
-1.0586920712905294
-1.197595156343531
-0.93371848389782153
-0.93627126211773826
-0.92272015372011418
-0.76844011103398935
-0.85418848778971834
-0.81469204635785319
-0.43185613461694311
-0.69896077832124648
-0.53845632791667575
-0.92415524342575506
-0.79104824171605748
-0.8285076292123349
-0.89260288303992075
-1.07444871609479
-1.133934467889016
-0.79509250544096899
-1.0260893754436773
-0.69735220539419929
-0.72073197428562463
-0.82824343726479532
-0.68323946406720903
-0.97186217607336922
-0.79859238594423843
-0.86945128101166824
-0.54967041399713068
-0.67417101691931713
-0.74504545903679154
-0.94850985098780793
-0.78927082694582384
-0.55101351304072288
-0.84107690170792992
-1.1294736263075227
-0.75335139127550776
-1.0508873224021207
-0.78201724991503452
-0.93903139373601363
-0.8870915438094743
-1.2165767997426686
-0.51752313612062562
-0.51241339637834371
-1.0714801998520442
-0.83951821295496365
-0.70851672040654445
-1.1420772178742469
-0.41657277981029228
-0.9198074703721778
-0.86428706013358281
-0.9126879815586304
-0.84684292747683754
-0.59840884096836411
-0.84740316952822847
-0.85109414595888488
-1.0966259235436138
-0.83442937063068112
-0.49887033245383694
-0.54439664895255913
-0.80250840184062811
-0.86997663093926603
-0.73329796761600508
-0.58632833186176081
-0.72386558176539872
-0.49949618555983516
-0.761400247312227
-0.87650795516127522
-0.75696844885220993
-0.78690789106034043
-0.51370811468885769
-0.82952299221247161
-0.78185704267206868
-0.78354641491447596
-0.95287514208798774
-0.92884736060968143
-0.73123156716560145
-0.58305459316581187
-0.53997768645721722
-0.89183595931713566
-0.66162284036189489
-0.77503482229950349
-0.67549118333710556
-0.4264273789588896
-0.63935343002144107
-0.40167612477521342
-0.28271752129974437
-0.68829738099997617
-0.44289992224974256
-0.52308507862670417
-0.83212883707986629
-0.63812733906380315
-0.82549874387040578
-0.63485349725115447
-0.68216480224610565
-0.50468872442264401
-0.75105688349945243
-0.61471872665405702
-0.67558748798911339
-0.72780734943712688
-0.73176151870627226
-0.43838114071106743
-0.74925696398823549
-0.8892112721512978
-0.71455740566071901
-0.671672780537651
-0.61833947251649368
-0.48341984201709221
-0.76565523513861711
-0.43399482205372353
-0.41395337546943123
-0.48730325727883644
-0.73278658009770348
-0.65350772695982107
-0.60333112695569036
-0.65637157767811793
-0.70459290361388682
-1.0764308998941341
-0.57856455193687006
-0.52443072336265295
-0.38944416540208338
-0.86984116393318822
-0.79368288337658
-0.4643889188664026
-0.64410629108185591
-0.58240753288228053
-0.87947168200334513
-0.50128881395178948
-0.98857025242691676
-0.61141775750933369
-0.45655397709236029
-0.78050370880699815
-0.58941030473743816
-0.88019876589602741
-0.49184066006830179
-0.68448694626206363
-0.5553650944581332
-0.70233569813005847
-0.75776443804237037
-0.38322427741571519
-0.6324618189731418
-0.66132583270260881
-0.82252310862748756
-0.6226625322879128
-0.39390889375264604
-0.58912844400827535
-0.6671942051109081
-0.77947271585845046
-0.88568084417858917
-0.55924875281358211
-0.54447421213288349
-0.92456668526529573
-0.60458884905154464
-0.47101977043249882
-0.37448749868934683
-0.57655606136714554
-0.47339907799600561
-0.762181724616941
-0.53335464263255139
-0.79281885846222167
-0.65590586658501249
-0.45995664188574992
-0.51055881233461575
-0.49056559841530972
-0.72797641395949542
-0.70322047754883055
-0.66146053425498408
-0.69723730850060939
-0.65057943331470369
-0.59913801701252745
-0.19165584485774204
-0.56027406986702377
-0.57917980701445115
-0.4885416441484306
-0.59001706078301153
-0.41967588769451331
-0.52025929346596478
-0.68254745594237221
-0.42433090124216194
-0.66126910036674114
-0.34757019724573207
-0.61373358033882808
-0.61054708074432551
-0.66761481899672415
-0.52488960671185991
-0.60188060769286744
-0.53829833820825712
-0.49184570244197995
-0.67598331365029962
-0.31466498797612996
-0.50979008009087146
-0.72237389425439702
-0.41146504591386596
-0.75288006420850884
-0.53574998081407832
-0.47313539213447892
-0.30339058568741212
-0.4798415045794846
-0.42184563176086926
-0.58241173174285843
-0.6474616957305096
-0.26175980919500835
-0.39852227990625472
-0.5574663397332098
-0.57075650479968065
-0.70369148080735455
-0.5729622748152815
-0.47724893624809955
-0.60660174145067447
-0.67859312124706828
-0.38718211983543283
-0.10715902888293871
-0.44856008936755165
-0.38709806018440857
-0.34972811233803275
-0.4630549053377741
-0.56445258416455513
0.033068962516370329
-0.46669382734096099
-0.33804455650512893
-0.51001425340798112
-0.63404970454608123
-0.34689340947166863
-0.3393546015242595
-0.19657484193091107
-0.49382172345412756
-0.38824970862036223
-0.79938354070621698
-0.22413197934913442
-0.25519384053249716
-0.59926876484227831
-0.60860903188177706
-0.63742382640184814
0.027870790213533652
-0.39002181289061477
-0.19865782880413424
-0.14271573330038431
-0.24965371769751726
-0.38131363444936489
-0.48701573869982739
-0.63478971443770515
-0.47353101658017727
-0.46356688765220966
-0.17166567332008181
-0.62368144541780135
-0.43997150280161179
-0.24782247907013383
-0.4334140608948317
-0.46641537878510925
-0.38399654993930554
-0.13146799742060336
-0.72832782574445498
-0.47119357074896046
-0.5381827448169646
-0.081547306392670799
-0.60320973161552949
-0.47252482850465577
-0.36089842888840512
-0.27051840000341165
-0.21057760537674078
-0.18726297779695311
-0.3021558653450635
-0.33095907761530141
-0.37669475589704265
-0.48812765557331694
-0.33515920628407353
-0.55837694268693927
-0.46737524744539016
-0.57064614141218373
-0.41820574294314106
-0.53295181394689917
-0.59294955000824867
-0.41792812705172311
-0.13224359320695908
-0.26627986459495606
-0.39135810793847181
-0.38540480311706299
-0.22153431231170667
-0.34431586433145867
-0.42110761957462078
-0.14548582561390433
-0.25486653254422637
-0.14774438096017176
-0.12780714023677797
-0.27783607205032251
-0.36755287042353979
-0.28441542695201683
-0.2486112018291427
-0.018083352684610175
-0.57543902399493529
-0.20094475246342819
-0.18887568824405221
-0.46050072845568846
-0.37082671655234745
-0.32104874676998885
-0.32751674505983308
-0.33754602099597952
-0.39795883163090734
-0.012600197707659352
-0.37103034520020406
-0.33460284354074821
-0.33206526331259223
-0.37996622812868175
-0.3160227520211068
-0.33045871872146643
-0.30306731543284898
-0.32898466391187559
-0.18882001142570556
-0.020542682247099223
-0.21740716337988833
-0.45022647060189142
-0.39207455719370421
0.18196238111695823
-0.44493992683612377
-0.025091818451456561
-0.27169993396559977
-0.1601408744040908
-0.42426186991444598
-0.25187883632821123
-0.25395002417905888
-0.34642119454763459
-0.33548588486702891
0.10335659072268565
0.19471321708239706
-0.12097948035018839
-0.31237870832864506
-0.0054331372670551777
-0.27171126285273284
-0.50405985476882942
0.036239620098965836
-0.092227395009587085
-0.023260969278242422
-0.2568919476864609
-0.37723722386395486
-0.18957819529546022
-0.24431443306589121
-0.080836360065949103
-0.20969133767265594
-0.067945015995364497
-0.46045233385560763
-0.073160727467072889
-0.039762822597576027
-0.08769652817021685
-0.0037510337023126117
-0.47268422180497494
0.046952747355754311
-0.060321794873351715
-0.48069250076662912
0.070586225752092099
0.092203574722906703
0.058338527072745901
-0.16139344658265881
-0.098968575145925719
-0.52829465700193567
-0.61073836790280456
-0.12660172233847586
-0.07298660559129419
-0.18184688626561279
0.00044981271341480126
-0.20487170875858232
-0.063072989276944977
-0.36892263000393255
-0.40816269822002321
-0.16336611483209407
0.027956264051685852
-0.097900849814868282
0.028032020075397228
-0.12496719546878426
0.11479422244448698
0.12778617368276143
-0.23530572096082644
-0.028685658874695832
-0.068578693646279693
-0.22802520251029507
-0.3050722457795057
-0.058029528495886711
-0.13201614710303639
-0.090756908734850109
0.082299109236167942
-0.15100430487064062
-0.023154601840077716
0.1881658639790886
-0.14935579978220892
-0.19927007315317499
-0.2083911880774314
-0.0061408451167398259
-0.1559842547256147
-0.03838126079774664
0.048641244223673559
-0.099267724828954768
0.19809571564323619
0.28729136585096077
-0.43884157797860235
-0.026388334890934131
0.082881729107885688
-0.26566928917661808
-0.2493680544396123
-0.22839701331520257
-0.057160500868581814
0.088612738016584425
-0.30466843862843823
-0.27311179303259586
-0.079639566676049156
-0.38034726778278888
0.036860382376333191
0.15757138823658215
0.032168538140595872
-0.031621307429789643
0.26432278207073823
-0.2466153903334404
0.002673419894648311
-0.08450050865551019
0.10363186526849849
-0.13804557954785088
-0.17403640635920098
0.039464902758209797
0.043747000176794469
-0.17703090258201273
-0.11010214885833372
-0.07413983219271468
0.098802984099353855
0.021867884432317491
0.060006917237898118
0.11989573991945207
-0.2545935488117117
-0.1810780439646868
-0.33246880473521523
0.003025653826081554
-0.17879165747383274
0.14553833784668016
0.13379752982068341
-0.081028934242040399
-0.028336834023578283
-0.13601137876212291
0.1207205423439941
-0.052891764496599374
-0.040942727884883165
-0.16781676666591444
0.27846217711199073
-0.10956118872332327
0.14296732629916595
-0.17938001579439589
0.095289869658868681
0.24250822965446547
-0.11388141073880226
0.16344506342484427
0.20661931440080727
0.13747751488776955
-0.019039556888436861
0.033587426683231419
-0.021015979710790382
0.21670214467879886
-0.086531794192241482
0.1718166702582361
0.16780090801683972
0.13028275601151959
0.1891575031130798
0.28773790651289244
-0.073497184772494006
0.032843765835171894
-0.16894376424503701
-0.08515762403319467
0.33429344622476381
0.2942573518220038
-0.32689985204054411
0.25720246788010864
-0.26666351334327287
0.15599627564062407
0.030199112157958941
0.014262828209999851
0.21607831890744059
-0.0037803728867936482
-0.087738311070354666
-0.12390460749495899
-0.036398091633734246
0.13447521633876872
0.2668100956336561
0.21349937573127106
0.056676620380413711
0.17321194769992862
0.32310686497653862
-0.25626030404969619
0.23987393654248326
0.47805394641712823
0.10971586656532188
0.16232252488915502
0.52009009570256348
0.05701071308846959
0.18863738592235699
0.23111483145492298
-0.11801093449327227
0.097689803386190627
0.11053985265193257
0.30059685045519308
-0.1260026483749338
0.056558806733162451
0.20848487948179714
0.31887819139530776
0.46008412727750309
-0.15077309518460635
-0.04627867551060038
0.011455217604242222
-0.13424677586392447
0.15380167464896033
0.19676864147736703
0.59393920182162863
0.27906831418412692
0.12086584690706373
0.22742660492771113
0.38531878247106122
0.25888810234847109
-0.094176247093925414
0.36481379497177957
0.25000419393536383
0.16345718668921388
-0.1829796581190031
0.42246678426674789
0.081786849127367584
0.34458731462667253
0.51533000871053791
0.17472985800437524
0.20986727505916225
0.23933298807207098
0.45927622644715038
0.14372654644114954
0.29995244750010902
0.14229306966013244
0.26599519507444802
0.34960307700735987
0.28654504989619012
0.21169734799249343
0.49725266286943015
0.25199573439107176
-0.046799082185259064
0.10665696643661501
0.16565364317717368
0.30768972679222778
0.4262220627973029
0.32618392942259428
0.18613362729415883
0.11998469462194181
0.31175958087821742
0.48432818279018819
-0.071726987547721707
0.56608422428955496
-0.0084907474490941021
0.36521217724357724
0.3789445607521868
0.32415358945145278
0.45819125003672029
0.36195577159057873
0.058486935288076282
0.34000795845805459
0.29493695246633311
0.50394478750966343
0.34899779107348594
0.18058250229500775
0.27911604889958952
0.19821007376873481
0.26363009870318566
0.39001046025674441
0.33207177092290396
0.53260087058148242
0.37856277901416535
0.24977860499249127
0.44131039036631348
0.44014319935111401
0.093474116271066776
0.40256980181650248
-0.047808775297458188
0.23353380240206226
0.28903851893720173
0.069281880848666086
0.4779694049923337
0.19899918809544023
0.15039714151571584
0.39198475633400764
0.30354425237865273
0.25352526092719951
0.09992925714658904
0.38810219832886578
0.6962205297487345
0.24667961214015757
0.075442721240976021
0.27504552228108026
0.24848596056072914
0.31591048720096665
0.52381884637184428
0.18125726985103832
0.55641857562806774
0.18721447985442954
0.52832793826329161
0.59098437053497432
0.43219828250044906
0.38962695719132279
0.35224504474622353
0.31734458742418975
0.38463748819691307
0.31446017772489421
0.20670214422794578
0.38414595612465208
0.30502409361546423
0.35616953422588649
0.33456019754365895
0.15090530939752253
0.30623386649341633
0.43558638911564945
0.033799457451354695
0.4696434991712598
-0.049011085657915024
0.011587358047571921
0.4681197009548474
-0.019174422415326874
0.28559492209492426
0.51396793017119258
0.4215113486155313
0.67867512739587976
0.68615915239525094
0.49539880986715307
0.33943050943574105
0.6304033932955927
0.55022598006980983
0.53513371506762464
0.20020524642198687
0.15452331880478265
0.26262001347197889
0.26091427247069232
0.39601120340937762
0.27308647410455755
0.2376069351829716
0.49516220570817177
0.215867747325269
0.39990507916942153
0.31805751068833071
0.61373363704625128
0.19011719173026315
0.33808296681564776
0.35687505579366596
0.33959006528759617
0.25163901626817203
-0.042804323300301657
0.40867035965245962
0.43726835534763242
0.20827603342818068
0.066222958911795304
0.33816489638395997
0.41153122357927774
0.48572856018996124
0.41544581139281561
0.54008115794022604
0.55491312091717704
0.15899901439840528
0.3021863934132894
0.095956300594920205
0.43086833377663003
0.31039624781486602
0.66081226736658516
0.42220516555216159
0.68094381772726964
0.41816260891978174
0.55490223244353731
0.30182974407549956
0.13777283828038681
0.72930435726071319
0.72924284340503875
0.36563201291012642
0.59093966925362063
0.3669385351769322
0.54413163892702432
0.20015617350194539
0.65528660283726337
0.90832636424130397
0.63722591098190551
0.62580535730707842
0.3450620583338993
0.48216482126719484
0.55069836846882181
0.39774726565433038
0.53202373606512299
0.60687580351650938
0.63579210627313887
0.59044613701308724
0.58213022733062059
0.60786155639093142
0.35480537732797557
0.52343489842724245
0.65264366301444343
0.20777435356616672
0.51586610621382123
0.91462243326087278
0.67942274396185343
0.55160224171449235
0.74275477447737681
0.58341460342126472
0.70927542613048156
0.50498225227987092
0.40350170343475589
0.6711346708007897
0.86253035676685785
0.44974601001634612
0.83255696932601275
0.5917677010443092
0.64745478883666496
0.57420485201528959
0.67254886959779758
0.74048552540652113
0.5512632478207754
0.67956380859142962
0.52497728842859337
0.45057707566618416
0.55010320571884086
0.50525263051887581
0.61123099494457811
0.56388495889747858
0.53739751809948599
0.61754772938824543
0.81261033349625711
0.54491032355043323
0.71458317509677327
0.5211468682549707
0.54972536770291425
0.49696181601297268
0.82473548253725892
0.62847072749238786
0.60913609332169605
0.71008710680940434
0.63079700200266686
0.22170324592812785
0.79118943203357794
0.8356507466074643
0.62580168124166191
0.99577009258663951
0.43987915809531708
0.63714183553112225
0.58510705109927685
0.68439465114977471
0.57033933027574424
0.54554823903104832
0.45328603610996898
0.75860045654321184
0.7950832114845785
0.53879264752961753
0.86939455071046223
0.59547243198769817
0.79597918073216223
0.61112544869678864
0.63440346301148876
0.63957130966354814
0.5970689550318895
0.799846743828725
0.9843254073803458
0.62034282419489695
0.61695819939172292
0.55857712945148108
0.7154377447338891
0.81100206004130271
0.81086760470475849
0.60844991754918354
0.55865350351632015
0.34817487557314547
0.89804024697598783
0.40770247283266492
0.65472632575268208
0.7485313780350128
1.1363711834200154
0.71228755450215619
0.73340233820155687
0.91860176752143785
0.63858153996886202
0.78545912749665969
0.75177554834967608
0.86435522138015464
0.81718364347771133
0.25726300127698004
0.41761747098274593
0.73339437301575849
0.91897001276711132
0.79740959887317042
0.70520156854273008
0.55711804360946038
0.87799450236303256
0.51918185468675715
1.0287900606193154
0.38512968837312866
0.88184084037052768
0.82445461595117164
0.73950749230186619
0.58548086716948344
0.66259789640140476
0.39270409977472859
0.6384213948579972
0.92695327622674795
0.63707118284593811
0.52924801892103568
0.80631178258188818
1.0856674075672075
0.76920244662638848
0.57251509002944778
0.65352649710891619
0.50620482181087945
0.79597107869818506
0.79333929763221012
0.83711136174441847
0.85338079939850409
0.72163842985681703
0.33749489043819264
0.78216954342417255
1.0695433955608937
0.55243339643426681
0.67071143600861716
0.91757626271322978
0.4016887130755547
0.92720362040015081
0.59305656787244243
0.69747141543858726
0.82318708227391169
1.0771269764584535
1.132954136728564
0.83316201860471184
0.78495702335695139
0.93972479815186749
0.78379546252262178
1.1489775742897053
0.74256314384649424
0.77540246543726221
0.90774335018304264
0.82646881342318013
0.27733684170447492
0.71958721228014177
0.85654314776041551
0.59563313205918356
0.87889951376739905
0.6229982027565899
0.99862265367662806
0.93908365294150808
0.78917474917312247
0.65895847026621956
0.59879587517183741
1.084840579424005
1.0136169162627768
0.93227686654819075
0.71868503563805308
0.544443527470306
1.0879810814823079
0.73800885764903434
0.93963432070138764
0.96691334347697455
0.600967781475931
1.0249634783906441
1.0037091097916724
0.80957174754932748
0.84030166997044808
0.66984678499582917
0.83649807464573267
0.90715852256843821
0.87217077494546269
0.98373467111751667
0.91844055850396478
0.6379650449034403
0.63269489836733828
0.56408316664488256
0.88639489847853647
0.8832305052096141
1.0599854261165138
0.73207086992755621
0.95236838069933449
1.0679041869675028
0.8824396241308804
1.0158391615639839
1.1692679001153938
0.82708619482835788
0.95763454411216609
1.2340696560584554
0.97342105611442664
0.79170999772573958
0.8695755127955539
0.75095753235745866
0.98713953026885548
0.78164928653426258
0.94046151955227109
1.0382298640609964
1.0320000893925045
0.93765944711633997
0.90482390582610761
0.93485118236556031
1.0686833929515382
1.1029436706506237
0.7964037281562405
0.83101743071422651
0.42349788803218752
0.68223225695554379
0.94172613158096941
1.0524678171154858
0.67835633464388023
1.0547476913778759
0.9150478106212262
1.0365507407779613
0.85444327340065584
0.81962978097064743
0.98984567543621405
1.0524529423384963
0.89318393068252511
0.79569307557566515
0.75427915521322808
1.0304907290525436
0.93991292321329001
1.174221308837319
1.2610860557373014
0.89011951935493749
0.89946094130021736
0.74100817054370205
0.90737340037684433
0.65837513464276021
1.0406099268942153
1.0969772994583866
0.99808116603588959
0.98118685092861269
0.91370160889445406
1.2378596848935011
0.875107647780763
0.7499560229409834
1.1283807109898476
0.89240114571790574
1.0174348038629275
0.93087916517847547
0.87826648733342128
1.0569987929181137
1.0766198855972284
0.7102329729761081
