-0.54162912254857654
-0.8889708076230437
-1.2507597046518883
-1.1949348590457676
-0.89987672556751996
-1.419603088595635
-0.9672484284249051
-0.79290472185762073
-1.0504832854470336
-1.081462041619754
-1.0382697204729214
-1.1604013412860368
-1.0987663707541637
-1.0437583231269867
-1.2423025055777894
-1.0148701653264194
-1.065005071823899
-0.92247207009802157
-0.84356146588097125
-0.57988164078529003
-0.78683094398492437
-1.0389371059323333
-0.80199762829194299
-0.77338517629206494
-0.94971935016873277
-0.92185349545849238
-1.0606486242537387
-1.1931179618841286
-0.75906294254270079
-0.60493986572014302
-0.67435341424461459
-0.88560477697933992
-1.2044877204610482
-1.0067981962300938
-1.328978349899937
-1.2022159974636881
-1.0477029497037804
-0.75430881664609017
-0.83267170363851573
-0.83652963152782456
-0.96382520081141076
-0.74597236397811129
-0.73184300917659562
-1.0060618736560198
-1.1636806500677828
-0.60454594768482728
-0.63385285851124706
-1.0380441194381214
-1.0478759843850964
-0.94851250689401345
-0.86669914745309939
-1.0212812127724291
-0.73426268944921469
-0.84621674886883969
-0.84046303598281114
-0.7038397843265749
-1.0070167739291971
-1.0106208337123699
-1.0284162677454491
-0.69698863611749984
-0.86132917875442561
-0.91797676939661166
-1.0815620828504287
-0.99825098423316072
-1.10995751317768
-1.0365957979581135
-0.72673181926472541
-1.1335533457565197
-1.0820024753132096
-0.71421761568315911
-0.69691553007164819
-0.67166831165392149
-0.81001752087580414
-0.96860311819691891
-0.9274555970360967
-0.82491450385060172
-1.0673345143701634
-0.87729901988144876
-0.51319573361357051
-0.85524511284168836
-0.91974993367244962
-0.72560711959909718
-1.0788275805688614
-0.86905855189500314
-0.97163349997775261
-1.2461421134027801
-0.76682288622511241
-0.62196736255100216
-0.70153458138965152
-0.92092315785344758
-1.1665940561671806
-1.0630795046820694
-1.0929635582715487
-0.61349721258336354
-0.68492939749104964
-0.87775086198899532
-0.8834184925036116
-1.1296303790182354
-0.62821038529726492
-0.64134028919721098
-0.85619655036937625
-0.49883056301152207
-1.0939389438715865
-0.73917151183396634
-0.82849875642668769
-0.7101518025040483
-0.72026751662385158
-0.77293839675428888
-0.52243775492303524
-0.75981476215216548
-1.0292391691341922
-0.7566061877587138
-0.85771120062082051
-1.0273486290312865
-0.77125203485432769
-0.93754380197106524
-0.61074570584844523
-0.47561368018331779
-0.67520167826653399
-0.61217225723592228
-0.71513897006427607
-0.71347360001413107
-0.76382483716910587
-0.66013541709857815
-0.81568853494922633
-0.82631547665389793
-0.66132476099369231
-0.78945469034501214
-0.94689652233023713
-0.60576278922222293
-0.54081120586728404
-0.49691065373924592
-0.62319076582860267
-0.70156578586340401
-0.94552718698070626
-0.77664189210322976
-0.60952981421668984
-0.20098118144462124
-0.65208203029079825
-0.75991784616876501
-0.67034260692277858
-0.55390125806827573
-0.49669530927407096
-0.48373319965070621
-0.49050653378239351
-0.53133844171262434
-0.59614298728981618
-0.90171364167308377
-0.84610801566230909
-0.52387429515008055
-0.89105575053082953
-0.99169524677547427
-0.59661103418803352
-0.34004629263328606
-0.56861799523954648
-0.57112925251222779
-0.46617665225131871
-0.39032885691461572
-0.49028625197033077
-0.7436562984365177
-0.73161990451506032
-1.1379648821956279
-0.82774826586692052
-0.87149814865254271
-0.67507323536101727
-0.80371883485828455
-0.61698574954769114
-0.96971167331043417
-0.86210807186166327
-0.49457028072218401
-0.61432507823871885
-0.60569480307322943
-0.58272266326764843
-0.48318285279995604
-0.54074629404903252
-0.72694567644728492
-0.69272129466240429
-0.49264798715637032
-0.83575930728956827
-0.43827972119451281
-0.366566744239186
-0.76868450960584589
-0.49018440407700975
-0.81756072653011447
-0.37116158713973768
-0.392501355784237
-0.82977224548566231
-0.32355426681488336
-0.3957850790188201
-0.57642768270182831
-0.72708181232099467
-0.6110011338682213
-0.805910943341141
-0.44333904827248266
-0.68159806983140092
-0.50746414459228217
-0.58895847685574443
-0.85572559048379415
-0.9014581863908615
-0.69649841378612287
-0.79902410298382065
-0.63023541976026021
-0.71086921838623662
-0.45206262007915654
-0.44803124441953895
-0.50620365211405327
-0.82455277288255224
-0.80416375125310458
-0.46573486879964793
-0.62390523230772954
-0.50872454078358653
-1.16006291470603
-0.40014671776409355
-0.8364655388480402
-0.32647168826512718
-0.47019280575453387
-0.76749631587420186
-0.37147454962375737
-0.2778936917191982
-0.40456421080368421
-0.60888931783662448
-0.62166015227720628
-0.53745453052258307
-0.51851901115028209
-0.56920317988688518
-0.64387902163462984
-0.36173753287272781
-0.54840654338471539
-0.66066577050936259
-0.47929659064584318
0.051503925616264469
-0.51001113040734258
-0.30354238382131865
-0.74116538331032755
-0.51848276418157324
-0.43411214880575016
-0.43750011984821563
-0.85175447569190621
-0.47396379004761019
-0.56129918528029032
-0.39076219408369434
-0.37372689266260151
-0.74140386232640987
-0.85219593982857533
-0.52260434000727796
-0.66056333795096134
-0.67438169058018793
-1.1349669754419482
-0.45646099505346094
-0.56731857780946593
-0.38591599756769568
-0.54627589527427012
-0.79842038826981299
-0.56267384881306126
-0.44639475860721795
-0.41686175243323992
-0.77772605097593228
-0.53293801942380026
-0.89158524277051909
-0.66749098959595266
-0.50924284506270112
-0.40362595262647138
-0.21003751511023622
-0.59120669655571201
-0.72800256371119221
-0.38068100235195024
-0.63098447792676804
-1.1265388015214144
-0.51852246010045278
-0.42236021288945502
-0.59315716396399709
-0.40244062099670574
-0.53011965242427805
-0.335287551334019
-0.55949244464208081
-0.53833415872721013
-0.14136469648256278
-0.70157955474821987
-0.54077799085031797
-0.39400710036404396
-0.56315515584076603
-0.026652159459517356
-0.19776348877716757
-0.41652743003784615
-0.18833688482167993
-0.36969525158199223
-0.11523366657134163
-0.080652132184656722
-0.32398676796753612
-0.24194643294769885
-0.22877304688804012
-0.13199411100910349
-0.1628926172244837
-0.23910546214920947
-0.3883783727905385
0.05998020350576893
-0.68220718984657625
-0.11091640051117903
-0.41331357042583311
-0.16761692733359798
-0.49199561732814107
-0.28043090556786127
-0.30014146022509292
-0.56934902226242257
-0.51804214346629285
-0.063439368686812381
-0.48627355973066383
-0.13882892481279654
-0.5180399710706779
-0.21772080561305357
-0.11645671166687882
-0.41015810260538987
-0.28950655975841144
0.04468247295598593
-0.23626557792432634
-0.36774362123849264
-0.50089189772117104
-0.234412859484843
-0.48378471359107073
-0.22414787943600037
-0.095932942341655433
-0.14717616048556595
-0.42209142854013026
-0.52708917487190554
-0.34606462521020992
-0.3344173920141581
-0.17032240584116706
-0.41706012526642972
-0.14719186702946485
-0.25296275480037528
-0.30441942247568154
-0.23806372972219286
-0.38959881674378705
-0.40619605427503391
-0.34903596662651248
-0.36313641504077299
-0.45977400687450592
-0.12451320658533532
-0.41942250543758847
-0.54859769959512916
-0.29423679914504247
-0.33910087177263865
-0.15524020419056203
-0.49521138893548849
-0.68145406258667618
-0.30668620885703934
-0.35653839931638187
-0.20986579628292099
-0.29034592826579048
-0.3476158420383168
-0.37374268225541207
-0.4372793622422626
-0.56637580270055166
-0.3713561269853134
-0.08559418960847355
-0.3342629070928777
-0.074420347771344791
-0.43119201507694133
-0.5333461127897956
-0.4885048200643835
-0.47468490749034964
-0.38087333675639218
-0.39969822056566029
-0.61942533541870737
-0.16761157913048511
-0.90313667762840444
-0.25597617394694094
-0.27666940546751712
-0.45175355005322804
-0.042865441311707345
-0.48682067323371919
-0.21334015367503836
0.045343873327815143
-0.04971566947868343
-0.36513056678185335
0.084585576597752024
-0.42429285076327378
0.16848654621411446
-0.090812722128038398
-0.2949252266368797
-0.450755513291138
-0.36095704641407916
0.016135531440164309
-0.30270135402733994
-0.50657294991226187
0.00086659582968746918
-0.24246602202761011
-0.34543385842617791
0.050690387216455711
0.0098038299544568001
0.16153391165957379
-0.18173096547100817
-0.2999436888999602
-0.71623336052330777
-0.14477480852809069
-0.095467933632820329
-0.37646979315075263
-0.21601534433311825
-0.41397180665373651
-0.0054071922563880973
-0.19370487158390592
-0.12219534888411732
-0.3607761633551495
-0.14958007829717559
0.18361499375601326
-0.30173496771903968
-0.31374283733002806
-0.2371681762020226
-0.39702380793874831
-0.12307293488454411
0.079279254847898648
-0.6688769753405891
-0.27066289540424765
0.21362483317724196
-0.40515985417031042
-0.33522466106153853
-0.031384872143264575
-0.050508089748484489
-0.25506084905995285
-0.29708481199414516
0.36052241122709949
-0.43313937616681758
-0.30999201696038597
0.10051087565869984
-0.2264194154717987
-0.15576792382271754
-0.13049089599149274
-0.55589166002428281
0.024937950818627531
-0.12276709986996467
0.020584606346995309
-0.25884497077871915
-0.38278306420816632
-0.1545420014554961
0.39814685615056888
-0.064198912212118694
-0.12114937240648518
-0.47454054392283396
-0.23124507040537431
-0.15954822674816654
-0.31289658503760726
-0.02519554667229312
-0.12014760731226237
-0.39068494263012715
-0.078163932801884051
-0.086347122780539298
-0.31436674066366571
-0.40866348461556717
-0.09368540078700191
-0.42371066589307749
0.065035224255642926
-0.066610875626945579
0.096707328445860066
-0.33992819076924746
-0.1005403162906673
-0.045407586582360555
-0.27376178845542593
-0.35302060528093848
-0.21809095460865041
0.12057260575283198
-0.18379939951064583
0.083738203085034477
-0.15087970267209466
-0.35487269761839457
0.14758753075845096
-0.18089026905514949
-0.21772650191977949
-0.076268909247451513
0.025657552873649857
-0.033930686017854532
-0.1729802223340364
-0.067746192660269655
0.16328776500435313
-0.4190888033850198
-0.25020753950051483
-0.30254237962097452
-0.15382812000747709
-0.33229693795849891
-0.02864525929571243
-0.087622110546948143
-0.17807958004623689
-0.0017314116575370886
0.091463742092571354
0.25994500430027861
-0.051659722221866253
-0.2423454775465414
-0.28272473465278047
-0.1477509253453797
0.0091628641244878174
0.013195354095356816
0.11112209439187463
-0.21178847083770741
0.10510960147376536
0.012533847004346845
0.26459088694963528
-0.16716240595517229
0.0079963066875945264
-0.032125589522715249
0.19287113588034543
-0.27888899512632614
0.087812169217818425
0.39313963831805682
-0.29614449418301819
-0.22604610732222369
-0.044145024978701652
-0.31100551629142897
-0.2064972424823546
0.19453131143957647
0.29818510856515101
0.086528935305318813
-0.01743175417769623
0.30033354808349333
-0.26180251595520115
-0.17504454294405528
0.20814245865230599
-0.14994831178689058
0.084492866885695211
-0.053546479534277533
0.09853863314747878
-0.14489443058265999
0.098471651654249301
0.23448888096445636
-0.13405891634716577
0.25841056311219479
0.055246380822564292
-0.18400951003579435
0.034284474130339915
0.21370478522877318
-0.024104682963306253
-0.15622168882498244
-0.12939604041847649
0.27644156242192286
-0.18829450397419562
-0.14649066240581016
0.035157942714621505
0.26036291918917842
0.20451762712122534
-0.15744109928138447
0.25311785058650871
0.05139542520172153
-0.022243245892311126
0.2734554109188187
0.13049361703585863
-0.074397514880975596
-0.22084673840724173
0.25521087342324766
0.15436722326796978
0.3709928248641623
-0.22340895146909223
0.065224999692218635
0.2365039955270935
0.20292284444829503
0.10754931825674688
0.081404037379703767
0.38011819370010264
0.17047469378437519
0.3838470639612665
0.0024297549802368237
0.13202720391402212
0.23510446726980774
0.095821807326382111
0.056002407883079378
0.081179741394224084
0.22632657194786759
-0.0084278271763487435
0.18593562556357121
-0.095967003211170257
0.061133033381446551
0.07315723027683213
0.48064735414031068
0.42178602105567398
-0.235372213313226
0.071527375040708358
0.041914497549985517
0.11364109386414331
-0.23205325266850899
0.19435752666888675
-0.040281283182300891
0.15139947485436633
0.23078409163003547
0.31532475708115626
-0.080676670682373219
0.31746700893294283
0.43504220973598706
0.11752820846868789
0.11771662639183916
0.11374436284471572
0.066333377809055113
0.36522659869534885
0.38392440788800647
0.29417870728570383
0.39744286783756383
0.19178567885535763
0.10586660864702702
0.38993016193840496
-0.30992121986657856
0.15400768722523756
0.23164734595210634
-0.21330966296961909
0.017185835214304106
0.58510551105873576
0.38028462106746413
-0.062849097248570643
0.55723389460291273
0.074833609513383886
-0.1900700793738718
-0.035779871914344098
-0.017405769140696872
0.038416110164354936
0.24357818303469578
0.53708864940340817
0.13178486736881315
0.26727135774126642
0.28919123859005652
-0.1071137826965422
0.40493338028147174
0.0057463964652562987
0.21406105018929247
0.27983192179616118
0.52718143278923735
0.2863526080740797
0.21012420989685818
0.48125259402547194
0.39731161173042595
0.60262405659158358
0.2645399011123834
0.18706964959263031
0.22371929815277528
0.045825393132622225
0.024743172062444006
0.71824056386927737
0.14658010357708004
0.39997847317434565
0.57641068934845774
0.25983964704961227
0.53596659304988536
0.42138738352964861
0.23033524514077899
0.50908370661654667
0.33848229488358778
0.4024879331649745
0.12671160712581833
0.50716297485538786
0.63678008225388016
0.50711001761012831
0.41408965792959201
0.29567115367295793
0.27497063693946894
0.55764431899000311
0.43069777585495445
0.64960671655441615
0.33633139329929679
0.35571598278419486
0.31432582220648658
0.16297134048070408
0.25858072992547482
0.17539369416073974
0.1396909369070741
-0.06569904718733105
0.50754051079783269
0.54008095576448334
0.45351486584172496
0.5109230124036187
0.42195084152575763
0.46933426615281776
0.42927015655891099
0.36565419196913695
0.22774518609519057
0.47186605511027652
0.27369251568143671
0.21726422950986984
0.77478279077571943
0.60214802580418503
0.70796729010584503
0.30008926528693347
0.48682537134793685
-0.034468783422690503
0.21580495812257935
0.31885224863501554
0.22948400781085382
0.10515968912440798
0.41266272377799479
0.36663371294015473
0.34212445496007637
0.40491226278013653
0.67176939564003313
0.26496887845075034
0.11246767853627289
0.15507045155797819
0.32770996431012589
0.30266934579973187
0.27799166468326303
0.16472584381737426
0.22703791268145054
0.50071052466996213
0.018673342978486857
0.22874376829846038
0.50199422217681999
0.50817660986200686
0.20530802630730438
0.39646552603580498
0.30159372225889364
0.088477468043704238
0.45993963142252819
0.4403161822799378
0.57283744975917583
0.45332796351541216
0.25368161586613525
0.51617834186553824
0.05731067377764943
0.29473953152950899
0.48365017041895952
0.30313458853439906
0.54732401339792269
0.30780041806972136
0.43704308438034156
0.46367679786491717
0.46425202213489342
0.54778264874989091
0.45426229882600261
0.81901982910062676
0.54167031374288199
0.68768587960459904
0.56517695134091395
0.36734289043768176
0.18368169926637604
0.52620759322608379
0.39413333028216241
0.64203446779679818
0.35475224521235282
0.38383733204839343
0.40567454627175087
0.50256804517656306
0.33683600663373564
0.37231486667681024
0.59643426802989008
0.52397284408324918
0.45418274658077118
0.26661473242931277
0.61674325537026209
0.55882325680298595
0.17997332783896233
0.52771456988965426
0.22384544220685415
0.53524843477543049
0.17291724090169808
0.60399372543814367
0.67903636415277779
0.46399848413618638
0.87200291858834211
0.40576731493733947
0.26752298619022075
0.50877967888377895
0.42814437236122438
0.11438932244957867
1.035600120062474
0.53930986262539904
0.52085599599224786
0.84711676059930496
0.93372785730121977
0.49969092181771463
0.23171534904706492
0.60268600926101046
0.61062695531908595
0.23018630165424117
0.54853405160254443
0.82125154200219641
0.28933411151917809
0.54074745767548804
0.48202845541127171
0.59619470347670234
0.69944398495186788
0.20178729886317467
0.63933186299228062
0.72276854955860659
0.14540162016669478
0.57403343310752086
0.46645199948478888
0.69850552803813726
0.45389353985247205
0.44448383304216571
0.28910070948518463
0.30883704966700454
0.77645985068426371
0.91595961737049658
0.52698625531490362
0.82380132363421399
0.094845801381443023
0.61004465634681504
0.61858974995030791
0.41136053430714492
0.58063440455137783
0.5279941531760014
0.6467063686627611
0.61962306112171195
0.67422448258823608
0.5575508900776186
0.90742290136540715
0.90104103474706776
0.66420765736412191
0.56916383504038681
0.5719048582333387
0.9068309254295509
0.56024325860029167
0.82479590786614099
0.85435618444275219
0.46940359427254558
0.69683702983391027
0.12065602140839482
0.72568741832929884
0.64078254720747829
0.87833220500802334
0.88854888902951568
0.60456108028774125
0.91585211367644237
0.5403238156961585
0.52274866531806619
0.59428257336398249
0.66475512580827978
1.0295390726075602
0.60450223138864367
0.72369814522208686
0.700701942662317
0.75035431052610013
0.59294760498529231
0.5229716650021522
0.37586809765964474
0.61988844587423753
0.85667000380816827
0.77620795008778931
0.32190778305935924
0.31406612911961601
0.83225072114536913
0.6968411624964973
1.092793101197701
0.59347025631895434
0.74088473015747314
0.79388204130613382
0.83506068791537091
0.4565693232330571
0.81599339910108193
0.76912022831597804
0.44176439179653626
0.95971739374581477
0.82417881387916769
0.56142912258809263
0.60341418132832003
0.9818271894599524
0.72489183833611337
0.58720124337982671
0.76796472519883874
0.90605100342699352
0.96453825358513035
0.53182294621287962
0.51765635584832181
0.59032777853007468
0.72101165181050098
0.63120012712472029
0.97690486042874469
0.84596291937097834
0.84167125482802729
0.91225728231245962
0.66301729899591255
0.95715128422310736
0.92478156823710089
0.65730919407172039
0.78182152416131345
1.0701661156493445
0.76421639898116256
0.72604404095693709
0.86058407676661952
0.61023383423192601
0.82680879337148494
0.69022383739111437
0.70381655956009981
0.82796473087989764
0.69640715406712594
0.65872354023747481
0.90723061929868443
0.91030229619227854
0.65512025542392871
0.99323998383006173
0.85107880397405911
0.50083492806144225
0.58351069460716032
0.66702514493005882
0.48816102912774217
0.85431627569240054
0.70953800134463196
0.60788965673452844
0.68413585106498653
0.88363673251880381
0.67437590748332488
0.65731884144794517
0.44495373020926282
0.82039173888140704
0.84533705950871796
0.74557881040912932
0.88094816577197133
0.7393061918374384
1.0216364768602697
1.0699331782645927
0.97737923452503528
0.80088276879419573
0.77492028844587202
0.95932879919527092
0.58560898716734255
0.74470400853954744
0.99903851477812755
0.75657218458404274
1.0179202371420688
0.95826893245581313
0.91682679305482362
1.0923495399072927
0.83501641298128093
1.0897870886882022
0.91983061822872059
0.87232348994575959
1.2219730405016314
0.76032024577289192
0.8961427319461801
0.66473320957228377
0.68136232817815856
1.340300827616945
0.7452486777071522
0.50098923933987705
0.3176557960172362
0.81202656306227627
0.99275533426023854
0.78726550807458318
0.71333546977401296
0.92762460884811471
0.9549779483578309
0.80016307493409478
0.98547125640900002
0.82276884580693532
0.67951702134151259
1.0312317494600938
0.8881598858614933
1.0912303679709492
1.1648854597120248
0.95896973632980409
0.93207169928230083
0.74450415761745725
1.0221884151576928
0.72070468601158111
0.91656811558622464
1.0691754337060195
0.8588761696720526
1.1890615823099686
0.94609209744665201
0.90428074815420068
0.67045585654948492
0.79816053828264899
0.94341752106815557
0.60194076184334833
0.99119918055159684
0.83732804751972167
0.85302531904667933
0.77027877730196492
0.87863218409005361
0.87134291752841531
0.98936520845474263
0.90962808554704688
0.89403292468327455
0.88360168337740563
0.9444044181826905
0.85464224398492739
0.95013782844763528
0.77478205258178356
1.0866827916643791
0.95346840806602484
0.74603287500831827
0.88381181624171035
0.97018173616255354
1.2618953443069274
0.96704725655277346
1.1590633907371111
0.91754926495339395
0.99334984192256437
0.93147689274633938
0.89408316351455075
0.8153037146179094
0.95437777478982955
0.6245117484561119
0.61819308571533638
1.1846712398844055
0.93742299794150696
1.1492122829543692
0.61526591356439841
0.69269455572410465
0.84724643542173061
0.93798014833268128
1.1478292162947406
1.1430325015974401
0.9506550528252764
1.149967030744782
1.1133430244950846
1.4699360641250419
0.68813818660637716
