-0.75781002059054459
-0.77279768006076011
-1.1006274181659694
-0.76468006022013513
-1.2151936111457986
-1.0434770813316967
-0.75364290006545342
-1.1049120633852376
-0.93185841223040977
-1.1180938227490695
-0.9853613428214536
-1.2373107578522504
-0.98372911315650557
-1.1768335777264878
-0.78232966073335863
-1.0473900832754821
-0.92152127482160096
-0.89467442513072126
-0.84052056687878052
-0.74082992226993039
-0.94392036921359868
-1.0939351200719429
-0.94805320821171579
-0.81612431579488942
-0.69678776911057527
-1.1210443000655241
-0.60913125498759779
-1.0656525198664426
-1.0157592361269889
-0.86053587779360963
-1.264058689649054
-0.57221414573856255
-0.91464438275281179
-0.96740852149401146
-1.0095920830130354
-0.94998008463101635
-1.1153661654387232
-0.88341402056501772
-1.2350143999974867
-1.2188286561910713
-1.0442400682283302
-0.87400451607358065
-0.81635297378677851
-0.86017684837988684
-1.0103062732131443
-1.0700381886824915
-1.0280096925777851
-0.58133120465536525
-0.86352347428385134
-1.1935434704131413
-1.1244404559396088
-0.58990455691289823
-0.71186700948900128
-0.92627441937455057
-0.67189323495284059
-0.74431887633367677
-1.2480938614197283
-0.70654600981798965
-0.88452277100676069
-0.99536485096675231
-0.94191389334318676
-0.93011147105217507
-0.86970576652498288
-0.73741248965015449
-0.83499415869562565
-1.0760151176648889
-0.84650979283405559
-0.9897038471618238
-0.63272976137456627
-0.68786458320527921
-0.7967748548712098
-0.61964886558852506
-0.56457013651446353
-0.86988887984639607
-1.0224207975706598
-0.83462411817308435
-0.53322706677269949
-0.79638734173965342
-1.1581804266700353
-0.692951995408285
-0.83303128507145141
-0.81471220489550455
-1.0381369430229026
-0.84443776779466206
-0.42473312879390512
-1.0297334164155556
-1.041089473989899
-1.0166687233387519
-0.76776215785510327
-0.7242302689347454
-0.75182610744267786
-0.66208094489840263
-1.0033865651348248
-0.56023155952943637
-0.35705829853545801
-0.84840858847359113
-0.93815121603213236
-0.65984884147720269
-0.7023556887295227
-1.0660931438093926
-0.73633105973582569
-0.75643486035561525
-0.94128985766653694
-0.79704876147437187
-1.0164479985430568
-0.74328372540099807
-0.72553973836572316
-0.89076008932776785
-0.78483977700083252
-0.71917132309227338
-0.69128700655461595
-0.76394860007691689
-0.63417201806453216
-0.66020423437193532
-0.82666822273056739
-0.83560055636558106
-1.0861062135102775
-0.48423885397781369
-0.50392696115200275
-0.84339472310572827
-0.85410993863629614
-0.84804805893664226
-1.0869571312289303
-0.62399391177100738
-1.1216818406642921
-0.83660272986726003
-0.8941294814774049
-0.57368237009815548
-0.55336062790025387
-0.63957852269862248
-0.71372026166837399
-1.2031854567933671
-0.76782706503814091
-0.55588649586826999
-0.88510228408901415
-0.84108997897572213
-0.92467532914715367
-0.88586972969874866
-1.2131499855154018
-0.43372557448960025
-0.54894349560354649
-0.65537313348389314
-0.6966659174586427
-0.69166093691585784
-0.72487617038677254
-0.95426719574160823
-0.91759137862266693
-0.86539151823070848
-0.30202371138498224
-0.45260317264851535
-0.37717167810332319
-0.5027599522278402
-0.85196071440653776
-0.85789468481142506
-0.82269379717770552
-0.62094181127950054
-0.8471656731706213
-0.72583514907203162
-0.6182946322095354
-0.52295123117237963
-0.60897566428302086
-0.8917523293868338
-0.60993968420979316
-0.86539509348175148
-0.77036761560859668
-0.51168127539345998
-0.50346354793939141
-0.90180650022732123
-0.65307849633223503
-0.40230639571896776
-0.68405523759036901
-0.7684791957590601
-0.74292884084543709
-0.58244368601790164
-0.45941572408391057
-0.61430225430711249
-0.8684413209094084
-0.56857740287097414
-0.93063431778363381
-0.11898006683411085
-0.56794064426914137
-0.81670722688658204
-0.14728388886385432
-0.83129182293505277
-0.82733308174823028
-0.85305594580884592
-0.4382682762404061
-0.61471539202716841
-0.24624092043230472
-0.64882044099964087
-0.68881371177587303
-0.25718734741581367
-0.42252033131829803
-0.57163121677536965
-0.89244251116364326
-0.39562027094292995
-0.81509749909421925
-0.61568430974291344
-0.34088231856132217
-0.66301108352431959
-0.82511603626245689
-0.9085486113211324
-0.48067960819943206
-0.46680673084336993
-0.83073585685086382
-0.73162377981614835
-0.26340372353584396
-0.56481823954901422
-0.80643498177206308
-0.62581513358196772
-0.60605509493001086
-0.54939007767464998
-0.40608781227080548
0.016642958776091937
-0.40130717891579248
-0.42994596441196659
-0.26235184286654922
-0.60124779040779319
-0.2843464443597582
-0.68002877354246438
-0.33432553629674949
-0.49818676773656595
-0.6492098102109588
-0.44406729304065878
-0.5044883966369399
-0.60965798191602094
-0.34254452751948822
-0.81253451777544661
-0.54681959462598717
-0.33443531555802419
-0.75686894399470817
-0.99053435058258354
-0.58911638868592242
-0.41765924903195994
-0.63717205997359472
-0.54444996672918999
-0.59447723950885967
-0.75731752475173042
-0.43691596587399151
-0.49609509350698666
-0.7863771601100481
-0.31439253976908105
-0.31131907649811674
-0.25102925220166966
-0.82180335010711458
-0.56823328226028191
-0.22195029159287644
-0.34378051320376612
-0.76952525863782328
-0.5804190689031804
-0.29960791940004189
-0.41420593748662443
0.050278030569286786
-0.24514615275421886
-0.0002063551549614606
-0.51398319309440399
-0.74495919374882036
-0.18039583923845673
-0.17489986493983062
-0.44434757658257751
-0.18117135011363264
-0.28427986019060286
-0.59331005528874525
-0.50201871115794106
-0.27905423950576169
-0.39730499878412262
-0.4543291358149113
-0.90401606661834166
-0.83436398108720256
-0.663609648738404
-0.16130251612815555
-1.0671088780377607
-0.12445024342563142
-0.43689507857615184
-0.50379940946607082
-0.36904943296225018
-0.55470478774308196
-0.4215686961691224
-0.21085549142378968
-0.42894750426784661
-0.61254311274902906
-0.28541575749248038
-0.33305311809840427
-0.37123200471738393
-0.445299771613062
-0.42760835449554324
-0.66323103362911373
-0.33674559335923576
-0.32135030675710791
-0.011444528934745724
-0.49061034869164122
-0.62113789754467219
-0.65237079051733138
-0.16335103770336645
-0.058297720316714874
-0.55004492117446258
-0.30940059511490053
-0.39096047876501205
-0.57956514221952471
-0.52521010991407335
-0.33809215460114772
-0.5478463979711109
-0.35205148110569479
-0.52153924395678974
-0.12452846926905756
-0.28456461730372057
-0.73108693556047266
-0.53679378229098451
-0.36965623640892176
-0.36499150844396838
-0.77958322874135422
-0.66779645922424968
-0.015873997215163586
-0.43748169255685332
-0.10244296486677305
-0.34754655455811617
-0.20751459417337273
-0.47297858074208343
-0.38614140567368438
-0.32958866943760817
-0.061849056330546576
-0.16592739391028097
-0.063938168404623671
-0.028324021759646802
-0.38556578546825032
-0.37350345070701685
-0.29476257986218202
-0.2438235547732516
-0.61101386754247011
-0.7652366705883128
-0.39219890128848528
-0.26609156942743228
-0.43464516747404663
-0.27903327458505262
-0.44271981454873027
-0.18604221856847719
-0.31557758053050511
-0.32135895239868556
-0.51687059335373919
-0.53036199569825138
-0.43401135134657798
-0.71037636732631804
-0.26504544088618415
-0.57331970090624185
-0.46106711917941301
-0.59643708011820307
-0.49676329460535995
-0.22971681922560233
-0.14797383357710303
-0.39208758625744256
-0.68018696533134304
-0.34241898535370907
-0.2337811692448718
-0.18391950624390266
-0.10849175567617442
-0.32712060281527694
-0.075124143242295313
-0.43150810286271163
-0.31111699853538932
-0.36924999688344168
-0.3202116277112686
-0.36605429236432946
0.022209715670955588
-0.22058785378033249
-0.52978755631158392
-0.25083632268960182
-0.29961336029840357
-0.44670097351679261
-0.19187761588984537
-0.49421848194926754
-0.42827577908689141
-0.236113637676476
-0.18233518267591492
-0.13678226776987507
-0.24890295878753033
-0.24965385127206616
-0.18747061543956806
-0.15968054919400765
-0.27365633118158367
-0.16734679692389232
-0.027664181977934195
-0.58393273281384561
-0.28971249981413233
-0.13726449069454155
-0.26190424199550466
-0.11489898374319837
-0.23827036697187107
0.043432168673722321
-0.21775408857320241
-0.43677019393054389
0.01649761309944139
-0.17220808557724224
-0.38733822648359062
-0.2379457278506901
-0.092513152185901462
-0.20712258419713059
-0.1549258969853041
-0.22427738524745755
-0.3154647197609875
0.036524305521711216
-0.21925708508141326
0.023349942389816806
-0.26521581615193063
-0.15520253003757747
-0.17910982935585201
-0.40145379017033611
-0.15042573823498367
-0.054863702632979135
0.021016951303455912
-0.068924236927019475
0.051379007942400384
-0.26076233382231695
-0.042013028659784034
-0.00080138269096240459
-0.49130110087856976
0.0033331212637556598
-0.32654867853278102
-0.29115645083011837
-0.013779644828233144
-0.18913009291736033
-0.30132092967706781
0.044943644082720891
-0.41359025743435257
0.29132095589234225
0.064173145343674479
-0.15443625085465087
0.02226524303941034
-0.18760132224836645
0.092108586469387091
-0.091091082242875376
-0.088462487735382525
-0.71239236672425044
0.015234400395083253
0.063416983251206177
-0.31763076665044987
-0.48479952401609738
-0.23508047941087148
-0.45680611552597733
-0.17729450351916917
-0.28690605574093409
-0.44910493242768956
0.14505822243228231
-0.001905419643435143
-0.16971208418522182
0.25213223897839099
-0.16301059768936343
0.07619691809753501
0.071418502027985387
0.018898166422361886
0.045110494653812984
0.15795041497148987
-0.084990484287727069
-0.19562836778900183
-0.05954658571211547
0.25877963899473694
-0.11946956831223625
0.11195951583666826
0.1574693534500119
-0.079741537529197742
-0.010913766061964248
0.11203153829746704
-0.25187140521969242
-0.15307788830627544
-0.12481043899667786
-0.24185033884029886
-0.32089513685384469
-0.36712577061464796
0.17553874444445644
-0.062517986331145789
0.11421194940506628
0.16206360161933389
-0.14572099060860852
0.30594249802133755
-0.12378082097859279
-0.22303124010094905
-0.042192510347919675
0.30926110555790892
0.094629538172394057
-0.31154931018469423
0.03157935225152033
-0.024906909245189717
0.15057278947148406
-0.24398579313356852
0.1461122886393395
-0.18616344682322025
-0.045969966623910001
-0.21338047432611881
-0.042121561565364139
-0.41067866269842068
-0.42381958085697546
0.27727591965416237
-0.08180932293863169
0.05079942550713587
0.24296064575511525
0.047838727457897037
0.019063068509756677
0.19629121491900053
-0.221674963710738
-0.3007358113007057
-0.38151030353716087
-0.13965634938479621
0.066890238776564026
-0.37452316320542267
-0.43937669207815327
-0.052053924038757332
-0.028679174716060126
-0.064642629227599571
0.24056133919293929
-0.22654386443950336
-0.18324848554427142
-0.2227386376918479
0.076156913206083782
0.10944021762550553
-0.12099139705670417
0.038527790304400789
0.091268925984884661
0.048807127826802625
0.087487265713104473
0.12946486334266336
-0.4837825711435943
0.071843891827742076
-0.15551261328558472
0.2214595579106711
0.095667089421437188
0.10882938173726264
0.21089153200028246
-0.26579756079181804
-0.0047054331124088602
0.35123019243085379
0.016905492004169451
0.041477731151874239
0.22298733045765282
-0.21314166236250437
-0.056134305666578982
0.019379375786215666
0.17704980907770621
-0.13608941003453312
-0.086910913911685997
-0.036817595592903617
0.074839162678319485
0.27428119560902914
0.36237580508320799
0.33433056162329339
-0.13183405990191621
-0.085380637079071106
-0.25870462342898021
-0.13514484856862363
0.31523315666442908
0.10715668508234732
0.37102419257872621
-0.17932784169400565
-0.31236580825597693
0.12146385204916278
0.016319929254866819
0.12413390562310925
0.048255523912572998
-0.016215567602694752
0.21369334801000678
-0.053715101349837022
0.41752687554670848
0.26499437573782414
0.046636247867868477
0.031937019753416208
0.35462434143101662
-0.080694054294836295
-0.051903161644239332
0.096553520788976138
0.10350458676621857
0.29230307570532454
0.19394495030306208
-0.022112887413686423
0.1904235458345605
0.31799028537785495
0.23105774873932908
0.013370958995395544
0.46949980846695794
0.089305159552773086
0.16490803791842215
0.33623321151227886
0.3342538674057039
0.36801496029829622
0.29090567445816723
0.16781344782033331
0.2399944513736508
0.32676346795164424
0.19653037531401069
0.12627965206027483
0.31050842478680118
-0.06188158740810324
0.060252723049551982
0.099494241147665002
0.5755804450509816
-0.1445012115719512
0.42702736786252166
0.25704502245408822
0.36131555724733549
0.18233625593289593
0.26084431227436006
0.28029609883988293
0.17674350569121783
0.0019975666699247508
0.24639746570616489
0.056905822840270154
-0.12338143864421529
-0.075876033334332293
0.20460651859088938
0.37219103625734917
-0.072437800647258493
0.31420439450577059
0.14011769612033342
0.27919804790023967
0.061359131893491257
0.085601388312408211
0.30895265183033915
0.037624749719649735
0.11169339523819651
0.52353522666919172
0.44825158606685844
0.30915251884813438
0.1065787476291345
-0.12980599128018788
0.11695759175347557
0.34581147288869674
0.11688198436898027
0.3247747732211646
-0.024283637105841884
0.22824259998552759
0.43533430713978394
0.50079528508236304
0.22041591291272172
0.25588071814498609
0.38830694500695784
0.41100836534809232
0.42240158657330001
0.06350666820868528
0.47418168486570961
0.17304923819645152
0.28927938666820513
0.045490198562241256
0.13489824505109804
0.26113856883641529
0.28273160252313329
0.59689917575035212
0.32014202006648163
0.33705776625549039
0.5089073394386997
0.20101943221969357
0.10727333470752506
0.032151317999053311
0.19242785846087498
0.44345838183722497
0.18151687225088553
0.38433165981695649
0.35720614758339664
0.4959063308014573
0.14719166580730639
0.15101383740708982
0.13789360574406234
0.031533425415455681
0.34066512640432894
0.17952235456118792
0.38205302512307604
-0.18716911711473838
0.69317627887811373
0.71889003161912235
0.19707934446832417
0.44760006934552571
0.34388113829427602
0.28043811141302782
0.28931857131370964
0.52116674819298103
0.28443909553900643
0.42783411453203912
-0.059945019933825616
0.10056302165278941
0.45200146311947137
0.36223533261942892
0.26575623376813573
0.3694569601114216
0.67658721148045597
0.39634866395128887
0.72012012852280805
0.21710411718757561
0.32033148386690746
0.49122749194843335
0.75763133964637841
0.27094266271389789
0.38187960026037243
0.34651451794755139
0.33643095303230686
0.29485858512387131
0.57773058337861272
0.13008040510909916
0.6335572588205729
0.48858057754005541
0.41647355425993376
0.59054438542190113
0.27542704970893322
0.26584764364368335
0.45564222290652939
0.5313494703205246
0.3048380821798144
0.55927277609876158
0.31279986880168525
0.54038410585040852
0.43589372549056538
0.59029350621576393
0.30175548785695921
0.57970170224217166
0.28292097989780762
0.24001138424390861
0.40642418044372736
0.15086588011508698
0.75658248827730645
0.35400119664612217
0.14922239064599366
0.66104247113649706
0.43430956863252157
0.29290992947788136
0.31735851200023241
0.57969202067541548
0.52217460350138567
0.42336551310270348
0.62291909059791184
0.62876153285035097
0.57303738544325178
0.45242104247152798
0.080571425632804131
0.29539619979771076
0.69076777317419291
0.28222214867309076
0.30395602435063968
0.49368058353428917
0.30152908324629007
0.41156761874887132
0.62101965638377898
0.22283300210616186
0.56886713479373374
0.61318697625743879
0.56912734830810163
0.5637275627632915
0.51873498220112824
0.28754922856292886
0.52988439629447492
0.66362106695460632
0.34138107606899765
0.40580069722812628
0.73692103072886717
0.44978553846512348
0.63315289132226127
0.58786091209583269
0.79141306195125494
0.7720513630397442
0.55376953528259465
0.29120005563438944
0.71451420646040786
0.3846508989863387
0.35371001599892082
0.62317995192360731
0.2268774867145994
0.41873317091221718
0.2160732493303
0.40570353250646407
0.45835940793735813
0.49552255688879998
0.38766123991966811
0.66879143423067
0.42359380984186579
0.4302534180533214
0.38554557293370223
0.13885888223373652
0.43899947327467814
0.78948084477552238
0.72155309903572162
0.5335312718080556
0.49939977125708457
0.8290928552244925
0.86075032681357966
0.34472438619287327
0.48530886452504951
0.66673079965754378
0.32077235824136269
0.41270336489737758
1.0149557012300408
0.74311058018484222
0.7779232272268517
0.64926146536728802
0.40539784167996823
0.56468304099200572
0.45775808128353218
0.75216415617009269
0.77695186664864957
0.35463870942688119
0.67505693191930738
0.33886136288447216
0.39394201031133896
0.51217989604113712
1.064927374183843
0.77639566182599518
0.2777199140623845
0.93043050684626771
0.84513863917408782
0.69603800739365973
0.53083199909379897
0.47465578743696424
0.66851382901081424
0.6852919351958775
0.45563611668114873
0.29161999607934302
0.46622044965452852
0.8669868865703706
0.66070908347717539
0.83310996224187184
0.74739582104018487
0.63453189059543547
0.39503561544554855
0.90851134743692552
0.26208455167929334
0.61270868494777031
0.5175827161601414
0.61000523473975832
0.80103704217051008
0.62253196181981196
0.81938414418292771
0.81327794730560088
1.0401879756829442
0.78052923799297969
0.62848632747606248
0.26183805173444463
0.83170641530211231
0.76111734097638439
0.64419906225156121
0.62510509680409188
0.53635683135902146
0.80153613264144397
0.67363661316310985
0.84574769016368423
0.96283929603653151
0.59064455459803089
0.64409928868757826
0.68266623988143282
0.66328575730112571
0.75519893680412564
0.66843280928183357
0.64619499988119777
0.64176375831829136
0.67572059007525076
0.66764064924577105
0.53346739062940562
0.68158223191674405
0.7619206669664792
0.65473271211936934
0.53636343155922761
0.81844424978176888
0.81744380958254015
1.0027626174541262
0.6279373596396286
0.41594774234536924
0.50692851374604231
0.58517804322877176
0.60424246338688892
0.69674582788306316
0.1866829745781835
0.84227617384428077
0.60156132320616651
0.74149507421787109
0.57862927938321851
0.99480776300003038
0.79461474737747939
0.54271398448623598
0.494591084940043
0.63091378349285798
0.67354967163282375
0.72609683388763635
0.55971666288090205
0.50206771158330221
0.88160859410837455
1.0015383632997261
0.83374591939576248
0.89158000667647108
0.55230288097860358
0.87942469052956473
0.80875408787542091
0.86375875761251353
0.72629845616765953
0.84685847020265015
0.84538004085289509
0.9480688903860921
0.65508334320548689
0.93049182266293962
0.72625939196331657
1.00141233741215
0.40145700617261443
0.71252290069871338
0.47824497533148091
0.51546556894730611
0.82364393080161413
0.80256588120669825
1.0076197291230067
0.90385075639490031
1.0455214681150231
0.93658753213263546
0.6277477412395126
0.64607374757010128
0.64957268422507486
1.0936107187578685
0.94877775534849984
1.0611430466559866
0.45030784564000137
0.93242764297778613
0.93984699820749218
0.76899840541268083
1.0599644239212511
0.92650335120988081
0.70280490667416129
0.69568205259829674
0.8833491898475756
1.2243407087003526
0.68849464400331473
0.69194221919177545
0.7370669099579279
0.81723904756929577
0.67361899117374791
0.65743821251299905
0.90040939836644285
0.44690858765092389
0.70533269447302194
0.6592720386611467
0.9594805016802942
0.80929911480623784
0.83299847425650708
0.79182075503782412
0.4754577123898992
0.82227370138522471
0.97800068299419241
1.0189716046421502
1.1506883351336419
0.8249471677882646
1.1313688960683934
0.94672035347700001
0.47985004120180585
0.99845475642870729
1.0329837061743441
1.0467346900458496
0.73932072478130284
0.89874947539935612
0.93703095473290698
0.75204809047196242
0.76561973521155846
0.65397635704753165
0.80760835778637086
1.2539159213042892
0.81990763103265685
0.74421479402227086
0.71358952043298396
0.94886372645028161
0.51786959396424537
0.98265371467867413
1.3826300776575917
0.9861813710795343
0.92734759390770438
1.1936735732584318
0.92956158734506011
0.7023691809069772
0.62771075892148454
0.97059430701641114
1.1387819006650672
1.2894162421876745
0.78872032391085123
0.71406965272038547
0.71941817710127887
0.99081358727249735
0.69291708077897374
0.87917225248681274
0.74354123175664488
0.65963533393476736
0.85061704549629491
0.91437034752430735
0.94976656674949034
0.93823951976449893
0.99068226104954493
0.96849653387382151
0.8144210249912357
1.073165586576589
0.81071265332140374
1.2479969952660688
0.76317917807269975
1.103643299955094
0.6764173803983925
0.96885664925880077
0.98052418669399799
0.6989953716255497
1.0792990223482446
0.81156166921904005
0.84738799966469691
1.0911029944785295
0.8550503350592682
1.2371111787973692
0.89748669454674124
0.62582024795529323
