-0.87424576085114991
-0.97520989220463128
-0.84058209919034166
-1.2565483396721122
-1.1598367715871469
-1.2526759361714219
-0.92684006210744285
-0.75569650929841348
-1.1986932226480205
-1.1561821072645402
-1.0089225547935434
-0.85726459469818184
-0.97010304246110479
-0.97670541578949499
-1.1530652163937976
-1.1576633977196673
-1.1449668093531438
-1.0593070335985955
-1.0209668881718708
-0.99170523801088928
-0.78581589128221763
-0.8070296422913571
-0.70426864338221828
-0.88148951164031986
-1.1434061416229413
-1.0198119631826483
-0.82575472966140484
-0.9085577754119758
-0.88644105484363578
-0.62141775484616746
-0.89131427429432941
-0.9573935230432562
-0.82972940412051388
-0.97519837280827215
-0.7028687237559369
-0.84800327939215581
-0.62030726559227967
-0.92290572216942179
-0.86142815730828093
-0.91414621615856895
-0.83181312525883699
-0.79127730200740098
-0.75828871814478416
-0.9901298203709411
-0.61883249344119806
-0.92443435848961786
-0.61031802925554923
-0.92183754895406567
-0.81275618325839871
-1.098995043264414
-0.65004896116672062
-0.81283417111965273
-0.95715687933038918
-0.61813119890653823
-0.97793240485557764
-0.79285510920510949
-1.0560941379457127
-1.0313483122961453
-0.72873369547274203
-0.91875278555797824
-0.70706560289880138
-0.67290903965206705
-0.79194045244967159
-1.1648773075278405
-1.0036290291208028
-0.76615508325700643
-0.77438331481925871
-0.67059619534002868
-0.80145743181633167
-0.80443136522378456
-0.74342315108818013
-0.6355242498641166
-0.91518563586881363
-0.62200715266129869
-0.66884665956996769
-0.86829375932390196
-0.8251962282099724
-0.8271986082700965
-0.88530278743674784
-1.2604733792546838
-0.64014726583282111
-0.51081102319873295
-1.1355209548860561
-0.81599730034462403
-0.89401883863841691
-0.58145945674641908
-0.67443461045169217
-0.75816403409120037
-0.73573789381876598
-0.55017899446499552
-0.59121925768667172
-0.81735619614216648
-0.94964725702658637
-0.50483468326077652
-1.0851189863277011
-0.90667922342621177
-0.7380956211144506
-0.94332680838320648
-1.043884027347042
-0.75797933227210967
-0.83953743220153321
-0.82364431309797193
-0.49146036538591242
-0.91613681440814321
-0.76004102757851377
-0.680440509830465
-1.0534883221641067
-0.79010799117541419
-0.54991852498303218
-0.59535587045373883
-1.0325881442415221
-0.77457069312983862
-0.82560592887466211
-0.69715448741887132
-0.68194468835495115
-0.55777165781897498
-0.83453682300109033
-0.8850259729406168
-0.85239825125813651
-0.99065147653115648
-0.95709113824271896
-1.1766015135329486
-0.46585952279472925
-0.90280874103206665
-0.43657585995733711
-0.57885665352852822
-0.82608509433035748
-0.46639347609158416
-0.85030595185071067
-0.65861757213354544
-0.79622157822820383
-0.34263399994250326
-0.60779948763320968
-0.51525616105144512
-1.0713923576056728
-1.0155882370502134
-0.68524221231488092
-0.89562944600682171
-0.97856601813594468
-0.70718557781459512
-0.9064513849279342
-0.84904153154596851
-0.88047155654236919
-0.42013257831511541
-0.87235553435688218
-0.59184715036926938
-0.69521716821000501
-0.8035251149140481
-0.76723395332913391
-0.76347815763281557
-0.97259602253812893
-0.51866469515190439
-0.73774999470009073
-0.6612679669256154
-0.94673903699704776
-0.32829853125861375
-0.6969161981352594
-0.74156567822971498
-0.66644098161366927
-0.38083706897082953
-0.44909766636640674
-0.53289458142445956
-0.72759261558065635
-0.66815788507179952
-0.67754067705087617
-0.63646664750986714
-0.59445344934312672
-0.6110457463943223
-0.7156964612026262
-0.52851374874535084
-0.41591816626013967
-0.4834032467544801
-0.7171419318582839
-0.76257656933398399
-0.87339111040433814
-0.27264992773765656
-0.98926599002317617
-0.87003453475194059
-0.41440021319807685
-0.67877748713421937
-0.57223409743094111
-0.81764932283366465
-0.67485685189467259
-0.81321707316996306
-0.89647352908314082
-0.71671870416560302
-0.51013953872532092
-0.36983572503571249
-0.69117748223355147
-0.79126926895598604
-0.29989861962743747
-0.49553572398562684
-0.59030222651642994
-0.35064074784302218
-0.64743461656484447
-0.51113498616452102
-0.59534707330088554
-0.64851834503425121
-0.90252125875877032
-0.47086034160449414
-0.55472494595871158
-0.59719594619418648
-0.42627681337056189
-0.4448433012531629
-0.40302035386478313
-0.54730686437189269
-0.80077820357538554
-0.44441838062014982
-1.0119024867055548
-0.577737412334554
-0.65186246636419021
-0.43061117367329277
-0.54108051812772706
-0.5858780362898045
-0.65364908325847693
-0.68509977027036861
-0.43606407472011344
-0.8978457746220504
-0.74361179996476423
-0.16695778542186351
-0.53794910160622722
-0.83422369259031093
-0.48196616438347428
-0.84479079725748984
-0.51132003456901953
-0.8310515012002615
-0.93796129239836723
-0.44190123905011253
-1.0153832192753698
-0.34208480411713388
-0.49348624524652107
-0.69877622520674765
-0.20593598757277243
-0.55797281716516878
-0.873874869413786
-0.87208910034034393
-0.57037462246657666
-0.61143834496206917
-0.39351050961855233
-0.35412799683411633
-0.59395899369496652
-0.50661377064061353
-0.38994596653652097
-0.53088258016157264
-0.56094331187793245
-0.24165591006091103
-0.68418554573715984
-0.19067009231202475
-0.47710058647705861
-0.091499602903203373
-0.20242933415839373
-0.37598100769967574
-0.73241349451848237
-0.86999860231303128
-0.71530729637895929
-0.23572209347123135
-0.59818619000509488
-0.58646613779552337
-0.26643647150044847
-0.42773954497955557
-0.74947857930931383
-0.51593247759377836
-0.51879631443688701
-0.27467991516891277
-0.82386040196083532
-0.34674192606792059
-0.45995602441753997
-0.49398303883148403
-0.4398403219120115
-0.47373230500436081
-0.44640910444213816
-0.34829906103444042
-0.22915623034546473
-0.50289990717028021
-0.26127493493069315
-0.2289337702436188
-0.62829316148072145
-0.41141569354058072
-0.47533160173502231
-0.64835278034002919
-0.64508629530221318
-0.55998859286114877
-0.090717469555757393
-0.27120641743647617
-0.53221930411487917
-0.58350663880553355
-0.13381492436152087
-0.48009901316155834
-0.5144470534855714
-0.28910425801252809
-0.61998254911028505
-0.39912761298813065
-0.13874986337023887
-0.32994276703695324
-0.51006797000672688
-0.36369743905144553
-0.6014551034582023
-0.31569186405930927
-0.24649234672518514
-0.65428740946288777
-0.53148020054639822
-0.047475019223759733
-0.52559299442506335
-0.078558361194569062
-0.49645072169625482
-0.55634841829527715
-0.24959025409579816
-0.52972669716003928
-0.36857100886215044
-0.23005912993053712
-0.14969057957046591
-0.38008396246296933
-0.64977724047955365
-0.64265077519977343
-0.45382303733729262
0.0052845513802207362
-0.072749587769463206
-0.095244178002090923
-0.6273918895221372
-0.44594652629839154
-0.69339516159005665
-0.17625006865805859
-0.57671445234478813
-0.16320199083041068
-0.22462000955920383
-0.34517588300653901
-0.48689202330448172
-0.4787736440962953
-0.051688385453901892
-0.41231836883394141
-0.29454410512442963
-0.39024258405078677
-0.20187019767917791
-0.38550465872284734
-0.30700457127594805
-0.64753787577758415
-0.40263881109969635
-0.0066104555190392772
-0.2077300577417163
-0.44358119745484481
-0.059082396780133453
-0.26100916828695481
0.049529446436041388
-0.077841871968451715
-0.34994535050429032
-0.60749539002202002
-0.31284325835295779
-0.12343611915470151
-0.45752085685452498
-0.23715700899631273
-0.51280581474264464
-0.40365421271185659
-0.60802401354190372
-0.40689029791107117
-0.019226299005032293
-0.29653619942425585
-0.25502249252334164
-0.23675997450460881
-0.36123684603329842
-0.22464528035255027
-0.22674508057852386
-0.060348549429504045
-0.4953004384420881
-0.523683465513057
-0.19821482378719926
-0.30846405964575474
-0.48798688940282309
-0.59436628736612607
-0.090998363085721887
-0.27486466053409936
-0.1252294660854642
-0.37490502558572752
-0.20369669166524457
-0.19197582651944989
-0.25997854467958897
-0.26472819700402406
-0.3425105782871587
-0.091071153406649827
-0.54504544570122837
-0.42836922803251409
-0.3247281962014773
-0.39193238257865387
-0.49732803930956737
-0.31307249947701843
-0.35527374359910213
-0.25902774120042343
-0.35105600479150667
-0.20690838282823598
-0.54671848279825086
-0.47268035853689289
0.19171133337886823
-0.075024632963797924
0.0097530917399529828
-0.35961637099447086
-0.0041879982503845014
-0.18848652454227205
-0.24201623329901645
-0.10594622103084515
-0.24300646514037538
-0.38854420246544308
-0.15000264992513587
-0.14957675140102669
-0.061121549050926295
-0.3392848137889542
-0.23584236807258341
0.18938517299869567
-0.32045983480378748
-0.079639180085753117
-0.44250457707993218
0.15335164565119835
-0.10475656999427595
-0.41466355939681643
-0.1037837808095554
-0.0061876727175291793
-0.021587351441674604
-0.11988468548148055
-0.19058200704312905
-0.13533038258928279
-0.27926838643840146
-0.15026539687413551
-0.30777843778462788
0.1900831672935151
-0.16962623118888648
-0.15363849811496322
-0.042730894336969041
0.19309878819084322
-0.070358681660940711
-0.30211207001723661
-0.20138287180588157
0.031631586122122086
-0.38611674694516823
-0.58220540708909929
-0.10471625897959215
0.15619917908022524
-0.51964632254093712
-0.22884673256022459
-0.2133656063336031
-0.091803524792026803
-0.31817632986155131
-0.30625697368272115
-0.29056136282792494
-0.29204240531262704
-0.25456309128789645
0.017413595007579438
0.097816083805322321
-0.35145196946004803
-0.069943602294484472
-0.26503131514331885
0.02276094623825603
-0.26084331019838908
-0.23147977370073833
-0.20949592001857081
-0.27629454137001719
0.45000515048721207
-0.15280659795892149
-0.29911695481743084
0.0056151767725936257
-0.19518485704350463
0.14383945828870309
0.030347080854164366
-0.03328538264164356
-0.13767444775734586
-0.087046019844770284
0.096426191765618327
-0.21356138657279955
-0.027665166916232845
-0.24148490430332598
0.22880748435901968
-0.065097363358875587
-0.20403236782662637
-0.12740003090335764
0.016831745137002183
-0.04999146239537304
0.028160480042914954
-0.22159613522385002
-0.26196313415155253
-0.28799267946323526
-0.58035010059353942
0.13809144495176096
-0.068966361328984427
-0.15911820588052089
-0.085954557417588451
-0.15724766305742663
-0.083217917291689009
-0.14209957933868314
-0.14917547631134348
0.10600834658474845
0.016839992524491136
-0.35515361312929389
-0.55416385539403867
-0.021318242288621791
-0.3045477925448154
-0.24247781022080489
-0.032411346518686622
-0.062641273596773489
0.10922806653657387
-0.082634883095668965
-0.3901389010828849
0.10363112156958576
-0.41044009149567712
0.20484215998090566
-0.32061305677980517
-0.08551875440191592
-0.1969519090048284
-0.29760111305547321
0.14766082506010278
0.077135301177843826
0.041267419714447244
0.16927941994761767
0.0734682381568144
-0.090538542683590545
0.11646562949085675
0.20597285424922049
0.051004171341095222
-0.15665826345501382
0.17674848059454495
0.29947521167357394
0.33471630922103757
-0.026740521183383895
-9.6707965429852199e-05
-0.12216177649849411
0.2522922862414998
0.018928600315219042
0.16031709614909309
-0.13848189603615557
-0.045341290744246567
0.22994868006429267
0.46899832037542272
-0.13430327895025213
-0.024093914475491432
-0.069165174898393619
0.28996781679928724
0.24910207860863504
0.092081849510599306
0.00022633020861415664
0.14819588247942214
-0.063629576822875233
0.10294542062296774
0.033651382840482101
-0.085905082625298557
0.011583949592146675
0.30624969714514255
0.039717374689558986
0.18239635108561025
0.19089584779715091
-0.018143615539004669
0.31799306258830329
0.033689911597762245
0.22675554578177037
0.1070014973385713
-0.036700190710331822
0.1566415469748251
0.42415512971177566
0.046686589952335926
0.20811850349120567
-0.091353720394839438
0.029220486731122833
0.14505041501009963
-0.053163336320258534
0.12482297998061312
0.27275889016779997
0.082160659215794879
0.074092547535090383
-0.026590380344721162
0.47035215997505375
0.067511880240523375
0.15258059806457772
0.37213452991590479
0.060172129610518682
0.24338558633776089
0.29352989100905291
0.30568844333387363
0.16763048696258709
0.08897999770590477
0.32547995689638548
0.037522488137349645
0.16184701605815402
0.096175265969730875
0.26107349726532159
0.24462897390540916
0.10357389620238767
0.13192950508588705
-0.013174174706883373
0.053042380603404257
0.3859061610548154
0.40021986085721689
0.062690828190490586
0.039088826954624276
0.48252123169985423
0.35145443172522117
0.50568674033585825
0.48274092847131977
0.22181973005691902
0.36304421488609157
0.086434029232977508
0.27730923089535553
0.22306098287846376
0.32697527799708132
0.05573020187028592
0.10543033573040175
0.27150103039126194
0.15790288681135514
0.16788236590400643
0.19731016653246336
-0.013479839345139516
0.29323209453788474
0.17207146933534057
0.6173678715278188
0.25241108094637205
0.28929386358672571
0.35589491456586708
-0.072238431707630085
0.040310677522564377
0.20374799244430308
0.14169340463494309
0.34526933680504251
0.42977488179399032
0.29938805547884983
-0.010923139694790446
0.10567525869219482
-0.087756177942852162
0.21632051269905936
0.097668261075294083
0.19105413706920513
0.083805994696099617
0.24780889126086655
0.047043396482324924
0.68777590316817694
0.63499041657759758
0.13415880029954672
0.090088162441746431
0.35099078472725875
0.20383593532353592
0.31026145422484114
0.60211160713841028
0.38821272100587972
0.27220836780730745
0.24148533456194701
0.50064767515499309
0.40269031504187358
0.39865766403708724
0.43143495384902658
0.7148229679691811
0.48311621060060822
-0.12502393164734857
0.11610129590428961
0.26573259857852272
0.047055707866942499
-0.072291978026938514
0.16599982298161819
0.487320057298406
0.30920995169446119
-0.096227627112002584
0.27221944368363471
0.28933963786172073
0.07900108246695324
0.33268862695186702
0.25646291128644061
0.31539034332716509
0.25270075627916172
0.45581099521700857
0.36755039477555745
0.3604848058073814
0.31572456672704086
0.33550193570603093
0.55297379149636472
0.10814140240208714
0.080814216113481413
0.1879361874838289
0.54053685863682754
0.47803031393658374
0.42417605364117089
-0.1351682040224744
0.29635801596796213
0.56248225858544931
0.2251132970969357
0.34733202645695782
0.49502905270336678
0.33572837902028535
0.42925555896266748
0.50359001871302922
0.43046246427583507
0.44437252774168179
0.22046374219833942
0.39733441523232776
0.47841863899691067
0.2699511765131522
0.028518297168933903
0.23299765030125405
0.093855564751362863
0.57510895744330304
0.5439495937957326
0.049730242594343041
0.19382389947538495
0.45803487409469412
0.40668882409131202
0.39182391606052397
0.58112114280096117
0.28961906404531107
0.214175665058807
0.38784382696989655
0.12123677373866647
0.77793899763105168
0.14376424534586413
0.56792481544652196
0.36674113841218053
0.11831669345695132
0.28610613669563972
0.10545572256508735
0.48466648701575638
0.40852341808838027
0.34218320070454855
0.42129026886341303
0.35395586478874436
0.47458040554277914
0.24574807210972835
0.39322591711985405
0.2195616912857343
0.1375127874462036
0.047650557087440072
0.47949662060020665
0.60844473515546793
0.53856550078116705
0.49702810460426489
0.37866759003795308
0.2300746777716475
0.44905581561042252
0.35408362092710882
0.26147588182551046
0.38354592531272969
0.69326049480591412
0.54746530767798984
0.66259443669453688
0.36165431708552193
0.55857445279646101
0.49199123596271427
0.48456760629567958
0.58076164261807317
0.27496659129178574
0.83205456055404359
0.40270795569817558
0.56849944491176452
0.65400466501782317
0.36118087134874427
0.67593254242055822
0.64225638130778084
0.64785335541660283
0.6588308078380356
0.34999464354200166
0.30619093108924589
0.58179576130387356
0.5609086930748628
0.67598502695945761
0.56988314908758997
0.077504212419654619
0.76456751619441632
0.64323573419757685
0.8806194055290274
0.51444074731066836
0.25393679990950441
0.63671027748089626
0.52838376424521005
0.58097831136406874
0.85841881432517841
0.86022788340911682
0.38304327705025626
0.26595977757948236
0.33763063615818434
0.16623768883366646
0.29816116649683838
0.50466641264977274
0.6572300560399047
0.24275035621352925
0.7394089730933997
0.41518727602228767
0.52252072166409524
0.93280358032245203
0.70926470654266183
0.66550604780990152
0.24364076107137414
0.61979637545553568
0.48029556845521998
0.38730428509835108
0.6562739781292497
0.097607179340835362
0.64834093061251163
0.54895059928850787
0.35074349751908973
0.52730458932269164
0.090398320968188131
0.53340959168190583
0.682533435379718
0.38115141056731289
0.54563774918186569
0.75626997444863009
0.31302319140537421
0.41475752464769128
0.52358350767604778
0.53474017230248738
0.54461633481488569
0.35954541810589524
0.75481459585409538
0.72504025002507411
0.29655742115685263
0.4843211799231818
0.65022856683573993
0.7291004412527059
0.64394202431070724
0.98982164752514601
0.81292868897535275
1.0727811815043065
0.29938069749248192
0.60258969480619984
0.73252746888503606
0.91646244566279433
1.0116450776932355
0.58457472747928219
0.35096004380721907
1.0778246984684554
0.50024176944648302
0.50820805661610136
0.62144593272254978
0.59055640047337998
1.1000308127936902
0.6518948955456404
0.84175020351713103
0.5657855792847214
0.95708089427345089
0.66126669910396518
0.6515221690376849
0.62536310018008812
0.69110995150742938
0.64307876556266652
0.37146406674171845
0.59735607558196879
0.82274361190799195
0.54565827373653641
0.37839891081160737
0.77137092506632932
0.5177170939719542
0.63522823499029069
0.60623181212673793
0.53155029386813957
0.47900510981980293
0.57397381049442509
0.3803131576448987
0.80108063999082557
0.6648746558107177
0.55695842497228298
0.78778390808260212
0.93774681185337849
0.56254129347519943
0.70585154057106347
0.34396838633437871
0.66354858894928159
0.76126176496400721
0.74963226748749001
0.85557842361576042
0.86710165911718118
0.56689298853178582
0.76239352881509348
0.72695051463779081
0.77459732590900832
0.77407526164566531
0.71669151373244577
0.70432123246536116
0.65332725899363298
0.87728705807848972
1.0166583926197035
0.72339569831916573
0.6379820569340614
0.56374257291340868
1.0500066105800301
0.69624871386700782
0.72294287028999349
0.80435657915642922
0.93241842907952766
0.81975202514818102
0.9222224862386259
0.53528178803320137
0.50800157829123016
0.72062871637347092
0.90433552249273408
0.88732929070231448
0.6600117473665178
0.88294602705766112
0.57915231084924768
0.80926146965171042
0.8247007319483376
1.1746175949284485
0.66476832443619205
0.81058186180816838
0.69007961747361479
1.0099134804648369
0.35396053829610163
0.92629609402718993
1.005248490154337
1.2608826609262622
0.77260701854753577
0.97090896876135213
0.62773560925121097
0.86474067810852773
0.93385292662505448
0.65371889850730258
0.81449582375549612
0.91547429325561225
0.70856295394416957
0.5965518159988028
0.61342953251107479
1.0607690159972654
0.87006218560994963
0.68559231847088264
0.99951703274531434
0.65927741442133281
0.83931421626906233
1.0277966601163953
0.90578811464669373
0.98424469513191881
1.0935159272015587
0.83670075250521214
0.76728805925457866
0.68185700913189251
0.7316007449077222
0.51077934368893307
1.186195145674511
0.65825293803250318
0.91169395125081021
1.11871438340322
0.81056040211931801
0.60836754752933875
0.67551105259663102
1.1452701001385801
0.75409771606811737
0.91867809462478434
0.92095517781732561
0.51910438878869558
0.63800786372175
0.89495755968952506
0.80648651704309737
1.1204736462299649
0.88508698487152426
0.7698283863692299
0.81241722036938047
0.64479355619107637
0.78501570926725983
0.87839399102328497
0.74224318151885693
0.69908332507613458
0.97176895556174703
0.72857637528760211
1.0068452878558503
0.78037735591584634
0.75820105208837241
0.87451756071882758
0.84731083329227841
1.0603594071873175
0.78889229334297128
0.90118119155666732
0.95764105762151974
0.78527589599722436
0.94703547567051727
0.8506083912431126
0.96733582946709717
1.0366594217261056
0.42675289893709001
0.82932679307522372
0.78458519167708274
0.80763112907737955
0.91348441489314258
1.1094007994203101
1.1414752846064578
0.91988755707076098
0.69230535686383199
0.81675914131087035
0.99698151772594712
0.78027715526457742
0.91352327659306953
1.1397616544286653
0.96112527897442657
1.266511943466476
1.1130468690523971
0.71076559460515443
0.59874203722253794
1.1158338352022601
0.84152427360607185
0.7530853235563818
0.40363990837564312
0.83667386997363646
0.89470513141986452
1.2432609572223086
0.81640733121399178
1.1429884496321803
0.9958895506367651
1.1283592498084729
1.0751026022816488
0.96981109359967954
0.86095640896679848
1.2403451479854386
0.91711858883282127
1.0510206285385209
