-0.95797328937244886
-1.2537920871147294
-1.026899073942976
-0.6937606657435923
-1.0632663953985231
-0.94640187809171172
-0.8589993235969775
-0.91489614003325559
-0.82778629211963062
-1.1900764207614241
-1.2226150485405933
-0.87854306137493587
-0.89184389676410791
-0.96761855722357026
-0.93937857993959895
-1.0428366439571506
-1.1528545924648086
-1.194494423076216
-0.73607710769789736
-0.7058567570426898
-1.1513644741797098
-0.85010413227675674
-1.0334924625426891
-1.0130271988586883
-0.81173844722740851
-1.0791666713912418
-1.1101207765421675
-0.96030315649281039
-1.1059803113379874
-0.63373273670847041
-0.76272329966394159
-1.1597798909501882
-1.0610195055958505
-0.99114278345388718
-0.76820682391447026
-0.7607082158857692
-0.97916147129187137
-0.8759926468041479
-0.66347008501646498
-0.7747144208154908
-1.0153501298070853
-0.88518802165951416
-0.76039637540479155
-0.95832182878140848
-1.1759903006486485
-1.2792188650914509
-0.97720996290494822
-0.7570244203162092
-0.47443211297581656
-0.91788915495325762
-0.76426869768118288
-0.97449952475220225
-0.62956803823759122
-1.0045580695486145
-1.077273957049246
-0.929696445215909
-0.96489171446948652
-1.1338945537163108
-0.79254899361807907
-0.64874958949222206
-1.0140461500097433
-0.61487766736329941
-0.81272003753299904
-1.0094598555885379
-0.8162745675606915
-1.3666104039521245
-1.0398804465752545
-0.82235727157854199
-0.36762147441362109
-0.7612898727280053
-0.86407954658264075
-0.67015217907665514
-1.0124791183709942
-1.0389315603849465
-0.82758488096040028
-0.71181979060685885
-0.59863655147535355
-1.0210315532889107
-0.72724461171738441
-0.81819883502580126
-0.87368134231621486
-0.71532798389186847
-0.8013546257041767
-1.065194066761151
-0.97083948360634698
-0.72389941165950544
-0.81841254082082815
-0.8103747870801159
-0.55632092002547417
-0.79038920922331668
-0.82653075069390269
-0.70078746645191781
-0.9575374706061992
-0.80798631880440941
-1.0102430435571119
-0.85232558067648545
-0.45620064706740165
-0.89692294542083262
-0.98272843863277015
-0.50180525887158722
-0.59874311520064205
-0.62066671309346699
-1.0543162546132683
-0.6182326308749434
-0.69586786233772691
-0.95370325791673838
-0.65560624973754289
-0.95344112340039533
-0.72011588902708157
-0.75271494423044316
-1.1020055601024834
-1.2900477255143421
-0.79116577149894496
-0.57978277308428883
-0.75766995426477679
-0.82328684105113292
-0.93802094228963262
-0.65915893679148441
-0.57849885781185162
-0.76762111020348689
-0.60816444452594809
-0.71524786331800161
-0.74524247852180225
-0.47530519927922721
-0.75170238427718572
-0.5302413155062673
-0.61099224495911675
-0.52482172006640171
-0.56601495386034306
-0.65415034161208718
-0.81409498467671448
-0.82941119163349453
-0.52073689551816227
-0.66969656720511206
-0.71262858956655373
-0.65736398172102972
-0.87674965902665836
-0.34626732479864042
-0.49301695457393657
-0.71819135839921588
-0.82359703728082856
-0.94004654777095575
-0.63831482253865823
-0.6902027354361312
-0.73818836860003734
-0.68308221615556386
-0.6308110275227381
-0.5465745274902799
-0.98645892102786203
-0.75373357828200005
-0.5777011233467656
-0.73809458401787897
-0.57873241726696234
-0.99857040589282964
-0.87302226426411922
-0.78219162604600134
-0.75861040908916177
-0.65794919379856331
-0.98363879425407164
-0.63924350586611467
-0.62871676927566866
-0.35325293188881685
-0.67033266298777083
-0.69598259122418538
-0.79320315539602071
-0.91024086735121768
-0.65640707834065082
-0.6190638080546399
-0.97860905476654192
-0.7033442272019057
-0.61511482042549392
-0.58153872796325101
-0.40763347789992521
-0.80318653853125221
-0.64444292342085352
-0.69319564988760796
-0.68264037789016385
-0.49616346732732408
-0.63987590261862359
-0.78046634390203007
-0.45120277388172886
-0.76603763397743041
-0.43640512003926568
-0.6210834838836643
-0.34504416911219804
-0.61610495352445616
-0.4723822755507181
-0.8733934628819281
-0.95896076872500047
-0.64861353027309054
-0.77098690061257291
-0.74282940329493141
-0.8072731140186632
-0.4956599715892771
-0.75859205512682459
-0.71563658988432943
-0.52366591417009112
-0.62262487024431412
-0.8684493746933275
-0.78176322112481744
-0.6529966836564729
-0.36227129636191696
-0.59062528620508703
-0.35382659087903157
-0.60969091540971954
-1.0140630700904796
-0.46783947058661152
-0.68590337443691896
-0.69744353369442169
-0.46199059211687193
-0.83665959775030141
-0.64441001950815746
-0.58227119798951243
-0.37208560122869122
-0.4007829909408635
-0.42547850603348519
-0.76927261078573417
-0.58141368518875935
-0.61318633669634159
-0.49683082497823222
-0.41731068684641492
-0.59270235424678053
-0.56910252042561416
-0.36097033512374782
-0.77792798797819651
-0.73014674758809461
-0.77972646352049924
-0.37780118103363025
-0.24338772102403688
-0.58345792115896866
-0.29191401200552913
-0.62577996824601723
-0.44191984659829259
-0.41359712559978512
-0.30837292297475588
-0.5591398213207236
-0.40541192247651237
-0.7103530105900967
-0.84263044905318307
-0.43087352182756156
-0.41670818149806771
-0.83797290921195411
-0.54094798476461547
-0.16022528964678767
-0.57024048704606944
-0.44264002747048597
-0.61418699547274969
-0.40776886816084906
-0.16221507450858344
-0.58263808774917369
-0.35155040411626681
-0.62645031412158325
-0.43618820794296859
-0.78716856346599695
-0.39581792949036282
-0.4955028237842834
-0.40484524160449392
-0.35825037584340141
-0.266053899223964
-0.4093233149102673
-0.63555075198882838
-0.65343073261984697
-0.35774322534638991
-0.59496346440959313
-0.47194383473552998
-0.76419657528365614
-0.16898821752773066
-0.5152145749621867
-0.41285448606533548
-0.26088031017993413
-0.3596225505948657
-0.46493582864538174
-0.67165447726507699
-0.52514404343050392
-0.46313908510231444
-0.25059394739986635
-0.28569944047503099
-0.56375109024720749
-0.37905827892392069
-0.17781502357958126
-0.11386163042341517
-0.28738759079677056
-0.48222145142717504
-0.3945409207470863
-0.62429909622800639
-0.44037954182914635
-0.40140900017960168
-0.63311925613327935
-0.50968534725854586
-0.41313239483285769
-0.58954700814660799
-0.4077146509864093
-0.68766298358563482
-0.56152960382714534
-0.50933066539386229
-0.58640520226465831
-0.5322041646973914
-0.31410191877697563
-0.62982831763448233
-0.2227153830208933
-0.52515794884192912
-0.25813370300611493
-0.68839611421031943
-0.49831406467676043
-0.35323975708296745
-0.61553828283626166
-0.60528622621377393
-0.26892902254129536
-0.45429402903144506
-0.40807268704353244
-0.55378171332776871
-0.39713013578506501
-0.32809049470124008
0.02567143205052606
-0.18349774153023923
-0.73034679357808074
-0.4758099281543875
-0.50107981160422577
-0.10786493949154972
-0.38503065750315463
-0.14640268546560625
-0.26175258856051203
-0.17296058355302635
-0.3489260076293364
0.087745606772618723
-0.35167299590286827
-0.29226674339074737
-0.317097701544518
-0.36033059362901459
-0.69668482842244117
-0.42493238184095361
-0.24911843942370468
-0.25199932131383351
-0.53617384835585213
-0.40804050851608586
-0.45247408778255038
-0.50537912496810578
-0.49437953111468214
-0.09267172167102021
-0.29576592461471141
-0.15668361758503194
-0.35931236433347785
-0.50640327201439872
-0.34475860676182413
-0.34074343518831424
-0.11086659926269
-0.37314934186361282
-0.15806352650049815
0.11257810688819454
-0.2184628864591685
-0.22300453339174639
-0.18722158633303798
-0.18273938257085107
-0.24640104753028447
-0.44644289062168707
0.19660125326559308
-0.52426712273412013
-0.056812069679877626
-0.078659666075206344
-0.45587992406195255
-0.28687195096490381
-0.40110047806581639
-0.48940526752033298
-0.26281512624153436
-0.12039501448018422
-0.12504156805898972
-0.2868880321821411
-0.45334558662576141
-0.015839452709516467
-0.39498484443837295
-0.032118335704035002
-0.17065143219471451
-0.092317739971950169
-0.24824820425340383
-0.34039266546703417
-0.50615519415391919
-0.30052559224813119
-0.56411343085240906
-0.3884755474884356
-0.50702756052903586
-0.21299060528720246
-0.60719981687233027
0.065310016392296361
-0.60454442615466153
-0.4146918219327741
-0.2236474278067894
-0.18842384112365401
-0.10934984580560522
-0.17915377909441618
-0.21429688891012239
-0.17255515324804996
-0.40528702639803904
0.029213416117864825
-0.0089487529336081516
-0.040979701438371492
-0.12959878278796061
-0.08029241749336552
-0.017490155646464507
-0.25841592578979322
-0.089410838619197089
-0.12703718123918406
-0.37771564527542156
0.044289098124266686
-0.10795519725437648
-0.29796136768147946
-0.26441534493106994
-0.13387074633241242
-0.094234476600425596
0.42051158904707675
-0.58759953384951447
-0.096406616711969345
-0.45779474174300816
-0.18817539887161819
-0.12715066124617214
-0.004530592052482461
-0.06210941487036474
-0.18964464054476748
-0.34706459666750922
-0.19731235616767864
-0.13656351331772035
-0.2234206067417279
-0.14603916531537522
-0.110326023664872
-0.21145128211673905
-0.18879467371271802
-0.50838142625885252
-0.035735099925256378
0.28864290560939088
-0.029228780122925943
-0.34552084361367774
-0.1883808125484018
0.069390548663895282
-0.26302699720461314
-0.06499322911874672
-0.28903548277461849
-0.12624981539865371
-0.19119542297433498
-0.22579689537872646
0.08483993324168411
-0.37878217856373281
-0.21418838178642763
-0.2167078653697532
-0.26654766339958702
-0.021747167008544243
-0.22995135504967451
-0.2706197681205133
-0.36500485734416172
-0.20516449197283948
-0.27492221033265901
-0.16636561675096573
-0.41207251512107446
-0.10422810194025746
-0.14265435586078118
-0.25796106949634801
-0.18602127030196469
-0.12403078709328211
0.045960802095121454
-0.30195701577137807
-0.0093521085879597204
0.31163152964360979
-0.42721246209868075
0.15988653805175615
-0.20486259755884415
-0.3451834374110706
-0.25035941973870768
0.059432872275451111
-0.14920562442549548
-0.368307205845671
-0.084575274990059512
-0.19326650052378735
-0.17448889462893893
-0.063006639472714135
-0.15810670713158903
-0.14918996005077617
0.19771398736079243
-0.11235430417411296
-0.060471585003544819
-0.324544733328614
-0.10282699933849966
0.050465786053189909
-0.30147219942405445
0.28339668022422326
-0.072939039442170284
-0.30570271068414151
0.25909573316496498
0.11230336285137892
-0.087635727889493711
0.32430765655153226
-0.10164252769186725
-0.14225043752711994
-0.14692809627709863
-0.11171819088437494
0.0110382823879824
0.11580883399945478
0.078080288755318972
0.035595576007878001
-0.39072996155276007
0.055131817825139741
-0.04193495012627084
0.16779066664386524
0.18519706474824096
0.021589800468785638
-0.055823821021997483
-0.0041406287775044648
-0.087392879492940542
-0.34653310383829061
0.012231713781751445
0.3179979811921208
-0.051882700716172708
-0.0150100569780057
-0.14298526836340375
0.22863292238177035
-0.21088735013315102
0.13812084069464742
0.23380385229952055
-0.11247314997210242
-0.043163212160828426
0.066463295992113772
-0.058510187950696541
0.063847544117675167
0.27915733659994008
-0.075085893243393015
0.12453281064786674
0.15340316522770264
0.19462784072407466
0.27233758002151259
0.28451586796316136
-0.0061334027141422632
-0.026885302922484703
0.16441875259746375
0.07980088286474038
-0.19059457753519823
0.29002776928272161
-0.097915259154582587
0.24834840487513538
-0.13185251669166978
-0.049500962887781788
0.010246837193578506
0.22090384821949335
-0.0069294328609323863
0.022317798119559459
0.084471409406409403
-0.24279462190079315
0.048614221526227047
0.18047836480361065
-0.18519496025235269
0.20010682696631427
0.10793709320739342
0.29827380887090099
0.50617127615786583
-0.11375205462191589
0.53593580152534204
0.25279243468718632
0.0024565303179026965
0.36130857671722971
0.18975644482866977
0.061092178502467911
0.043932528599573743
0.11970198451579465
0.29590921135781839
0.10110972084443032
-0.10208364042746206
0.0029473768114693941
0.30761917258431321
-0.012948906101866242
-0.11557762670615804
0.20660235244753322
0.21382650083611796
0.22321588273508808
0.12920966206818954
0.20378555939738857
0.097159986742897428
-0.020858855421277828
0.1720264131318916
-0.076031607952995545
0.24598344359163873
-0.081684598358713431
0.29564348375340216
0.1725285654685503
0.11627942786863339
0.1067782444272284
0.27111309582068993
0.089677612075181642
0.20464798496006756
-0.0052630136813789702
0.33950881561333407
0.074584266266076754
0.62081517125870211
0.3191195387842638
-0.051648503693816419
0.13110604742780868
0.18447901276033712
-0.060005496314973851
0.37119435430659248
-0.015054571665507542
0.12853220996383585
0.31639183535314913
0.062273024107183828
0.21791441240292678
0.42749098040818706
0.047624175238015473
0.024738045942380119
0.031739497794770317
0.16504940187686262
0.40834028079443879
0.28828821497342011
0.50370730175273715
0.39944229343615328
0.088036440384929623
0.12655874693356028
0.08790705910524961
0.42321673963176681
0.066904575835105035
0.16150915670432606
0.21583988348385905
0.18397717172950104
0.48272264986767538
0.31848834118477243
0.19584551319514365
0.24700318239810451
0.5042316469128435
0.39478240805041859
0.16278040235749641
0.37055863076164003
-0.01496569666631044
0.33552494773515268
0.16551582624859562
0.34091238192282314
0.47727549514604201
0.38677252623130781
0.51433535391243257
0.24035577462440946
0.067885325172557145
0.5383844707470653
0.27328211997723362
0.3140279652116808
0.13254736807367118
0.19822444874859937
0.59812708995191954
0.38223183751452255
0.20088358872930576
0.19912456555090705
0.084678589227870596
0.53246682316239147
0.40274374095643373
0.45716967075224507
0.44529962517804705
0.20531543293888577
0.40207268808580671
0.53176903295841493
0.56833452043294386
0.5046778738560912
0.28275325574778509
0.58452150085506349
0.17584007121220041
0.1675765652502525
0.43352609529651775
0.42455034415826726
0.31879857965021169
0.30265542715806487
0.0025358340558401847
0.37214292941907423
-0.013320139631134847
0.1756425040717888
0.45953347739845951
0.52577950527499662
0.50997786094765585
0.32480624325179946
0.27491720066448444
0.41821736138810345
0.10530426360673478
0.20369518415810883
0.4347177412503952
0.22364811097833009
0.44071455096892059
0.25671640730205958
0.38433455290883178
0.42063327221341601
0.34940205350224457
0.18575057773355994
0.46180498338372999
0.28684081544205708
0.22317194232607859
0.37912392354621383
0.18630736808561352
0.47137417091835965
0.33986271768309884
0.40637430262383384
0.58176680912509349
0.47394569723710339
0.17308862791990601
0.33004457852384067
0.55717686483504358
0.32073958852937673
0.10667972176366895
0.63342228713596438
0.18416064327430823
0.39735139975041373
0.47646870285407422
0.50607519017537062
0.36097540594369298
0.5412714802805475
0.70006638604146287
0.37099275168681844
0.22140543663701992
0.20291605295546872
0.65062102913722464
0.41256184523633366
0.26105186068427311
0.40620764870829329
0.86473136650562421
0.335894200285074
0.73742230594869962
0.48476788029489604
0.58508369352645972
0.28809461037091005
0.5107130796877275
-0.058057586021819728
0.52256331135927259
0.36116656232811079
0.35433046043140914
0.3800905432402451
0.5478587772918061
0.46791139985297259
0.42084911051954577
0.15424941497983979
0.75240669481995037
0.48173058073045871
0.35895070825389308
0.5593103331634347
0.60216749439437578
0.24174651560382979
0.375150522978764
0.48822936202966261
0.631100989140994
0.22335579474388129
0.13021524319425526
0.81185779716046613
0.5759729326346652
0.88030117066358315
0.42602619926660595
0.28779348644630376
0.26472151158881674
0.52979066020133425
0.4307746737114509
0.6692838449214743
0.8803822078261323
0.9133105564673023
0.72611792910683071
0.41975953250935166
0.61911709369081158
0.64901698220598358
0.48319890673172677
0.82070694097824859
0.43985841915194879
0.64278744853424019
0.93717300988477903
0.45945473017557548
0.25047045298172638
0.76811027673458454
0.31862734071968013
0.51387665795300863
0.077349162819317918
0.55542637407207007
0.76555671412520199
0.60488234447252009
0.62755153312845124
0.62715219387695886
0.59381144651744056
0.60905370661489855
0.75381126814299226
0.45717642732506303
0.48043683470865928
0.56375547612671306
0.44207475480995612
0.59658080568257343
0.46991535267516371
0.89273254162183069
0.58117848750072765
0.44011600794099404
0.432173484050693
0.4799741417161279
0.65168556327375582
0.57125324453209791
0.89195807522880011
0.37339871962155968
0.50404662134144185
0.5410468953779235
0.36748922382213961
0.29180892765595884
0.45991044958879673
0.40782893398537418
0.35836353415506134
0.77559074237008918
0.69602456586587524
0.6198148567126669
0.66007100798744101
0.81669606022111452
0.3815337187811591
0.53260198115015411
0.24231839679092285
0.45947173412776199
0.78147078146575821
0.51921135031630383
0.55860439997131717
0.76935571008054016
0.54931340590407463
1.012395532656102
0.51252041584944374
0.53792656932191507
0.70848668461880882
0.46223344685891665
0.64993633472112211
0.53164890669029752
0.89715044847752923
0.55915129629240112
0.66048246755138296
0.58318463412424404
0.87802954489660701
0.69842804117344937
0.75477161492234224
0.27822839242741043
0.69347072153143696
0.79468766914549249
0.31349348880809547
1.0391570746596495
0.46228456748167746
1.0872438075669135
0.51796539744823122
0.64037019682799157
0.8481564963519258
0.64603531307524942
0.78869938259316763
0.61784736993381506
0.90951318005594184
0.85368786773930483
0.62166991516834258
0.91122245723134732
0.92554272998416121
0.72133182812628838
0.53962484284307122
0.7912255349101367
0.53993090434700253
0.63498140039083339
0.6471763295633568
0.65134995008306096
0.53222507687707565
0.38584576887198108
0.64605205137297195
0.61471617247400068
1.0503054707455557
0.78420470062764724
0.41860875066592157
0.54280854321284655
0.70333433954297819
1.1170334872999634
0.63829707005486302
0.78378950940730852
0.70907890532691931
0.70276991831474467
0.80970086348870163
0.53903842420815717
0.77348040996160994
0.69718246976161713
0.74231223868324525
0.71283676189660428
0.98200539579943757
0.48887292236287555
0.90630777397505058
0.30487793219579645
0.60452368363273268
0.75181321490610165
0.87586965127452843
0.4611854446324849
0.78658397953200232
0.69108136816257315
0.81451076254272881
0.68499716914377207
0.88238909449794434
0.79952784910146157
0.6512591037011134
0.81037550803588221
0.829007418550748
1.0458141006904684
0.62757135391538643
0.54375294304370114
0.44688721757713828
0.76600255555173191
0.80701622922757166
0.64716242111659417
0.64404535661730467
0.947101522038716
1.0196875773966976
0.7122252059471762
1.0084205375591306
0.90756849241667081
0.97254041697636517
1.1410836991412201
0.58628089197603594
0.81483381625501228
0.83796269745475549
0.48067411867675847
0.90628750358546151
0.85308928132786677
0.52522524308538554
1.0070195313195556
1.0308907925402111
0.76988539340776629
0.95660056727863807
1.0914895327128284
1.0586564427393634
0.77565207862557084
0.90014746133460422
0.96191110923582712
0.90799156476196285
0.56108311136568967
0.9083628177653249
0.77585557795101634
0.77263006445199145
0.92084146613791906
0.82446019678476101
0.97304129215102231
1.0082875009902432
0.80980766265510018
0.74950606563300837
1.1467878382384289
0.72996225910185897
0.90966264340722336
0.6903133282701529
0.65824223286737793
0.83269845957254529
0.889384068486617
1.2429354288576138
1.1268349881420427
0.95832201714055654
0.85092732377815694
0.60444863142993321
1.0093037215575531
0.98534499952851395
0.89990616291415992
1.0709010452825605
0.7535982125001216
0.93693202308082224
1.1894068223215837
0.95034636869891209
0.8351670575306871
0.66290611151063483
0.5057482891622983
0.67970592752258785
0.74217248298123439
0.85524609028528431
0.58714491200039687
0.67348116260988344
0.99422247908530847
1.0738014259676487
0.73170918948411534
1.1520716455241649
0.98353697559425768
0.76742173270296732
0.87102735411480436
0.89334307827371429
0.74579670204304882
0.5610647885620933
0.82605646066358918
1.0076401325122404
0.92984110354027327
0.55041407723133784
0.85079570629139545
0.97634614953429066
0.86274634393169836
0.85951801494857227
0.92657484802637191
0.95177728201479261
1.2522158407982815
0.81146194614063527
1.4040287902597912
0.74888467747359078
0.96285322532272188
1.093312796413606
0.72773445680543603
0.88652228920255327
0.96603247778843915
1.0723042723560847
0.74189409617097923
1.0271339754834743
0.88196658106634529
0.98769442241088057
0.72171427772525332
1.2740589620959579
1.0313312077297159
1.3065680436946561
1.3336101023912479
0.89860949147003732
1.0474832335593651
0.80887251697775941
0.95927760342360269
1.1978545822523696
1.0405243551873717
1.3187160572959193
1.0286032877650773
