-0.90078401763056681
-0.99368083892534631
-0.85116599427990192
-1.2629504722123202
-1.180321899441982
-1.2406153798608304
-0.94635918416524267
-0.76951194046252358
-1.1911144582804212
-1.1492795889627159
-0.99481715571278106
-0.83521631088318904
-0.96413595767912896
-0.9961878030956236
-1.1518863391351477
-1.1682955698466646
-1.1592539592421776
-1.0621477226414655
-0.99580897440791105
-0.98754587900384838
-0.79191553833259043
-0.79094058533081646
-0.70779224986858069
-0.86470407091387691
-1.1430219792138132
-1.0384811977885229
-0.80652588911817835
-0.9075883161599877
-0.8825988732754918
-0.61799959622805922
-0.89089289867391297
-0.95673850522533943
-0.83291061939403765
-0.96532466314836485
-0.70827919549209839
-0.84695176658247284
-0.63421923433304017
-0.94435157302166151
-0.85835136603999374
-0.91390173806916575
-0.82970124749747043
-0.7603070359156201
-0.76764008648235649
-1.0075617513532149
-0.61234291452295542
-0.91912545827943781
-0.61633565045208338
-0.90369850074723057
-0.83732987021813687
-1.0995100007302412
-0.65739001327853475
-0.83145643935679503
-0.96191618272565516
-0.60690669640689654
-0.98616634494882549
-0.7793200572031348
-1.0756098651428954
-1.0347470636278846
-0.745431733838269
-0.93525239480537992
-0.67684251709707943
-0.66663071301181764
-0.77436233575601376
-1.1514452390896204
-1.0205834579704536
-0.77340265865807367
-0.7633079768500376
-0.67693189231266337
-0.80013458979028906
-0.80328699135121684
-0.74509136366851858
-0.64003449844245386
-0.91034467370393102
-0.62677967290594327
-0.67547209358664595
-0.86926900091458392
-0.80073921495857114
-0.8133405713571531
-0.87525735247813929
-1.2666530156205424
-0.64123935711183322
-0.52100357928892294
-1.174724966393804
-0.81845725020131554
-0.89207272379944624
-0.59224762166689904
-0.64140895435729028
-0.73289819503420195
-0.71357439936015898
-0.548410941650052
-0.61536462678786696
-0.81188511560606758
-0.9432263664449676
-0.51621364265601677
-1.0822835714811982
-0.9209023947424263
-0.73189034074077031
-0.9395111230481038
-1.0526633039289139
-0.76809365042619526
-0.84470901362608153
-0.82051714039121892
-0.49573506891147073
-0.92856055169967877
-0.75993880221760235
-0.68727444644465996
-1.0499730715039872
-0.77048637874244519
-0.54543641587690939
-0.59324953918257961
-1.0394932384289399
-0.76216860588768987
-0.82723363477887113
-0.7062152854158148
-0.68419110279684736
-0.56638992906358432
-0.82937148632450997
-0.88705070738927372
-0.85845880457534229
-0.9879489869984015
-0.94189909184174991
-1.1849899247808144
-0.46349451150286564
-0.89700201327637619
-0.42552968004699238
-0.5750999461867019
-0.82277012027061436
-0.46653952413967237
-0.8662396124109194
-0.64892117928872917
-0.78947732413694605
-0.35010157650604468
-0.60349229930142301
-0.51458757109301734
-1.0873239255792295
-1.0263650412063388
-0.67004795991557065
-0.88144166145766645
-0.96681216241022716
-0.70759302820678915
-0.91034010266955878
-0.84631331498574691
-0.86750560988320524
-0.41363589788814387
-0.85166579870936132
-0.60033186683649042
-0.71854314549816678
-0.80508948100839761
-0.7707529893959596
-0.74147900733935967
-0.97059487465729988
-0.52283430808080389
-0.75438280524366896
-0.65440249292227737
-0.94349827682525178
-0.33360130531308496
-0.71159391264028093
-0.73372200970164259
-0.66537784036723213
-0.3778704616366379
-0.47751439532643963
-0.52416689137041583
-0.7138802310392216
-0.65955914769772639
-0.69650871849633866
-0.61751094204526213
-0.58641405782257217
-0.61307556248143047
-0.72191999381328376
-0.51699404527318993
-0.43017462341654289
-0.49722337225991609
-0.71915407648161245
-0.74629448886962868
-0.89567466275077245
-0.26194389450153333
-0.96844085847798711
-0.86975219113712987
-0.41202088025433897
-0.67927089037023292
-0.54845790211080547
-0.81073725186586421
-0.69053534145325302
-0.80653933922446508
-0.91692006345893884
-0.70350150766336617
-0.50903178447778652
-0.35532855014625037
-0.6670857317118235
-0.79928694779114029
-0.29785021718863436
-0.48824905216047054
-0.58938802964923276
-0.37147349220891296
-0.65960027877108862
-0.51818963911375759
-0.59449292724428915
-0.65707633041739044
-0.9059229382270787
-0.46950207425107671
-0.55925943482988738
-0.5943856720151236
-0.41260156291618433
-0.44210339751343897
-0.38211229178098877
-0.53145288492757614
-0.79074701809598047
-0.43740884189152668
-1.0076808555256636
-0.54257193999371611
-0.64150789496346439
-0.40648857343479766
-0.55266517489282496
-0.57735528289329652
-0.64633736331915737
-0.69323681132942194
-0.43309191023145577
-0.8907644163688988
-0.7483300665956818
-0.20254276761568002
-0.52401145692292084
-0.80829779915200506
-0.47176355903499639
-0.84535728931854048
-0.50284697242260545
-0.81034474546370716
-0.91329514323911742
-0.42516319127311492
-1.0131792774124244
-0.34909004554077699
-0.48649135204586808
-0.7054349953093022
-0.22252182405168816
-0.56165039289817287
-0.89945798657275
-0.87014888868276652
-0.56797526112527763
-0.61321713894866459
-0.40845661266439376
-0.36829762397429411
-0.62615793803863062
-0.50492988835304364
-0.40872929986751849
-0.54355763146718061
-0.55582528278590038
-0.25277672331828377
-0.65048219545960562
-0.20018279662179933
-0.49659516910139739
-0.10512749536439549
-0.20283580460033152
-0.37699765812091424
-0.72949472323307285
-0.88030550289761123
-0.7292009015078551
-0.23993949090024191
-0.59756873219030893
-0.57619262188584286
-0.28603361163288049
-0.40962107022380295
-0.75573366862999902
-0.53753566431916877
-0.50059787861031035
-0.27981565618655085
-0.82599046131285947
-0.35787982905874921
-0.46961385400529704
-0.49001104397556872
-0.4372464420123921
-0.45368473698435019
-0.47658283355218689
-0.36095520718125912
-0.22380355012749678
-0.49659064089646787
-0.25399528037517261
-0.22498249760222702
-0.64165937390589767
-0.38671113716477618
-0.46142459885810944
-0.64169800521813802
-0.65216210989164503
-0.57950791991342754
-0.077027260800376723
-0.26349990951599195
-0.51875959320215814
-0.58917339711675676
-0.13783339878415193
-0.47265495788624817
-0.50855884105727001
-0.28958629883758974
-0.6169530732979035
-0.38715416557651416
-0.14724809288032503
-0.31853870344047641
-0.51254169693187279
-0.37450334502818167
-0.57862761398977669
-0.28209616966052709
-0.25924444160672361
-0.68909117951703913
-0.55066508717871532
-0.050379543556073984
-0.51438863927616507
-0.10389120215266683
-0.47847374938367448
-0.56978228014008026
-0.2366373359365313
-0.54448254611313651
-0.37446373787139881
-0.22955028347382861
-0.16513082399696105
-0.42013475491572422
-0.63648634050668607
-0.65963017299779736
-0.43845045590112564
0.00610718683923985
-0.066766478266568868
-0.10960987566744348
-0.62125626708002024
-0.41433003258933182
-0.68439716938189776
-0.19204145383852297
-0.57438050089703807
-0.16569529642621883
-0.21809944738801593
-0.35302216638170142
-0.50547634191127444
-0.48184290305489436
-0.055522520156432019
-0.38175288073260716
-0.30879486514673998
-0.39402147212437399
-0.21526565128634254
-0.39963389923872017
-0.30749603794690317
-0.64076247502529549
-0.39782024155162288
-0.032411900194602439
-0.17534957678086119
-0.44717649882166377
-0.1009313754382911
-0.27007246462138496
0.03862776777006046
-0.064382815351838985
-0.34768922197961966
-0.57326524150661795
-0.32416583753493822
-0.11797970075341505
-0.44797492292828228
-0.25924172274642915
-0.52761890267185552
-0.39586218875453216
-0.60250178125351017
-0.41879615734892406
-0.016574758250067684
-0.3031547057991269
-0.27217451093651235
-0.20728663562300051
-0.36618496380782511
-0.21501885707689597
-0.20704860376559531
-0.057446835076255136
-0.46600210841041295
-0.53873505548958156
-0.20192336076017103
-0.31012866664951599
-0.4732437612793513
-0.62570368553490918
-0.085631263903326746
-0.26104997241847672
-0.12647509356604683
-0.39569761343175003
-0.21731066953987155
-0.15019895110495257
-0.26577319135177857
-0.25833233549933332
-0.33779653135461946
-0.081559470582876686
-0.53752517796422605
-0.42364168896566201
-0.32606454342156288
-0.38755182465005938
-0.50135800406091435
-0.35455732492424169
-0.35544555663330613
-0.26474945433334923
-0.3349008539666431
-0.20645841794971267
-0.55086636443772985
-0.44710079921169332
0.2024119492428163
-0.078909155013718618
0.03120846861905777
-0.35018500031648908
-0.011034230652503472
-0.18880520841450013
-0.2178972456690918
-0.11873494850733116
-0.25212024072251815
-0.37347385699277708
-0.14265379650040935
-0.14957629565908104
-0.04835864645120997
-0.35060130540583134
-0.24390544292450855
0.18291971412570748
-0.30994115774725006
-0.063662075690986128
-0.44928837853436576
0.14493064050660337
-0.11498058231155187
-0.42437978639428986
-0.095884511577032219
-0.019842701149405097
-0.033079842531523095
-0.13146016017121967
-0.19197735141932537
-0.12909049046967397
-0.27967840148391765
-0.12531143431905989
-0.28510488921493782
0.1990935409904418
-0.17742487454584879
-0.18211707106401942
-0.04284709819944648
0.20660301160539774
-0.070533914088067459
-0.31788639618715314
-0.17903292123363998
0.031143439976776915
-0.39266414834491631
-0.60214268492790446
-0.11204100807831827
0.1680425796947996
-0.51986303127860656
-0.21747438112018061
-0.23811035926842691
-0.07965494471544296
-0.3308049697661366
-0.31215475694822781
-0.28449999850221469
-0.29857542310517687
-0.25836927578294794
0.02636700702946828
0.094856649092946013
-0.36110170923945067
-0.059390897382222765
-0.25913215447592231
0.031467987114722873
-0.23832438392750691
-0.25778628810314541
-0.21822645849623815
-0.28069650891497377
0.46230889984517992
-0.16860074080238702
-0.29233080999573974
-0.0052252014193175916
-0.21669139180136049
0.1084577065372556
0.029924484173674173
-0.021711481024398516
-0.13773406601681432
-0.080699306368381948
0.097759023527048419
-0.19507547966977468
-0.027329548345353654
-0.2562484534795581
0.24021931383773901
-0.055705691169739995
-0.20281345930961522
-0.10752106572149793
0.031788111957064935
-0.041380425741648352
0.0075480626098340395
-0.23761011998952503
-0.26725011041703395
-0.28775094250434768
-0.56773553338879978
0.14485842514775535
-0.073951193820631866
-0.16416271349129927
-0.078509545673582579
-0.18891981577671177
-0.1117866089252478
-0.14168781060009172
-0.12624435632290457
0.1226901906176065
0.014976286926122864
-0.36740771186285048
-0.54266435553668269
-0.020092812594465988
-0.27159782421722073
-0.25757374095778812
-0.040642234782259951
-0.027446597446750539
0.1001638608914672
-0.099521048985896518
-0.38932488254226649
0.082624549333781244
-0.40712207216494006
0.19588863898137754
-0.32412463974194111
-0.088356936217729387
-0.18484041857172126
-0.29402848565904127
0.14911815136095505
0.087770408996915059
0.022667019064313169
0.1872105747523051
0.09211582510502031
-0.086549587348305174
0.13188100574654227
0.18180539165699355
0.053275378737411422
-0.13590887404760768
0.15796291011880809
0.2784756809145254
0.34980032439297276
-0.016898794609193874
0.032134548462339256
-0.12074649512653866
0.23438707660129912
0.0023653070590722042
0.1602983010089066
-0.15197606079132561
-0.043604294890540241
0.24271740113457713
0.48695570888175338
-0.095518744507875286
-0.012933097580269712
-0.055132297182267892
0.2743047425026216
0.22236404800584086
0.10993591204934314
-0.0033845279632915568
0.14175121985109693
-0.074874205492058477
0.11543085492625499
0.023869032049847281
-0.069804169649775469
0.040135463070234446
0.3208734501506299
0.031692410746961788
0.1759855099889101
0.19040911377155928
-0.018577207513644192
0.33378259156053081
0.050057768748330581
0.21151079109218421
0.11929299526792818
-0.036899551336382161
0.15607171863380745
0.41994800149661526
0.043997345401069664
0.20640457095208534
-0.063231892433120038
0.031799800392887496
0.14586852453192323
-0.036914629305279195
0.13153164410194484
0.27770875778175946
0.09118779927032894
0.055486907067595126
-0.016511779435454638
0.46636501529763563
0.089058379975490154
0.14110369738965264
0.3734623284721435
0.053485668866622531
0.22395445627950239
0.28717251018540918
0.29478290504763971
0.1741547601842616
0.10021324782116628
0.30917083516548455
0.044152409890381397
0.16484877229136843
0.084555012351551023
0.2624451640853997
0.24088186976162868
0.082249549888688669
0.14638186855985477
-0.013869540968064144
0.069633594127263596
0.38024902783886511
0.39431310034396355
0.042174823592214368
0.020644230108064793
0.46114201716684139
0.35047595972153789
0.52089040338168713
0.49535333529653003
0.23292397146199176
0.34842216581872554
0.08083297840631426
0.27799105143052377
0.20699694076750708
0.32115553181151973
0.076879035952373803
0.09712933125890616
0.27666542868561356
0.17270759983185013
0.18075504467933681
0.18138003485198731
-0.00074577827871667539
0.31219268312225457
0.15870386726084215
0.62536064724359453
0.24082664170470419
0.29445902127438101
0.34007135522037468
-0.067865728531138564
0.032073169046435493
0.19854184701555116
0.14389825254707828
0.34661740739908392
0.42801464158655778
0.31716661845617272
-0.017055114637554967
0.10295443744873417
-0.062131964417409556
0.24904763321984538
0.098217551013088683
0.19414394142092981
0.077771097578270804
0.24888025551891646
0.04359804323270864
0.67561760237994017
0.65838851854794922
0.13100015125179409
0.066711140849470038
0.36527537865875781
0.21886329046833006
0.30166429990176463
0.58560452066263913
0.39137100451916562
0.28018800935733029
0.22655067679127044
0.50562738823572517
0.39390646425800091
0.41467167324887327
0.42332199590979852
0.68829150923871818
0.49674455808648227
-0.10662267420273035
0.10443910799904771
0.27017616026280161
0.069104310648129677
-0.053626972679437321
0.18024895784515244
0.47394377122426851
0.30240416911226159
-0.080104725870550661
0.25357163817776435
0.27475901475243719
0.064601041245937144
0.31573117042140969
0.25867247143808009
0.31508854133468628
0.25113042504372057
0.43739583637009161
0.37289744692827248
0.35747363435513196
0.31023663758554798
0.33713538815056948
0.57057769097975741
0.12189908340303671
0.07747833232003265
0.19783459382633531
0.55666948695523322
0.49310113627662688
0.42277425029179688
-0.15307210095975471
0.31600467913207553
0.547620100127442
0.24073299715987995
0.33772781571767874
0.47563853292136549
0.33610265240173243
0.41571937123288832
0.50836039969693025
0.43752327562748788
0.43950345911540628
0.21605294500230193
0.39606968918417329
0.47293064081553216
0.25891754195338867
0.0081484535358879191
0.2444654961826668
0.09301756054854432
0.58770393412593103
0.54734933200785874
0.015565652495972334
0.21742824029974295
0.45825379155072365
0.43320326010952498
0.38567253396503809
0.574446687006409
0.28560314931361908
0.21685111315295383
0.38051856399008277
0.11887791786781877
0.77884068451458011
0.13020131632123569
0.54191694115685707
0.35542961019464059
0.14164884802382693
0.28508889596215231
0.10013327041042795
0.49617109471786519
0.42856971373166569
0.34191233064475607
0.42553864427420823
0.36109256224940295
0.49345444849066483
0.25730355297128898
0.38534317487005931
0.22946442768662845
0.13453673781808065
0.041988677186679382
0.49682190126437414
0.61673717007904005
0.54555593910168709
0.50223662508893729
0.37928474276817331
0.23547878766727215
0.44839492397005498
0.34828847502705262
0.26577143396264491
0.38434326713537242
0.70333545140081866
0.53902485445706938
0.6670921641783315
0.34931658427280221
0.55377974057003587
0.50470183114649347
0.4810242937390336
0.58446977439021142
0.25015220639875035
0.8417830255081622
0.42781769872286562
0.56328930628598473
0.65172623596832702
0.37686797239826719
0.68920698800353108
0.63178105139282348
0.63938985044990915
0.67146732260991848
0.34309891259751485
0.30691345430253708
0.59001173261752582
0.56800255298482427
0.69923502487741962
0.55550031347310436
0.09468918075282648
0.77986705534089618
0.63519685289613992
0.87211370012217826
0.51220214117608065
0.25633788795924584
0.62736567984085445
0.52038135614132275
0.59363228011992175
0.83763150135931741
0.89222627987772585
0.38986566868563038
0.27082166803397589
0.36289015150032489
0.15884375968706912
0.29771600966871387
0.50140368426063642
0.67016052513341773
0.22533741708977376
0.73535213651112918
0.39394657751550982
0.5133980485418701
0.93103098268475515
0.70723989313620084
0.66808596125170294
0.24216198797975491
0.62018042926117511
0.49187154830533669
0.42221171991258827
0.66014875081226831
0.090413850690212988
0.63764830786673021
0.54802756669570418
0.36937802050421131
0.54200184745508884
0.10167376538999057
0.52302212684180849
0.6686160050233757
0.36532729826860655
0.55687578159767503
0.7655112417312202
0.31941458520172394
0.42312730446746299
0.53761794096671556
0.523545225856487
0.54747070403477449
0.3456443024678903
0.78617323822200558
0.74683502222580811
0.30899694781290588
0.50322171985253827
0.66626272425176947
0.7310929005191511
0.66057882127041512
0.97604330198216194
0.81219250629767403
1.106454016310743
0.2640885571426817
0.59834002689837118
0.73142765761769202
0.91220244642009018
1.0113274528533394
0.57103462997998822
0.36033325969766511
1.0614354304456273
0.52363673976553882
0.5128785902973102
0.64953090381312306
0.57990825591522688
1.1194957466033149
0.64359515037374182
0.83658529757919176
0.5568819015154558
0.94280226323746441
0.65635330300415284
0.66204054644865584
0.61060901401161971
0.67497011815308805
0.62763791886459708
0.39114101834437481
0.60735868923288017
0.80311704665133565
0.53422850669971578
0.37903090116394555
0.73905072874678723
0.48592142783062281
0.624865521580104
0.59914719697058205
0.51834005455120158
0.49219767642396867
0.56556393534820115
0.37831485853426661
0.78713520683520288
0.67971163913498212
0.5477884358202465
0.80827004076712949
0.94031400098975204
0.55607159373770965
0.71799897566349824
0.34865162679928791
0.66884711474971514
0.7744849330988488
0.7452960881759001
0.85190375230510873
0.8943893577182549
0.54918119160856671
0.7571787195982681
0.75097829069582089
0.76126975731334467
0.79322276384868651
0.7237492580221121
0.70483274917064997
0.65852018911826748
0.87945420992216028
0.98362090188976647
0.70535007556980722
0.63201825991096616
0.57738213398123939
1.042511364957208
0.71211266932148543
0.74030040937052466
0.78864018927844526
0.92190503330241391
0.81109733614957735
0.93996511539893368
0.54127499547280378
0.50740703498193107
0.7426848709091336
0.91026690306564728
0.88320144761078279
0.64298341037527562
0.87142777588189535
0.60202234615531869
0.80993189386288889
0.8102264390145415
1.1946658195668243
0.65718706488050393
0.8226875196046548
0.66762504099085096
1.0084585255662817
0.37149089102318861
0.89183898229417691
1.0051250144827284
1.2493488462944333
0.7673508133653929
0.9710774419888657
0.67621787940332234
0.86055835908862033
0.93520131644480642
0.64408600615219058
0.82877634561565061
0.89979885063867726
0.71610249267671089
0.58869926554268637
0.63042372658187318
1.0695241137260114
0.86797718761576692
0.71030564171211785
1.0035086308438583
0.64818945755712443
0.82103640841492842
1.0275935862710812
0.89864389187829397
0.97578190113822005
1.0613091230621747
0.84096447125350826
0.74937888198377478
0.69784003435933284
0.73425572682368268
0.50405539159166879
1.1656854458611055
0.64281308352878275
0.91092235258836884
1.1152927110045376
0.803215806950769
0.59562161441954653
0.67544580537440058
1.1141458653847358
0.75781266447895557
0.93523033055817162
0.91200345102056213
0.51526166455154088
0.64419709968092564
0.87660080057521172
0.8027102863845138
1.1072476513542309
0.87580732487202562
0.77186756972799553
0.8184142400018205
0.6470253072102734
0.77178496396709984
0.87650543810954773
0.74525732073363082
0.69477589626807434
0.94791936921607056
0.72613222497245522
1.0043775767511869
0.79042451146378379
0.74055302445541049
0.87228940515610343
0.83031216732687974
1.0718579691755041
0.77087905059502648
0.91964760670570234
0.97165810034296274
0.77676686307147302
0.95634998828948437
0.85230820337622781
0.95582749753107654
1.0569283884036649
0.41402987132209068
0.86894566096597392
0.79628275385502945
0.80796389786973122
0.91326339486656805
1.1094396692220132
1.1368413802641166
0.90763717503674346
0.69206848611401728
0.8243722303253167
1.0102689448050699
0.79462982680006233
0.91173585961571202
1.1410243510097193
0.97649284135963432
1.2502876231501305
1.1251055980874731
0.69760435545856758
0.6232728911016685
1.0903376557687228
0.83792320687809829
0.73042205385517767
0.40582890168951075
0.84868273251349724
0.89453546705345433
1.2480662217384102
0.8091052250318036
1.1327327940699876
0.97795986385629885
1.1366831626639793
1.0862772149202915
0.95953318952171163
0.86463803704313058
1.2543323091725445
0.89492918963693813
1.0465959408156875
