-0.52995392794950746
-0.88684737704333783
-1.2513695989388303
-1.2142142548217474
-0.92076639840069374
-1.4292302391507696
-0.97821800626867705
-0.76841622151542477
-1.0534378554213213
-1.0764723942235193
-1.0311191752959743
-1.1735274197048602
-1.0866879020619422
-1.0382291239321446
-1.2228637285683892
-0.99866917496876273
-1.0782144298640066
-0.90809647249992942
-0.86346530550092837
-0.57130998244722231
-0.80295170257950088
-1.0436072054182541
-0.80107447738454773
-0.76293553124498481
-0.96437448757534239
-0.92824680545461147
-1.0617403014635629
-1.2044982786581193
-0.76110438436614614
-0.60213992749745582
-0.66329415757316657
-0.90574908110868124
-1.2110027481077354
-0.98768729087559026
-1.3285424699837267
-1.2146779547470825
-1.0537833801191425
-0.75351566196198716
-0.82759025459234725
-0.83262643936970226
-0.94977562682813998
-0.74282060265170091
-0.7586657703535874
-1.0129703499842377
-1.1549718299093903
-0.59616744250874454
-0.62477506312774744
-1.0308002749383403
-1.0297058767622826
-0.96173705248767638
-0.86198382138422858
-1.0044117160517907
-0.73669687289440555
-0.83726160969426278
-0.85488074103251999
-0.70603732415214171
-1.0258567951088937
-1.029201888443795
-1.0272341925284656
-0.6832223919749677
-0.88023785861136883
-0.91206037749433111
-1.0880394812851304
-0.98785917090667819
-1.1044161846752347
-1.0548553675821171
-0.73719051011063896
-1.1357440057874921
-1.0798757853048635
-0.71175398362569742
-0.69157078945231065
-0.67592274477948455
-0.79714312441723467
-0.98144510597802836
-0.91927225790480105
-0.81706637585019493
-1.0602947666474847
-0.87586500667769451
-0.49107473093416371
-0.84610129917909316
-0.94300246940920196
-0.72367987139566503
-1.0865813835492286
-0.85817415716579726
-0.97761254339141768
-1.2522682153459941
-0.75393704569472297
-0.6219943117258544
-0.7059917053064757
-0.93215955713071919
-1.1511231335239429
-1.0635051506192361
-1.1030155671026014
-0.59316234433977844
-0.68868843655709178
-0.8916958503012361
-0.85333863426700263
-1.0944831176320831
-0.6304731721358563
-0.63338382273927119
-0.87805399915341587
-0.47897972251603721
-1.0965721645788
-0.74780548520378987
-0.79035815418518052
-0.70047013586627738
-0.70357581886798282
-0.79290596683671655
-0.50359574970754473
-0.75122838057177677
-1.0224006888915416
-0.75892706668928078
-0.83750521375548348
-1.0287954597863824
-0.75606387892947458
-0.9279035613163058
-0.63657025207336448
-0.47858728571100689
-0.6730163551951972
-0.58445414177486599
-0.71723199266242532
-0.7238074241315382
-0.77053653911974362
-0.67827633203409732
-0.84525226778821494
-0.82801768111690255
-0.65474202654552716
-0.78563068939874237
-0.96580586055316986
-0.6164012539021414
-0.55040888225795626
-0.50195912982744961
-0.65021377520185097
-0.71016990091934606
-0.93493338878380561
-0.8114642426255374
-0.62842295252849567
-0.17621823431921962
-0.65864514253017092
-0.75829408083053762
-0.66416838152834368
-0.56515627040216398
-0.48384969780314097
-0.47612056750260823
-0.47385822591515037
-0.51208078793331646
-0.59108483977091764
-0.90645525452051223
-0.84830034677106525
-0.53219288578692725
-0.88096070495615031
-1.0015372360017387
-0.61361225838257383
-0.32678675636932286
-0.57960244682888373
-0.58064734786371486
-0.45636384468025681
-0.38514883726648169
-0.49673800737206847
-0.74062962107302788
-0.72177072004537601
-1.1553515702082053
-0.83043516533638517
-0.88463518938965657
-0.65323146862163695
-0.80063893044767065
-0.6219882042336321
-0.97502749932382826
-0.87311950505846037
-0.51821572184992348
-0.60548173120675441
-0.59469289506543555
-0.56503754128515771
-0.51412799393913888
-0.55636805524514998
-0.71443870461227921
-0.69536694048257408
-0.50491441420561622
-0.84175536122104955
-0.4283529781114403
-0.36801760366661146
-0.76187124994688837
-0.49595017997128693
-0.8363678189166972
-0.37459476408729553
-0.41829222119904869
-0.8354147325881095
-0.33454327163041586
-0.38663705019884897
-0.57939583915451709
-0.74046709175140923
-0.60794993973974265
-0.80737334450183162
-0.44179797299524048
-0.67206341046814067
-0.51875879334332409
-0.55949388992352778
-0.85135820182959854
-0.8895931872608166
-0.70549623781002868
-0.77890711928407508
-0.60762332356741733
-0.74398137410523513
-0.46809950518644194
-0.45703566237204102
-0.50567594669502836
-0.81351829715211987
-0.80217508802714232
-0.4585482044063523
-0.59209274481690988
-0.50337186144387702
-1.1591143337660461
-0.41444645756766541
-0.81427695408187295
-0.3512260312550825
-0.47721238933229138
-0.74692050941487198
-0.38203588234474761
-0.27872398626630684
-0.40411309026866099
-0.6050845715841231
-0.62104472887760109
-0.55554375918066479
-0.51768670734238365
-0.55019902457986591
-0.64324505001183563
-0.3538933680768015
-0.53852995283055072
-0.65243248698731449
-0.47202323183285716
0.03044810773507579
-0.51929001830597643
-0.30198111779449283
-0.732998360787119
-0.5032995444622228
-0.4230141851987409
-0.449551936364048
-0.83610006311860852
-0.49363377342195969
-0.55409396713086623
-0.40544101143016703
-0.37173279670580028
-0.73694455135818915
-0.86300669753375014
-0.53746391767479917
-0.63762767895530015
-0.65436449579854972
-1.1246183064929178
-0.44014123850583481
-0.5431912440636022
-0.39467945589126829
-0.52741261766742986
-0.80063220052292461
-0.57743785017344884
-0.45387254223141066
-0.43456818826749799
-0.76802302713615767
-0.5182881919074166
-0.90021703773171646
-0.6665788021032204
-0.49858394767701741
-0.41211161072087477
-0.20583411275926344
-0.57053412212182453
-0.72218590921376924
-0.39978234970047211
-0.64474640759709723
-1.1384580210038178
-0.51258451603261146
-0.41562488098260969
-0.59346767198133588
-0.39034100184423443
-0.55811141204092729
-0.33290725315435366
-0.56408531338898926
-0.52310939453324679
-0.1477463619328403
-0.69851034324614458
-0.54956771475079635
-0.38870953377855078
-0.57766799748917952
-0.018722634276284154
-0.20010217751178877
-0.41507417136662045
-0.19127893892060091
-0.39219991016122746
-0.11298403302730019
-0.079923410930530805
-0.31021244454660829
-0.21289532444300699
-0.21606800469039303
-0.14508759448314709
-0.1696929226127068
-0.24344748204059882
-0.38444033993595511
0.07078423283806122
-0.67223680030766741
-0.10853907723671716
-0.40749832021976495
-0.18053394861148112
-0.47410270128693938
-0.27877474570590927
-0.28164932056084219
-0.57062354634696633
-0.50880041943777654
-0.081776853213382322
-0.47076698436181003
-0.12950149365089175
-0.51216146594444245
-0.19760648944290923
-0.11797786217296433
-0.41533764875793572
-0.30627846095121619
0.052629172517422364
-0.23310957426469731
-0.38871774413023558
-0.50968943486246332
-0.21927968290712938
-0.50177290172606848
-0.20491813633229969
-0.10182435587836038
-0.13521435488473307
-0.41583387199532651
-0.5343403762136647
-0.3458616085357954
-0.32443405462648595
-0.14776329560401835
-0.4272768451947746
-0.15836283564012996
-0.23628164802311244
-0.30760213648347801
-0.25258791491400467
-0.37660895130136579
-0.42155739793002417
-0.33197797282692204
-0.35438649978483411
-0.46162510377477717
-0.17330383721444476
-0.41036278325745701
-0.54755073652414887
-0.28872752296853138
-0.32999021596037231
-0.12863068322004678
-0.47999521332513212
-0.68752605403747247
-0.30562335792931972
-0.36463273150731201
-0.20075716035847838
-0.27863607224815273
-0.35833773537772007
-0.37743920941213555
-0.43707693162639832
-0.56955661921112943
-0.38211397657356411
-0.066432441776583626
-0.35159490224089335
-0.061797399334050283
-0.42231761113455651
-0.51134848039606551
-0.50588035453863178
-0.48470653383572948
-0.40216479922155773
-0.3834617048978205
-0.60537569123806267
-0.17539964114561443
-0.88809315621704266
-0.26447921369518934
-0.29022357296041251
-0.44933938530213458
-0.046663476740559026
-0.49984611229297232
-0.24355046699202121
0.046003354450036234
-0.053291257577307814
-0.3698450040361525
0.072586627804866258
-0.40808155300229693
0.16663022220462728
-0.11379082747489587
-0.28951871965891463
-0.4494763172404217
-0.350304824452288
0.02833928708698475
-0.29567273766087349
-0.50168879270677103
-0.030839784431138516
-0.23829795254118077
-0.36325981980559091
0.066967702029516823
0.0083358556829926916
0.14975225214535659
-0.18316655147380395
-0.26629371352695358
-0.69858285707052725
-0.14098731640858653
-0.064876095947321716
-0.36538658109882044
-0.20266124906195698
-0.41095352482016573
-0.0065231506708159186
-0.15514687208289879
-0.12784041609940267
-0.35353465386561833
-0.14516058424262776
0.19569271283365272
-0.28747827852754398
-0.31776762743393805
-0.2414794800280019
-0.41365816504120634
-0.13240941608295287
0.078828170090427072
-0.6605265309749222
-0.27826271333800223
0.21610882760385158
-0.41580127265640293
-0.32542577293388703
-0.033494759453141947
-0.035428983247412907
-0.24663825060555367
-0.28687988191236424
0.36745671103445271
-0.43218447074644351
-0.29573792613665956
0.096805416296821059
-0.20973896314238519
-0.16330272522389785
-0.13554822886945456
-0.53749296304109895
0.039386393687235843
-0.11822906602409476
0.0028795335135870345
-0.27280260122479583
-0.37203157788064284
-0.14556930218753461
0.38897375325836486
-0.058308866649773861
-0.11979987505360733
-0.46749208138071191
-0.21939656837793636
-0.16268885034157565
-0.30850200919246568
-0.043743810085100338
-0.10714496011442462
-0.38965668281840804
-0.067510571976015898
-0.081475989849983596
-0.30455633622239814
-0.39515962764928952
-0.088088694863098629
-0.42206052805735317
0.039240132110843026
-0.087257258082646671
0.11265132239544433
-0.35104185821254674
-0.1129131786014315
-0.049744041638451933
-0.28811721999117507
-0.35647612589762401
-0.24613897625429038
0.13327134602968599
-0.19115190463072032
0.094105994991289674
-0.16588116373682801
-0.37276072313095893
0.16982759865117383
-0.16335879013306856
-0.21856992589891069
-0.059282189874000281
0.03959873809801745
-0.023915919031783663
-0.18109425882214081
-0.089217400569821109
0.15511354177487258
-0.39787953060174985
-0.24198774761106404
-0.30883829911423605
-0.12848636714352746
-0.33356708286464432
-2.0142155205673373e-06
-0.089867043980622688
-0.15171871867092779
-0.014541765744757559
0.088034848209642039
0.27786862865942874
-0.050999742071059541
-0.24758499218774774
-0.28594311973473974
-0.13284789755794929
0.012503809376622068
0.029947435989146103
0.10611477000799872
-0.23716407031874606
0.094843240875806062
0.010823764507049428
0.2699831447555362
-0.18434207487030344
-0.0083327601357558716
-0.018407369667517805
0.19317911252500886
-0.2736392252135027
0.093081903946780856
0.3689266418443905
-0.26299362173325058
-0.21975993474123309
-0.02129256843387628
-0.29477895004365012
-0.20360439425608204
0.15843363216117964
0.28893706588817941
0.065131439310795014
-0.00094755569649262517
0.31644896059562444
-0.2512959587525419
-0.17998540600509152
0.20573825120220637
-0.12461647986931396
0.089322896586656084
-0.060683020105277687
0.11990974467086565
-0.11634464828448059
0.11177625506316363
0.25695910453823045
-0.14315341077331042
0.25375152894819475
0.062001332038581991
-0.17863270005653675
0.013202025022342375
0.19704612058519985
-0.017602220273966882
-0.16344526986047131
-0.10122201989551589
0.23347796525148629
-0.18440424831383964
-0.14079883247876962
0.027828069954820643
0.23600164524907832
0.20697216376260552
-0.1622782095842483
0.21900802248411128
0.064037580045084613
-0.014051218337680881
0.27607770857271657
0.13548154807147639
-0.08305404351541526
-0.23379101461290133
0.23758313519650365
0.14340330341340732
0.39420765497094296
-0.22273896590446404
0.06458379570047991
0.21662884243196856
0.22397615369003065
0.1047647940233203
0.09319264028187943
0.3833558853283221
0.18612990782413102
0.41243090589117931
-0.0060756457558024538
0.11561506490529429
0.22871865612830558
0.10447917014890663
0.05525044016643145
0.080813974422122528
0.22922341129821375
-0.015754378802000334
0.17551021239188516
-0.11196945150063273
0.05689841324472749
0.068364517153237686
0.45558655494682865
0.4322907929208627
-0.22860685796341801
0.098806288246137297
0.045513266339888447
0.095307517612777448
-0.23356282795877864
0.19208108170801613
-0.073669331333785629
0.16565057813309891
0.22284724485572441
0.30318335747606912
-0.076019073516980715
0.34561567243478508
0.4060101537056664
0.12124824950850914
0.14011960072422242
0.10395296778366987
0.070456937965112057
0.34467941945173791
0.36805429469507878
0.2894061638505418
0.38636848294914877
0.18750935447919659
0.095718312799109112
0.42159206110380448
-0.32224659683539436
0.15369176903129228
0.2343435724141206
-0.2146249217721978
0.026411435446474413
0.58477785086233725
0.37751832286895198
-0.080100391051916672
0.54814089034693592
0.068350970981569004
-0.1981319332878938
-0.049699021346382058
-0.023595102833485353
0.04873309811490352
0.23450015004970123
0.54371117921296686
0.095810118388974783
0.27630812897969181
0.2463915959162577
-0.11926656393848585
0.40493499725429549
0.013732689208974755
0.22060275319265338
0.26285251182062097
0.5258861681040754
0.28100825613832747
0.22889451202885636
0.46403541252125613
0.38509359858563147
0.57784151053996158
0.28340094859117482
0.20341276567220901
0.22960325753012131
0.020428997311381432
0.010421137803302461
0.69958804651275575
0.15595266422706969
0.36843067415062952
0.58800469087653007
0.28160616401647176
0.5182056789712397
0.42760485783993418
0.21944354324026
0.49950044566477553
0.34197989377036836
0.41438278767207426
0.13556315954158232
0.50435586309088287
0.62952665956446852
0.50101108514150694
0.41840954864915142
0.29365711961062352
0.28431182581263448
0.56959114854995685
0.43934897278020119
0.63759027879072994
0.34031242282797225
0.3461506707235118
0.31890660151407407
0.17291196555100649
0.23576973925451242
0.18181960222525537
0.14352141519349237
-0.056288504471463066
0.50643229660036171
0.54699891461002514
0.4363082554635912
0.49565998321843729
0.41595537536577315
0.48309079784115172
0.43109310051859612
0.35079840842288618
0.22708169569893141
0.44760712614212855
0.28106032813879744
0.21419174440140698
0.79093197740365717
0.5790096644939271
0.69541489051309313
0.29605740809755299
0.43797550181701955
-0.019698789796989122
0.21312387435608057
0.3259663372046897
0.23075770038342933
0.11522424772563455
0.40448246450567427
0.35662014820849897
0.35687047549770373
0.38525267000152175
0.65921644660903322
0.28845823307442686
0.10820507190410132
0.15578855413201631
0.30987139271958236
0.3173555383905875
0.31426714305675291
0.15448766767040137
0.23199787769890795
0.46926259880247778
0.0070374679041733381
0.24438192732516029
0.5052348392994116
0.4997123510979159
0.20134188828898805
0.38340260933579889
0.29847197195139014
0.080967414860554199
0.45285535001036031
0.45386331633215266
0.58368799272584249
0.45147010433919255
0.24018327597248795
0.49702979637830486
0.067291513187255528
0.28500336970099088
0.49806166464308421
0.3024423481316097
0.56344753345083043
0.30716049062459277
0.41236151241948227
0.46481890659780628
0.46143222653613664
0.5291980008633419
0.4714851951129963
0.79701509540024118
0.55511582277434213
0.69808554256724342
0.59045151871381107
0.37425842407280996
0.19371052448297219
0.52079470249732462
0.39682701747300198
0.66794407875003925
0.365034948713166
0.39275294019402501
0.41105255925324391
0.48131392761275343
0.33741434487483751
0.3804572201999662
0.6148901501264733
0.49193931155822429
0.46463892460341677
0.27433968892179222
0.62048468468243168
0.55580709621715718
0.18913072719762
0.52115710898658807
0.22142022680952303
0.5523240361771472
0.17870643587695595
0.59183116812961134
0.70494115393693324
0.47420205408678839
0.87470689957759351
0.39490289605341
0.26531845176313873
0.5106953372680243
0.41640653864238114
0.10993933660686384
1.0420780615405134
0.53784059354649527
0.55542293121285546
0.83881266478116934
0.93449649417993474
0.4971269912049554
0.24073143218335596
0.60082238002979949
0.60395645134308573
0.23812386962753676
0.55182006853600085
0.85143657081035384
0.28896023440975005
0.53361705488753108
0.48764037074423838
0.5843682745437262
0.69995610050803891
0.1930720300584513
0.65321489297195401
0.71436964913440182
0.14070890469338096
0.55717597908088168
0.46073532720185012
0.68375432130602964
0.44580267182622435
0.43522949620466223
0.29302537217654107
0.30208396751640582
0.77233917125595897
0.91469621313917782
0.52100802111819267
0.82711020111807765
0.11755649180737919
0.60265885637939365
0.61186325888668169
0.38744148467070882
0.58664395044053219
0.51568099671014656
0.63403874930947468
0.63493911113760126
0.68223024558536149
0.55005548802587445
0.90429085156623845
0.88624000243607071
0.66547242437633414
0.54619192169778763
0.5524669934564661
0.9262969196030596
0.58702677933638581
0.83004668954683181
0.85433790880838312
0.47655639532682348
0.70346736767367035
0.15383335976406928
0.72074038213721081
0.63310390898040958
0.88666759941351181
0.89011842819428255
0.57616197152365323
0.9288066933006206
0.53190893113861126
0.55695918384163423
0.5826651172553825
0.63560939889482193
1.0375050631146765
0.59810229056592812
0.75570981920286162
0.69606360854492877
0.74789891850372281
0.57973899935953954
0.51254888355497108
0.41980432473698465
0.64523641695211764
0.84710450108530488
0.77492104279490936
0.34076043357709196
0.30915455217337168
0.81748069351687014
0.68913621213329179
1.0985954566412555
0.57689931797895355
0.74272880557080168
0.81434584544522604
0.84519128888988981
0.45122763450305131
0.79827392789886209
0.74102982995352862
0.47691358494634262
0.97680889369302093
0.80567106082670248
0.57674169571626288
0.59337668661370846
0.98029131425888083
0.72358005016298921
0.59362437564776693
0.76087419149155133
0.90590904219390245
0.94454447687056931
0.53225329393761767
0.50995910772686714
0.59573701737043783
0.72910205653027937
0.63558485224145056
0.96450543416696333
0.86428088094296196
0.85348109004181916
0.91179531483337073
0.66311680145851704
0.95446139629190607
0.92255656963931054
0.68703865070069381
0.79628892337290347
1.0756384710401761
0.76334258692425028
0.71891442136546002
0.86337035170363075
0.603184142574269
0.81822815898600465
0.68881454272699005
0.70320153143599429
0.81613627905784181
0.69750458695843809
0.65737147313747268
0.90495871854210186
0.91264048434240375
0.62373922039422391
1.0022344666745269
0.8445425745912879
0.50552220808716553
0.57624920342430652
0.66930803675050465
0.47989659934469442
0.85394580754428318
0.70275539593655778
0.61162532678189274
0.66136539486281498
0.8843036075287064
0.69363610937300257
0.67781291491145701
0.44211740342422934
0.82519272808562638
0.84783227450728382
0.7518501244087521
0.86100469034043481
0.74688976804206253
1.0243373636839999
1.0690617045611013
0.97855475298506578
0.78265226116111242
0.77417845569237953
0.94289447848201491
0.57646452610621657
0.73061550696641564
1.0039302694487906
0.74786840894546702
0.99113077517960879
0.95252295175288493
0.91634576980481552
1.1153457434926761
0.82514064323372782
1.0644987994729345
0.92000200501646046
0.87710861767308912
1.2040557745798348
0.75587381595362235
0.89243785764366523
0.66500393348413411
0.66371765370741187
1.3284372454632756
0.71296221641821811
0.50289141842696239
0.31064340826318471
0.81189832660730332
0.97482513130165349
0.80116640520201454
0.7083530551482583
0.92062084873167593
0.96265128471999051
0.78213511394807189
0.99020791606888869
0.80963068613116429
0.65752045928631142
1.0592152866788831
0.87160526299953789
1.0888577056952036
1.1557688844018268
0.92366523502236586
0.92032323291970974
0.73860038981614362
1.0179330714375849
0.72954151867546968
0.89442310645562173
1.0739240093724842
0.84763946410038193
1.1918483843251153
0.93965790376896585
0.89664795482547388
0.67686555940241278
0.78175100720543389
0.97446781223027945
0.58298572355588241
1.0033946199972261
0.84492876829875907
0.87011959414841789
0.76468377984142288
0.88121526686525908
0.85334904694559466
0.98145955334969548
0.92334779986997118
0.89183822856360961
0.87457764986054476
0.92427040709610231
0.85559263462881252
0.9351448190744629
0.80657108503575092
1.0685570072933512
0.95399370146565354
0.74233754915777272
0.89154015506064965
0.99712975401103676
1.2618716091224655
0.95158170522880292
1.1577864712630648
0.90530440075583163
0.98972017101618504
0.93880353007767881
0.90874815798509945
0.80764943629445607
0.93937117167328954
0.63984270741496774
0.63397273069826121
1.1847928851280525
0.93618423049216382
1.1563435530904669
0.60828208842386078
0.67781171787431149
0.85370483177041778
0.93344011775434843
1.1551945027765766
1.1176267512934799
0.94212032010287516
1.1447182441261661
1.0977702799002125
1.4858418189463516
0.69850248699621953
