-0.76696597770892483
-0.75174109015296975
-1.1029407721202857
-0.75743600307203662
-1.2062929388647252
-1.0365647210501086
-0.76025053988942881
-1.1393040060030386
-0.95037473856273769
-1.1404189897727275
-0.97701953441002276
-1.2352817442724848
-1.0083016352132763
-1.1857233992904315
-0.78048853867137968
-1.0448780983361692
-0.92317938486791074
-0.89796588502030639
-0.85553588928154423
-0.73281987050122155
-0.95318183219912578
-1.0909770767369509
-0.93690418003842291
-0.81982788287252295
-0.68686257087145486
-1.1105991118160561
-0.61246939401700617
-1.0561891923717253
-1.0051569925944526
-0.87272302633291921
-1.2459623195166887
-0.54794942067029084
-0.90078166618428435
-0.9405436630257844
-0.99162410778943755
-0.93546529611565288
-1.089418955497391
-0.86538857754715637
-1.2182275630708441
-1.2342623116013838
-1.0379428212865203
-0.89302060256035831
-0.80235317795627781
-0.87042342360354508
-0.98880164741385745
-1.0448184403121521
-1.039399404962184
-0.61197264030675891
-0.86384510586473728
-1.2153627002452698
-1.1581802077992631
-0.59151722949724628
-0.69600905857329465
-0.9517600890192025
-0.67800004560165672
-0.73801591672067524
-1.2526278492536285
-0.71615683348490777
-0.89649629727161617
-0.99389499413660432
-0.9346654619967959
-0.93418632394261436
-0.85951802358053164
-0.74458935473683774
-0.85040532869848073
-1.1075181804165672
-0.82908814442466328
-0.99827258000820485
-0.63565652437895981
-0.67157697811302142
-0.76807710721084177
-0.62139301645257727
-0.55777701841344418
-0.87222796508689571
-1.0282457612003431
-0.83446808646398218
-0.53254271295014577
-0.79597462796975094
-1.1311960383214894
-0.67118584695941852
-0.81526702419949026
-0.81131036293299119
-1.0375045785863803
-0.82420297951168386
-0.41762949932443838
-1.050738042655899
-1.0264348649226511
-0.99583993930507131
-0.75662571958921132
-0.70762528986385509
-0.75407142765235025
-0.66436453125230299
-0.99897585692402657
-0.54566759627301575
-0.3633412809850205
-0.8459684148946629
-0.93189966035557004
-0.66288427124670946
-0.72150649072048334
-1.068024488415481
-0.74140123564575311
-0.77123435264555096
-0.93065434914537692
-0.80718159558576297
-1.0080743280805025
-0.74658528700226312
-0.72879746249330268
-0.89939937310031892
-0.80116232534881149
-0.72075557967358328
-0.68606119649473529
-0.7469645578390518
-0.64873953511903881
-0.66778014714892397
-0.82602298733466117
-0.81048024651233552
-1.1061111465109348
-0.50491641793161335
-0.50801743357544382
-0.84080098248455692
-0.82938563711940094
-0.85510850733849442
-1.1038695287649725
-0.61605777182062127
-1.1247431360441977
-0.84187111348553711
-0.91892599107200745
-0.58458088493224025
-0.55352814395169381
-0.64947776086790243
-0.70496491537128325
-1.2034725962295167
-0.77953561449349518
-0.56180139184186617
-0.88208626493018039
-0.85045760427207429
-0.93141995843596703
-0.88851987654296827
-1.2175986266333947
-0.42968868910528035
-0.55583499394343461
-0.67963317408089041
-0.72100041586152985
-0.67455715605608213
-0.72523982389554498
-0.91241458586702162
-0.90722252434842343
-0.85799737143271781
-0.30375888060529749
-0.43947142534667699
-0.36244355166472086
-0.51584848591717269
-0.85955734627562497
-0.87327626016233717
-0.79838910676710184
-0.63571305189064564
-0.84314536330603551
-0.73122206540307166
-0.6509802038968201
-0.50523798425428512
-0.60921909782597061
-0.89632907714182153
-0.61725261141936716
-0.86987575868516909
-0.77204179756848845
-0.51543361403692622
-0.51636372019295929
-0.89014667022316063
-0.66060674654657403
-0.39917046692625696
-0.72122301017902934
-0.76949500126632497
-0.71875056337896348
-0.58744663137440623
-0.45080948266829779
-0.62547237546829482
-0.87963719371477023
-0.5961672955966304
-0.92792139142559982
-0.10922704875830749
-0.55633415544000953
-0.82051146504558581
-0.15002882233710058
-0.84523594208949315
-0.83254262691190695
-0.84706557294204232
-0.43435570661061884
-0.62065837754093622
-0.2431340492345925
-0.65102070960712222
-0.71761063398378566
-0.2608680752509111
-0.42725451286560306
-0.56072865277434669
-0.90560331587006859
-0.39685158640146911
-0.80007894059327356
-0.59169363282849263
-0.31860635932358988
-0.63985610712450847
-0.84781751964373164
-0.91733514403374594
-0.47761916943369725
-0.45048179113545433
-0.82895453131583163
-0.74378643404005118
-0.26210715497061432
-0.57890571559889936
-0.7997500210713856
-0.63494392420208234
-0.60203973600779137
-0.53983114663185305
-0.40527308384450283
0.033481042619649591
-0.41866526808238907
-0.42384125357691954
-0.27096508283682302
-0.60066451448780134
-0.28882363925394833
-0.67990850653933332
-0.35992053969318621
-0.50711430845048611
-0.62465221568783724
-0.4359999093050933
-0.50248432308124857
-0.63437096821598649
-0.34874215912585543
-0.791646801422762
-0.5494989117636172
-0.32466816910318785
-0.73347735293599015
-0.99746420979453698
-0.55253270917277264
-0.42914133791486664
-0.63980303488653589
-0.50541909205400415
-0.5640076976785362
-0.73685815291236056
-0.43270304620032612
-0.49394977840954368
-0.80376480489777791
-0.3318706936339984
-0.32295055163158898
-0.22238804583160818
-0.78855698383807493
-0.53398928820020763
-0.21817131742189405
-0.35531054199069673
-0.75770115298083451
-0.58018254246643608
-0.30586706411473941
-0.40569904997721362
0.045716055417675518
-0.23797653021657697
0.010310091607957332
-0.510562846704393
-0.74004398452288356
-0.19452715870980911
-0.15662825727824106
-0.45138034534836358
-0.17190950126409466
-0.28388434472630153
-0.6140127692299967
-0.49923198926660395
-0.26955119907411956
-0.41024414443118667
-0.44893595253273022
-0.91779931116715729
-0.83281724877536234
-0.68370332868177808
-0.13925372505359873
-1.0494821862727794
-0.13566228707771619
-0.44066161694464512
-0.51425706050717923
-0.32330507200884567
-0.55531922838454617
-0.43206886477847173
-0.2215902136511243
-0.45453112918898053
-0.61629302115265416
-0.29003542849156322
-0.34066583642183995
-0.37925248625689467
-0.46339004496785285
-0.42569089187781473
-0.63069285239651018
-0.35322134337039829
-0.3174861793341695
-0.011709170972795502
-0.48164469703033602
-0.59724883773526671
-0.64810125491387516
-0.16967651427977087
-0.092831763836424414
-0.54209551142643786
-0.30164078060681315
-0.37549990747618855
-0.5555422742927798
-0.53218939452686009
-0.34623685569918361
-0.56380655991824313
-0.36003296753424435
-0.53134298692933424
-0.13352835668677077
-0.28855499324939698
-0.73626837715238391
-0.5362788902895318
-0.35533312863426092
-0.35972553963080484
-0.7540615513833534
-0.67024913561228305
-0.026970504908728953
-0.42646907533454009
-0.13149524477524083
-0.36960726057845988
-0.19776413490199127
-0.46986025650624097
-0.38508756442401099
-0.33403924484539682
-0.073540727478429616
-0.16383890079212521
-0.067551665673629038
-0.028936292220277413
-0.38678146481709919
-0.3517856628472899
-0.28991053318143895
-0.25015951055733687
-0.60962523784165579
-0.78801680682878683
-0.39983849603029387
-0.26842569072799516
-0.44467717610127672
-0.31238049179068628
-0.43909543141689733
-0.19474592192924631
-0.30924095694042664
-0.31258879133116035
-0.51749689605537419
-0.52244518839294485
-0.47923091723022565
-0.71682445497339609
-0.25897219312313319
-0.58845676789095702
-0.45650447672966898
-0.60307471110582533
-0.48781383584729587
-0.25082867660994451
-0.15235288037782935
-0.35958136214946362
-0.69946443781539069
-0.35300460781301291
-0.2360608411759027
-0.17131001934990789
-0.12255736212436535
-0.3421498148371282
-0.095432560991819168
-0.43584683021731391
-0.30567042525631316
-0.37991708317795286
-0.34681857099746466
-0.3594050181950697
0.021736986485940045
-0.23960578453533368
-0.51820000560793922
-0.23393845125469065
-0.27632942682301948
-0.45193159820157763
-0.19429941662820796
-0.48190883163488213
-0.40907200114062586
-0.22654949519213652
-0.18190357004382882
-0.12002666382657576
-0.25222590452372018
-0.24120300296080718
-0.21507439216763014
-0.16586164769846953
-0.30452862746256837
-0.15921693365822781
-0.032023913493711337
-0.61534668202489584
-0.30559580994855001
-0.13310674737133713
-0.25410895022747598
-0.11315325994688571
-0.24052484010517022
0.01789240726173922
-0.20084391730345072
-0.43521953418425718
0.021187191118825523
-0.14968568711668165
-0.39925503596524248
-0.25918131193692695
-0.11761577263777563
-0.19354845284172773
-0.15103455076708669
-0.21616238976514773
-0.31245821351114883
0.043845523439806668
-0.20829843707760853
0.021907505644660312
-0.25232871741969076
-0.15102577536838793
-0.19028197800222066
-0.41396484727301575
-0.1596645711224319
-0.041495866733844797
0.026648396196044723
-0.035251691159971621
0.042543470483346044
-0.2762395291055379
-0.032072970406341668
-0.020652642551287754
-0.49529980367181553
-0.0037710695692919033
-0.36064679195885346
-0.29839799517809062
-0.011497746221687907
-0.20049535359718329
-0.28315843497216331
0.057089932093518987
-0.41559014301166997
0.29799701822790786
0.078843391427557627
-0.15754871972676268
0.018668909705516407
-0.20723308917418201
0.083527680092012974
-0.056274891151512567
-0.077485360040110932
-0.69821366988721056
0.045925774777821983
0.082900392690985328
-0.32208248108371035
-0.49122293840083608
-0.21410062445501729
-0.45211666638761383
-0.18072598310523458
-0.2865289041289244
-0.47160469732445831
0.13763365385954573
-0.022721645576973322
-0.19340746010451362
0.25135499276209411
-0.17350236912222433
0.074485102464702302
0.059821295154780005
0.028331096781944835
0.054935655780263326
0.16423503592866756
-0.094768926996443861
-0.17700258423886456
-0.078739180923393159
0.27018717498951866
-0.1105565397429947
0.11178563681101356
0.17014324318066884
-0.11682345452519559
-0.0011283898635759944
0.10772483974797144
-0.27328062616316334
-0.17557585401591416
-0.13394797843295683
-0.2124235176788471
-0.32529368461479696
-0.3705291804496727
0.18074279790898928
-0.062163070177911686
0.10441557130222427
0.15157146393641341
-0.15554774975435876
0.2907311512534731
-0.12643649720054104
-0.23427989045689795
-0.051874944051493191
0.30235243040161369
0.085133042309045184
-0.30308350613780899
0.048186128760322515
-0.030946537369813482
0.15602392362922166
-0.23264027803370241
0.14555120995704363
-0.17151473526941699
-0.069082337709601732
-0.21046620767047849
-0.052919836556808243
-0.40818204947319431
-0.44000622269434486
0.28417312693254487
-0.094712968444698287
0.064848390919430815
0.24077647511309105
0.05250164003662712
0.028645268830823429
0.18396439740452858
-0.2296798942492273
-0.30992998447930692
-0.35356220029190677
-0.15137129628666732
0.085798001087977485
-0.37035514827991695
-0.42778482760269948
-0.048633579663962166
-0.048714301035232735
-0.056642431514600008
0.22435533507633551
-0.2153966052583578
-0.1996881557789893
-0.20235957797294174
0.074281953341814103
0.12607728313439923
-0.099660608110256815
0.005719821000675562
0.087469954350689938
0.054264263456289555
0.082287930832621245
0.15792241503298529
-0.48371231591024016
0.089335255247620607
-0.15613387738075313
0.2300518028451416
0.073388697288470403
0.12181629205678912
0.19491736419710981
-0.27114360242530933
-0.0088703789840161827
0.35932412459538826
0.0144460342560118
0.043675137353971154
0.23992123224490472
-0.23767277865125377
-0.057123120728876244
0.013257370313239064
0.16346633006418806
-0.11744304523042975
-0.12140719493610905
-0.04230118804623096
0.063165388706382455
0.29049159086190951
0.36926374711031296
0.32655701777580043
-0.14208563875300703
-0.070303146822090143
-0.27266713925882285
-0.14898307592945814
0.29366521780143323
0.11577331524026586
0.36481317080968317
-0.17981414095821249
-0.32854372058995862
0.13981586727483486
0.00067234333519360068
0.10406559120769478
0.060300666116061073
-0.00035761782701229476
0.18074340318046572
-0.062758897413529816
0.42275173166763119
0.27048969953623342
0.052100558496162935
0.039837917224602996
0.34174440376738774
-0.092840101459507149
-0.054881697799572277
0.11925719358059345
0.10950950251256827
0.31495961613687984
0.20388924427810251
-0.0093156401029813266
0.17592836374322157
0.31306081153490295
0.20532822320935704
-0.021816516378857381
0.47039641711740204
0.072339912932860725
0.15138242929221463
0.33033927387953055
0.31899320896979688
0.35095595499889959
0.29115155077066784
0.16893754114416454
0.22511798203910471
0.32462317618854331
0.17603918472108945
0.11313220851794227
0.32038680398524622
-0.060393328653919082
0.080088050490625257
0.074767589871562762
0.56709625658933993
-0.1562319804765199
0.46143560219477492
0.28630142870071351
0.33780210404853617
0.18552725812218612
0.24129307127303118
0.25358457186501276
0.16957834893997606
0.010687215027012899
0.24183468450959464
0.043679614992023989
-0.099160814931521901
-0.084475213103094443
0.18651121772030038
0.36472009476841455
-0.068885647074444237
0.32571999978858568
0.15500951489450401
0.30719560881452529
0.071754279835202328
0.087302594171324965
0.32868382691299636
0.041606614741826156
0.13942820138539552
0.50659205434476684
0.45000952347425349
0.29523103546901508
0.11346413988220677
-0.12509052551738556
0.1200262323992991
0.3662166043782889
0.11408654151215422
0.34182098026321106
-0.044780949969687879
0.23040552958672406
0.4259390705703277
0.47761952854713519
0.21802525060985972
0.24832442608283095
0.39602765675329288
0.42414276975070819
0.42680153819924871
0.044936053201781581
0.47115144349856769
0.1690567436398818
0.25444743619687032
0.069120103396292432
0.11040155563067873
0.24080170174404403
0.27377814752154211
0.59305625067210022
0.30736519970544224
0.34632718098438908
0.51114996396718826
0.2108555256353617
0.12073382590128745
0.026371332791523316
0.19608572785966691
0.42362807814791764
0.18411834219297535
0.38736595687527853
0.34334196340263679
0.50605238173312339
0.12349766753903957
0.15532055470532699
0.16010723660588358
0.015472515895772457
0.35203018969218558
0.19503996306514881
0.35945584873742703
-0.19735155335222312
0.69129432124411294
0.72164046283457073
0.2255262918012666
0.45135937303857171
0.37145109108865287
0.27278185667926164
0.2866602576130467
0.52339238982729819
0.27762321716459848
0.40860735391096287
-0.042667869788140751
0.10674683458955084
0.47253678252329795
0.3544857053613818
0.27027089281646705
0.37377526188712301
0.66626782332128598
0.4030659603815876
0.71518542745244018
0.22252579287391314
0.31119125352060312
0.49063155294273825
0.76877970420621333
0.27842309908848517
0.39910802832377673
0.3421633043011178
0.32083496244070497
0.31984362456700471
0.5688526741744534
0.14046179004479281
0.60965709799876078
0.46834155634299796
0.39691416154104631
0.57681756097105519
0.2694803650869988
0.26177629558307602
0.46185387078167861
0.53937862322235919
0.29678208450128468
0.53390202926030661
0.33219872250109794
0.54391121317900182
0.46296089815205832
0.59480474936881367
0.29968792954493206
0.57982792146943962
0.28467939486184612
0.24280793267188935
0.40212455229867683
0.13230748217213148
0.74872616210123988
0.36908848569115815
0.12927994063606268
0.66251128350115718
0.42634065409644212
0.29436454776280668
0.31505312957809584
0.56612549147936231
0.53000197686475636
0.44378381426439495
0.64485817523805544
0.5887905350908359
0.58907957106654485
0.43742512560763214
0.093723081667519928
0.32995288225658259
0.7016249004310563
0.27199212590420285
0.29803256033032255
0.48014611997177359
0.28758170417570611
0.42368920360547585
0.59647838885910154
0.20217710592560686
0.56655363433597028
0.60926940313710853
0.56912503370550005
0.5309423172028358
0.49332923784258959
0.27598293761728376
0.53681212943801171
0.63663339901716043
0.32666534244346923
0.38498348976403279
0.73515813638241012
0.46235827928549406
0.62200236068660597
0.61080386894475935
0.79323183781104056
0.7684605799980031
0.55828435980646851
0.27908290363981192
0.70723089586523735
0.37138513718277855
0.37732285205812804
0.60407293925875727
0.22312961284819857
0.40457913447770999
0.22720657695736543
0.42249070562563806
0.43997197440144298
0.47581164392670694
0.39645758940810738
0.70089827942073812
0.43599390722314835
0.39969842118916671
0.41049615164359599
0.13702574432765988
0.41802778179139133
0.79121958357796784
0.73960108583991668
0.53524834313889791
0.51157948299348177
0.84177062259540092
0.84717901346712488
0.35935118373506547
0.46913944726503154
0.68570569304688866
0.31094680936482905
0.41417828680803687
1.0499210656758182
0.7440282014822559
0.78816911321970573
0.6333524290620326
0.39431912492608306
0.58026530032353418
0.45613952567537974
0.73976129990900652
0.77186713048682176
0.36880141736930705
0.65103952780835406
0.3423176363721156
0.39326223093261098
0.50224015752173945
1.0508521333691687
0.78181117084894647
0.26917877295113696
0.92368730376225117
0.84585070948570973
0.69303574580522154
0.52783049191619535
0.468740388159955
0.6489918750681154
0.66559574291791157
0.44199697097465634
0.28267653318187846
0.47105076716013322
0.88470094931108179
0.67743749444625878
0.83029029274283062
0.74358956557235201
0.61619671454503322
0.39284503703365059
0.8817539181993751
0.26984306680275805
0.60326057498237395
0.49648906240677382
0.62293848411657982
0.79873612492481993
0.61937202975005301
0.82403746004245559
0.81083520205267157
1.0595018274770891
0.78088073379828071
0.63821215990524072
0.26003087364251354
0.81562476922720162
0.74579801621747499
0.6481779928999164
0.61655349661062542
0.51112267355339602
0.76484580769376753
0.67221381739853747
0.86236038747323829
0.95005675601308304
0.58227004215061329
0.63739973870279931
0.67946620941552993
0.6706558836895512
0.74242635380557254
0.64526067859588609
0.63257504855829949
0.64823435066714596
0.65589592631415627
0.64781707000175792
0.54754651116986508
0.68148694047454927
0.79085407862518231
0.65223482479242567
0.55341992798896356
0.81925249132797218
0.81572887072203903
0.99457128671169648
0.61815720065701829
0.41583188702594925
0.48532389835844736
0.57335140991253286
0.60110744164810948
0.69603330434801136
0.17765675724935281
0.83698826429166617
0.61701261461327483
0.73936477808034773
0.56078814466028437
0.97991182734664573
0.7890241329995028
0.5472370152360464
0.51088050251853434
0.63289634156682295
0.64503496210706157
0.72554305903052041
0.58116183090600626
0.50027751236974449
0.87843880240638028
0.98646823417893981
0.84362174043880489
0.88769982421965388
0.5461049355810903
0.90894950169893385
0.77886063518201765
0.86353602375699368
0.74854162990229778
0.84307416509278399
0.84688523896668422
0.9498802911177836
0.67976202195616786
0.93189451540538459
0.73844607314127364
0.99562110537409632
0.41901903030091658
0.7004413413703261
0.4654890628682698
0.53574117358912499
0.81646819101991852
0.80929735136585368
1.0004764786744134
0.9139712652710007
1.0384412851937095
0.91723487733478148
0.60701441151091073
0.61916900254580698
0.64559651258041439
1.0865194925644639
0.95461883188748686
1.0518380077923939
0.45018132343040934
0.93784771989824611
0.93798606165098064
0.81979006387040265
1.0804723357448678
0.93002144096868056
0.68688352815684639
0.69928316150715342
0.8968188625719522
1.228015939861695
0.69244579012823859
0.68783613635638796
0.74701182026400226
0.8186373626667901
0.67744350110617335
0.66217091525548499
0.88530386983691989
0.4572350258637764
0.69724298431944731
0.62259431279084954
0.96888576250735459
0.80898918853200219
0.82316305085264163
0.80969250826296268
0.49090100277509879
0.82407030740335896
0.99835840605038728
1.0202806083774913
1.1463982874626006
0.82041723511701803
1.1457447947551112
0.93696039001449938
0.48645743376130329
1.0208115284126371
1.034442824791753
1.040424873962992
0.73288910079874725
0.87643338185157038
0.94335804035637083
0.78015230517503975
0.7486613192093442
0.65476644618634405
0.79847198950371245
1.2538244656845312
0.82263734620112194
0.75601358388769146
0.71186439659838729
0.96599751605027107
0.49813874306271722
0.96329207071043643
1.3953133808639819
0.96859092846167683
0.92180840372125006
1.1791063603806555
0.94251793917162707
0.69614134046385978
0.63557519243106464
0.9471187856069796
1.1583736408130305
1.2916989525322216
0.77845307618133686
0.73805606877541663
0.70092103225615277
1.0125296805322996
0.69238127935461358
0.88448029792772731
0.7304009546571445
0.66466649073149575
0.86112363451337814
0.88468170481688846
0.9356000621440701
0.92762231371081494
0.99951827086337131
0.9667370344343994
0.78469830733581025
1.0734231160429715
0.83103794118632213
1.221750740326335
0.7618298717658063
1.086514269048273
0.66097002968065799
0.98534162405576564
0.94523802045555094
0.70132054061496141
1.0666971429204626
0.8080452251575585
0.88429453557117399
1.0909974634053519
0.8420297097476146
1.2415779067446231
0.88325936120452131
0.62159423539859504
