-0.88100458151418959
-0.98877984799035423
-0.86576660293596464
-1.2716438527242382
-1.2004621801547413
-1.2347209713248044
-0.93455797046755873
-0.77943256337179445
-1.1912073148201976
-1.1390280359154932
-1.010925161968022
-0.82174717734809288
-0.94975414841051664
-0.98257135641393867
-1.1497910662858206
-1.1660753254950569
-1.142265242632639
-1.0671957103981071
-1.0043664170379891
-0.98461200936096116
-0.78755372353765984
-0.79728637623237342
-0.70337230189297817
-0.86381857867377965
-1.1389444424559223
-1.0442111942888133
-0.83267947530837039
-0.90885491773004279
-0.87668893634252931
-0.61442728146614467
-0.89268491611095002
-0.93663636575122777
-0.82643695854830213
-0.97671406520740067
-0.69909103377524762
-0.84863289198521974
-0.62682564360305892
-0.94463472091581424
-0.84728039508066777
-0.90742830960005572
-0.84019263651701193
-0.78233423993077733
-0.77608129417557592
-1.0043419515508518
-0.62234065503422087
-0.91581726006166964
-0.61505849515863953
-0.91114228991468416
-0.83799835528857414
-1.0872770614357525
-0.65516431406218134
-0.8366118329585035
-0.94612067911100173
-0.60471581213511028
-0.97249334279587196
-0.77870828461566688
-1.0807653627617426
-1.0368755388874045
-0.73230264530516553
-0.92834006312766459
-0.69490636910424186
-0.65942527033071752
-0.78698075180354254
-1.1531990399514787
-1.020624720864675
-0.75669004895118641
-0.76869740709242895
-0.69209540601876784
-0.804923760338214
-0.8009771670602861
-0.73115359876985042
-0.64015931016579686
-0.9084140902292821
-0.61652459921879166
-0.67195318582716568
-0.87016225902591116
-0.82378251901954724
-0.80527855743147714
-0.88892498890800231
-1.2473097382433913
-0.66579501153601905
-0.50849985078613114
-1.1537471802318475
-0.81317244718031978
-0.89779904554587109
-0.57386899880633369
-0.66438164582023795
-0.74083205378134542
-0.75382260413055424
-0.54513546674413194
-0.60072535526938464
-0.8207672145715218
-0.94942481150809677
-0.52617498355051218
-1.0871581783865005
-0.91604752459005401
-0.74515257512253641
-0.94411597443105677
-1.0798451510747074
-0.79233134270336303
-0.82773946906226747
-0.82963738467505588
-0.49028353984097084
-0.9298985357274161
-0.76736895956378492
-0.69384479342889904
-1.0495978178404539
-0.80200412389793163
-0.52849263400432289
-0.60433125041393676
-1.0437332331917006
-0.7757276170414511
-0.84296226488118919
-0.72705843585866681
-0.69188762807182902
-0.5548931730431943
-0.84032600544943226
-0.88727461436890376
-0.85794935384191162
-0.98429723991696094
-0.92693571592117108
-1.1769001788553124
-0.44327935860302192
-0.91970297408450197
-0.40351031795477499
-0.57932000988333388
-0.8185753400282384
-0.48495779877534095
-0.84304462011596026
-0.66181519220562945
-0.80092368611157705
-0.36455395370920862
-0.62049903982947818
-0.53167804163523646
-1.0685184617807033
-1.0138170960458501
-0.69017782670559458
-0.90047716552201995
-0.95835949647702223
-0.70431356094610176
-0.91689138679379789
-0.8363684468253626
-0.85800191483766197
-0.43263188903638972
-0.84125208678240004
-0.60092476541705631
-0.70772936143951115
-0.81475399135254578
-0.77218196095706992
-0.75020567240881619
-0.96075790188900845
-0.52654842800512214
-0.73675576048570035
-0.64261265693657643
-0.93349270655146788
-0.33577615712333386
-0.68403273723169078
-0.7314476007366697
-0.67265779525290126
-0.3910597485737104
-0.46519222110881303
-0.55100885698518653
-0.69640824550665636
-0.67328243622126149
-0.68459259828186458
-0.62691432540503411
-0.59406780664400549
-0.63062058872626281
-0.71831110620964789
-0.51038395231607925
-0.41723101450394101
-0.49061920048389346
-0.72095815462154134
-0.7584359696220091
-0.87913439720414088
-0.27867001147570564
-0.98699972408505721
-0.86392221468390673
-0.44432271827358361
-0.68361561955455785
-0.57266751849793274
-0.81836317262676128
-0.67923223393583121
-0.82185533422185642
-0.91157215295825089
-0.7069355892065502
-0.50913121259742999
-0.35637693947107002
-0.6690692947644804
-0.80760614696837896
-0.27745187220502698
-0.49140724783920048
-0.56532628308215893
-0.35755547686508898
-0.66044183083709684
-0.53581736721864048
-0.60833398803415983
-0.66965665392995743
-0.88785605301397297
-0.45694422022236958
-0.52874955333728124
-0.60371496120604651
-0.42871072696030083
-0.45203824229327905
-0.38714354320670263
-0.54708086385306021
-0.81035584806401373
-0.45513930064966729
-1.0198738196113875
-0.56779793316065508
-0.63463261439620045
-0.41583859407414492
-0.54274197935603352
-0.58877714305544737
-0.65370466177406772
-0.69345346125461571
-0.43133699289672939
-0.88633884569005938
-0.71672710115175409
-0.17868789365656454
-0.54497576716536833
-0.83323554788630672
-0.47699067629678893
-0.81773679483868755
-0.53582792051348271
-0.82372846873812067
-0.9172765882978865
-0.40662351654605339
-1.0072891858965662
-0.34242228810904751
-0.51381727090860863
-0.71925210084752567
-0.206023434084424
-0.56455619559895176
-0.87155049841451204
-0.88181535222432572
-0.56855858257418956
-0.57678016396395682
-0.38632600669127992
-0.33813581501479489
-0.61616504611695855
-0.50740603765731052
-0.39210124095193999
-0.53056897911746814
-0.53833469104388987
-0.24094974563320001
-0.66866847478905833
-0.20096677580927022
-0.48461316290916912
-0.09968290347273126
-0.18838584134578262
-0.37484324373189443
-0.72929290128367008
-0.87021910913320433
-0.72420401241103971
-0.25278112689170618
-0.59015353825578243
-0.58412141620242508
-0.26707474338699755
-0.42845390877388517
-0.73504684920727403
-0.50413793313070476
-0.51006474858901707
-0.27560965861359688
-0.80910673991936144
-0.35329381417215838
-0.46825011740092254
-0.48546690930568021
-0.43557863764292065
-0.45702664521984837
-0.45502089309885552
-0.35018186505338139
-0.22082412587195063
-0.49745474383218513
-0.26085387416924044
-0.23655652484711412
-0.64265101881132058
-0.39794845340666612
-0.44347343619942475
-0.63178806304612312
-0.64902831732539001
-0.57534756833621226
-0.072381139600248126
-0.27030740627758293
-0.51942695179010334
-0.58841621631519925
-0.13700989277975092
-0.46402864510089087
-0.52048889627481765
-0.29032882425596584
-0.6080993369066765
-0.41300536690466066
-0.15795219373800354
-0.33445269300413299
-0.50214329137242297
-0.35044531191261502
-0.5869783889003175
-0.32113176111791147
-0.26780725582061127
-0.67899778624665053
-0.54304575558424284
-0.046789747455773793
-0.52551630836227314
-0.090791413868214571
-0.48280443259961364
-0.55532933192322254
-0.24644214037399997
-0.54077637254232458
-0.37817365656413637
-0.23668414223082787
-0.16697213978216924
-0.42079007517208555
-0.63719475231595102
-0.6511605262932173
-0.43687125667794724
-0.0036033141678273248
-0.074398784150863762
-0.084645940886188986
-0.65279618002048678
-0.42496078124568232
-0.68878338778620962
-0.18971872613709759
-0.59314798564092353
-0.15808269710510517
-0.2216952295047448
-0.34139257615440505
-0.50129152743570982
-0.46464149744573419
-0.057315278095657084
-0.39414402365528195
-0.30897059640270652
-0.40899549456496764
-0.19339521267306076
-0.41074560808529798
-0.30698500286240243
-0.65749993565465215
-0.40033849964739487
-0.023849026224242502
-0.18364357588131436
-0.44899221143387574
-0.063637807015066758
-0.26672327724796685
0.029444870005647425
-0.084380794671865836
-0.34324422732378529
-0.60301136983226322
-0.32425703869717049
-0.10582703387751108
-0.44951889358601471
-0.24774829269565896
-0.50322584317531105
-0.40573255598223895
-0.59902631107404736
-0.4197827048866335
-0.029688930424638011
-0.30176264236223155
-0.27567529158083065
-0.20299873065433627
-0.36438237142484159
-0.2270956013964549
-0.20783470350699215
-0.042669845821151228
-0.49903455218122283
-0.52706768482433042
-0.21357612144565055
-0.29537157659001378
-0.4706496179149201
-0.61222495095164564
-0.070629039628085158
-0.27238359071626855
-0.1352316332978582
-0.39915824870133482
-0.20124626827445549
-0.19036971552241136
-0.25264992534942526
-0.25985937716130403
-0.32348008501972136
-0.083328004184511043
-0.54044668028567633
-0.41715865122773921
-0.34476350245251763
-0.38785141474398716
-0.47987321054868964
-0.34327979351954013
-0.36731842624384953
-0.26494314122425083
-0.33730321611601605
-0.22038719442289262
-0.54653449366071516
-0.46095696957256083
0.19791410161291079
-0.079123587892788602
0.037399944046352489
-0.35837470204095623
-0.021673891416008402
-0.19011006704280467
-0.22143241057660426
-0.0897895398491588
-0.24373891817891269
-0.38981836423476673
-0.17028174651284264
-0.16637251935532257
-0.04941690347285449
-0.35599001573622913
-0.23231873039748616
0.1946342935880091
-0.33188348977808257
-0.074533348695961177
-0.44183286294582053
0.15197531395835348
-0.11101655125444235
-0.41733475902385037
-0.11056958396385527
-0.019912127743560239
-0.0053940937620113524
-0.1167468792400763
-0.17889262644603474
-0.14101866101983318
-0.27300516020021098
-0.14325808168201584
-0.29364293331199381
0.19954284575518588
-0.18233873892140223
-0.16637566014306598
-0.036666547424347148
0.20858238681720648
-0.058017187220148266
-0.29748519158011205
-0.18918603131392434
0.058134900481315969
-0.39036972941180176
-0.56700921453988629
-0.12411931502339522
0.15305991450314668
-0.52943919354102953
-0.23618568509957269
-0.22051085659842745
-0.095617473030147615
-0.33158351019732446
-0.29108401371739462
-0.31635981908595012
-0.27774761958178096
-0.24688404388170998
0.011429117062706598
0.09590221475868424
-0.35136122864871322
-0.056393432638120321
-0.26007411780161521
0.035004890309418037
-0.24780220903885497
-0.23696555974274217
-0.21190923706812323
-0.28070798073574771
0.44285145847389162
-0.1588518101395327
-0.30244214358365434
-0.013905091779413081
-0.21062436471174226
0.12667248399908235
0.023830698356314215
-0.049540380152074397
-0.15358916035223319
-0.085284169477155697
0.09111532262609319
-0.20499063459748576
-0.031222427167677872
-0.25481645682754289
0.22522124267064933
-0.068392940094645721
-0.19939339807593021
-0.092705241307647096
0.048310964346290945
-0.041655047390795404
0.024627706901542958
-0.23282246737525211
-0.26517795456475945
-0.28299221061436947
-0.54359366640118312
0.12536538092483671
-0.083930922232684529
-0.17850742890678953
-0.11202779994630058
-0.16794179042832008
-0.092920851996426579
-0.14357518151621912
-0.13319644609492939
0.13254957484047863
-0.0030480748023343327
-0.35763503207716146
-0.56758095974001099
-0.026481204470493881
-0.30882514620941487
-0.26895876961691711
-0.035846936026840699
-0.052603221232565431
0.10406149896171477
-0.088329481044055358
-0.39269978563558017
0.091018133442990132
-0.39583234976787396
0.18200934142260999
-0.33175989375514009
-0.085146638006005054
-0.1712193419970599
-0.2879865991905432
0.15331401592228511
0.064129837123847858
0.050527433924779291
0.16780400196872622
0.097798848209194655
-0.083688534919168223
0.12335560810342423
0.19897296761330474
0.051027878439280604
-0.1437371985014903
0.16148465809571907
0.29421851254044556
0.34394235411498936
-0.032319817523591046
0.01383161180979684
-0.12200207605280042
0.25676906944641997
0.006933233114193884
0.16927336617485267
-0.13227731828523101
-0.04163714513807288
0.22308871061625277
0.47696189221021829
-0.12336138240864711
-0.03351342506668456
-0.078384769115353206
0.28488609542344889
0.22049471746595045
0.098823808453425643
0.015808859205447175
0.13648651065938203
-0.069233299710842341
0.097741939964942168
0.034209654656415185
-0.0743336067794403
0.009760053345485506
0.32421513815090003
0.029437177455265688
0.17601554683222009
0.1689011382462724
-0.010152757176010527
0.32866597205065218
0.033922064713445846
0.21779691795569017
0.12262608498481166
-0.018591448544983173
0.15219582487267155
0.43190838852271174
0.070267306787130598
0.17830736822234208
-0.087321286020190514
0.052097058358244575
0.15117833709095818
-0.044915202467500956
0.12565149591505215
0.305658948995297
0.07989383233898896
0.07762167500743071
-0.015633694364426683
0.46309897681738077
0.093254661546142287
0.15978622675376813
0.39405421014130199
0.057534271729074909
0.23225452818285608
0.27353137383661613
0.28412184737395552
0.15702192571893683
0.096420311310253387
0.34588261298929557
0.03602411113806795
0.14881982386437076
0.080884198319345554
0.2512069548495327
0.24956921240491911
0.10679924494858439
0.15675002700288479
-0.011235658072675752
0.072853322524261091
0.35283433317051482
0.41396311306089711
0.037462947234407636
0.049785536824472981
0.48094052523513897
0.36406993873177418
0.50531485679328592
0.46152102920536442
0.20982882934532471
0.36128812350709205
0.065737524853722654
0.26623870785309411
0.18923573119139014
0.33064456167128803
0.059068694339797313
0.097574598907341534
0.28084778604560279
0.13924269846071471
0.17093842907587992
0.17164246659395083
0.00085716577471146339
0.30197057575689301
0.13160720960156549
0.6418792318264076
0.2197088684751235
0.28031503283139392
0.3545670673289576
-0.07606346363326133
0.022924013107319684
0.2012857700985107
0.13468155762024547
0.32905158497549436
0.41837348360760651
0.32620223275227911
-0.027524528572609463
0.10610266078009868
-0.08850727567897132
0.24179926249401437
0.10293525061176928
0.18290924347624293
0.079606353218881085
0.24255222960032985
0.037182465144142619
0.6846561035324189
0.64289974356859492
0.1118079973565729
0.089923613959022125
0.37570398596115961
0.21044700094658725
0.28747125227532411
0.60477284549615595
0.41202072318366412
0.28387912113114905
0.2277268502822852
0.51588985479245064
0.40558691622146903
0.39731013165336709
0.41316827713310006
0.69770696908392216
0.50072186367565708
-0.12262918974975155
0.091498163536442162
0.27275462836782793
0.068623684988653899
-0.067366165761304247
0.1743430333594379
0.48909091536305049
0.28296565325895101
-0.089724171158507948
0.26408696678197979
0.28961816686295189
0.077196923187341712
0.31125627021500019
0.25524287356605102
0.3134922151709732
0.24463745599078615
0.44328463893281222
0.37212319416468781
0.34813553281462389
0.29959846050064814
0.33853662280201385
0.57334842171155609
0.090277314685289406
0.07633283457282794
0.20487294109607987
0.56359757406065458
0.48690977738169544
0.4412484789434743
-0.14345291660517537
0.31093620411405148
0.54996768959526243
0.20880269197067094
0.34026520362294926
0.49608609783055274
0.34272472875081361
0.42775025845965547
0.5080181001285714
0.43323147645008669
0.43142402944871117
0.2474059886798371
0.40207068583691385
0.45134075965141679
0.27904362489885476
0.034236156486452833
0.23399262199478851
0.080475542159540697
0.57232057182484264
0.55688280197581519
0.032846091660005607
0.20912032061820743
0.45419568587668763
0.42111233309643437
0.40029025797102202
0.54989431981463566
0.28099660567109208
0.22909537789093956
0.37355445297592799
0.12508391396378266
0.78657354188199458
0.12990861486928493
0.57324686928781177
0.35172042180089486
0.12429068878311388
0.2937705930343763
0.10511377863118
0.49379164742856391
0.43003376667250387
0.33305732217748274
0.42912702066720076
0.37030195845243408
0.47989759010461297
0.22680464281091917
0.38750515938887609
0.21434183683172203
0.13837421265716884
0.055947354446933488
0.48555583478157144
0.62176477686027454
0.54728113241461407
0.48636167164036953
0.38939212700570841
0.23101389214628501
0.44983445858788046
0.36569501739698745
0.24610790643669098
0.38992860452858757
0.70266642717915695
0.55819033989149613
0.64643725701366683
0.35556622546326305
0.55804113241946585
0.48207069047629258
0.47569747007170471
0.582113061487747
0.2528584508448376
0.81549355962984171
0.41906987598617335
0.5672654002798746
0.65570850106113976
0.36998783345493813
0.6776537979797429
0.63513355461153731
0.64590617843916454
0.65917111611374812
0.350763335774959
0.31315854553482653
0.57878474954873982
0.57852401399286091
0.67060393472068669
0.58176061092962583
0.066284650942463844
0.78158335352099895
0.64395177093624867
0.88084428235012224
0.51712146511628221
0.25023141838021334
0.60926441057786518
0.51049311682212561
0.59413209186054694
0.85112228943388624
0.87657486590704925
0.38043751882998494
0.28300107035699651
0.3554903393228584
0.16581483282255019
0.28160666979885496
0.49801666675414347
0.69071652965810604
0.24272687177862315
0.72938800924535585
0.41622427689847352
0.50378642761979364
0.92663698725497268
0.6956726965347183
0.67495363351865567
0.25805045039569069
0.58888698548691631
0.4866952038330965
0.40897695187039212
0.6483027629872361
0.083044716852291575
0.61988806095493743
0.53487603339574374
0.36053465148102737
0.52346611705875501
0.085815278602448045
0.5218384886181261
0.66389869032482696
0.35922046142820363
0.56223625861558424
0.76606507331970775
0.31077899209617843
0.43510817297742049
0.52477622932368062
0.52194302953319305
0.55372822092243701
0.36022011852442587
0.77637554257027586
0.73527492088796786
0.32227103490391684
0.49255992570852936
0.67878652375242809
0.72291998814691993
0.64784830842038632
0.967826414111156
0.83532636119764436
1.0974392369935273
0.29808055054911559
0.61076218614353828
0.73831874056240487
0.92489039494737235
1.0083581972511351
0.57960363364370526
0.35521039975649932
1.0736814789131788
0.52757131013346537
0.50360900875877668
0.6408543802236667
0.56019809000166931
1.1055706604369924
0.65291803431553241
0.82611324135573438
0.57801421568959932
0.95478611631253163
0.63941519661284729
0.65930248514380907
0.61718821529734536
0.6848599532224553
0.63931025538839392
0.38546575885646406
0.61276607012897932
0.81279457195302796
0.50618425051095917
0.38117575831205247
0.72203472363792409
0.49784124752129194
0.61560008238554986
0.6001059170295252
0.55254670660204652
0.47681539478093982
0.56577012182812358
0.36994895142467465
0.79754551339479685
0.66656614292813243
0.56183533976326328
0.79679553157154981
0.93198094544407917
0.55528565203263536
0.67602519539677819
0.37974618962173273
0.66977320507200022
0.7589877952647236
0.724503508214694
0.84458907392711446
0.87308365619028361
0.58759196321900031
0.75869917288205257
0.7141337935437212
0.77367983657668904
0.78577532370653158
0.71410142451215519
0.71965573888240275
0.62683817060121083
0.87249947429917651
0.98637329179322841
0.71374136041379199
0.65103901360613337
0.55882419287098128
1.0669912897171276
0.68883049830163579
0.73396837600904474
0.8221876405883447
0.94499727440171888
0.82495717392706702
0.91687096012016123
0.53561187721342296
0.52875775659652191
0.72426855431655135
0.90168413795112978
0.89325792192719178
0.65145487821721282
0.87770227097339693
0.59935402113804848
0.79726704418983174
0.82321826677283749
1.1883062874712245
0.65575911055511649
0.82247932678355862
0.6743898995313633
1.0128906430489704
0.35567700724641471
0.91151461026587366
0.99512217415649129
1.276491394397542
0.77757988861967298
0.96373538525812774
0.65272595674034262
0.86846429794885427
0.92358907104280186
0.63700393265847199
0.8220375971965812
0.89620281157874115
0.72348827472143518
0.60236733833043621
0.62762977065309367
1.0806111139043257
0.82910035702625529
0.71175941066606374
1.0173879786849718
0.65621555875450355
0.81605949910394915
1.0171974385132609
0.90099053793667516
1.0010392276144637
1.071476331609243
0.82954651532324308
0.76595973738455159
0.67851448601741282
0.74299350814404475
0.50109213785114015
1.1880884645398491
0.64733429159480493
0.88655727688862851
1.1296859939793402
0.82567201826031089
0.60244217152001267
0.67598838860704835
1.1303284663518458
0.7557171748821917
0.93392050213140343
0.89243015983017282
0.51921120572376489
0.62139406588477919
0.87023887750889328
0.81276107298960876
1.098629799067256
0.85734182108089896
0.76071560989674347
0.81052375941662647
0.6550550030337251
0.78506504400920629
0.87711939210426704
0.73305649445724697
0.69739328122429234
0.96799688523379712
0.72333408376668529
1.0135757991238108
0.781582593940501
0.75292566950549789
0.87662556108914169
0.83362896412322729
1.0862948342487704
0.79103518275791995
0.91247624027019059
0.956860641406307
0.77051401509872486
0.94434131909286456
0.83866208947031429
0.94581576980448923
1.0398725437888605
0.42017101770829185
0.8537879327588298
0.77710170020739044
0.7938069335897695
0.93438533587719608
1.096915682980369
1.1394739833604062
0.91798117558428893
0.67521724392477089
0.81210258559981896
1.0163237882143861
0.7683761233397165
0.90667701456801841
1.1265570096432354
0.96198236018393468
1.2509649665021918
1.1059673428575012
0.71433858589041799
0.62674429931401066
1.098487224613814
0.84500076753513309
0.732683751131599
0.39884091550963352
0.84035885289035728
0.90605799812970611
1.2404475750051505
0.81374942025028718
1.1260984134692915
0.97789340952483006
1.1285523636266692
1.0836394394151201
0.95589417395314513
0.85285573773089918
1.2330512846636379
0.90219894159526437
1.084690570071329
