-0.88176979258397914
-0.97618314727981004
-0.83836459031688604
-1.2678513590549589
-1.1783140706114441
-1.2285695764198474
-0.91863564670433584
-0.7535361776329782
-1.1911690963192039
-1.1349966006884549
-1.0108889398755869
-0.84011597654684322
-0.96607841612015211
-0.98057079471038555
-1.1498791351880291
-1.1650890166958412
-1.1534998903819171
-1.0550288550076423
-0.99366504539302503
-0.98439298519431961
-0.76733744789461056
-0.80017457456262409
-0.7223851810633457
-0.8715456503344402
-1.1211895142482573
-1.0170120354806624
-0.8248232910314629
-0.92631469410842249
-0.89127713449623946
-0.62556475768219943
-0.86995150478948913
-0.94141265123029216
-0.81125689275894985
-0.96554049835746569
-0.68807710855289606
-0.86031504782664747
-0.65722190539698888
-0.94438784482479932
-0.8411421357740051
-0.92459143503912133
-0.83652131889368342
-0.78543653383979195
-0.75785838375482562
-1.0094468316841045
-0.59624452316159038
-0.92663171617844331
-0.60876217888141548
-0.90341902558878273
-0.82746933775018783
-1.1020739581245023
-0.67138267890173975
-0.83750688427268527
-0.94954849792458484
-0.6059302700187873
-0.99257612656375394
-0.7920538502952672
-1.0697229703491056
-1.0436504590910809
-0.72806927727484017
-0.93918733817571509
-0.68724660252483372
-0.65181326524977024
-0.77813641523022803
-1.1589372348447824
-1.0171872576508079
-0.7640025529314205
-0.76783750166958231
-0.68044680825741821
-0.79622679226062365
-0.79182590142369869
-0.73327247174111965
-0.6342749181433367
-0.9014092788097875
-0.61922707277940126
-0.676344916039612
-0.88668326350552806
-0.81322012028463564
-0.83802086900022088
-0.893797730651124
-1.2491499610284218
-0.65733794966008441
-0.51957147934680925
-1.156672666283425
-0.8052393317084513
-0.8976935441730699
-0.58200302868335496
-0.65092755079831377
-0.74859842730394199
-0.74116540247150242
-0.55223559514774168
-0.6006678229580481
-0.81938410054522848
-0.9596436989842303
-0.5244942647159152
-1.077951198016472
-0.89200262974013933
-0.74118802897178537
-0.9578588453495207
-1.0357711922895503
-0.75494298978718377
-0.85932761324785256
-0.82903142182686962
-0.48759263079561055
-0.94180440375485408
-0.76785138858063751
-0.67120040202418552
-1.0485596624805222
-0.78515057308963143
-0.54456620243739851
-0.59312710728770524
-1.0351382360336208
-0.77108439841666032
-0.81036167294431793
-0.68974951031226095
-0.70537896215404361
-0.56361236968363781
-0.83489060111726476
-0.88323002114262816
-0.84560872102082463
-0.99629883222820659
-0.93826789197303417
-1.1769310614938386
-0.46207982061781822
-0.88608167105272218
-0.41490113137310131
-0.57339352252670972
-0.83323493117610681
-0.46525685943716594
-0.85674471664342999
-0.66539830871879224
-0.80899493494945796
-0.34257289980471695
-0.59796575903577365
-0.52121598009768366
-1.0794830130581281
-1.0401070062861872
-0.67722466320764529
-0.91064273256304373
-0.97042113429000598
-0.68780663636253137
-0.91282338259788609
-0.86145870666160573
-0.88308062922481645
-0.43098403966606996
-0.85097444195188621
-0.6005321598723129
-0.69774534698321988
-0.80424564351097383
-0.76065828766977239
-0.74703014022984915
-0.97653904631125088
-0.51063347533028958
-0.73302020010538171
-0.63744694597461748
-0.93155919785611008
-0.33034825760676534
-0.71569665007358396
-0.73333385434281861
-0.65751963097891808
-0.38374090680576645
-0.46124449248311356
-0.51909927088625074
-0.71386687538281879
-0.64812344182672776
-0.69622319180555348
-0.64065696539219874
-0.59253665853872317
-0.61981468582220867
-0.70832283813613517
-0.53314924317559298
-0.43442401842605244
-0.48737703905991531
-0.71216036625884893
-0.76903092447576527
-0.89827806222589568
-0.26641053940572124
-0.98823621359314218
-0.87993190090501217
-0.41276793626159503
-0.67957056654033876
-0.54049634586782658
-0.79338947035693064
-0.68247222747687364
-0.81521518912935831
-0.91159223691364055
-0.71637689470456456
-0.52498984887098643
-0.34220850512320483
-0.67752285822925584
-0.77102683649838555
-0.307558534357534
-0.48684483388417854
-0.57846234674431773
-0.34616475253073448
-0.67215646326998535
-0.52598106288738178
-0.59783122241950504
-0.6704145076986362
-0.89975399113983567
-0.47154632136428659
-0.55956512192238883
-0.60559403681082447
-0.41606500537905378
-0.44181328167371514
-0.40586841520320854
-0.53149040198607245
-0.79247130184408376
-0.42261165117422012
-1.0120593012833723
-0.57336954383413197
-0.62109057007117296
-0.41722327145760046
-0.53542575023550143
-0.57898447898841277
-0.65607484847481123
-0.68886181454799023
-0.43714704157760526
-0.88507229242036478
-0.74829911449547148
-0.19117556846210254
-0.54892215951681056
-0.82512037068591826
-0.47579847679916415
-0.83761211100409561
-0.52396222772561885
-0.81277992550282352
-0.92101477452144753
-0.41982665581893847
-1.0003403598141094
-0.36237438994222276
-0.49799668885677634
-0.69788416644678997
-0.21150188910501805
-0.57366928693288866
-0.8938693827050247
-0.87124659515361336
-0.56261700326206521
-0.59712290231977028
-0.40698728934917794
-0.34618903356451192
-0.61208674052490519
-0.51469347771682339
-0.38758071950248035
-0.5177517873264732
-0.54656043230008711
-0.24154139023476615
-0.67725031537913494
-0.21317664450240906
-0.46848733397619963
-0.09589213762359762
-0.21287496672022563
-0.36972474210019379
-0.73756314635315234
-0.86382351697024817
-0.72137072859269491
-0.23512120907759285
-0.59043814480163725
-0.56257019437184252
-0.26955070821909349
-0.41229939582281749
-0.76335596077179646
-0.52454429614598475
-0.52141680535648849
-0.29691467925637888
-0.81168066827266916
-0.35681463036598304
-0.47283884279433058
-0.49708423330225859
-0.42192419116936725
-0.4617750977233962
-0.43472684034771192
-0.36224494728828044
-0.22341977422314255
-0.5069775953646789
-0.25577775627061045
-0.24419047979833389
-0.64670182168787527
-0.38462228204412019
-0.47398198353892257
-0.63147216434151343
-0.61271392271884029
-0.5783334892511105
-0.07714399210486643
-0.26596732223481873
-0.53692150611991452
-0.59571826199604017
-0.14315059525551851
-0.4719746046116936
-0.53785654041684872
-0.30438190216401184
-0.61138860103366277
-0.40178699287174424
-0.12883044196701926
-0.3326248462315381
-0.5058099274262442
-0.35844168894262279
-0.58881647192068709
-0.28761655238494832
-0.27511130788428562
-0.6628413733324674
-0.5438477445340536
-0.042548621102181182
-0.51479041707592021
-0.10183865593832117
-0.48203673473772307
-0.54042002508086051
-0.23502610280506439
-0.55134852816720281
-0.37079993566521924
-0.2323977742148137
-0.16378850946465212
-0.40288616301628216
-0.63932627599408876
-0.6647584700815703
-0.43560617664088541
0.021922203350788833
-0.064229062914240548
-0.10540391018762693
-0.62186467943306589
-0.41505784358509984
-0.69382058544808112
-0.17170378549706178
-0.57772295652687067
-0.17360671502617198
-0.21747986444951378
-0.35645463811855438
-0.49168413602919819
-0.48189717386093639
-0.067797006809884527
-0.36150704136229156
-0.30867121860297936
-0.37974058218525703
-0.20749118270132463
-0.39690828153682367
-0.30555808570602716
-0.65155082863104574
-0.40283697550269959
-0.016396102201564396
-0.18121782820795307
-0.45266862977883532
-0.068226629389604526
-0.28340691176434096
0.05063203548112135
-0.055169007908243195
-0.33428197762044121
-0.58930711969266081
-0.33109533527853252
-0.094733150628183119
-0.44763679558377928
-0.24796374992243178
-0.50612681494541867
-0.40758057059593683
-0.5890534739519202
-0.42131223839867948
-0.016688850810948903
-0.29047796319476471
-0.25582548667658783
-0.22237838470071164
-0.37517875141070467
-0.2393527333837423
-0.20169163697091708
-0.050922096186258411
-0.48642487508817472
-0.52580148995989773
-0.21127889525330898
-0.30131977645852037
-0.48407117092767532
-0.59103483490928188
-0.058933644912190955
-0.28751678009825743
-0.12033067437973782
-0.40162949938574943
-0.20824497876871884
-0.168162393504937
-0.26311946204736758
-0.25573805410921657
-0.35604742498904701
-0.071015601992245894
-0.53088165449393121
-0.42332525038130364
-0.32729407528377585
-0.4092796619909928
-0.50116179777509884
-0.3519873957219401
-0.3424416499848883
-0.26061239160797839
-0.34211763634392728
-0.20091870251268198
-0.54485735630027876
-0.45238709365518437
0.18279766224267704
-0.069420452291699575
0.034120897094414543
-0.348932019978546
0.0062219952189090343
-0.20106260626202338
-0.22165862281486931
-0.10412143734234808
-0.25057875657157452
-0.36941583110179665
-0.17990623936206318
-0.14936120544491016
-0.050584664805034221
-0.34661601228609279
-0.23701239777095073
0.1975434596646484
-0.33548401759549989
-0.064778791422088741
-0.44556441153094051
0.16010618193662271
-0.1222677298894909
-0.40877375726733289
-0.089049483350171307
-0.013062927266163964
-0.033565971242585639
-0.12579232874540502
-0.19064608314471931
-0.14507468240438134
-0.3028194182370218
-0.1442521305715706
-0.29995765132074215
0.20542875129919413
-0.18436853788360455
-0.14925340174633578
-0.045787592395770307
0.20178405187274559
-0.075013973317193464
-0.30821562033666272
-0.18464552780793905
0.044710194405667168
-0.38353128723537
-0.58341242782899649
-0.11193469495761942
0.1596619803387567
-0.52862035264652718
-0.2464197952804498
-0.23108156687407946
-0.093106232643341363
-0.34266130723600341
-0.30936018280127991
-0.30029450063338597
-0.29845942838211492
-0.25493481777866495
0.016120232342979154
0.078212574638543281
-0.34091255918507918
-0.064530867788853155
-0.28395005236507431
0.029433845163056131
-0.25691457970651632
-0.24003389980179546
-0.19743668551053825
-0.27701906108720437
0.44922417392533265
-0.16846951011036099
-0.30661822725252058
-0.0088873245277005641
-0.21378307986897693
0.131300709971437
0.018674496041921871
-0.019304254395641395
-0.15777546490355679
-0.077864350997323015
0.093846217129320189
-0.20230583474035829
-0.027096441921532131
-0.2538530406117796
0.23303931548295867
-0.068510113428084746
-0.19682493793889907
-0.11318043148198909
0.048364151694997665
-0.049863265200367934
0.017934455892224147
-0.23322287347581522
-0.26197489700580473
-0.29630393019978535
-0.56947060244045611
0.14222843578226835
-0.088040988875699791
-0.18525609368519619
-0.089601853055157984
-0.16906697480240043
-0.076952606357523018
-0.13015627305919333
-0.12728323058401605
0.10251846342500195
0.0073589430156313666
-0.37147449147915507
-0.54811859516752315
-0.057288749088364205
-0.29228689048204287
-0.25274381530172696
-0.038372863050084673
-0.052883489991447992
0.10052994006696274
-0.061407182709951873
-0.38812806267861827
0.096828486907155079
-0.39948409486080683
0.20532646172277433
-0.33081620693805819
-0.083109652941813869
-0.18254005493886299
-0.29874082653597311
0.12734228322776645
0.072323482670662159
0.037221183145131946
0.17262909995247633
0.071428777519796455
-0.080822958107669388
0.1321225704310259
0.19492980773584848
0.036409785271143559
-0.15308540686718058
0.18101644377154841
0.28863974507326684
0.35093962271084389
-0.032025054076351152
0.0025621977984329625
-0.1251219392554917
0.24023684542727575
-0.00034944523480403406
0.15547290400670541
-0.14118590262935674
-0.058002586534792622
0.21751171511704864
0.46661809292724654
-0.13218395929455568
-0.0095060549382930508
-0.084330195419067874
0.28292370018629132
0.20879127101144793
0.093870524263799285
-0.01178602933388651
0.16490481837305918
-0.07535178604345491
0.088528788243213336
0.041546987310118119
-0.077637873852192923
0.0055224201992587485
0.32365447160672339
0.023624311466478275
0.16870154939924561
0.18950918425577029
-0.030671870622639603
0.33218773129347817
0.020430258426821269
0.22101533207340956
0.12482778650130688
-0.046424773180853321
0.14289767112189669
0.4211388112938978
0.061417726036400916
0.21419782446437668
-0.072695068904209834
0.06114759804341352
0.15104611662675632
-0.025546187656381766
0.13316380016175886
0.28378125977362656
0.074706519183946912
0.063753219310218337
-0.014225339716242288
0.47791189376476456
0.062923024977918338
0.13892142855832237
0.36273035992718811
0.061599031953994091
0.24864694191595166
0.28275547105113408
0.29434374293849513
0.18416704953062599
0.10913391956978596
0.3293992025526879
0.042364615620770853
0.14287726109903978
0.091375088249848482
0.25856521090814238
0.25352300053529309
0.10749044536223942
0.14245350445794849
-0.033458050355432374
0.058470920802240992
0.37667339622144164
0.39423627949172346
0.034743957058756707
0.051172813862454758
0.47398743896701179
0.33588831293075772
0.51863468370528387
0.48056016242969041
0.21982774381480616
0.37295121676156084
0.082113863802105821
0.26856939041952205
0.20424009591075212
0.33682742522850406
0.057227777148883725
0.088851096680303956
0.27228250551258953
0.14031153765486892
0.14658651178925558
0.17443249765756044
-0.011097652808019181
0.30358563813383277
0.17564070278143712
0.61922367656473509
0.23953677219970923
0.28796674927702587
0.34392537369916198
-0.060244045840660981
0.030397557888266674
0.19987871065744889
0.13735893209382144
0.34492096674010703
0.41862072428427344
0.335616652620642
-0.014506823426505375
0.10779407716744151
-0.084513453742967592
0.24608197166179874
0.094452905343311064
0.16674640767516366
0.093220676141354
0.22425118257515469
0.044676399313948401
0.66406931849438389
0.62827700471378167
0.13372709096166135
0.094213387830498929
0.34708242020346719
0.20886818787154213
0.29490914527034712
0.59652949780980102
0.38955975317045372
0.29598645910863369
0.22235298538953321
0.49963925090637595
0.40419893266515305
0.39011021858727285
0.41384579841038832
0.703170421620679
0.47520735813651588
-0.13110520958824717
0.12219834144342662
0.2738375118513619
0.069299047293177526
-0.074612014289524492
0.15363263136992295
0.495843317299412
0.32073398643365353
-0.072447971625118845
0.27198196657497248
0.27616836407264828
0.069725886660435027
0.32057281777400753
0.27289479112764603
0.30827111397253026
0.25707267674601331
0.44099008082047531
0.3605065904760662
0.36808632550903631
0.30080441231758492
0.34526439239084483
0.56564235720350764
0.12637317894238795
0.084279450249290025
0.20764652914086035
0.54630749788270383
0.48688282912142294
0.41695516808423622
-0.16398972722980396
0.31384825831925084
0.54081987048923796
0.23831858292497118
0.31280129784371874
0.48588226796763784
0.3179000532106232
0.44446335340561888
0.4905657512625522
0.44305033284443157
0.44134012003547518
0.23795213312260866
0.40198939854160043
0.4852795139955518
0.25788021500415426
0.027786697326958935
0.23749372656643619
0.091913489305055954
0.57256114794716895
0.55714928679617381
0.04600772620426824
0.21013136147847922
0.44262374217572031
0.4288585932499594
0.37433955756334281
0.58049676693719165
0.29609709383206934
0.24563269317963388
0.37367513444224931
0.12524970939518032
0.76649706394261574
0.11671129098901556
0.58263045900182142
0.36133991753066647
0.12736747081739863
0.28896079207652464
0.092666554389966779
0.48982215458209205
0.4142775395980936
0.34826804057951272
0.44049741927150887
0.35686464929648826
0.49896788190048968
0.23662127232362076
0.39401310918416105
0.21174168797916545
0.12469333161410748
0.054380450367110283
0.4843945014452099
0.61078908484214689
0.53762954877513158
0.49522846922504354
0.38323533224051071
0.25213581457276724
0.44012347198189911
0.35360413472603808
0.25294207962526782
0.37680135355872546
0.71486627165902605
0.55505548394122639
0.66041362267003112
0.35566033342060022
0.55957574251880005
0.49021637733394752
0.49893112047146404
0.60310049400389021
0.26200108537942135
0.81999307433832747
0.42517295897745283
0.54800762412011983
0.64906503216597211
0.3888904872218133
0.69940719424176356
0.65017067146968388
0.64813779300752827
0.6652251121263919
0.34065360395628941
0.2912956005737985
0.55826742337125657
0.56873463530290314
0.68099761211122212
0.57137636514439638
0.067891895149025411
0.76318447184950622
0.64134596064183069
0.87003681891684082
0.52651023277740383
0.26338606806245146
0.64728262939887682
0.50688516365045411
0.58813261011755191
0.84874102874825852
0.88094577168831534
0.38377035002688048
0.27531388949700031
0.32841101790701033
0.16766914685584361
0.31569330523110223
0.50372765711393264
0.66314835085441093
0.23663408855938736
0.72406017190668792
0.42054066946553353
0.50919707732035857
0.94709839003504415
0.73209970562915117
0.69062739795455863
0.2580984294263412
0.62418913603663895
0.48734102045472527
0.42735542325011644
0.63827899714045377
0.10898155780553462
0.64259778553714275
0.536447824676759
0.3509350142328182
0.5474927807097264
0.10260328800350402
0.53733208392464193
0.683483082889903
0.38832412129353
0.54950560656739666
0.75023547693311454
0.33442894484954672
0.39175417084105751
0.52615692316516172
0.5168437028460473
0.55380971431750292
0.32810923826767074
0.78272717335180031
0.73215549675496927
0.31399178926371257
0.49931205464187423
0.67339375316424599
0.73739689547844023
0.64908878063833808
0.9651832062278346
0.80186880344968403
1.0896519109708152
0.26539206776263374
0.60833349773994072
0.72392674625882591
0.91518344628583936
0.98962880956115773
0.56737090076565966
0.36138995077320707
1.0710599434119787
0.51754543301109246
0.51447386245280402
0.63906753742689115
0.57992305249052767
1.1201164922433218
0.64838097337733991
0.82932320320124553
0.57616904818619141
0.93517418680118791
0.64409115649662763
0.64034286539325835
0.59815167879482412
0.69969601913875445
0.63332275486575296
0.37714548411038007
0.60139494693490103
0.80534759658799504
0.5390759477182181
0.38065003044706303
0.7471105146221716
0.49375669450225046
0.6174364748180533
0.60052576801014834
0.53868152551485693
0.48118476452950776
0.56228655015362916
0.37626960000830639
0.78081712440445439
0.6792865343136556
0.55879052050581379
0.7947094631716386
0.95287834232048196
0.57126552909172912
0.69346064902027305
0.35025797359859112
0.70086059240144272
0.75617470642854301
0.75214688696311038
0.87493903297067077
0.87475654706966566
0.54482626834453951
0.76253230315173248
0.74351697317441767
0.76324598509934849
0.77435095148327682
0.7122624485787683
0.7114381808022372
0.65710817290250367
0.86436547758352578
0.99795653657967676
0.68785416652758558
0.63569269728790945
0.57819628243677612
1.0494559374019723
0.69413838679879136
0.74324100781128755
0.81336468839457865
0.93372539521443731
0.80343322736287059
0.92256848627275168
0.53724228026485077
0.52031174597303309
0.71708277102679574
0.90318165965760655
0.89098584973292072
0.64907338859806851
0.87758896399477082
0.59574976029887883
0.79981320793086241
0.83802792682629201
1.180350833921634
0.65890154386431565
0.83174459463704509
0.67563109758640061
1.0121253469502007
0.35207496506602565
0.92441473198712321
0.99329428888748716
1.2748758401120324
0.74961017829146681
0.96437431360660009
0.65679664783231206
0.86548832460543723
0.91609924830128941
0.67854613707413203
0.81670497788483454
0.91840659525308588
0.71524036395862589
0.58251636061079082
0.61648255843162159
1.0654192358509631
0.86003401478801988
0.71189565745189187
1.0121673701250367
0.66517130154546622
0.83323101917441467
1.0405784308030617
0.90436814100246155
0.9764833792947325
1.0724301248797288
0.81560852218601709
0.75051669310720182
0.68728683933534729
0.72125913469106995
0.51156626821776241
1.1829638371921187
0.64048066407321536
0.91904839503180225
1.1228518017220321
0.8212492952965077
0.59104129935009531
0.69045682583655887
1.1100419938549855
0.74220095013664256
0.93138553493588705
0.89967999683595423
0.50988372908783497
0.64849849681902194
0.86852839125704673
0.81982280115388795
1.1396055154456317
0.8828744362554255
0.77726863370090893
0.81943207140687069
0.65967282437102492
0.78866645431383098
0.86115628534393451
0.74863393793163735
0.70477276632922226
0.96729632647138286
0.73567880272834763
0.97913080842323252
0.76732924738688313
0.74273953938950077
0.84808099124566161
0.83693576200005648
1.0721902677513226
0.7730532315896298
0.91659033051410643
0.9354555512225341
0.78075736888633163
0.94077785344432574
0.83316243579617488
0.95492764288633325
1.0609521644427753
0.40245644406481784
0.87543032914477659
0.78153969001781753
0.81813154226966667
0.90531232971137587
1.0971920214008086
1.1346281947867851
0.91647390764336811
0.68818217574412655
0.82162042589434803
1.0068267238195034
0.79363746905435617
0.91443438150716949
1.1365013223429528
0.95211951818292107
1.2708094625707185
1.1022229616991777
0.69957165512891506
0.62745652648024519
1.0902845466226279
0.85509164231188683
0.73054101581952924
0.41878030335503219
0.85007671590942202
0.89135960307845219
1.2439662317505984
0.81127543589345708
1.1212955784399692
0.97679487636458562
1.1477809664304586
1.1013383155452841
0.96064212553843897
0.84840499296525496
1.2286507957590898
0.9011278407844947
1.0578596615179539
