-0.95126115095398545
-1.2626205712596441
-1.0171953023939089
-0.70821650687865323
-1.0878357103934251
-0.94504344499168569
-0.86721887405033393
-0.91978730701944822
-0.82743443298500274
-1.2101364799164458
-1.2264592596748927
-0.85796656852361952
-0.88793750551291728
-0.97324292662139289
-0.93047374181721842
-1.0540475775517031
-1.1534067436890376
-1.2092647389487949
-0.75216411499059832
-0.7048667285188146
-1.135631371944301
-0.85072274308778106
-1.0093958434913752
-1.0046091343138877
-0.7893058224390338
-1.0550301371703479
-1.0955556389509526
-0.94773401539754043
-1.142219228937507
-0.64109928169044728
-0.75440273535864799
-1.1387441028924852
-1.0595250757052355
-1.0110272185407099
-0.76277762670421467
-0.75153055463426799
-0.97658275672959849
-0.85701854683621859
-0.67841511205329863
-0.80403963273275914
-1.0187706481550465
-0.88369867683050451
-0.76157962451950212
-0.94785597811929356
-1.1759522099409832
-1.2805976315085574
-0.96600166676728938
-0.75946236539564405
-0.48962138546751766
-0.9576019062299278
-0.76338016886198612
-0.99379849330177361
-0.63874200235212808
-1.0171444902959141
-1.0832185530552338
-0.91596618265324781
-0.95823893734104915
-1.1505555161033336
-0.77678945274373734
-0.64855470186197617
-1.0142262335476362
-0.61295431157745817
-0.79795447663565189
-1.0157610115871833
-0.83956546660237474
-1.3743697773109016
-0.99991832847626994
-0.7974891894509476
-0.37949698612470978
-0.77118948218308514
-0.86099691697174097
-0.68074200441613342
-1.0145719838208844
-1.0466721884745578
-0.81720533316477328
-0.70109260552268904
-0.57727371308571063
-1.0011265031807293
-0.73523679962835864
-0.82444777415093773
-0.89028252662228613
-0.71011794974724207
-0.78303960831653718
-1.0687193637788737
-0.97289804600340679
-0.73162536740581674
-0.80796623194171591
-0.81148282772117131
-0.55637699778900962
-0.78794141861603373
-0.82841752230875243
-0.72258957446247829
-0.96832122916388119
-0.79620047424173557
-1.0277506111339871
-0.87013839756168454
-0.42733054448787511
-0.86317973984622842
-1.0010193000802288
-0.48980276935488093
-0.6047250784444137
-0.60495323267446566
-1.0756062760658438
-0.61852427571388136
-0.69450159166847514
-0.95647758995136245
-0.64912170101592837
-0.95525814944589826
-0.72122170103956285
-0.75558804917326539
-1.0977416097359325
-1.2995656637456723
-0.79222275518454355
-0.59319293311007593
-0.74572919628438172
-0.84252264052211501
-0.92447165747941196
-0.64340693279448469
-0.57572714148634963
-0.76237796728758644
-0.62866759718256315
-0.70524659330781359
-0.72741483870459933
-0.48305376102444519
-0.75683078541694493
-0.52189475636422467
-0.63221734271071117
-0.51891648223407372
-0.56609446228396521
-0.64236230075755485
-0.81130717598159874
-0.84234904782703268
-0.53651074048368319
-0.66672592725514912
-0.73643813405649883
-0.66508308188534604
-0.84861484833482737
-0.36078568289032609
-0.47323851838583253
-0.70835878795510587
-0.81744054455413706
-0.93157324839180888
-0.6403121012460089
-0.68037847387191885
-0.73956173716648499
-0.69775808694228381
-0.62371123082021485
-0.55353191786789613
-0.98319674403172352
-0.75857984987483185
-0.57738824726876159
-0.75561419344746994
-0.59632202963559855
-0.99173291176754097
-0.86506028482605912
-0.75953567493483876
-0.76964561509827656
-0.65757528159437373
-1.0077922273294186
-0.62435986886458261
-0.64225339825249372
-0.36560588743942202
-0.65073190740931186
-0.7037377988287622
-0.77630383047600493
-0.91268045500401584
-0.61958648877636824
-0.64348498830779532
-1.0054475302028605
-0.73204797298534119
-0.61372441272844225
-0.58372560715852484
-0.40723566870727895
-0.80142486058062079
-0.6708327508060683
-0.69461654105121373
-0.69541189118673186
-0.4995874222633413
-0.60950403757966698
-0.77669441185495969
-0.43856001900328562
-0.7737918489040071
-0.43797460651132758
-0.65481513645046729
-0.31468654958855935
-0.62440396446716395
-0.47097577324147877
-0.86628481226287857
-0.95083560097101727
-0.63653080729082112
-0.75869272770714435
-0.73658480582933294
-0.82897081350738766
-0.48009919510991594
-0.78582799172533158
-0.71790375183456068
-0.53830452107543492
-0.60750877284983062
-0.86126147900948946
-0.76188337062509248
-0.66590322607796182
-0.32471263612520651
-0.57727334457791235
-0.34690738736604232
-0.64649447726373388
-0.9946452186281457
-0.45895425378982835
-0.6730015272016463
-0.68700575104851314
-0.45998292471304592
-0.85370500082831513
-0.65963798983363309
-0.59326194722590764
-0.35682009621538524
-0.42875503565260603
-0.41973860855563144
-0.75845904593634583
-0.58545390250316487
-0.59669556220103681
-0.50688572877520743
-0.38021904206538171
-0.58040305531286795
-0.56588902187750478
-0.3916323835098609
-0.77090802939645475
-0.72070233885831925
-0.79225462084299947
-0.38748805976768513
-0.24411192747806054
-0.56596883435532452
-0.30426664815468235
-0.60484387099934567
-0.44538617773201061
-0.40521857772095826
-0.3299415170002018
-0.56800612079327728
-0.38234790308199251
-0.70922499895490865
-0.81432831293367336
-0.43290685770699572
-0.39972490417963907
-0.85699800718091212
-0.53305144304548546
-0.15934285313191737
-0.55734174141452975
-0.43152826081751777
-0.60899865945628995
-0.40607818854168226
-0.16646683136375529
-0.60658620531904484
-0.35705418950312839
-0.63857603814534458
-0.44336866455602841
-0.81067095174099035
-0.4138410071660768
-0.48661854345931327
-0.4001072227524512
-0.36252563894759782
-0.27340284644918078
-0.40193636248162951
-0.64422088763439844
-0.66026137718624911
-0.35848241167062928
-0.57783950362045888
-0.47886159287023478
-0.78207990100809655
-0.1841190925993092
-0.52090210689158023
-0.39724983597523461
-0.25811697133936284
-0.33715943180206559
-0.51058214067938468
-0.67234030581691273
-0.5434365256955509
-0.49159652478274729
-0.27406810433037759
-0.29908021412122132
-0.56334648130481002
-0.36267007214695918
-0.16471420432516723
-0.1189182692477761
-0.29168126928500826
-0.46884479763770742
-0.38509444908309226
-0.63763592586181816
-0.44493578970937353
-0.39935033103893974
-0.63767562187896276
-0.5319961985006284
-0.39356354270535704
-0.58472648386248116
-0.40282748590014866
-0.67542139670384238
-0.57354127548457146
-0.51505818207699072
-0.57907733090814473
-0.5183218464224596
-0.33098940285446871
-0.62488256524850438
-0.21364301842184083
-0.52905948753938536
-0.23291448667764214
-0.68899756579377791
-0.50830317693697269
-0.3496860765540189
-0.59821298693717728
-0.61778423765921997
-0.22944877877404013
-0.46705643244478151
-0.39642308301619444
-0.56445633435843712
-0.41094350171459915
-0.32759476182896913
0.013718812316162584
-0.20050912485735606
-0.72627145032892182
-0.46587637307913299
-0.51139967627503069
-0.10651812819628241
-0.38734799608182929
-0.13925688865211583
-0.25904994485873933
-0.14139894954688109
-0.34740075007293814
0.093893609888605636
-0.34479819082496754
-0.28880455083540391
-0.31280660002220767
-0.35326971944119778
-0.67945144986601336
-0.42728398470633933
-0.26529450410794869
-0.23212084186740647
-0.53765425506539422
-0.41880931017058126
-0.46098435075643129
-0.51872299495300145
-0.48302593950955824
-0.11268353204803498
-0.29136203567634866
-0.1772272292312094
-0.33871349469613521
-0.51041550093043975
-0.35989547307620429
-0.34095890983008725
-0.11419029250711511
-0.39227852941936769
-0.17709604802523063
0.13365676109773417
-0.22646643730511079
-0.24383985187111409
-0.18579850025387898
-0.21566892064895096
-0.25124120678010364
-0.44337340733370656
0.19169343631571903
-0.52971111958543882
-0.033341299760827663
-0.093215737985365449
-0.44894914018122917
-0.2757477722856041
-0.37828170496983271
-0.49739015582194385
-0.25583499232069296
-0.11396920098295456
-0.11940448933145169
-0.28378938344586285
-0.4443214883240908
-0.013202593978883027
-0.3796306516666233
-0.030434202339102313
-0.17799867948057457
-0.072946322782154002
-0.23118579269561465
-0.34229167209369754
-0.48829586836001099
-0.29946096850923504
-0.56797683561148005
-0.40019622485072082
-0.48646439598971092
-0.20376018132566825
-0.62815998466644352
0.02219228400275762
-0.58107570525502539
-0.39055024721866882
-0.208044049153082
-0.19178149667653308
-0.078920186443981188
-0.19776568856355822
-0.19967384772406718
-0.16561313228783273
-0.41798316781666978
0.033806040966000948
-0.0036885205438255491
-0.011786331384059474
-0.12745075396971303
-0.092934013936730397
-0.014541320582902384
-0.24687174523787006
-0.10080612125081256
-0.1306322998694272
-0.38384552759397694
0.040724740942319565
-0.10569823261377032
-0.29781770269131536
-0.26228616077310413
-0.14247178603210051
-0.059042369606518715
0.40554387971628636
-0.58254282814203118
-0.098428294820622361
-0.46272138912189786
-0.18407072653516215
-0.13881533705030194
0.020197002235377803
-0.048510074582973184
-0.19001078145775976
-0.36662087012354477
-0.17644606472022537
-0.14513978098518435
-0.21763020914761044
-0.13699683713554783
-0.12924309050046073
-0.23597270264568695
-0.20065382746293145
-0.48569889265721561
-0.028290078436876958
0.2744924906150446
-0.0070577932674192895
-0.35219744510642975
-0.17741805317504761
0.08064423402121515
-0.24692118697578844
-0.051125592251795846
-0.2788182495493558
-0.13671555413788083
-0.18149593147921853
-0.22580619837312077
0.10330285410467518
-0.3896721364607838
-0.22820085026024842
-0.22608143265408626
-0.27289204933108324
-0.013914254860718362
-0.22808368811306182
-0.25808448289445246
-0.31603424776896771
-0.20676436869595066
-0.28259574043648839
-0.16626294497569402
-0.40584996749468427
-0.084942571609129713
-0.1264509091873218
-0.23700237079463773
-0.17031454111167924
-0.10002582151197369
0.058184827178018685
-0.32936382973191353
-0.025699937588277443
0.31939663386509798
-0.42396572174071268
0.16580714799610524
-0.18608231838173878
-0.34745102740378492
-0.24266872845249143
0.06866000281929166
-0.15939615568116186
-0.33774931677207098
-0.090595069897591862
-0.18896824550807861
-0.19543258661302537
-0.0651187177522108
-0.17782277796941093
-0.14765081889052212
0.19576773847601983
-0.083668889417169268
-0.055025077622918528
-0.31369123144556188
-0.11669410244010157
0.064829352470477664
-0.30732592910049861
0.269032004827857
-0.061936701570883289
-0.30902271603959575
0.22916843095474224
0.09357614683161998
-0.094463301372189667
0.30905023533901738
-0.082685061753832487
-0.15824476209781613
-0.16842082487731613
-0.14049441334768373
0.02513198962714978
0.11206244901283224
0.063446330323797123
0.018729085471822313
-0.37505858200054915
0.036925917371948933
-0.022706230430539445
0.15318984299965024
0.17996523389890604
0.015066698681609425
-0.031088163064574761
-0.032363736758043452
-0.088256891854902084
-0.31756599193965768
0.018588687980874007
0.31651721640171787
-0.048036404666667962
-0.066578685869002577
-0.13122546304398552
0.21291888505160905
-0.1922191926921851
0.15049896958927464
0.25842093807970934
-0.09708632332783397
-0.052405790739309087
0.062862367453713749
-0.057238536959881833
0.072655112896984203
0.29817934924630857
-0.06943997845612121
0.12130559258371863
0.16056013263857402
0.18934191774654646
0.26692182045346446
0.28063223846564717
-0.0090065115771368453
-0.032031289569604125
0.17859770538414835
0.067381303152550323
-0.20819745715204171
0.27273050388581516
-0.097938904889710326
0.23385523900461139
-0.13262710936340286
-0.053818322624910174
0.030635999462780422
0.22014516274405241
-0.01575500505230986
0.029878180026672065
0.080579012550138496
-0.23641785320119041
0.021857369193245657
0.18942760449507784
-0.18272411572138983
0.18095282946980698
0.071581114617099303
0.30579334397667407
0.49007258179555135
-0.12460217782066785
0.5374305270962183
0.22693991405722533
-0.0025346947978129677
0.35131044487971513
0.2054220913355515
0.065679218366584718
0.055648147230854997
0.08737984149718038
0.2808055130006879
0.098534727205526737
-0.077761708648348596
0.019837990945895504
0.31032207726976585
-0.015336866082205518
-0.1180680055768626
0.21195415318515431
0.22692518447475846
0.2356073329594762
0.15089045365857137
0.18047653321923185
0.10579781850162079
-0.021595327457115707
0.15055270079131675
-0.062951828366290999
0.23303418664114495
-0.095465483177043717
0.30167757063695616
0.19716903115119444
0.090128443240099929
0.096541218042575816
0.27468849119472494
0.12430499588523357
0.21204408526166768
-0.0081039898118517358
0.31717379837919063
0.087336758829477987
0.64870592137969674
0.32390313426874617
-0.080581842633490969
0.13249073436534464
0.15957839229257617
-0.06482155594111487
0.37679907675914259
-0.023466478221987427
0.13733034752642811
0.31918580997948903
0.063918418247673081
0.22112441636081906
0.42441049440550388
0.072439941227943727
0.030426388193504267
0.047302833308825031
0.17158840619968244
0.39041322000782813
0.30381315978929069
0.49911286705416463
0.39007578041446761
0.10168170815007348
0.14329139961224566
0.07198840293596391
0.44109238445179466
0.076631432038266764
0.16326736586433307
0.22768443088584345
0.19778497250405055
0.48996604830527923
0.32848082493311487
0.17656383093325984
0.22143066844985626
0.52678033544782932
0.41756017436815929
0.17802712550879277
0.35709296696793985
-0.0076923893447050778
0.33039617735935994
0.16350553584932817
0.32972177968240635
0.46886273218657437
0.34109530078388628
0.52332509772232516
0.22572765941035833
0.068854205741909133
0.53263675444640979
0.27676191530332328
0.31797144578626008
0.10778841037290897
0.21311338214242401
0.62106756640469196
0.36883538320845732
0.20317217066285634
0.2185450668030664
0.086244537816332179
0.50942122403014833
0.39681451637126663
0.4488906156700308
0.46868669651536266
0.22057460887572658
0.41680625678183381
0.56166796199437663
0.58032115363545111
0.50882793037321972
0.26329946919322739
0.57715732650695473
0.15927707627726859
0.17350682648311921
0.42941834331137607
0.41744314077195599
0.33100951430113973
0.3011479537599141
-0.00094950084955076647
0.40120906761701519
-0.025536792398898746
0.16371134586431471
0.47740570542415395
0.54575658963529883
0.52156289781914167
0.32136862867499488
0.27269105028177254
0.40596679894041909
0.10595952034227794
0.19512892779158411
0.45889083257869151
0.22900875891624636
0.44660486067429928
0.25899898096755508
0.39194581386528637
0.40967582481470766
0.38433691153431915
0.16593283049140092
0.4465668488540554
0.27514144856134859
0.21990960379091468
0.39312519558002745
0.19139054721739784
0.42716539244242363
0.33856579107758095
0.38642498772781625
0.58602367080807249
0.47057647993108648
0.17138769205166701
0.32746809323640491
0.5822125772880794
0.31840657325227872
0.088127599566364206
0.62971670198246821
0.17730463069751831
0.40965724587016761
0.47264923308976475
0.52919379258482668
0.35621648540571615
0.55789419945304053
0.70822346738791275
0.35252743456167329
0.21473693197238253
0.21897782654381859
0.67729628710407919
0.396409021185606
0.28379355917835508
0.41477091474518141
0.84582050751808291
0.35039638339060031
0.75348718877677701
0.49659387838541025
0.59334679383997357
0.28550478662515671
0.52103873144817481
-0.089352725287148854
0.51859459488578852
0.39453044190003839
0.3599615250616145
0.36661496854868564
0.55393933030056464
0.48175124476294007
0.43271555279286583
0.15875914174258349
0.73545984262970887
0.46443599312083189
0.37875676507993405
0.57472484277475633
0.5905197114466767
0.22403737477785737
0.37118907502051679
0.48198514504304685
0.64800351945098589
0.19960098824846795
0.12754482605179968
0.7978994574260142
0.57035873998910025
0.86693014865013107
0.41145124359396251
0.28105195525945853
0.22728236215282072
0.53574937932174727
0.44714156045186448
0.66496200889865098
0.89109686977801461
0.89745251939917725
0.72245463891021777
0.41544304601187221
0.57485559101630812
0.65164851967727322
0.46763496985381275
0.80067405895234678
0.43352859489879786
0.66240863604056532
0.91988676838800842
0.47209209129650714
0.24848201956427893
0.75778684025011478
0.28473290076604857
0.50453905592770598
0.096478717409044248
0.55314955894583184
0.74942689948956775
0.59074816697437971
0.60634687591699821
0.61738821721428394
0.58035542705878285
0.61157150383782333
0.76968894413381062
0.4469216811635896
0.46810953905566405
0.57298647343907549
0.43802495372823497
0.60345601498352974
0.46966969624017058
0.87385512393518705
0.59127111685789868
0.43406389701025883
0.43258953414696844
0.48015877036186522
0.66308927933083506
0.57149021326765004
0.92688995962523002
0.38612589917445156
0.50906548706990207
0.53228594789643824
0.37271293548976886
0.29202092649709305
0.44745117542560015
0.43215223953727155
0.35971403945856062
0.76052828604590372
0.68005814812961762
0.63419520014403075
0.6649448280173621
0.83483336369430594
0.39113825872387925
0.52483715595886393
0.22365692831120629
0.46523081905598546
0.77300749504611488
0.5039239721990646
0.54978358662650517
0.79181202822369867
0.55716938803291283
1.0054483807197128
0.51158245009699821
0.54344775453718075
0.69527063415428125
0.47282781621241365
0.65493089795783543
0.53073100651731409
0.88721554069222286
0.55310499498476473
0.64481181934439569
0.58934642568918338
0.88144250742782226
0.67812345209948921
0.74898878112026768
0.27380426591212192
0.68674660537196708
0.81499761486948008
0.3202084678238607
1.027883644773449
0.45174574681683827
1.1009431630654372
0.5056589204712465
0.64126082552731922
0.85264706262457535
0.6424149800359128
0.7989857692918696
0.61706156222324826
0.90392733899293953
0.82721874683368912
0.61903047712093262
0.9234669340478987
0.93330578834106803
0.74219753341503802
0.54454685690488913
0.79047685829346326
0.5341650647527777
0.63415918889438194
0.61993475178056634
0.63780430140834143
0.52796148956305711
0.40419397673844804
0.64643159495867741
0.62298142822371105
1.0258117190144764
0.80612854011413249
0.44485993732010637
0.52791354439603955
0.67269513527758429
1.1153246158185754
0.65601821379902536
0.79722632235340996
0.69677166252242162
0.72215053739387614
0.81056542315810809
0.51706419680507376
0.78449473027836303
0.69319920671812929
0.7453002716781203
0.71950269705047509
0.96593247848192276
0.48679894498386911
0.91018528558634215
0.30579448519823438
0.61187254649562584
0.7559649412029974
0.88145718921608196
0.43269695563701815
0.79785050264293389
0.68715107586214963
0.8245464960590384
0.65503028728312429
0.88903831749102658
0.78733999378710773
0.62863777669602461
0.81865093626287955
0.85818575963902433
1.0516362481495469
0.66039152439449589
0.54276299284188634
0.46901788253083732
0.76265721310325441
0.8148403528067808
0.63393690489519694
0.6463854275972426
0.93503695726869729
1.0084528301345825
0.68984332318940789
0.99729455034984882
0.88435834424701132
0.98762709000289661
1.1359490933117675
0.59034125453794128
0.8022004925708841
0.85072367623225864
0.48447717176390032
0.90833219799509768
0.84641750660052151
0.52236513291208986
1.0013590501837808
1.0112086181147895
0.76927968991901974
0.93336018954177513
1.0645542663194751
1.0619004604577598
0.77587742913557323
0.90928538896610656
0.96846553579055117
0.92164903846118806
0.55003840894037492
0.92585860774415596
0.76154774147358395
0.76669198962012697
0.89290301294928609
0.80535488602917138
0.95637207695107596
0.99675652687178329
0.79638385556446756
0.76924629359388541
1.1323425706025023
0.73758517969747406
0.90646691212150099
0.67134461043239546
0.63809606225280624
0.8435427239323845
0.89648250181775868
1.2578464645628968
1.1263375649531708
0.96692685513525833
0.88191089083594842
0.60861436215593956
1.0026688565678921
0.98466838494111131
0.89367122993298864
1.0536344556168136
0.77942247357019478
0.95302233943033332
1.2160570671054707
0.96896774314304046
0.82834376379869923
0.64058817194577744
0.50135273373498102
0.67771951503741124
0.72071288115835175
0.86622702447155187
0.59713415474359488
0.69392234523076868
0.97761108251272788
1.0779106117371882
0.73048232410885117
1.1631661467888326
0.98056061863527988
0.76180969364090778
0.86725284955110815
0.88885272262942472
0.7343705477584801
0.53139245291939285
0.80350656666559905
1.0224622533475622
0.91976493472331944
0.53705602326909152
0.87305896633105839
0.9781717788433455
0.86792221421035232
0.85526198926309049
0.93846729856504851
0.94799468779667995
1.2332614008401612
0.80312932922627256
1.4190822733318069
0.74883921866433001
0.95362417290189483
1.1173301732477201
0.72557508097139933
0.86148217218612166
0.99491126414004283
1.0660208681606509
0.74575710865817102
1.0449562836966035
0.87957774776259146
0.99623658316294117
0.71320811854989763
1.2693503298424131
1.0293358025388175
1.2999338190971694
1.3233047328759386
0.88688733341910742
1.037835164317128
0.80921248453444616
0.94814616323223766
1.197286738723977
1.0297500770231618
1.3165783289132893
1.0047577505251879
