-1.1986132480069396
-1.1490465412259039
-1.2946738497475367
-1.1100967553691701
-0.82410984243010843
-1.0435911125986534
-0.83745514685118705
-1.1252075154783263
-1.2252548083601158
-1.3602382621827207
-1.2200806441203367
-1.0446578718080086
-0.86388795493395099
-1.2747669622707842
-0.94424608436025226
-0.93034483569876647
-1.1846654472256826
-0.94117242022080561
-0.85283227870674072
-1.0260774097770557
-0.92494947361753699
-1.3782088856655719
-1.0481540701771503
-0.79548013994680444
-1.0992742384212044
-0.89677439994918517
-1.0720358918133546
-0.80398513031316321
-0.69811626972062746
-0.92206296994061931
-0.90912345724697974
-1.0314771129031011
-0.89711343488414086
-1.0093591942617699
-1.0384637866709299
-1.0879555288172118
-1.1540743555483441
-0.95877246124743787
-0.97122001787343082
-0.79287766516581715
-0.94739729231912984
-1.0235660674399321
-1.1310547602303964
-0.97043349801773537
-0.78187263188011791
-0.98971289431278164
-0.83710715561996951
-0.72511300343413398
-1.1754769422339266
-0.90802122699725762
-1.043652413003441
-1.1375638186729837
-0.70669558427211321
-0.95398375502405874
-0.70256412694591053
-0.51022366372626138
-0.93876891270309715
-0.935444487527479
-0.72587756190584374
-0.738898381724028
-0.9533954907325457
-0.90818527036827656
-0.80472982010322391
-1.1905578102803722
-0.85833469690050246
-0.78072502711200875
-0.87257349550156627
-0.85686509867315352
-1.0696653887345167
-0.91328205804246676
-0.84230689723616425
-0.63337234216141725
-0.90894776642190744
-1.0513801155946356
-1.1784238766165278
-0.93119718845238264
-0.95044808057928687
-0.93254151402260521
-0.76570887160148138
-0.83978015984672794
-0.81924016991222914
-0.41292004074172922
-0.69884846628512509
-0.53415942853865384
-0.8929654670244439
-0.79418148338795991
-0.82464241546873263
-0.91281137776427768
-1.0573081838873262
-1.1582957233580979
-0.79286461311933965
-1.0140156577568158
-0.71274865058637649
-0.72303218455881924
-0.813854877413139
-0.66236623346305334
-0.95985133704085446
-0.78459453517111211
-0.88025310066175222
-0.53990748920336673
-0.68610347266413074
-0.74011614985359908
-0.93392907149407534
-0.77611648327418548
-0.54646546999308154
-0.8409552630921322
-1.1026270226775099
-0.72843836679984653
-1.032701176479897
-0.79882973484356923
-0.92213449926556812
-0.89615858264618997
-1.2174871357213055
-0.50885615749588087
-0.50406901044347796
-1.0707879482849647
-0.83785659019765302
-0.70588818070391235
-1.1285807008230109
-0.41317534198716727
-0.89481360092170859
-0.87956613697835473
-0.92093463924170438
-0.82418272046129737
-0.59609720293534696
-0.82799231290557407
-0.88596266290989512
-1.0820763660388542
-0.82611046776446651
-0.51227749448131088
-0.57057289919117515
-0.82239325183104051
-0.83967974792834221
-0.74574269805604831
-0.60401661763448034
-0.7490828996057034
-0.47864049770267325
-0.74315769358558048
-0.89943031423072928
-0.75605732166085482
-0.78788123112633235
-0.51369878528049429
-0.84322339975611738
-0.78320540753488044
-0.7783079100037531
-0.9592993710637937
-0.94675588561160096
-0.73372334477817602
-0.58219994371827655
-0.53790668630766703
-0.87784209309073369
-0.65489328011830872
-0.78127102564207207
-0.68443464987729052
-0.40689893773056934
-0.64215286911695524
-0.42818896341147983
-0.30476406528727829
-0.68634985159530748
-0.46933744197568855
-0.52674041896331691
-0.80950112442171862
-0.64652906936592858
-0.81822056305808921
-0.63530777479037981
-0.68174248152314476
-0.50994433938499906
-0.7395436411349755
-0.61559807955270107
-0.65717707238655121
-0.72960990468520104
-0.7177396339998755
-0.43643490728787887
-0.73100026535768681
-0.8705877868764984
-0.72424237142744596
-0.69192171435975147
-0.62547861806181981
-0.50076454064316356
-0.75253723795392191
-0.44012481033687945
-0.41088139847324751
-0.49557141663155779
-0.71904500300820606
-0.65907741612322368
-0.59739285049355428
-0.6651966232640445
-0.69275334081613948
-1.0829423898628254
-0.57756231301865757
-0.51157639881501626
-0.40197784382625484
-0.8669563226889847
-0.80648364764205971
-0.46715957154403104
-0.63747972105407913
-0.56890391551018182
-0.90611669250552263
-0.49669955739870408
-0.97707285264622068
-0.59178689245137173
-0.44223047940885707
-0.76963338761365385
-0.58026396683499049
-0.88350683429268984
-0.46742092618568137
-0.69839761339364781
-0.55012526534040007
-0.68636380056333157
-0.74990128072758533
-0.38693511894195515
-0.61248878757311676
-0.67078205156957371
-0.81948943934136464
-0.61738611866306004
-0.38946618246588349
-0.61665039932363708
-0.66021810911722989
-0.78595363634116622
-0.87981620366956514
-0.56869971925721385
-0.55594511994434992
-0.93253445938605484
-0.58691292195897771
-0.47329092069860934
-0.39634167008361543
-0.59508150260155568
-0.46642029699759874
-0.78227086780334787
-0.50976841147935059
-0.81131644917487233
-0.67459167042341672
-0.44609123023842595
-0.53426256133426941
-0.47709187551213389
-0.70769191511017016
-0.69322301176380108
-0.67436664704547178
-0.70764586107929983
-0.6388704062867282
-0.58437202247367726
-0.18579351234185357
-0.55145893236705956
-0.5768763857118312
-0.49339617938390401
-0.58093683298742604
-0.39204309333339238
-0.52925072148239172
-0.68255445886609378
-0.4350144003939691
-0.67069064205504692
-0.34777043780519151
-0.61469438071262683
-0.61748208500490587
-0.68249007178447252
-0.49302602449999222
-0.58780401482304268
-0.54980442565738075
-0.49667509563769591
-0.67638137335767456
-0.30551123367971689
-0.49818497102607079
-0.71550163253068377
-0.40661454895532179
-0.75446584637875824
-0.5277683812398507
-0.49035248093930328
-0.281526670579691
-0.47842174329169052
-0.42283856311184209
-0.57184636054643501
-0.67269772408595008
-0.26718900038163967
-0.38885446152636799
-0.57103178876585992
-0.57365829701078419
-0.71988303714852842
-0.58226912949579879
-0.49272789441247916
-0.60078613519520829
-0.67371371833946769
-0.37767916363303899
-0.11486750782671146
-0.44078839477782644
-0.39387051511980042
-0.33953020134898981
-0.48483574528257994
-0.55204163610852863
0.024780419310421173
-0.45267556433454365
-0.35316169978651168
-0.50499516910216524
-0.61415264061955033
-0.35632351478767238
-0.32773521448840098
-0.20621201302596665
-0.49498493816353567
-0.3914767434345256
-0.79350468633874838
-0.23769375568908604
-0.25822304699752041
-0.5987613824283583
-0.60011371261529178
-0.64967757421300332
0.04662692802070436
-0.3713731008828694
-0.21952709397809514
-0.15580555511215211
-0.22843791610511252
-0.39101733578304615
-0.49137289318651989
-0.63271441334556922
-0.46993738602268309
-0.48099767777791269
-0.16235604658407665
-0.59796667236288237
-0.44786815244184114
-0.23519869767761775
-0.44013173876757089
-0.48484102384682909
-0.37449070756946773
-0.15288555504747053
-0.72391955100124783
-0.44677558720938171
-0.54053545591408814
-0.099094449408115057
-0.59026613661347538
-0.49393841126146049
-0.35752697010858875
-0.25780146073286098
-0.20946521339072038
-0.19048613113123256
-0.31517694030145299
-0.32111409002958891
-0.37247279971844105
-0.50711955850978996
-0.33697653336080424
-0.57647534537559375
-0.45687659709991685
-0.58346831983270775
-0.43109092789949427
-0.53972013328502089
-0.56154387261367611
-0.39901634129857555
-0.12031976913398928
-0.25954328625612938
-0.38787602788184561
-0.36936617862092735
-0.22138185414694134
-0.33528148540976765
-0.4212913031745269
-0.1509524209900005
-0.23318024190822356
-0.15796659195416821
-0.13684797125781295
-0.29724901719282448
-0.35573105074925909
-0.28183149594917062
-0.21288784641228586
-0.016776391827187258
-0.56767645810622336
-0.20259695182854573
-0.18475017996975635
-0.44639703016400356
-0.38045959720736539
-0.3130614588042504
-0.33220372887725219
-0.34101602511592727
-0.40895584731180856
-0.0095852420207875738
-0.37969463275518239
-0.30960094134487537
-0.32794057026757739
-0.38072970031775555
-0.32783842956547438
-0.33927111322086423
-0.30650631866183214
-0.33540015707114762
-0.20680219286481974
-0.015833886534700692
-0.22796283685695057
-0.46785581728202097
-0.41712300736838581
0.16118236948025091
-0.44215917928747889
-0.013900424744916116
-0.28377082867456699
-0.16197667445651365
-0.45159964968949617
-0.25041741992755251
-0.26939519521604838
-0.34378935622700468
-0.34637843721297074
0.10494920808347685
0.19502262697274919
-0.12307263739396397
-0.3127424957169051
-0.021238671887675933
-0.27677501047829001
-0.48989997168448479
0.031043406167591624
-0.076949798436449002
-0.036920561659430251
-0.28835607292499438
-0.38886462988719062
-0.18575590266266515
-0.24366279923638132
-0.089450905185162827
-0.19975270123014324
-0.081593300775722744
-0.44872164268460146
-0.056127813277447536
-0.055568089868355632
-0.085937641621670932
0.0060991420019784158
-0.48983830763605246
0.04662066985009531
-0.053413307283277901
-0.48807838218641619
0.080176152761237948
0.088954501513620249
0.048461354260753174
-0.13697163714280389
-0.085200549515236951
-0.51966190820655656
-0.61055620249317155
-0.13184043661772538
-0.08198762425677511
-0.18767751806486427
-0.019213294157400477
-0.2268067666389893
-0.067388981925954078
-0.36568033584634807
-0.39660015881495536
-0.16150716233175161
0.010980409030231375
-0.086459700080672802
0.013394460363587267
-0.13989079423873013
0.0959903297608206
0.10591927973372184
-0.236557678181891
-0.026070916941421163
-0.056527794340118967
-0.2186027777757466
-0.31030615557470231
-0.071651148160979422
-0.14451581289686763
-0.10940225133583341
0.086833450556973987
-0.1564103868507298
-0.01600546790724821
0.1885656703658985
-0.14491427123721976
-0.19287625615779422
-0.21435729816594828
-0.015044198598208757
-0.1857413420443248
-0.023565745588524822
0.060457865408595872
-0.084303776870428823
0.223812730792672
0.25189519234443836
-0.44621811950211832
-0.017054983793494408
0.069751636761471142
-0.26954153893028593
-0.26349007110534223
-0.24231492531233603
-0.070799685492587222
0.062752546460717443
-0.30328839737856422
-0.26696281534907312
-0.070696994837274513
-0.39141531856113676
0.031588550400639258
0.16727121995044333
0.032035117267596024
-0.038500477469776723
0.2640414488785317
-0.24512558650881161
0.016952474758766226
-0.080684173627204273
0.08001620400574988
-0.16857659129716371
-0.17716397721387983
0.0098301168754469405
0.048345468199222259
-0.19021291821048164
-0.11524604666262876
-0.079086181727120064
0.086087331625373242
0.023319256643023169
0.060656890612139476
0.1162597963195488
-0.2433918679506131
-0.18861907027162819
-0.3006033306604291
-0.012673328778621623
-0.1656700387261634
0.13504941335336135
0.12082628971509379
-0.095011147994693165
-0.012039210134629238
-0.1174039236747693
0.099655865106819147
-0.068724219262187969
-0.060568398998828488
-0.16015376752645194
0.26597202012041354
-0.10203473087834862
0.13192470250486174
-0.17342534246903352
0.065188379086232123
0.24993054303952247
-0.10888288638697306
0.18068539544704093
0.21706771171878866
0.12757240381501453
-0.0024389874606369141
0.0032356988642586507
-0.0042837232886151627
0.22054835252476321
-0.093140989324493786
0.19661080106698259
0.18500636996514022
0.12269130396790642
0.16228540329525834
0.30929397158655042
-0.074501180947182444
0.034047978251884027
-0.16648334275692336
-0.078620747979532946
0.34051305121526626
0.28274960397703491
-0.33202776850725485
0.25655422435881908
-0.24010691198684711
0.15921687812625232
0.027704893692606956
0.0015678346653779595
0.22068737223018597
-0.0035341768619375617
-0.085914838005502384
-0.1419254040401545
-0.03730803973436006
0.14926015842729706
0.27200833604872876
0.18226489376568281
0.049412102175418311
0.19835284007442042
0.32496306399993591
-0.26206507247527383
0.2575537741717247
0.47529368889280854
0.091118420136360651
0.19197049782027709
0.51803021102528679
0.058445049795172545
0.18231159169657507
0.24014562868184527
-0.12167062893662491
0.09297243320358306
0.12435995030732315
0.28609893627994509
-0.12053649380544541
0.04948414422050508
0.2079002019702533
0.33329360696017252
0.47173575912412874
-0.14677845052795269
-0.02472637190357508
0.00088357471669780108
-0.12257582814866991
0.14169858217994916
0.19295943421465878
0.58706107787157302
0.2810815566915606
0.11248821177387817
0.24057670233874046
0.38577152254465225
0.25933693164906158
-0.11151109263818186
0.36531191198741114
0.23811370972301454
0.18080773658115537
-0.169970769276345
0.42372470318875588
0.087460976958911654
0.35465166866297521
0.50036966105694392
0.19400289605428722
0.19807098412855423
0.23043199247204132
0.47527762031671517
0.13537403561871766
0.31925646368500299
0.16493219495529088
0.2845482626871163
0.34073705481115307
0.28465039328406272
0.21511864175299453
0.50573242705496357
0.26475174859302497
-0.056820838730077768
0.11187315635976497
0.17693269039115628
0.31411031813548235
0.4343526655882462
0.33925606669678221
0.17702317433537065
0.11457985095743893
0.29021880973249775
0.49894910276171001
-0.07456544878617187
0.56485620728688168
-0.016469217822956482
0.32722095839558935
0.39171761488929802
0.32080809532890692
0.4688121863471903
0.33134086146089553
0.029812712344484855
0.33069117840369511
0.3020886976857744
0.4885227182468822
0.35899638091998654
0.16615609053162855
0.27160154589887459
0.18925979289597347
0.27003606391624052
0.39869171158600675
0.32011051053855322
0.50573879150827117
0.37664854007752196
0.22429045165038447
0.41055573161063696
0.44322254206272715
0.10443517288575081
0.40244037701451685
-0.053652626872696785
0.22702776144951642
0.26984788010535371
0.065643389119479589
0.45125263735595922
0.20988161907237338
0.14479137926745889
0.41168519555552524
0.29554356965535999
0.27113724166288672
0.11657722337498645
0.37749511924270024
0.69067958438824684
0.2480806312992811
0.070243534782050171
0.2668851304362676
0.25124403847370969
0.31051314486187381
0.5192335491499096
0.17268235822299322
0.53722227842862047
0.18066155731374325
0.5232835539719749
0.60152690064231951
0.43739576327365942
0.37593150857445651
0.34132807161868289
0.30266880203940111
0.38048866009862486
0.3494912974671206
0.21940199353794054
0.3573429523972122
0.28580068027507471
0.37748974744500863
0.36404463092462586
0.16251018812252629
0.31988708283143402
0.42041262953016117
0.0072906972922995115
0.47122158580198142
-0.052398384960471708
0.010914567149338639
0.4704090598089381
-0.024099243138530315
0.28069051612778401
0.49216269584035038
0.41461484069825955
0.69506363726007014
0.70538721497229773
0.49900789104942234
0.32910780799696315
0.60974133613406678
0.55933401967201779
0.51562822789003471
0.19681954786035596
0.17391181389987467
0.27188018705565892
0.24684784780753993
0.3727918446749437
0.27229623274555093
0.21998492915925519
0.51663928578894558
0.22210668198394329
0.39354825066171811
0.31145997144062482
0.61264468681599571
0.17273990875733766
0.3254351464300374
0.33723556600771187
0.34715693691232286
0.26109758733483784
-0.042050569244161569
0.4078418355545459
0.43693126305319513
0.18662507497663955
0.070451119544082577
0.30545600559939257
0.43006758341915324
0.47431556408734177
0.42651067174726354
0.54730456918107317
0.53943800495231897
0.14668302034998124
0.31315628749565999
0.11137295848126705
0.41236005186554076
0.30680563363342994
0.68533527163641017
0.46416306778836264
0.69052156116352825
0.42836867094450903
0.55191564160056727
0.30752160964032421
0.12980923112629655
0.70452862997708743
0.72423168141550931
0.36929802376879584
0.57677179787840871
0.37746404876452777
0.5288838544329213
0.22098014958582857
0.67491372616831202
0.90422425450474642
0.64681490249654661
0.64690125322270464
0.32287365348353658
0.47656195113309779
0.56943359591042986
0.41388606416637258
0.52199061032808158
0.63081277570130712
0.64047079910869142
0.57054202131582077
0.56225493975516816
0.59307036067347463
0.34495379564629458
0.5411473601543243
0.65020848946261223
0.19285963067324399
0.49259210380919904
0.92118122846875083
0.65650830369532087
0.55155644784045699
0.75844491080124021
0.60099162299050701
0.71809033160556657
0.49760383904091948
0.40288314698486488
0.68203524883714639
0.86007018378476852
0.46923886862519815
0.83064635954445853
0.59982243298062743
0.63291620268639726
0.56474881160270152
0.66697722457041331
0.7670021528922204
0.57097515298596124
0.67574406553058386
0.53416731038730603
0.45970522001310099
0.54374935875244323
0.50587487537639475
0.60210724933198423
0.55884483540590868
0.52386510229639371
0.60232754441177649
0.81315741546618658
0.55446457966119556
0.69895026607682031
0.51028003267102318
0.5235546259215732
0.50487980273865662
0.81098136808581633
0.63580623520973778
0.62234758436340532
0.72029887078897425
0.65419260849338379
0.21819070623467993
0.77488786362954198
0.83784514997399839
0.60239351102449923
0.9984167285833373
0.44193547690299828
0.63395119491660668
0.57186236673960755
0.67456251438012149
0.56285576869590148
0.55802531680342138
0.44372811837555598
0.74907273463570234
0.80140062585769933
0.53307177567958131
0.87061342925853435
0.57546120866359751
0.80621115618909889
0.64062927409601422
0.63955276548240925
0.62706717096638043
0.5902456338046459
0.7896986752034767
0.98631850541345667
0.61818160156636104
0.60474163229169609
0.55724888222915081
0.72602559725631144
0.80814619445814873
0.83197281072535523
0.60984329332725995
0.56345842583074257
0.34781637136825305
0.9172615690786855
0.41012287177292972
0.66014227422585992
0.75335698912368654
1.1394656637134495
0.68584602462998523
0.75533594184447272
0.9173253703374421
0.63427988286685222
0.79369176636168126
0.73949129756155629
0.84340425829610399
0.81872827090976963
0.2558328886659787
0.40640802232795814
0.73506176365626241
0.91520456408515272
0.81572234144710509
0.72175066773458152
0.56606933055675646
0.87803619501707841
0.54503277303762754
1.0522692080896991
0.38636563710731253
0.88031350664064867
0.83820314498374082
0.7098331283365954
0.59516150918838062
0.66950595120266565
0.37122285310160047
0.63048039365271247
0.93331450577732833
0.65457717390186443
0.53498038573356654
0.79598383080375112
1.100638381078533
0.78238635146338698
0.58521973030134933
0.67191758091612963
0.53123476352956289
0.79573266005828991
0.78350246300859361
0.84172892020129297
0.83686633949955591
0.74751592292382141
0.32881773870641828
0.80104217240148834
1.0528533896586294
0.56988055703052365
0.65375965678805736
0.90691872757256653
0.41841601370344084
0.95670365052991357
0.60981734329007553
0.70894981516928768
0.81375462482170446
1.0368870127781724
1.1271598292602734
0.8416899331985932
0.78520014403589056
0.92081424637429687
0.78907808084368936
1.1340819734283676
0.7316282842534626
0.7566722595996842
0.91230895732827511
0.84734271109402182
0.27650209469777548
0.72661137825336586
0.8532564243882319
0.59493756729765745
0.86035700500887702
0.62521199430092533
1.0030091027823131
0.96290039927940385
0.78222307164129035
0.65691074117961046
0.61888633710648178
1.0924993838298453
1.0226458779443224
0.91247128941560351
0.72056862344136619
0.56746858835160718
1.0613739718850188
0.74313169518434175
0.94230519429981174
0.96890419370231939
0.59368405535255209
1.056034794977901
1.0117631722373945
0.80486627081670103
0.82755413924356847
0.66335893085115771
0.83117277352885499
0.89800583147300306
0.88529152614221462
0.98880155654957835
0.92354392000323016
0.63949319324767806
0.62013672514550533
0.58566935344487947
0.87196984774228348
0.85369327930578898
1.0321524613206927
0.71800486041954059
0.96316554389209275
1.0647750413997774
0.88979295363449673
1.0114812536024833
1.163382976747352
0.81610877225162237
0.96464043322143134
1.2220743786660484
0.96001606418777619
0.79424991764292785
0.89923941332814039
0.75222806438824719
0.9652139998189645
0.7649437030654852
0.93658798514488573
1.0435410152446027
1.022509625787833
0.91313847032911444
0.92833114849529141
0.92925072790459951
1.0554183700034561
1.1064045483426541
0.78350181081330827
0.84209548157349368
0.43255715117415788
0.69815538474513739
0.9423612941675954
1.0591172640263973
0.68931423097175171
1.044806451697097
0.91329881578757965
1.0188072808479409
0.85468414947813454
0.82557097486394759
0.98958142314870112
1.0509852445601895
0.92453024088787172
0.79038199079487681
0.75838463149985791
1.0225895744389837
0.94419736710194557
1.1933796695650467
1.2594041249661323
0.89422163989972969
0.90200972918387079
0.73204807071705258
0.89299837302131368
0.62860815974390905
1.0451986411405552
1.1073518955791801
1.0147756211349419
0.99176578234890111
0.93503760887023391
1.2538607743209036
0.89328048088776257
0.75058424815110669
1.125445801015664
0.87690056844567421
1.0125294367695534
0.92711169451391751
0.8720361782165521
1.0760348119445753
1.066159948087005
0.71767471235242231
