-0.89004807633724004
-0.99232591466055864
-0.85376863291233041
-1.2605135316700837
-1.1850362119934701
-1.2325878108880803
-0.9289634828196186
-0.76548009095072544
-1.1969246605297676
-1.1463241537026034
-0.99946177317359741
-0.83527073610020008
-0.95576360062553489
-0.9826224339187325
-1.1593755539261441
-1.1602285604001485
-1.1447699012824644
-1.0592006869814572
-1.0244684633730161
-0.98068143214834669
-0.8068628816445752
-0.81004043234625245
-0.71598171685639211
-0.85983182713418016
-1.1200713522772749
-1.0386623083368931
-0.85083504345411987
-0.92076167585322277
-0.8658030499732553
-0.63740967710888108
-0.87886990691811884
-0.9409703413493945
-0.83043578543227958
-0.99019802736766604
-0.69393858347402204
-0.84421646916102389
-0.64427491515603619
-0.93418817048457004
-0.8669199640517149
-0.9109969875621089
-0.82041363170159443
-0.77083415730216565
-0.75399768910049181
-1.0244085785836161
-0.59413638907217514
-0.92114246291987334
-0.612761584061989
-0.91157716821790524
-0.82025620784376363
-1.0982463669793776
-0.66456218062863548
-0.83712268490573716
-0.94671782925205739
-0.60274648152110344
-0.96866180128771595
-0.78086901634923689
-1.0792866972949642
-1.0259364977498751
-0.72849040033853452
-0.93781903545198153
-0.68680788067282106
-0.66471977475482813
-0.77142066265036968
-1.1707716438799274
-1.03189917961012
-0.75325670580401183
-0.74736935850240405
-0.6838799670666561
-0.80908823228940041
-0.7865972941196816
-0.72420711350203137
-0.62740905522448243
-0.91495286812605625
-0.60531104414517556
-0.68845273462780465
-0.87716195144630082
-0.83628617823027485
-0.82026581408104682
-0.87917064748206497
-1.258236287012293
-0.65981515573956517
-0.54696271367388949
-1.1591737709481187
-0.8115135663686921
-0.90601420913122377
-0.58882618119036689
-0.66527379446666302
-0.75247554168413455
-0.72858320038740321
-0.54738184776336163
-0.62131354676903572
-0.82368639707167346
-0.95051723353409934
-0.51582242883551099
-1.0707080568325382
-0.91546123006108082
-0.73183458561315762
-0.93568943131440296
-1.0366047858785239
-0.7674462767033674
-0.83994838928357873
-0.82126204676908809
-0.50341430416842969
-0.92271687702438399
-0.76316613484651585
-0.68673085743070639
-1.0459012907955929
-0.77550433008726261
-0.55545223212278305
-0.6115183013976675
-1.0478286787542355
-0.78071983360444841
-0.82172417066331827
-0.71398037878225984
-0.68114617332709504
-0.55868371187082544
-0.81897426558761977
-0.88077949045747206
-0.84913312867427038
-0.99493650879511719
-0.94166449478679826
-1.1690192018768688
-0.45074341885980873
-0.90170143471858988
-0.41022573685053093
-0.58668726503822266
-0.82496404476931773
-0.47303896902181319
-0.86322609794754512
-0.64822532476749584
-0.79654394903543013
-0.33941086488623451
-0.59971419136506232
-0.50418626228266461
-1.0767915663851668
-1.0285334319394697
-0.67527400646059033
-0.8947049846746693
-0.97279728291667
-0.7008582952384208
-0.91464948918416256
-0.81530983958126502
-0.89530758410364397
-0.41905722645034649
-0.8626527682472479
-0.62201070060784025
-0.7231386968207687
-0.79430233333999056
-0.77273493509342306
-0.75364405839963011
-0.95794244862784605
-0.54431901049169473
-0.74900049614987374
-0.64804676919708437
-0.93502100851367076
-0.32680059815208956
-0.71511246705206899
-0.72816159611555953
-0.66002584964695021
-0.38530775750821128
-0.45607729897282118
-0.53903201694881908
-0.72142691608940057
-0.65798780483407537
-0.68645548748148089
-0.63947489601080487
-0.58282877690221235
-0.60706594003967995
-0.7074202360109294
-0.54259257261570015
-0.42456637600634217
-0.47582300592119892
-0.70822596179148201
-0.75760980013924406
-0.88673247659554211
-0.27118296311475826
-0.98354761092167098
-0.88432524695553238
-0.43957970915468469
-0.68971677002481535
-0.53842306561992304
-0.81416257649337798
-0.67734023178604086
-0.81473177058337642
-0.92067779821966578
-0.69970998885191493
-0.50156569652034089
-0.35669943361876988
-0.67830500155388118
-0.80525731956027957
-0.30765655268111086
-0.49530567692416005
-0.58696855857804897
-0.33715963827550666
-0.65295979393952785
-0.53837314479016918
-0.60859957426398736
-0.66160765978363456
-0.90285491318644362
-0.48366247459832129
-0.56098478876256552
-0.60308383821265521
-0.42002713548625037
-0.44937624920562208
-0.39344570362619485
-0.55896279622623446
-0.78832020007695369
-0.42878025815997312
-1.0112560970091404
-0.5567520227003605
-0.64120874383956128
-0.42182566242611214
-0.53619264155854873
-0.58564476093438289
-0.65600729369791666
-0.71349214983525233
-0.41430064790007454
-0.86745549349628048
-0.74525661779751662
-0.19243757004027232
-0.54671463359517225
-0.83358242185647147
-0.4575378000428813
-0.84969589678298563
-0.51056563107886155
-0.81866826133147941
-0.93888618587032269
-0.41205287479259961
-1.0174018018185633
-0.34505596162075236
-0.52441156024000612
-0.70465842171582416
-0.21016880583117734
-0.56148400504801188
-0.87851085978955124
-0.89685406441903648
-0.59065243904100806
-0.615769626416098
-0.38413209589057451
-0.35438392039889405
-0.60443475849809569
-0.49639580547107248
-0.37305877471024335
-0.53812821852839809
-0.54233956321038079
-0.24862720670171659
-0.66423231770446556
-0.19354042825725104
-0.47735763845404189
-0.089900577720162328
-0.1970645093161226
-0.36723824608306149
-0.74414092190134473
-0.88358127534465802
-0.73276440368022588
-0.24315223557353455
-0.60274667224343448
-0.5678870077731496
-0.27350925658175168
-0.39160709552796041
-0.75076771123922859
-0.52559042306773829
-0.51936671957282077
-0.27975994608568555
-0.79855465317887087
-0.36455340642667239
-0.45007321040882642
-0.49151737969915388
-0.42162740463765175
-0.45905621217548492
-0.45008390582767749
-0.35790716944147233
-0.21607208773341807
-0.51514372570233757
-0.24429630484897799
-0.24578755977464761
-0.64991096271820703
-0.38822522261968728
-0.45069427466187539
-0.65277018879479121
-0.61659702032993957
-0.56567941708457758
-0.072827387230847848
-0.28195662098520102
-0.51763151205061442
-0.56357816206672939
-0.12321601239126918
-0.46871159072033886
-0.53299160019036806
-0.27906537126493863
-0.61937814056627594
-0.38746671429849483
-0.14204835002122818
-0.34031441373357352
-0.49139572688751615
-0.34912232633286128
-0.58831864780295884
-0.29562402817034811
-0.25735863892066901
-0.69694322380496498
-0.54839372621528693
-0.042625854699483254
-0.51604697248944131
-0.089634125072169113
-0.49401261966855736
-0.54463958812738733
-0.23306446486292898
-0.53933064314321233
-0.38739027414898247
-0.22714753713579033
-0.14643430092232332
-0.40939215910479304
-0.65457681242152321
-0.65458932306729045
-0.45696322451560656
-0.0013369716847376552
-0.053524683230107603
-0.11634298099788287
-0.61986398668363474
-0.41110612881799175
-0.67729322217329568
-0.15841887753126063
-0.58194917202534202
-0.15469557713938489
-0.22333766235270153
-0.34215104814306857
-0.502929825082433
-0.48272297033348094
-0.045982086025294529
-0.40026452770248039
-0.30173437169817729
-0.40124142144433933
-0.20376756603173407
-0.3996623835937036
-0.29805985966747373
-0.64729703346776979
-0.38952897678205728
-0.015431129757693618
-0.1941784090171626
-0.45752379554636374
-0.076484199930855562
-0.28088377557147753
0.042894888458652462
-0.082261419318526999
-0.34644584756658431
-0.61986081088892742
-0.32632127239697989
-0.12002122878771042
-0.46626898407186607
-0.23613957305166541
-0.51192650627667213
-0.4103607556636954
-0.60149801950444215
-0.40905000975193839
-0.016403605194399096
-0.2876275581014931
-0.26618795178978411
-0.21738221125346055
-0.36473363743856663
-0.23167891290939385
-0.22091111451251894
-0.062646485053481735
-0.47226527186172657
-0.54085862237341409
-0.21238385249413017
-0.30335485855085137
-0.45913488770333577
-0.59619635526930204
-0.071354511725446476
-0.27178149537186419
-0.131955871156375
-0.38798731206424281
-0.20224703010214171
-0.18829750799119685
-0.24293592827406135
-0.27901085044313345
-0.33952420602644939
-0.070426538359917315
-0.546710794726599
-0.4013522990274731
-0.3399785312616645
-0.39847818852025468
-0.46640881178765697
-0.34904659228588653
-0.36148022103458616
-0.25817699411760231
-0.33533939317259415
-0.20746896289294908
-0.55453904233193163
-0.44062667424559737
0.19852948754460625
-0.076713347744148244
0.041014493007658449
-0.36950079380247619
-0.0096547173329356653
-0.21045171285403103
-0.22315772168502748
-0.11252093947225551
-0.24479990581049163
-0.37732963879386167
-0.16991154328126304
-0.18005497708499382
-0.057107072434947663
-0.32917798930704339
-0.24852179904976662
0.17260211631321087
-0.34292859817193128
-0.050238902966661558
-0.46026215704818324
0.14217246343012105
-0.11772286376490831
-0.41771279609458578
-0.10073840606856718
0.0020256536694887354
-0.024273191626458652
-0.12963180348423015
-0.20554010254059249
-0.14299287461340277
-0.26964741853236607
-0.1436473123205072
-0.30660307978579016
0.2058377863003312
-0.16702450131448923
-0.16221760664099502
-0.039018319751599001
0.20328547484551113
-0.078382516677010572
-0.31576067104516142
-0.20792570409085875
0.042497999754363129
-0.39325391645288527
-0.59257594369255173
-0.096260261720497661
0.15605775565749344
-0.53365620659055091
-0.248089002450914
-0.22482889777579365
-0.096221762661661922
-0.329906081347417
-0.31571893092769915
-0.3064272055292433
-0.29528905300522401
-0.26817202005388063
0.02155858073944053
0.083189493796485492
-0.35089190695667827
-0.047516383787600251
-0.27764263810213446
0.033597485973176106
-0.26200350558020769
-0.25665132386934603
-0.19496652909440801
-0.28789242858435282
0.43865062223437568
-0.15168232820592351
-0.30345676775887498
-0.01833434787315491
-0.2051811796422951
0.10048854865962342
0.030772831339605539
-0.039211040375079644
-0.1528105362432052
-0.082258370498941302
0.058361679876803102
-0.18967970241845733
-0.046807461758886705
-0.28947399023758641
0.22632690652368717
-0.051056550281659466
-0.20366285773371051
-0.11295262185096527
0.050792993404421366
-0.044051605737597629
0.028595903280792596
-0.21817415215784375
-0.29392742844770009
-0.28395958915802194
-0.57968241245908114
0.13351889473566536
-0.087890879566878688
-0.16294658069486595
-0.076948429933526963
-0.17030838725152747
-0.076157173311754242
-0.13457220551289267
-0.12687134238670192
0.11760094535622251
0.00049684190991521558
-0.37693263479662614
-0.56708951109091876
-0.034684093821995332
-0.29720518353079206
-0.24918247951470571
-0.012452266397050766
-0.015214940049428022
0.11338793210498639
-0.077097135323488511
-0.3829093781181297
0.10884883433604046
-0.39556757377971008
0.18044492404310197
-0.32433354693425981
-0.083345150513264743
-0.18205443366630139
-0.28993126070176301
0.14154110944175693
0.072881075927440558
0.025695910626805346
0.16977692520535403
0.083168171856796605
-0.076291117543636391
0.11397536043079512
0.193752881918584
0.060583472725076741
-0.15395872677810338
0.16081108582988271
0.29207478921257474
0.33839220987436941
-0.02897322871278523
0.016123969793371436
-0.12495027264963646
0.25581021457854358
0.022984044186576184
0.15254422833998427
-0.1264505279163689
-0.034569051988088288
0.22928950385098393
0.49424268187928894
-0.12553902825184557
-0.019627438730718389
-0.048849784556256187
0.27332929365749598
0.21556503089171949
0.11922653085155073
0.013981834651492104
0.1580375791039815
-0.07517356679993141
0.11234995111225303
0.010957196750757989
-0.075711933966411113
0.020363248800173626
0.3057889766438025
0.021684952417023239
0.18172662611033397
0.17551387799056611
-0.047180130387851953
0.30567780124060107
0.040578237221778758
0.20762913971106975
0.13024045114504615
-0.049879752298319327
0.13157576279432581
0.42274515753483821
0.038940499405453632
0.19037720425340704
-0.10194026586972661
0.027820940570397867
0.1439916814652932
-0.029200536881105691
0.13638371550333742
0.28709602649963639
0.084864232018370594
0.059538609338848823
-0.027286032250420644
0.47725572981428682
0.085260461828674444
0.13365189769035865
0.39093633859084881
0.030846865490941205
0.23337337197545985
0.28297234470649946
0.28933982942235997
0.18365059034155953
0.09785990905283215
0.34463797889331937
0.036747588726758096
0.15546861666552692
0.10570521401443288
0.25822098975103958
0.23482543702961384
0.10952536756879189
0.15201264139384627
-0.022324995471115522
0.072851784267364411
0.36333710905019168
0.3866891309858343
0.059078985492639041
0.037108230813134399
0.47040814826300148
0.34489432234844747
0.52312330538819729
0.48565615774932785
0.22415170908775023
0.34222762797570744
0.073046405134511341
0.28118699132519143
0.19962429934682258
0.33194128238665932
0.060378453457262414
0.08550919918857891
0.26998237554556703
0.14821187436082345
0.15246198338950911
0.20000306275506871
0.00092980613017311917
0.27926125823034337
0.16499901911635781
0.62866893673745861
0.22534011843592328
0.28030950441405594
0.32897084509984492
-0.066605580630003311
0.018335729441689343
0.20170069662797846
0.1315967036393185
0.31779582681195717
0.41153395592649389
0.32853190044939656
-0.031314638746854244
0.099759498427416604
-0.079169005203095541
0.24771914229050443
0.10176476889955155
0.18739132510137724
0.098558104713477188
0.24060449550056462
0.058765264128456708
0.68259968540673643
0.64439154267276277
0.11875892703535694
0.072228795509086244
0.36569330168198377
0.20231529280692126
0.2944634365800175
0.5770388247956324
0.39258002868726066
0.29071799489602068
0.23317586118279052
0.51207185798462751
0.41444487803377084
0.41156771241419637
0.40327029704888429
0.70289290159411755
0.47950829222701408
-0.10704643299778083
0.12497082072706163
0.28482966610487376
0.071081831398421474
-0.043012655996168804
0.16686451275626121
0.50630380347422443
0.29670070345940813
-0.086164904693663738
0.26048430063332484
0.28719457223403461
0.075588678511007965
0.33687500220156907
0.26139041122280637
0.30660385658061234
0.25305050044120125
0.43833245252659958
0.37485629054941166
0.33941215156032856
0.32657705598152131
0.33526942326031128
0.5619214950682635
0.10191712415776212
0.074410686029975109
0.19673784956444682
0.56136987691426699
0.49442413399903701
0.44481186163300795
-0.1567724033070183
0.30891992995212669
0.56251231090045573
0.23326828622112361
0.33772507293505705
0.49428871888560699
0.3358414200723831
0.42520107076362346
0.50579956683117766
0.44038618416957431
0.43717220523798311
0.22844997837277914
0.40079978131144112
0.46125847679429888
0.25233273803318851
0.028750882629718637
0.24179876694871846
0.083306387943945057
0.58935410683271339
0.5325050508827931
0.053503207759264856
0.21032945225122054
0.45000374731664522
0.43208376306452528
0.37669665681071157
0.56254834417597188
0.28132846138466827
0.21786323464487134
0.37241615193748917
0.11221304084340823
0.77452621173976788
0.11655044346717308
0.56562042313437566
0.35321180216937398
0.14193492287005194
0.28435356166574649
0.12157915017835501
0.51588806891560801
0.42783882326033662
0.35639978092718427
0.42399367224830348
0.36967451514876987
0.50591465805803426
0.23736471847966265
0.38113579639783923
0.1989019370497887
0.15165860153300961
0.048887719782882741
0.49590156285602327
0.60961886616211292
0.52566382637245834
0.49336242625552557
0.39065229472034291
0.22876118599506184
0.43502504250836682
0.36538996893380288
0.25097669284249036
0.38210794984953356
0.71147110232689348
0.5534798237233074
0.6697421846109014
0.34344586257366688
0.55155792035353379
0.51471010861073863
0.45886746690110763
0.5710880797059612
0.25299568706691167
0.82344465599274574
0.41258144598179752
0.57556492286661842
0.65604644990080907
0.35764090670328608
0.67928344846447741
0.60927599693413093
0.65106563992849165
0.65639569978328272
0.3609193345316295
0.31188681171333915
0.58527839019472783
0.58128876967628895
0.68836297191066065
0.56094681773974187
0.097185650274882851
0.76284605731432531
0.64202389779682345
0.88156081033437006
0.53320261114938483
0.25796930097955151
0.61407764330992909
0.51286849804353851
0.57451141543794593
0.86229094656795702
0.86100917036768709
0.38564986925838113
0.26402542137649376
0.33993442638552029
0.16577089982043691
0.30743698979010992
0.52985535244971915
0.6569106470852687
0.2358021178767471
0.71636743568281247
0.41049406962785601
0.50682725688527885
0.93358220887846133
0.71024788399433703
0.66852276323741178
0.24001010386544125
0.61986828853261822
0.50162326355640774
0.42379341323138869
0.63137153813562852
0.1110793271706528
0.65071331605166816
0.53193405246860714
0.35022791470618359
0.54598788414537169
0.085011800258637082
0.52999921931988458
0.67347707716442307
0.36979424078945927
0.55863087675299272
0.77497797311948524
0.30032681163510982
0.39544342233151725
0.52772258358083135
0.5363547145909745
0.5449504285916551
0.35894670040727844
0.77880233512191144
0.74246150373209763
0.31926769997376753
0.49579007496639854
0.66827450344978223
0.74224762991503501
0.65235370593325992
0.96409091581537942
0.82434151364562225
1.0846359381946482
0.28090983925576102
0.61535032924136568
0.71141626335997199
0.93056115382172178
1.0061966074122748
0.55539308331506165
0.36405857649100365
1.0758905314240392
0.52446197142528594
0.51937495575198223
0.65276416986367258
0.5917667140120817
1.1070381049977336
0.64385030079269678
0.81329297690787461
0.54272139767163041
0.9610751783878182
0.66504230381134766
0.6518048080039397
0.64519491783210492
0.67687300578409282
0.61862665475455647
0.36955478655945956
0.6111074719812033
0.79056322710563853
0.53413148238711627
0.35113366413794211
0.73995483134246898
0.4956422490450067
0.6163972242039234
0.60857289967339101
0.54278581338897913
0.47855294860677716
0.57733175117347579
0.37418530611461853
0.78245853845647695
0.6643434017895008
0.5722724127541472
0.78697194676700155
0.92633635043689388
0.55295114471731543
0.6949814462914029
0.34805935335378368
0.68165878103985178
0.78830488769601759
0.77196598790396453
0.84122496178937023
0.89716769191054846
0.53288849342756495
0.75782553217875159
0.73788620256015047
0.77186021582818132
0.79133016819773261
0.73102529452673448
0.70672203488959584
0.65243741498106433
0.87510964664088431
1.0123591599020285
0.67155780535498188
0.64813334130582423
0.56701038530348635
1.0509596112208397
0.68828562792694881
0.74113201519718352
0.8324894733958198
0.92284500688479665
0.80566871637730064
0.92456645762056988
0.55003891601194643
0.51119372130702545
0.73701959429760688
0.91606629599840883
0.91208697217264034
0.65874062534433031
0.86693668916082833
0.58922854553138404
0.81061619254504735
0.82426476121422387
1.1968441093572362
0.64497175683688657
0.82734778437370404
0.66660583525920825
1.0076797999330074
0.36158276590072108
0.93755845108630576
1.020097140044292
1.272689786958439
0.78463650234495552
0.95946393008754094
0.66956467082602689
0.87514054712359424
0.9150223175209975
0.64735964150083936
0.82475099208291291
0.9326650139520084
0.7353283500653407
0.59958478240422863
0.62496737964116589
1.0633040413976578
0.84219938651917048
0.68755984807636616
0.99669799902518597
0.66184505223402379
0.83111211680578789
1.0186946641727237
0.91484441321291787
1.0111175603494822
1.085415849238426
0.82967250398497794
0.76180966217963131
0.68134241158204112
0.7234117323164172
0.50769704679889271
1.2002542656223436
0.64348003245810603
0.8931684412638996
1.1237148864219804
0.81958838490381247
0.61010267892289471
0.65424352147566478
1.1187583266645531
0.74960163306298622
0.91298477256552146
0.88660359810585232
0.50774916691667105
0.64362670588193416
0.89124319268787155
0.813626486433772
1.1149803785014398
0.88551622092090976
0.78265325947718456
0.8114692249402653
0.66243663807507558
0.76512096276213437
0.87750697136994649
0.75947315490505674
0.6951697258504963
0.96313603653133362
0.71711625516397026
1.013956327093622
0.75429469597146404
0.74707743650691105
0.8792622875057744
0.81406923242441065
1.0826546963910084
0.76681633386253345
0.93196196394344244
0.96200954381006265
0.77604383715563441
0.96227966216527361
0.83938969889448722
0.946123704414359
1.0469784326484215
0.39710018510306816
0.86753732804923001
0.79668857715124941
0.80624056825392287
0.91242953351628864
1.1079871970908672
1.1469707599710479
0.93434973868886306
0.68796629401254272
0.81351140281578871
0.99785833728838036
0.78496184661603441
0.91876875422826965
1.1422871806831054
0.93739050515081301
1.2465833643532214
1.1232444979989675
0.68879874843012379
0.61774916215439679
1.0885860138888788
0.85078086411959419
0.73983449282627922
0.38983143646319024
0.8543596902184083
0.87918521515531745
1.2384669278940927
0.80319763865331328
1.1290661128395227
0.99586455887992187
1.1526900627159016
1.0840387221232812
0.9481937871080689
0.83554279474282434
1.2190750298777178
0.87635801197281915
1.0688129763096643
