-0.76582516029609871
-0.77869384218533588
-1.0772187054555915
-0.7723026640113142
-1.2205772942317417
-1.0519997254729101
-0.74169417767547829
-1.1301371233232325
-0.93318773604910754
-1.1200812198042998
-0.9542445952260511
-1.2433198319391987
-0.98297681657541991
-1.1748715474232401
-0.77561231643853745
-1.0412342531755583
-0.91494252398264142
-0.89680495486439704
-0.84858340719806225
-0.73703675913821687
-0.94127265890692535
-1.0814228876125376
-0.94862426861996141
-0.81076404442166827
-0.70963374285894809
-1.1100054618490491
-0.64274915662456278
-1.0546477787073019
-0.99889447704666945
-0.87207757411194409
-1.2643632764445216
-0.54962447410527315
-0.91383931980879063
-0.94453263330760828
-0.98947817595834353
-0.91092840981472412
-1.1063740631915011
-0.87200210297094216
-1.2487459058040196
-1.2370236188001487
-1.0214667485434792
-0.88661411436262039
-0.80834418110082773
-0.86454374800750233
-0.98847784558912088
-1.0527532868274798
-1.0300975393691991
-0.63029077167084735
-0.85485154409570363
-1.2019988717855237
-1.1368928003438332
-0.56949663292396313
-0.70383098893917173
-0.93257294287743464
-0.70027570023762364
-0.73411089302334132
-1.2608946355782347
-0.71762277676463726
-0.87859916551253459
-1.0129676597562496
-0.92268982294338353
-0.92019728621286878
-0.85518447073715231
-0.73257052471328454
-0.83324464453370073
-1.0873379976115891
-0.83990339994160768
-0.99258048261570742
-0.64119733833597725
-0.68140406563922062
-0.77174608503803555
-0.62854545222673963
-0.56792646771020905
-0.89361968829636784
-1.0327306126382627
-0.83538095026728265
-0.53676921392017718
-0.79151377213716245
-1.126461884986437
-0.66739536680876588
-0.8158991781381979
-0.83921157601379248
-1.030307559768189
-0.82628420333003183
-0.41545085752913175
-1.0359715861942569
-1.0497385269876587
-1.0132219768923365
-0.77034522886004453
-0.72060366127204356
-0.73190411039485881
-0.66566426121630928
-0.98816268256714734
-0.56647099881118623
-0.35036015157512451
-0.84781325360589344
-0.948164652727854
-0.65554141950216727
-0.7100286546084994
-1.03561275613436
-0.72505398296838797
-0.74709137326331998
-0.92744744129995671
-0.81795265077503432
-1.0424371148233811
-0.75720059828551345
-0.71230936914312415
-0.88463770690712618
-0.78759624625510993
-0.72144423342717834
-0.7031386308005495
-0.72649146039474544
-0.63946580496759931
-0.6549060722115807
-0.83069676975488094
-0.82243105163546704
-1.0922046145046542
-0.51068110482466222
-0.51306027105065488
-0.83576665376367087
-0.82371038938012842
-0.88058133877342626
-1.0970285024120585
-0.61132825112969613
-1.1178736579606752
-0.84415493897219218
-0.91761959417885519
-0.57785552558771058
-0.53358743481548132
-0.63209582117442131
-0.71235126657971903
-1.2211398361689652
-0.77981874004070373
-0.55899897979099444
-0.86235218624210896
-0.83555452050526369
-0.91492747536704444
-0.878511458560018
-1.2249779165421044
-0.4421974335483172
-0.55367582015696926
-0.66312391503929802
-0.70504843453155064
-0.66551533727054057
-0.70680495528077869
-0.91294557197654125
-0.91906057363414728
-0.84798205231359636
-0.29677754291322478
-0.4436603480816611
-0.36626482854671144
-0.51520802232812557
-0.84193243250036776
-0.88583700518514363
-0.80088580455618319
-0.64619771291031891
-0.84246116736186805
-0.72806891914358229
-0.63345199880956282
-0.52448374237401407
-0.6255470236740186
-0.90315997759342181
-0.6165740812813072
-0.87361198845860066
-0.77065720246168601
-0.51389472513032552
-0.51696610419413846
-0.91228805648149824
-0.69543571272206006
-0.41121504277834542
-0.68802074518335665
-0.75590471960354988
-0.73111931902457172
-0.57822214256699234
-0.43543799105821179
-0.61715756600314831
-0.88049265989406289
-0.60113067504012507
-0.90596216451110323
-0.12401306647905518
-0.564735931136085
-0.82853681939232815
-0.1409541762440118
-0.84565537362478693
-0.82195887575047633
-0.83650380473633523
-0.45255573617161998
-0.64420404852718705
-0.2573666131149559
-0.68209949270896719
-0.6989500866302607
-0.25147218805776744
-0.42339260998643546
-0.55733622679250505
-0.90332227944978538
-0.41936250464752745
-0.80463492422629601
-0.61115611977285034
-0.31868003605866385
-0.66786787519364232
-0.85600452373302449
-0.91841071661168516
-0.4671745766806803
-0.44815156244239512
-0.83511493896501365
-0.72687647732625771
-0.26501390613508513
-0.56754435085284294
-0.80283463787197673
-0.63541769663748437
-0.6092781100602136
-0.55469752500474367
-0.40301761197983921
0.015585785087146134
-0.40834494803559696
-0.44125788423663409
-0.27121685745517504
-0.59122375812958994
-0.27378957094291617
-0.66420644223933534
-0.33342759940516986
-0.5032891613609527
-0.64627763644608205
-0.43846197561387062
-0.49013755968777278
-0.61592232224386512
-0.33535085897574879
-0.79075719096613473
-0.5462196588404501
-0.32680010879965282
-0.74427501947480079
-1.0036418296915059
-0.55785416734505455
-0.44039575853935892
-0.64083827813710736
-0.54673500618768001
-0.56720467589976664
-0.75738393824896766
-0.4532681888290771
-0.50156794835103347
-0.80313496097541281
-0.31236658464002554
-0.32450730359602081
-0.25470422062822884
-0.80440225805053411
-0.52969520715429297
-0.20187104324498617
-0.35108412768167296
-0.76205961625795027
-0.55411750997296294
-0.30784372947446492
-0.38747937893560747
0.051293434538658027
-0.26330721934794588
0.0057117764165612404
-0.50875365803688644
-0.75425216325287059
-0.18743915092382091
-0.1922033138189807
-0.43540533412865789
-0.1570410082202231
-0.29887162505677178
-0.5962865159190669
-0.49871869891398185
-0.27696591682889582
-0.41380923910387712
-0.42146566697124987
-0.91818991725736121
-0.84644593567131299
-0.67570213468869456
-0.15315040800633503
-1.0586220929401369
-0.12996790073745959
-0.42649912000934764
-0.49406695274920293
-0.33949615777724967
-0.54752795512935037
-0.44461589274722274
-0.19382680608908712
-0.44064058718672516
-0.60176797892371203
-0.29593161960021919
-0.34364306844023795
-0.37220087021589071
-0.46355770254736017
-0.41036872977046207
-0.64149029126022128
-0.34946460432644183
-0.3353061628399685
-0.010578625318095636
-0.48672138999832582
-0.59422654659713392
-0.65446906084493994
-0.19787072753862922
-0.08881458281429308
-0.54841425028941815
-0.30809791556024502
-0.37910018270800233
-0.55880268782774689
-0.51543218917849243
-0.3487045605254635
-0.5339392406412713
-0.37191403200226164
-0.51925892447833299
-0.12716188278781324
-0.29334409712620119
-0.73130848109902902
-0.5493543206406688
-0.36980277723557875
-0.33772750708975108
-0.7622719344294755
-0.68863765920613884
-0.0073976446569039506
-0.42911013836128237
-0.097902042396209227
-0.37194057676584213
-0.19138431709490591
-0.47344690150015417
-0.39498809527412154
-0.3308798508574049
-0.078402067477084683
-0.16151307260259179
-0.058300961786568184
-0.02823557609532399
-0.39065250845620497
-0.35515349477473807
-0.29832713450401327
-0.25140383078713757
-0.61627710147601389
-0.78880623759714263
-0.40849817834763602
-0.27145648008987672
-0.42727504350129408
-0.28996941932706904
-0.43112904132093882
-0.18414289414476925
-0.31817287980085013
-0.31829680243986996
-0.5140563170104866
-0.53218821741369282
-0.43038277480519743
-0.71398636285647266
-0.26226849044814027
-0.57588571169697711
-0.44342095018837369
-0.57591836176399303
-0.50196279814037748
-0.23995161334919743
-0.1404607114941098
-0.38108071688319584
-0.70774687620056476
-0.35168444083393302
-0.25850280019590083
-0.1612576283300213
-0.11379028785843
-0.3475608975548955
-0.085109283282360948
-0.41274783269990328
-0.28897231489492076
-0.38163970080563575
-0.35664292002223386
-0.358496529175441
0.046134976762370557
-0.22226477867463501
-0.5392976438228827
-0.24367434750285746
-0.31543484666187088
-0.45191248309026616
-0.18971464558957032
-0.48579824368774072
-0.3949060081696717
-0.2402341846772619
-0.18447933402476721
-0.11160724568748066
-0.24571933917404615
-0.23502716504802018
-0.20201634249344494
-0.15043585238612431
-0.2693733725006095
-0.16765100463672589
-0.040968705788458404
-0.59651159542008758
-0.28470994850718434
-0.1091870670200827
-0.23605493934431279
-0.10457809846359015
-0.24798645808209663
0.014018756162468329
-0.2104342452755332
-0.43192843391201552
0.006729626627897816
-0.16152270515758901
-0.3928661328711589
-0.24736993950549382
-0.11810467296464784
-0.18196230887840528
-0.15744511306645009
-0.22889709088632329
-0.33752673052475629
0.030346842884364216
-0.23272611856026301
0.026845073738390055
-0.24999324069245366
-0.14455423884481869
-0.16176373445383482
-0.40781276462967136
-0.13877778595488366
-0.055832990136110885
0.016499849187055774
-0.067544425727600652
0.027292110954818663
-0.25639334262111513
-0.034829362397760216
-0.012137841686621983
-0.486500018348615
-0.003798625963584185
-0.34208815578063029
-0.30160179910595936
-0.014002034757433862
-0.18264295811265421
-0.28137191778387649
0.062736837724537795
-0.40210565861279551
0.29964201185546485
0.062633206616447681
-0.14740445037253777
0.028684753865362789
-0.21389134143320407
0.081896870179649597
-0.071235738426134232
-0.08272022989849101
-0.69702136745914822
0.0096074565116332084
0.079962732188963936
-0.30395387260656537
-0.50779668079199847
-0.20416387599990474
-0.46206920422343195
-0.18177323114704366
-0.27759513991011603
-0.44126135167680208
0.15153210356095792
-0.012406336888510951
-0.16792764479080199
0.25956165890723398
-0.16328653301573598
0.053378958434160774
0.064715231239339019
0.041251978943168018
0.046414489810257142
0.14302738242554755
-0.078243398024114369
-0.18194453056871754
-0.083286034889770474
0.24923767547089273
-0.11582249544200858
0.11714315108320696
0.16302080367911509
-0.089835098086152573
-0.025451969911749969
0.12724801266439287
-0.26150701456254577
-0.18467886367119735
-0.12262703238112346
-0.24419253477929109
-0.31063404699813496
-0.36977949480852357
0.17624121600439704
-0.084405243969187152
0.10515913481067327
0.14245388787818403
-0.14311452704592334
0.30009150341227603
-0.13597917527317646
-0.22044359463256097
-0.049999362689017349
0.31048673496758028
0.085340746311106538
-0.30248410711557933
0.050412923281280636
-0.029913593645415269
0.16077643784061388
-0.24222224300177506
0.12941014805194381
-0.17614059648989297
-0.05235412305566424
-0.21809327806916076
-0.046280859737891575
-0.39274257998190493
-0.43614652197848869
0.3048405217386313
-0.08502908376347125
0.05976090784883472
0.24537308717779494
0.055627923900255713
0.031412681861614153
0.17540560167912511
-0.22346102747799002
-0.28200305520726354
-0.39958245200407083
-0.15395630000159299
0.089387465860602908
-0.36482347101420698
-0.43381659046890758
-0.075072891983242393
-0.042893782393378883
-0.079223243038111568
0.21308142026647522
-0.20401680760106924
-0.18637377760189019
-0.22196914578818011
0.073930184014818115
0.12424826821842742
-0.11581839352841872
0.025925274285296292
0.094996037822791118
0.02780319819023689
0.085447160080630968
0.1274913613554958
-0.48272112217891266
0.078594582747094133
-0.1438960824517484
0.21375981836265723
0.12250571380936795
0.091484597884151961
0.20501611367603748
-0.253570693976788
-0.01917782210490003
0.36471598847571435
0.028377175081983674
0.020721616643512457
0.23068720503828144
-0.21925741806754223
-0.048037312587350008
0.025002782407446425
0.16454287722413716
-0.10791393279256727
-0.07762137629268015
-0.06635829803742363
0.08864412654106428
0.29048147417633607
0.36475291020049611
0.32317602625331487
-0.1134519829199457
-0.063622599547739869
-0.26329598526296705
-0.14287108875884524
0.2978044606141082
0.12786145958093983
0.37347577384819924
-0.18804236541251995
-0.30194727344541394
0.14203825161632738
0.0086807398464948428
0.12342491638381287
0.046175151611591921
-0.00085085582361346061
0.19362619224558889
-0.03752644631242167
0.4312608285635473
0.28904481653804465
0.075198506148985739
0.054914955375910526
0.34243996030132212
-0.086657820458323806
-0.037515251985444691
0.11638022307952177
0.10351577143688841
0.30057361194178228
0.18878360637878272
-0.02679444241191626
0.1904641543741267
0.33406157263549696
0.22207163646763878
-0.0082977502185338399
0.44872635950549145
0.065118347021569364
0.1639469395048703
0.35086584242496349
0.31508864158253469
0.35536780672087087
0.28806267995809204
0.1629439850872294
0.23711200697268417
0.31623266544665102
0.20307779352494801
0.11608540966694422
0.32824678269679058
-0.051494667104885344
0.077124782694016791
0.064785018590048357
0.56082506284931477
-0.14669778054019342
0.46114498335884663
0.26505550757027574
0.36385144575210959
0.17640603653324166
0.26076901100348693
0.26648606484598941
0.18710309183692489
-0.0024978049693761919
0.24320442466294709
0.044800326037237596
-0.10550394551919152
-0.080466447863807369
0.18737657243990191
0.36001231292320918
-0.10202636718326334
0.31175743087196228
0.13335288834326592
0.29726381420881459
0.070587046058084135
0.085621430678327656
0.34795455676506509
0.037916369187997824
0.12637542427809709
0.52797711826970928
0.46261045228005232
0.30677339116171803
0.096967221929497249
-0.11290481522641571
0.11845126465480942
0.36410886473264698
0.14837088053589031
0.32925264117663089
-0.03667660293611693
0.22663152990724755
0.44708253618783761
0.47231811141713997
0.22077048182498324
0.24710141885014172
0.40320780474947238
0.41705777058578208
0.40844892329855803
0.061052734191072072
0.46978676194570018
0.16638624208561786
0.28830003142698202
0.064936851043545921
0.13295824513674875
0.23077984335793328
0.2789996958534981
0.58345794214331737
0.33332377036090854
0.34487803267651518
0.52884078232885012
0.19839057341525398
0.12682283862202962
0.036210743951652379
0.19801588915247262
0.43982863249090359
0.16559333648723404
0.38898998622388287
0.35568851520784706
0.49193772074145398
0.15568252159926221
0.14951314400420093
0.15622930217641365
0.021809086491872298
0.32856145390562302
0.17601119442090044
0.36622697554224676
-0.18312346619307573
0.68946761709535764
0.70374926410040994
0.22409181421037136
0.44727574329246178
0.36348137789684776
0.26293852782317617
0.29935122861014413
0.52807587785654297
0.27449435821633072
0.42153048639256341
-0.041752578362126987
0.11833734042984215
0.46382554394231923
0.36320013676050072
0.27899281361220318
0.4080755704439778
0.66137727504351818
0.39945006046154241
0.70851683503936136
0.22606228625874442
0.30892147476667547
0.49430090757368528
0.73335845418485812
0.28067614814860381
0.40178516915976026
0.35008087404753274
0.31831427554976688
0.31360570204562599
0.57488666679179035
0.12214841311541816
0.63167629433658945
0.46958855297697705
0.40925106909168624
0.5710770620857516
0.27026358792098171
0.23759451782591509
0.43698068154970215
0.52631502784912232
0.30380704618715626
0.53008862069049378
0.31932466314572333
0.53418145964453334
0.46570034066349486
0.6035259905803757
0.29577022107311374
0.59301719901599526
0.27733425457001826
0.2404241561227824
0.41805007262583782
0.13067791665494574
0.74016423155646949
0.35955345774710362
0.13935602423689558
0.67289720173628875
0.4229626071803394
0.28258837958077104
0.29989599317387111
0.56737770568652068
0.51795066396728029
0.41927310714517485
0.62804906334347887
0.60648758532439406
0.5545575606183033
0.43333484792574228
0.094459865868260565
0.30075235495579911
0.69794689173791624
0.28367937362965784
0.31736225856744066
0.49141435594102584
0.3095232696689173
0.41475257277877275
0.61546899612634787
0.20250497446956436
0.54941583965795748
0.59420902337003556
0.57595662575959472
0.54657367731595274
0.50651275077981672
0.29378407505950727
0.52364168943670109
0.6350027941950821
0.32127552083686511
0.410331652569146
0.74019101764496553
0.46415891505034884
0.62264684519444091
0.60414264990189526
0.79543358722087787
0.74164806845297548
0.54930222703382348
0.27799287070486062
0.71986997942968045
0.36778572953096716
0.36086207845971369
0.60404525062312808
0.22287015237646382
0.42738203829908389
0.23582968774763943
0.41544504803965537
0.44872130876945104
0.49166713665595979
0.37912249948824611
0.70909944127749402
0.42706211936689353
0.43836929401507713
0.40493019161071414
0.1467796847018546
0.44176604515931478
0.78000889318282973
0.77494123474587639
0.52954709112758036
0.47966738941257103
0.8438241547570775
0.85441633916625104
0.34250696159537025
0.48574643027400766
0.6830093523303663
0.33709496408078121
0.42259487551547537
1.0302847592573838
0.75617972013667933
0.77296674520483677
0.66756021276830313
0.39931191972018421
0.5757734208799431
0.47629887796982245
0.7536869442375842
0.77432834015726559
0.32153399212602274
0.67491006901084605
0.35515059010101624
0.37921158720845943
0.49743797461665457
1.0678230358475305
0.77893789439651062
0.27323585447511534
0.92561413242513313
0.84050449591367415
0.68718574819235556
0.53430728223169643
0.47013084412832656
0.65757592195989967
0.66604884875674564
0.44008721749180502
0.27239450982730801
0.4695527091675778
0.87719004486189545
0.67436063581368788
0.81327511427333998
0.73531920948187157
0.64021703229037041
0.38531909019069099
0.90049001872951728
0.27824264206799215
0.59897382786968734
0.50606373250462022
0.61486359051779105
0.81005423560784962
0.61862322087462485
0.83429420380893682
0.82245486780661126
1.0609645428455035
0.7813347547068531
0.63035023968076742
0.25419546107376395
0.8307683641208492
0.7621358953955224
0.65886669804803066
0.62424647211267659
0.53717416519120209
0.78904236734280675
0.69398029564881925
0.84634440405636968
0.98145590726140219
0.58867882973659114
0.64311556750547316
0.70550434511766691
0.65615002319471771
0.75285417171386215
0.6448722146821505
0.65662309152601384
0.62913554015816131
0.67376519202833163
0.64459607036945399
0.53868722919442413
0.68359036576200038
0.80089128961772538
0.63945375590575892
0.52283903492827233
0.83293451385103567
0.83726139175951519
0.98986481520671554
0.61456299040293494
0.40116569307964145
0.50352749768929872
0.56621451070449058
0.5983335409727375
0.69839482827592281
0.20348031788007742
0.83865146599982887
0.58623621570225593
0.73930141823172391
0.58836061244691662
0.99140827611226712
0.8023666851220933
0.5588472996287509
0.5021401176358109
0.65953757971402038
0.64279190732540381
0.73704492170804048
0.57338263860616334
0.50897505979961744
0.85492962049848253
1.0058620523154986
0.8225671927967898
0.89264005342150543
0.54814618395162085
0.89854486848457471
0.79840180517915704
0.84514495975179593
0.73263114387524608
0.83317708980979099
0.84897864563029257
0.94409671826942732
0.66972774422525916
0.93560302438528331
0.71733486816514691
0.99042761886157571
0.41303279482926203
0.72203495931336492
0.49045395933939345
0.52613132336560142
0.81694886865927696
0.79424604115806285
1.000779212321413
0.92668184935068587
1.0476980111072602
0.92757536290725762
0.62645131911938667
0.62537457709547906
0.64904744899069844
1.0842364927712664
0.94978601666762508
1.0359877950440941
0.45210729653898413
0.93620579438270801
0.93232519543420977
0.80713541751598494
1.0695094781990067
0.92982180928413782
0.68662692720256213
0.6954043063550791
0.87611224325993464
1.2505012732888685
0.69977049406178349
0.70012951580415617
0.74250274101215907
0.82297257197970541
0.67393979654730007
0.66071041253426122
0.91273043546440447
0.45940982552093451
0.70036829642017728
0.64513400438499147
0.97279584624984772
0.80911252217300178
0.83347578609323392
0.8013424154214478
0.47342473876064889
0.82574704749226235
0.99089675772070551
1.0139538786047242
1.1398476098169339
0.82098394475446279
1.1193999606452254
0.94342624768808103
0.49829798954480731
0.98011160143427312
1.0051377371542587
1.0499070491632485
0.72943038586494158
0.91496784686259347
0.93565990676299793
0.74558510309259207
0.78168793588300223
0.64378571128828366
0.81046625400057515
1.2762357496556809
0.81003983142163005
0.77189152526194382
0.72525443006327117
0.96756105686791949
0.50476683449978188
0.96010637815788202
1.3929852264558023
0.99175384395807786
0.93897101916288006
1.176285265565977
0.92724601991664368
0.71329573102528732
0.63236506543760507
0.94537953872769487
1.1444813280740471
1.2968694180146552
0.81557134128887709
0.71704770840071441
0.69231091949477075
1.0174841384055513
0.6930676883887843
0.88769186221574081
0.76229301031759489
0.65342885040867127
0.84319756037145355
0.90408186544138269
0.92640513358973064
0.92702689149495987
1.013979025937094
0.98791334263272967
0.79839263907064606
1.0966781382524748
0.82663501092035163
1.2320203587240861
0.75130903662066151
1.0913873862303256
0.68679699192484289
0.96793941949590045
0.97768629940516705
0.68202718603688484
1.0757750458773518
0.81877893802289914
0.88565812667367727
1.0879351669527415
0.84990408490194924
1.2234858010675356
0.90617093016600214
0.63029219917840851
