-0.54541836623203277
-0.9055875917409425
-1.2532531359655747
-1.2058158543273825
-0.92680564318151626
-1.4335593022406612
-0.96104600847924082
-0.7785052291156912
-1.0524270996302592
-1.0748111212848905
-1.0144320030254881
-1.1618194892818499
-1.0987356535141581
-1.0443601080371758
-1.2116790246331033
-0.99597299476783951
-1.0571478950366238
-0.8979346915548595
-0.83483844501306781
-0.58389735299610301
-0.79980220748091502
-1.0399578165010972
-0.80040700904348916
-0.76061178887212888
-0.9731332952665126
-0.9278843568357007
-1.0670780902470065
-1.2197452496505372
-0.76253521482094722
-0.61228702237035226
-0.65431466099432667
-0.90070048576394413
-1.2154654027342058
-0.99646469492664347
-1.3178954903133571
-1.1869640426027694
-1.0479581781537002
-0.74425196668907068
-0.80393111694077934
-0.84515654864986356
-0.94411071758928911
-0.74045556156309089
-0.76930419407523631
-1.0013349505681752
-1.1647492369828485
-0.60809721934644034
-0.6424092652425869
-1.0330842725700189
-1.0475063483467557
-0.93314952500249004
-0.86305490857236666
-1.0280355871160223
-0.74879253434822612
-0.84781352092872919
-0.83352463083619044
-0.72523056044989864
-1.0058593948024701
-1.0162187081792928
-1.0419026944331404
-0.70259193594104852
-0.87832202745611099
-0.90431145347084807
-1.0842943297615837
-0.98348701779937175
-1.0995045025081105
-1.0585048404055017
-0.74541176241955986
-1.1226536701437138
-1.0767647630348789
-0.72555367066031828
-0.67985648377184449
-0.67485744329296593
-0.80190445326398974
-0.9618800743577659
-0.92503698161529324
-0.81367824795673804
-1.0403067140812703
-0.84718432625980422
-0.49403056333755041
-0.84691311047082984
-0.92556462658562855
-0.71657539037021467
-1.0883190547064798
-0.87609938360314688
-0.97200689491675052
-1.2120474872507816
-0.73897146228438426
-0.61584089227266481
-0.70049556781209232
-0.91564041660970708
-1.1613163347995719
-1.0480389306427178
-1.1035247537447903
-0.58050554053132819
-0.67958280157200124
-0.88272445046112336
-0.87555507405020994
-1.1235231095196181
-0.61669665575439436
-0.6369153011016544
-0.85573737959983176
-0.4907329015093258
-1.0957806527053893
-0.74260257026925303
-0.7940661046646067
-0.71319796116580358
-0.71727442857621104
-0.79245739627135225
-0.50428239242108519
-0.73756024853226276
-1.0346086943254313
-0.76630260955586338
-0.85491106968251018
-1.0158363925487386
-0.74151499809422183
-0.92531490788328563
-0.61818151754066009
-0.5034377386847847
-0.66031330598376892
-0.601133504364327
-0.72759565947648408
-0.71757522940486884
-0.76854896085229396
-0.67272791918253594
-0.8078405881111117
-0.82426928466483618
-0.65995318772927669
-0.77830594866408909
-0.94876621798236593
-0.60361269620140634
-0.53719791363391534
-0.485054462583284
-0.63532798354036502
-0.70947885325226001
-0.95571836122767961
-0.7887238339603041
-0.61423127691385537
-0.20506665522561787
-0.68165265834427102
-0.75698764455836898
-0.68391127174305677
-0.55090663395378614
-0.47666845756229909
-0.46971484095253513
-0.46396240592588056
-0.52221941445931652
-0.59439819855161158
-0.8926003546789667
-0.85579564297606603
-0.52544825716665589
-0.88719462783343128
-1.0019516137141449
-0.58815706007136404
-0.36088884815086847
-0.57003429434011366
-0.58045079809267153
-0.42813568131522445
-0.38212511294540169
-0.48325791069226437
-0.74199108489418431
-0.7279914758090168
-1.1497145290953621
-0.80180778802901009
-0.86569865045837502
-0.66297564236703987
-0.8086083538906077
-0.6243851752903895
-0.95507219969733859
-0.87993115307940939
-0.5080514810959248
-0.61944082905534603
-0.5984822059067092
-0.57164951936572161
-0.50201903484080856
-0.52894295634369604
-0.73919374011886652
-0.69837546810024687
-0.49851779995699302
-0.85110488082389701
-0.43768617737687426
-0.37681362911250832
-0.76633192521613891
-0.49545160836501873
-0.83742388259889422
-0.36693780063078174
-0.41002766952740888
-0.83009754556206794
-0.33151890488868618
-0.41943252716075918
-0.57778423204407914
-0.72656210924010056
-0.59362452306118485
-0.79907139970568186
-0.43015723752840751
-0.67677555404178968
-0.51561730414086693
-0.58464709952171645
-0.85547161862031018
-0.9038628114489291
-0.72606296364502121
-0.81558607649731774
-0.60323908058419407
-0.75043361380670626
-0.47211565438291514
-0.44620172128618141
-0.51311644369381948
-0.81405570076661493
-0.79926026694439256
-0.45406552291224062
-0.61407619987929818
-0.51093450255082429
-1.1718012039731958
-0.40560743316718767
-0.8128296272417318
-0.33025103675916773
-0.48338622520629582
-0.75994502618232018
-0.3646054662464317
-0.25902161346285318
-0.41486509789395698
-0.63662748194692842
-0.61294015519209311
-0.55459563209054485
-0.50614034833238197
-0.57035021665110308
-0.62510814738018117
-0.37506224329660454
-0.5161897196260915
-0.67195395795546908
-0.46389791060598945
0.031125772184359961
-0.51668227449568249
-0.32232189930904465
-0.71541682063204137
-0.51493156389744588
-0.43536438983389603
-0.44069440381835029
-0.84706192790064527
-0.48206219902664255
-0.57105335638835741
-0.4015514927014322
-0.36327291202448819
-0.7213934849131729
-0.85524168439704984
-0.52647367003841072
-0.64157842797460507
-0.64772042005924846
-1.119567320756971
-0.43182717386467201
-0.56837033102104462
-0.38038463492851027
-0.54508697565999009
-0.79032144564510876
-0.5781362185168849
-0.43651874153077236
-0.43183184689573695
-0.78694946267225874
-0.54521533315161708
-0.89659734767181054
-0.67016324837411401
-0.51046853677919102
-0.4040029165799075
-0.19354000687540507
-0.55500787504696703
-0.71797592564617163
-0.38522415958913109
-0.63026750931142506
-1.1437798302759423
-0.52797076022977463
-0.41840350071231797
-0.60467066172208417
-0.41182708461013334
-0.55260301444572757
-0.33662806970795878
-0.5652068558282648
-0.52308160673659021
-0.13977196628428362
-0.70356707254496631
-0.54519054430293235
-0.38694411842761228
-0.5737390942556394
-0.024346411874520055
-0.20118415119235286
-0.43591521681709883
-0.20807102761095997
-0.38709631839530273
-0.098902736896542956
-0.09796109205415908
-0.30454028350608098
-0.24341443755686429
-0.22239780411842738
-0.15613088878072362
-0.17634099796763289
-0.23908159081583011
-0.38168717384136663
0.063512682830790659
-0.68528156014926134
-0.11641562043883276
-0.40256517331471003
-0.16438359844325312
-0.47649840656016762
-0.28811848452353572
-0.25799841632287474
-0.5644804246846048
-0.50484595895064532
-0.080072289393757143
-0.47258777215136566
-0.16222938055143166
-0.50657306036548244
-0.1909244537768508
-0.1163873858826807
-0.39549594298590618
-0.29487721548149154
0.065738113095293413
-0.23543663674120335
-0.37407043854149491
-0.49371392417095306
-0.22312012362486769
-0.48085143578037259
-0.20312669060012167
-0.12295469206451393
-0.13118020067676561
-0.41676721195546285
-0.53711279804279211
-0.34768344366765008
-0.33788374710184504
-0.14214338560228776
-0.43470301190307309
-0.14209982750972489
-0.24669456495756037
-0.30193525520170311
-0.22254442511375822
-0.36543548569610534
-0.41612239161796633
-0.34637269583309782
-0.35706992112125763
-0.45916066363724967
-0.1479193081719862
-0.40452077388307772
-0.56054644837590306
-0.28247120731329178
-0.31300732123425168
-0.14086561518230509
-0.48609211742323721
-0.6899160338189001
-0.32058940369623579
-0.36361208382356702
-0.19567967431608141
-0.26911083056327961
-0.36111226692074916
-0.37171646573588818
-0.46082400488164083
-0.60053240867082325
-0.34360065925941236
-0.092775492633073442
-0.31351345135410669
-0.070825212425507281
-0.42083989880716771
-0.53517842961530304
-0.50489142066268911
-0.47400741090418808
-0.37912611069714763
-0.40526624085550478
-0.60274049218978354
-0.14742712436647346
-0.87708419577320695
-0.25329681929585834
-0.28872801552643929
-0.44932010510391868
-0.04011229346861557
-0.48386447942091931
-0.21576255221729293
0.044505079606962747
-0.043709307884451654
-0.33439959671861103
0.086687138854849632
-0.40529912575411497
0.14455646814954293
-0.10695459564479348
-0.28307383608199538
-0.44530705387088459
-0.3608574784692512
0.018617134610868995
-0.27870185205351578
-0.50734004945547584
-0.034462176414479857
-0.24041470976131413
-0.35975748136202074
0.065898331333940047
0.010654345645680137
0.15238206383848582
-0.16100226939624682
-0.27500244133469248
-0.72697246230036527
-0.16735589402907533
-0.086537383199691967
-0.37253524415457379
-0.19952975645632789
-0.39934242717087326
-0.021007345933908496
-0.17939145658897804
-0.10521745396283165
-0.33487815003451127
-0.14692556913903454
0.18015954772190956
-0.30867689106548568
-0.31879501168169927
-0.24261771704578985
-0.41681257467191879
-0.12142939220626064
0.11079127403753128
-0.65961076015085829
-0.2691169640476736
0.20670274146273881
-0.40701158365440276
-0.33703482204309976
-0.02344306419447123
-0.05093436156158905
-0.26216921836127061
-0.29608774494982465
0.35293913618278211
-0.44903769815321848
-0.28335511778395678
0.098047266869375746
-0.21789563056043521
-0.16859675332805032
-0.14508890418920034
-0.54470057395339888
0.026372791802198293
-0.11825131404621873
0.0035142975576219599
-0.29216830874056005
-0.38536623738495918
-0.13934052610704195
0.40953763846118851
-0.055654368470331825
-0.12545183383297967
-0.45486931067571268
-0.23264386371861037
-0.16875010954423489
-0.32252176900130436
-0.023442941020441563
-0.11448850580316451
-0.38686165346292872
-0.064028512356023318
-0.072568201092370915
-0.28371492792363129
-0.39564980316071358
-0.07925656419627311
-0.42696891916551249
0.054849794493080237
-0.078708225674252424
0.10741782356584201
-0.34083000219244919
-0.096468540546293224
-0.017824984522411734
-0.28565899258220373
-0.37340547321166323
-0.22955079113526955
0.1101471303882348
-0.1778442663654288
0.10945953158714972
-0.16564383405754882
-0.35200365427072233
0.15261873181147409
-0.17713380699824627
-0.20864432038980682
-0.076676159325684223
0.034994316738730033
-0.025333504217283566
-0.17140606276916129
-0.0724570268559354
0.17871682453311719
-0.40731217418951965
-0.23778287012275728
-0.29580858876649968
-0.14015506594130303
-0.32466414550737727
-0.0079915338805069298
-0.082907731621520431
-0.15111941617596433
0.013858356901674801
0.07337137592760043
0.27392514055444178
-0.064424469168301843
-0.23836947434795502
-0.29573751225261863
-0.14621555540657752
-0.0044847178359706912
0.021170199729139656
0.1006543655335745
-0.22992637548479383
0.10424839766014381
-7.7355188582027294e-05
0.25523444172159837
-0.16803054831686298
0.0031870392043396481
-0.018005414945289015
0.18710054641710208
-0.28654658498490254
0.093627131298867336
0.3749789643522583
-0.27933344122916515
-0.22454192908308285
-0.035275345792543676
-0.29662153754104253
-0.19851012767462453
0.17964014752255617
0.30050292138384216
0.089975360354385678
0.00024066749681352548
0.30726605640736665
-0.24232535090280494
-0.17967860103433961
0.2144966946435547
-0.13616034557084961
0.095537842042031376
-0.059921168650354364
0.12624640576872148
-0.12543247762856186
0.10255093185518548
0.23053985663715273
-0.15390105875310725
0.26244097814076389
0.053110382856182192
-0.19385487022748221
0.01711607279905708
0.18605678019305061
-0.012193206171743857
-0.14111566071976381
-0.10913738366474381
0.26837380127742455
-0.19161427071840445
-0.12361470039595393
0.026721960142313726
0.24279594100636037
0.22677767641860841
-0.1633636447830342
0.23479947774876772
0.035301119334681531
-0.0035326675446000024
0.26375758677206801
0.1395181147157131
-0.072191841304466778
-0.2224659781587538
0.23739402023630957
0.15739118869842691
0.38481088465225649
-0.22641632256600144
0.036248471694743718
0.21427382206024664
0.21986887830623159
0.089428765387942574
0.094772342897264897
0.37443323227969588
0.16686119080115691
0.4042624449510428
-0.0032206266070683959
0.12880376689267437
0.23670416953465265
0.11373836051956304
0.051041802197882964
0.081145544585188273
0.22866687778507433
0.0066064882902538225
0.20033577514091452
-0.095107668407382426
0.049348395156487306
0.080807331719872172
0.44980138959063343
0.43144272323009636
-0.22261511205570897
0.07839346981931361
0.048096133103807122
0.10295270569967088
-0.22945171117094298
0.19447229347853401
-0.05325160282139723
0.12827093692275618
0.21983609085779673
0.33733376748157951
-0.094623423902447684
0.33464753199871811
0.42636409020375249
0.11549872210957457
0.12139932251096343
0.12526653803066976
0.076694215350843101
0.36184659407508474
0.37315366110795356
0.29408464907462856
0.38305197183024858
0.19003779692065648
0.096614771089091625
0.39074422513139745
-0.31131766256343735
0.13842277520568164
0.24866761446449004
-0.20516259455408861
0.0063107058375647578
0.5594900845247972
0.37346152030314017
-0.067860292581951129
0.52895949297095712
0.07750116489687621
-0.18526590061930523
-0.039778171737233976
-0.016790060894882011
0.03138028844103731
0.23253420366631947
0.55919453041058298
0.10213118102736488
0.28815021134942465
0.25226630653726806
-0.1000234247764422
0.40836132656583823
0.025997527423693229
0.22444068835028408
0.27899065622122166
0.54463536117209521
0.27928423222873783
0.21230093240608547
0.48261125693044099
0.38936129337119135
0.56711081861142065
0.2534763178050714
0.17432763132535925
0.188647124002499
0.018207869526795987
0.0064979423857218915
0.69815156991111438
0.14471397877662462
0.36421463820437033
0.60168527065327515
0.28367065113903273
0.53317874110267938
0.44116808184035666
0.21327446326540561
0.50322643279125856
0.36656690314532592
0.41236101079230025
0.12572018566292217
0.51149518886311363
0.64064815498491501
0.50607032509960426
0.40136192410841076
0.26988504452208534
0.26159913256795225
0.55146054407479039
0.44651603483061836
0.64863430714468473
0.32863596260524425
0.35018161874362885
0.32033492083348558
0.14916066261197763
0.21377708274537935
0.18909105072741997
0.1660172915633214
-0.06025522305536863
0.52628104283487798
0.53305122492037338
0.44286975294814912
0.51208831271233946
0.43139562647552587
0.47540444206518462
0.41283199752705357
0.36989962479136862
0.24586187180012933
0.49025190140224112
0.26926830656436768
0.2160930887040208
0.78832839895896012
0.59759195028012291
0.68911309929667364
0.29151339181464608
0.4501619536477609
-0.0074938443641714226
0.21520009699211351
0.32263115177236695
0.23266981618946456
0.09829541324502751
0.38701750410383157
0.3640892487113303
0.35173927330328053
0.4163854126339574
0.65912960508639351
0.2757298498099508
0.094319123920947393
0.13405921958045197
0.30510774696323018
0.29903116602877672
0.27745326613294868
0.17461656267813794
0.23274222864160085
0.47728341587665729
0.013742941255502742
0.23899167091174209
0.49986377751166644
0.49993484290437568
0.19410720284486241
0.38525221550833183
0.27719402150310785
0.081938177822489452
0.45276370658564019
0.46240687856826573
0.57434173364211538
0.46406568336587389
0.25080937929811792
0.49938234869378872
0.067901544178123829
0.29245887485206795
0.49285181665630579
0.32051470277937966
0.54957678751113592
0.30757079796188674
0.4118311272382435
0.44983226376430163
0.47544058429310576
0.53375598504318589
0.45074467769323351
0.78296688358690614
0.53919952734608478
0.69590110781119197
0.5973069534242923
0.34166060367882584
0.21151900152551223
0.52119866430398443
0.39268615165749654
0.65357779146513206
0.36193483474501414
0.3881489167082065
0.40611673230834605
0.48747475342005608
0.35443545014243505
0.37716913168343835
0.60897874822925802
0.50170828007224888
0.44573327103825428
0.27719840303836363
0.61667381432216661
0.56229799353046561
0.19467277588547016
0.51918678859065137
0.21167445028726417
0.547242105096576
0.18436430729319422
0.57715797063788332
0.69031246045854955
0.47693240940948489
0.87821394976436129
0.40513534535899193
0.27361192236712312
0.50118539838078613
0.41621456279721858
0.10746610797984443
1.0536000127604255
0.53534861548112178
0.5446669884631925
0.83322485889056763
0.93963123319862429
0.49795138909332348
0.22531058624838143
0.58094708996730582
0.61529242701237141
0.23571355015305678
0.52509286286399492
0.81535451749639343
0.29333472820821305
0.56037147592198144
0.48233351085690418
0.59448634978615866
0.69765540090827005
0.19477259160470836
0.65346058506919058
0.72928544661318273
0.15024883376414316
0.57261534618582466
0.47841317631031821
0.69531455739248016
0.44273684400990942
0.43475140315124733
0.27258792741098847
0.33079440001331423
0.76543801564706015
0.90905610331046538
0.5222403695392378
0.8102188013076953
0.11331026664294686
0.62201462517085704
0.61177255063132097
0.41110718957564957
0.60055850277728196
0.53998792421319342
0.6484669047695425
0.6306841058265017
0.67097380373028637
0.55135674307960181
0.92554387336801569
0.93323635815322081
0.67037481368400254
0.56840576644531815
0.54018244371473212
0.93547315335457737
0.57378872748459342
0.82268218616327016
0.8327194815020581
0.48776251145858601
0.68591371436775994
0.14070065009287475
0.71228324471688598
0.62164128776567507
0.87292541849368577
0.88430567743199706
0.60489015598336271
0.90847364039976441
0.51732569519016303
0.55014762959343433
0.57181580381426433
0.65155158211423181
1.0369639055260198
0.61220259638133556
0.75423437489248635
0.68215956664416177
0.74494225200915931
0.58990694700585189
0.52430256262164465
0.41182840688945882
0.65691038932987456
0.85835285662445082
0.77981056282769168
0.29933125982493841
0.31283640374493238
0.8163999284654575
0.71931599519500089
1.1037480344407185
0.57857492137546385
0.75291824297456711
0.79450469525430822
0.82995155136094001
0.44559488363496114
0.811963892271518
0.73679227031899397
0.46074516729691212
0.9744663475913844
0.80084172186563096
0.57355678199543103
0.58720605593518571
0.97242839355251776
0.71911444969227101
0.57305325125089557
0.75507640376378327
0.91349631583827984
0.9198793982263781
0.5352199827946521
0.51410722432475753
0.58985823045583852
0.72080465498427182
0.63708211174627272
0.97421239971388929
0.84759316041781518
0.84976355655898661
0.91661475978593521
0.69328580437853149
0.94844083730712214
0.90486636172061763
0.66931501447554809
0.78724014329912961
1.0623756047907564
0.77481325826278846
0.69871222627785801
0.8683268646572162
0.59549726935476843
0.83027811673632967
0.70011398907982336
0.71471600385180156
0.82510961060962873
0.69952411482335819
0.65706224319631967
0.90513101391712691
0.93247654962762228
0.61779677653599374
0.99493299003845603
0.85543490731509197
0.49693251363113544
0.56627972594636045
0.67971326321478398
0.50726905261657951
0.86268851527376955
0.70520337820244183
0.61691129282094281
0.68270296744591186
0.88243932378179102
0.69503935179301124
0.64881979874216877
0.44074711709472308
0.81791403616084279
0.85732938310215001
0.74168102290898807
0.8949975842932798
0.74690650815991311
1.0247311887094528
1.0733358426008464
0.95306293450699642
0.78058078987977209
0.76708528947566501
0.95218485047285406
0.58344445349906926
0.73551215676081239
0.9956783716640899
0.73895854146000173
1.0306762104546683
0.95845635787817929
0.90893625784010756
1.1298572425426827
0.82426496974481644
1.079454716558119
0.91855151424669101
0.87725979296708856
1.1957441896757524
0.76716803049110061
0.89719359076805738
0.68935641528538627
0.6641710230389205
1.3185746608500022
0.72727130433615539
0.50046165779341878
0.31917065130592359
0.80475016835807678
0.97197876235264302
0.81377292770895027
0.73234182223633149
0.92246153071563675
0.95581978141278756
0.78096101303242271
0.98736949726926815
0.8105951334650785
0.65667205782551341
1.0540222687691279
0.88131453868213483
1.0838003972741239
1.1436361890890208
0.96014378751771257
0.90969285260377175
0.74393860699286385
1.0034230674305635
0.72970480198222953
0.92019699747960348
1.0753499086413512
0.86437281757377415
1.1990886781803238
0.94845225630505536
0.90475708798203647
0.65555477976284482
0.7979107743899112
0.97586519309919828
0.58046417624637592
1.010471742991141
0.82211743897239065
0.86191030753728382
0.75715384602145785
0.86642315748602616
0.86962420155235132
0.98570251256960384
0.90316802659608775
0.89854413343556405
0.88524194244732435
0.93501642825860731
0.85209136871225188
0.96972949644017647
0.79608855414612134
1.0739543367170266
0.93684866332447192
0.75031945656890908
0.89382256565000751
0.96485068885534064
1.2605553947502837
0.95553782006793497
1.1775826191695238
0.92493607995807814
0.99190024970262425
0.9303199247906826
0.91975619815266141
0.81295336434371113
0.94207664634593091
0.63191544037984515
0.6229351877041629
1.2009157117503244
0.9249497717486499
1.1516877582049472
0.6158509352939181
0.68497649907925473
0.83266003238164321
0.94390926278986098
1.1673996371908966
1.1212151848947909
0.92686534056545522
1.1723126050519999
1.1000436238835007
1.4827146126237836
0.69580394975088466
