-0.78182239949581367
-0.77684709732106139
-1.0980564335136269
-0.76541658245001376
-1.1904328246396783
-1.0461597365937196
-0.7907434102091484
-1.1262187574925466
-0.94085160267686108
-1.1343230677737572
-0.97296759310920367
-1.2194439005558908
-0.99522443985451048
-1.1822866042978191
-0.7699817328504921
-1.0343310953094231
-0.91420277165427843
-0.90894402401418628
-0.86913105230318866
-0.74229699204021138
-0.94690628719501424
-1.0908776065540915
-0.95306898804972828
-0.82395142087498618
-0.70568055791912965
-1.1186752648958282
-0.61319231677761388
-1.0548702005086881
-0.99688151850374995
-0.84693343753663797
-1.2553939168093353
-0.54502021747936769
-0.92277840776783693
-0.95102726693450557
-1.0071166986265052
-0.93304196437508413
-1.1022942363636965
-0.88111074820140101
-1.2324339112257943
-1.2089477865438194
-1.0384620560940196
-0.88568305709471107
-0.81530879983347726
-0.86662308601951765
-0.99913556264254422
-1.0338584755307414
-1.0300762749563326
-0.60044854936242598
-0.88128044422839535
-1.2037996139376981
-1.1306855764140888
-0.59557263053264864
-0.71532309206281763
-0.93385657132269129
-0.67462699572070639
-0.73747162568377922
-1.251334943427018
-0.70331108945437237
-0.88820040706101533
-1.0007176616998381
-0.92220895334690689
-0.94237617094304982
-0.84994701347051616
-0.73530150542439288
-0.84042423954746392
-1.0872378622229617
-0.85513515055015488
-0.98364833455343104
-0.63754237944379033
-0.67398130331628736
-0.7669882009550204
-0.64437429152355119
-0.57422362557857842
-0.86315905900760437
-1.0198963772814345
-0.83511437705890712
-0.53384236415948116
-0.79873185894318444
-1.1237170512214545
-0.66850241308896641
-0.82505442824773856
-0.81228942740987731
-1.0394970281771907
-0.82262943217850648
-0.41236151122535747
-1.0266856400964555
-1.0358382242366573
-0.99998317581010832
-0.76141882016154849
-0.70609358317335724
-0.74013736483317727
-0.65707681332607348
-0.98125438634791862
-0.56133710692993355
-0.36133736038405145
-0.85880108454743542
-0.92043685068854231
-0.66237386924458597
-0.70438592021357249
-1.0408194039468475
-0.74738414704007305
-0.74634344718189305
-0.93539594974984741
-0.78910855290045945
-1.016365769829374
-0.75606109357839668
-0.69986071095710811
-0.88550968632495153
-0.78761424104700817
-0.71901978624935314
-0.68659844479025856
-0.76260516292208713
-0.66123527349706046
-0.65279954618089275
-0.84033696885702081
-0.83031263108968467
-1.125350942831407
-0.48600960770358764
-0.51845591797620827
-0.87305055389861441
-0.84694359129207475
-0.87540583688744988
-1.0808978649888548
-0.61299162218506043
-1.0986007286335904
-0.8507833140571498
-0.90794666077211528
-0.59012430357092194
-0.56716716476607942
-0.64703585925650065
-0.71185021995186581
-1.2121631618589763
-0.77383671918690544
-0.56932855158835616
-0.87208448817968598
-0.84176020088608305
-0.91799876976531936
-0.87163104341035902
-1.211697719477514
-0.42111232373737517
-0.57381814514411333
-0.65513711494776017
-0.67924253290751591
-0.66847032161469666
-0.72157414799960629
-0.9593582760175341
-0.91720376043525442
-0.85894530749033582
-0.33557880589941341
-0.4400952805704475
-0.38979668919196225
-0.48054733951885309
-0.83952323908169491
-0.8984426438806542
-0.82014237488411923
-0.62230866018220587
-0.84862491672152007
-0.70505545894102661
-0.64442067177225615
-0.51367398319907642
-0.63099460423786868
-0.90584320320429967
-0.61754169609515042
-0.8781851989601791
-0.77665619144951403
-0.4941364213567695
-0.52816260910635437
-0.92004986470340899
-0.6622942648802731
-0.41430016306384665
-0.71615345959774468
-0.76679402602783286
-0.73686170237040616
-0.58746593477859654
-0.44742651719513887
-0.61585008573932831
-0.86886429552613198
-0.57912518406832236
-0.93657881566417966
-0.096278004897093886
-0.56509992183720048
-0.84650479890483854
-0.15018488228383806
-0.84410674220351078
-0.82027563455751917
-0.83727248716884617
-0.43381056538108259
-0.64031927460728377
-0.23649577546334336
-0.64917458182813725
-0.72046426998638557
-0.26832790865828748
-0.42783964027186799
-0.55640654217316543
-0.91927080442298037
-0.4117547092023614
-0.80280460132540454
-0.60650021688750688
-0.31730125398459708
-0.65960212585882494
-0.8472599201249732
-0.903924524434502
-0.45867411413337483
-0.45708014052942075
-0.83442342431477412
-0.73144262222048029
-0.26683562446886783
-0.58051485851053664
-0.78015741328808796
-0.62680391599315444
-0.60090859490366177
-0.531842763632979
-0.39925077523286823
0.021652926274366092
-0.42137916741437609
-0.45282674906429005
-0.27876011618221075
-0.59941344214604053
-0.29932762511580696
-0.66964184371196189
-0.34229344423800201
-0.48786955341572419
-0.64990392657028884
-0.443664542259263
-0.49218763683302946
-0.63225189847285335
-0.33595430429182049
-0.78967389968283641
-0.5490444806443372
-0.32591551702502253
-0.74829944578285912
-1.00138702514214
-0.56912401701320925
-0.40467169681338572
-0.64630846197004865
-0.53418540066373243
-0.57681382358308164
-0.74818264807966983
-0.43460346075493816
-0.53745811726755688
-0.78944552069061846
-0.34409837945794425
-0.31102751874798246
-0.22050806100600176
-0.79523582798504866
-0.54630412576295373
-0.22044364076686621
-0.37775853995934322
-0.76145077464472666
-0.56391639664237725
-0.29770294002001441
-0.40006101925574972
0.066395568276357911
-0.26499876645805592
-0.0075904982975039791
-0.49926206359377384
-0.73825855821547748
-0.19392691152228458
-0.17903242770877953
-0.430741538087767
-0.18414411609360143
-0.29828630129436823
-0.6087500779629198
-0.51556320926662635
-0.27146903282890972
-0.40366092575503987
-0.42687680875197442
-0.90804860052694036
-0.82800732510363595
-0.6710245665519009
-0.15007954327077641
-1.0556491869259714
-0.12253389590363072
-0.44698485390777026
-0.45511029079855397
-0.35456208400369787
-0.55511919175647495
-0.42563913657828423
-0.21724615855181831
-0.42840667725928683
-0.59649353551855033
-0.30180352432917906
-0.31925777294540875
-0.37317547574809523
-0.45220476845973795
-0.41678457787022882
-0.64091886867752568
-0.35979602175609171
-0.30115317319791252
-0.015098512740881326
-0.44480857166621751
-0.5896037311625637
-0.63624261961381845
-0.18305230150931578
-0.084421124657650656
-0.52522351188092109
-0.30620048636488484
-0.39500807310968916
-0.56843188592321625
-0.53647640337462177
-0.33196328556476112
-0.56822406993606345
-0.36517424856074632
-0.523339185165281
-0.12068440236647325
-0.30128407633668652
-0.73165028775467178
-0.53263143632233634
-0.38187750975423884
-0.37243155110621062
-0.77035207052012988
-0.68480443766397714
-0.040350032759117034
-0.41915590513225032
-0.1069856799462988
-0.37584093660055073
-0.2025379444347036
-0.48542440603997528
-0.38643034007728305
-0.31365896194901566
-0.063851432433279079
-0.16617119239207306
-0.088916466877234757
-0.027717127709195034
-0.39560976049882285
-0.38556909533922457
-0.30067339505276286
-0.23504865528014629
-0.59692266926820325
-0.77099396061682668
-0.40256930780624667
-0.2710587802109109
-0.41540281257381745
-0.30255737621467077
-0.41183082123841297
-0.1772309907716059
-0.33029863410587962
-0.31878346848078043
-0.5158961587606945
-0.53950658624826953
-0.46075618631697723
-0.70725849417832343
-0.25167832639676352
-0.57917689029927333
-0.45116710284414402
-0.60100366963140528
-0.50513525836100392
-0.24930720376125609
-0.12919396424190449
-0.39408237354594061
-0.70485338105090733
-0.34336672178530231
-0.22548139762159283
-0.16363369983429799
-0.11054738797169654
-0.3403779236230588
-0.096621688648087803
-0.42518421452234434
-0.28396106134854154
-0.36687600499830547
-0.35376886830399057
-0.36446305267526607
0.032535542773920664
-0.24327566502262984
-0.54462527960640761
-0.25400174618685384
-0.31541181350687242
-0.44668123698487533
-0.18749243301201007
-0.47456421537697113
-0.40701738202738469
-0.21128400972757808
-0.18568218252316618
-0.11767859391754162
-0.22566434284692599
-0.2411356423949913
-0.19743041172969095
-0.1639916619563648
-0.25618442523192642
-0.14037153011297346
-0.021889320277066172
-0.57993349777046377
-0.26565011231209751
-0.14274826794357873
-0.23479425766544207
-0.11005040002787732
-0.23729902231685757
-0.014476886680887199
-0.21507774977087918
-0.41945609187786953
-0.015581440547008997
-0.1429524302384185
-0.40193595900087598
-0.24552774283064804
-0.11147828641588788
-0.17114457933542498
-0.15185718520136299
-0.22773076004459217
-0.3308529635629231
0.060878693917197677
-0.21956973118205433
0.025240772409330526
-0.25648517297307305
-0.14822393754403793
-0.18434396292733404
-0.40946231270409283
-0.15199431952817588
-0.040017234077816405
0.010725255719004467
-0.049651715840566095
0.04294545638277391
-0.25769420275078503
-0.029353430470732422
-0.015899822935798495
-0.48780402189539085
-0.0047310639705164309
-0.35772629922327204
-0.27577366391196273
-0.0099247429102321764
-0.19827561215093861
-0.28481824217521096
0.055475562501221751
-0.41334388773223296
0.29767477333747311
0.055323966868871116
-0.1346472440484566
0.010042023898185445
-0.1831444494151791
0.08153812867709527
-0.060746576516898292
-0.068042899717563277
-0.68312123815755321
0.024128288378466894
0.076076603132805024
-0.31019586527768872
-0.50762156264364944
-0.20273304536562181
-0.45577872324605867
-0.19269436094291686
-0.28767639700285053
-0.4503246153822984
0.13380177778593766
-0.023073515640646098
-0.18627708597852574
0.26189861454532931
-0.16184794551737913
0.050386274035790761
0.070662586336208269
0.011896628285339621
0.046872913992173498
0.15577200282965115
-0.088362272488493238
-0.18610264081440267
-0.083435496203189283
0.25780146798863796
-0.1133771744974295
0.12537515690666554
0.16225307269234318
-0.10131994575923171
-0.010071713218511096
0.12885736963791966
-0.25760933155980603
-0.1630482688123622
-0.098515769711903331
-0.23724111656532829
-0.30461817135462738
-0.36793368476922222
0.17149546092232379
-0.069422399423203773
0.10743710804951545
0.16486421315834768
-0.13961268425232945
0.30539136111932086
-0.15691188256326286
-0.22609891896533976
-0.049998370783966239
0.30964774921929628
0.092184308784600683
-0.32682436847619095
0.051995582441384212
-0.024350320699524437
0.15600435423892098
-0.23713871742729942
0.13254222653685335
-0.17393448465208822
-0.065585949678988065
-0.17840942970552362
-0.028252456667251239
-0.42818021008833423
-0.43589541550721222
0.2915489812663376
-0.083751902578954388
0.05778047358059437
0.2628549784228858
0.041021967026086327
0.010812746007927303
0.19683382997923085
-0.22057437781992068
-0.29767676415442429
-0.38697490400299206
-0.17297022253448932
0.096801515574225561
-0.36451134011261721
-0.43659545175717535
-0.064123979574873743
-0.025232852707266332
-0.065656448574266765
0.23662888588710373
-0.21421278094548762
-0.20487555952534758
-0.21504892530056766
0.06968146260553329
0.11702693492659036
-0.11177235559377073
0.02126696423175533
0.08369228090637601
0.063189760293683436
0.082580140608155522
0.1582298141223196
-0.46957065792825553
0.074563440640029954
-0.14572262046070247
0.22303826699608123
0.091950220280119843
0.12005842660106843
0.22327124786143782
-0.26204619716512995
-0.014187249749059792
0.3756972755926703
0.022974009418830009
0.02145065247962933
0.21205890163912328
-0.23432883077783553
-0.047657716948936904
0.01753662815514815
0.16491420094911113
-0.13851150506191157
-0.089598363075193491
-0.05591928922623797
0.071916597866649806
0.27102914168714348
0.36147475902836546
0.33198476271144328
-0.12418018172396432
-0.072592029187787482
-0.27363070698213093
-0.14589226365321409
0.30821986346234048
0.13237873091196203
0.37481265700299282
-0.18487559691684188
-0.31365954785218497
0.15531310007290614
-0.0091109850537109405
0.15012800198312487
0.047892433830893914
0.014457028376232814
0.18451582051961521
-0.048109720667931323
0.41235537559301755
0.28574311040947853
0.052606075857355897
0.02913301058969741
0.32899300126014192
-0.074016417718304292
-0.033240709487906223
0.11851247115356009
0.093868285360190401
0.30165091085032647
0.17778233523800027
-0.014720792122201141
0.18469783361436562
0.29055739771856626
0.23529764252633703
-0.0035094190700611068
0.45745604261563849
0.075460550040273799
0.17236713296976991
0.33979440702846991
0.31553780148870858
0.37565947417014584
0.27975966199160041
0.1635177365475135
0.2389725460476339
0.33768955845233928
0.21320230016600064
0.11361677155122375
0.32190407452308339
-0.067764564460158341
0.092030149426795688
0.080946529449398175
0.57125770666173381
-0.14995868201321153
0.47296937305595688
0.25767231204813235
0.35165476188621769
0.18062345815401307
0.25496561621766128
0.24707338635493259
0.1698218156892034
0.02054996583042222
0.24457912334080215
0.04664780417952466
-0.15403408385222295
-0.094733937241234342
0.18188477533593994
0.37819964443852083
-0.074513818536220189
0.34062432127146069
0.15476509911237371
0.30021307181217149
0.089259558058211438
0.080646334404375103
0.31721955161484344
0.044790988163810698
0.12011649419738597
0.51886439178106425
0.46872762777955657
0.31046984488227197
0.10178581467336786
-0.11809258754825483
0.12164288726529718
0.33653708211675465
0.11669038684768962
0.3282950844719511
-0.036919939834931199
0.24047172170950801
0.45629230053820047
0.46675619904102467
0.22159464781822724
0.23730441766232679
0.38904114614931851
0.42862272362549081
0.40843155275094073
0.058957814774808992
0.47293862534645148
0.15201289567428419
0.28047133110908562
0.066084763798833768
0.11111338075476228
0.24179458947687554
0.28522228570009323
0.59434314997584692
0.34195051629847983
0.35251445793823699
0.51236642067093219
0.22474351273205279
0.13314478990091164
0.028313894119742163
0.19688698306569341
0.4393775736680976
0.18961839825014856
0.391324816163033
0.35611414087022697
0.4984685285526872
0.1607340752666887
0.16317376759323104
0.12597404505590998
0.0065442005041852457
0.32933499744009043
0.1669591717379888
0.36088123931945526
-0.18318287232985539
0.67112374294980226
0.72097254698790592
0.22705318059808602
0.43926667294384913
0.36857604823407836
0.28262892117705735
0.28280851731509044
0.52579807768716125
0.28676063438597321
0.4133346441876431
-0.051688008717113494
0.095757344150458321
0.45754464322767252
0.34419057447335194
0.26492786343051422
0.3842277865555101
0.66542457661818044
0.41396521395031721
0.6993615510079233
0.21721374847733921
0.31556817292970829
0.47712403675532905
0.77617112404275734
0.26927173996011305
0.38830252113283453
0.34850835611923564
0.33094805162801705
0.28598775357544637
0.58433480101754665
0.15952132957191981
0.64796257007428792
0.48370690139733735
0.39380595588953743
0.57146684328426967
0.24950381421350681
0.26339772480263968
0.4536093210281491
0.54626484667262676
0.30022179876010818
0.53836707882223034
0.31684770330924006
0.53780038728381585
0.46881140506471319
0.61125654511953043
0.29883953077543318
0.58115508374433766
0.26529494080253663
0.25640614617021945
0.41712772930062758
0.14738772250888615
0.74961441811182461
0.35600435265031882
0.13828109414436351
0.67394307653629459
0.43460846295034211
0.27823008435329027
0.31366454413250711
0.56443907500557344
0.51401463381995016
0.4222157112286139
0.62755387948707686
0.59413666032102141
0.56744122424758681
0.43685944481768141
0.084387576830734418
0.30430516496423682
0.69639583777238268
0.30223296271423844
0.32401384207257383
0.48496666536229643
0.29306919982547258
0.42798900422699321
0.60701536422636382
0.20295898045013322
0.56902641093707951
0.62086840565309553
0.58245605868457406
0.55612458568269851
0.53697465874815209
0.29406589790707399
0.5117645906773387
0.66489404742043889
0.32272309438484709
0.37690708616960394
0.74482098020800958
0.47418102110875343
0.63247625714366307
0.59521119095178032
0.78681618707969325
0.7594048461806302
0.56357111801549431
0.27468526067872651
0.70956442292429767
0.38089666004755895
0.36504343558730828
0.60596931046911706
0.23964885303344755
0.4058731513890349
0.24943897210002899
0.4153454443194447
0.43211554691458692
0.50948843057623239
0.3967653187682324
0.69813876091698002
0.44549466060160559
0.44031562697513332
0.3775326344984497
0.13015012098535939
0.41885303739915902
0.78699082035725976
0.76487695779128517
0.53666214533463097
0.49382182959278104
0.84092785732367359
0.8664522401311332
0.35145194401498953
0.46513569868763299
0.67423194950980014
0.30759326594162428
0.41259617942664245
1.0307290947610097
0.76573802185398498
0.77834892627216856
0.65633828162127783
0.41887752433470476
0.56220573255909068
0.47534032252685271
0.73927075716216128
0.75328720495725676
0.34063606587178896
0.67497309997997446
0.35312412084064526
0.42380750471888201
0.5160527684760815
1.0476793693172388
0.77230112445550736
0.27270979534272072
0.93369702670921739
0.84718550690336092
0.70935410550572875
0.53461880053904265
0.48746193140429528
0.65819692433560539
0.67406299417911242
0.45646805723265832
0.28790534331292972
0.46261119138694756
0.88783824954818191
0.66813596016475318
0.81680758328979863
0.7483269533202026
0.63005569719110732
0.39062688423344055
0.89151010589355661
0.27225453196985289
0.60175872340370906
0.5085660444493505
0.63892111281621455
0.81376917733082177
0.61861041063535926
0.80219526648283035
0.81226001722614727
1.0639292981221158
0.76923708876025143
0.61054091463481097
0.26707901658308186
0.82604275279852735
0.76122836262683136
0.63845050199448716
0.62484182181026371
0.52149480413678373
0.76951674008637172
0.6693580937643937
0.84680332248649659
0.97615240645455259
0.57756400795378859
0.62911847260408005
0.71485107446658902
0.65918589154462726
0.75309760926634939
0.66871659996744537
0.65310622864104717
0.62556526650700006
0.67851209153409575
0.65397491207850578
0.532740163751664
0.69065562865907404
0.78232713010309318
0.6436695166966715
0.54206950692372735
0.82360238689939613
0.84070031020475422
1.0294808022944724
0.61830873763444749
0.41854431830832278
0.46778168151366933
0.57486583320856643
0.5986243994086401
0.69513541876159302
0.18619964576047748
0.83092937550144352
0.59574003476261805
0.74111218221696551
0.57572396266679338
0.98100707741477244
0.81503659367141701
0.54245116226610179
0.48931074659565077
0.62459442367413076
0.64621305613440982
0.73280346763473381
0.5710954131756435
0.48817756726664507
0.8868720897149921
0.99791816379818399
0.84297329709240887
0.90204028638075662
0.55611644751752476
0.88328571718271343
0.79446769157083719
0.86081523887073996
0.74023876929515064
0.85417898005783477
0.86241242088469838
0.9508487006872377
0.65470304737590579
0.91882285859644142
0.72173556190625954
0.98668803785823345
0.4143765878764718
0.74183586640873678
0.47330707624790785
0.52186880669499724
0.81634552060729948
0.79389359367160617
1.0011096542190756
0.89806561008194874
1.0186877175845639
0.92245824010508337
0.63615459580328104
0.65265052166461091
0.65752447867984098
1.0949254296856454
0.95022354855866153
1.0524026288032446
0.43887981383344749
0.94567239086497257
0.91670728913438593
0.80784309085354633
1.0607796440424966
0.94042740534811986
0.68971518185425662
0.68419603515669136
0.89966880261665805
1.2354288466513941
0.70006920288478247
0.7083620322352282
0.78214222161092328
0.81681333718252058
0.66631295678183255
0.65635525552186713
0.88683735818101062
0.45894906480190906
0.7024899784112496
0.63902098392271522
0.9853665077571151
0.79706472725149957
0.83017801810528213
0.8031500433706833
0.45519598908613373
0.82815291762958143
0.9996790566716649
0.99976670133771728
1.1472166549282943
0.83520482666971119
1.1270355777741483
0.93778256231197976
0.4812965261458485
0.96836667051963177
1.0262736610954331
1.0525942215536326
0.75233568119127647
0.90405773152938529
0.9313613746731767
0.75771575906001443
0.76628447295806956
0.64781621776986975
0.79734017096070942
1.2768895634261515
0.79851450979813421
0.74658797042339353
0.71883929042477446
0.96023325868902709
0.50300041712984378
0.96147794780399465
1.4132088773288607
0.98290531609134502
0.95845274175738826
1.1729265788972121
0.93882015709690614
0.69942303744527612
0.6473847610705552
0.96869136822929169
1.1475979332876349
1.2908400874965349
0.78466422912898115
0.72162314447150711
0.68956420009802788
1.014307585170469
0.69613867362569615
0.88740905019537708
0.7674586335272332
0.65507303798144911
0.86541953867516674
0.89376035450061131
0.94693129410012999
0.9122405687983729
1.0125177864428481
0.97739884314020231
0.78360260615923538
1.0877499694785631
0.82368074825821802
1.2364986568145033
0.74247134057756214
1.0830539797699592
0.67690268640688667
0.99503371979732902
0.97329017746119351
0.67284147240495451
1.0525952783003074
0.81343253162539653
0.87551803767199343
1.0648626347993646
0.85079652163006825
1.2484943402322353
0.89582031125660011
0.60233546931463566
