-0.77366389828003035
-0.78248614509959535
-1.0924208784384701
-0.77759908229848296
-1.211040953684575
-1.0538429417630786
-0.76268085597743418
-1.1222627342398643
-0.94831330955918247
-1.1227731184017693
-0.98156570080986449
-1.2285815649854233
-0.9949877051414836
-1.1630393539806019
-0.77135968102448593
-1.0245666902954025
-0.90867828988320953
-0.89616765175133484
-0.84484332148122843
-0.73290663297340652
-0.9450358105306863
-1.1004111600567785
-0.96593008256983415
-0.81372583032119472
-0.67239046447654349
-1.1115566064239844
-0.61491355318351582
-1.043682941521153
-0.99614243609599451
-0.8651867870984089
-1.2556699393943045
-0.5371048903559682
-0.9155328172138385
-0.93369603227732578
-0.99373891714609064
-0.92761981296548102
-1.074924530855365
-0.89275132205207119
-1.2211789816458578
-1.2240951397854614
-1.0210464880159362
-0.87387834055960123
-0.81336959378309115
-0.86662689211842947
-0.99488250585818649
-1.0279033047718749
-1.0311301789086167
-0.6143169845255898
-0.8480986650922484
-1.194054451646356
-1.140806130424749
-0.60031453063117357
-0.71345285590426732
-0.92249589174624269
-0.67802442019781195
-0.73243643090233201
-1.2546753575254004
-0.7176249251043032
-0.8731806591155481
-0.98908169299631454
-0.91894891936848089
-0.93510129784532547
-0.84647498354275807
-0.75422469573167339
-0.8277388119083765
-1.0737761840666815
-0.85346698632386975
-0.99572067449464741
-0.64090812777884498
-0.68368289700729323
-0.80140036670232062
-0.6341616780676379
-0.55886587167503154
-0.86489198403231016
-1.0097307639631861
-0.8248699363855434
-0.52004911895410022
-0.80500250490176928
-1.1443055368560442
-0.6700858630351938
-0.82248083431093111
-0.81504772648713175
-1.0407793267120531
-0.82638596590931079
-0.42217992143721705
-1.0378539282587684
-1.0229360395921057
-1.018603637976861
-0.77387779001894452
-0.7064000521998256
-0.7516340383613046
-0.65846558031525071
-0.97847732093183315
-0.54962535373656984
-0.35504345514148344
-0.85756484848833758
-0.93456593023794965
-0.67305390994255454
-0.70807985168167309
-1.0600087198701276
-0.72505962194192441
-0.78175173347436089
-0.91772664995652209
-0.80830242141502806
-1.0138451484257518
-0.75468580499733573
-0.72685304297899767
-0.87110230185460258
-0.78580706607852902
-0.70669954528399281
-0.69483086777374747
-0.76047354825710511
-0.63949412536368322
-0.64844036933871596
-0.84132147275823344
-0.80726696264707209
-1.1081246413646526
-0.48450924267991147
-0.51687387122933826
-0.85537669753196366
-0.83800477043402188
-0.86860182071967673
-1.0820080210131158
-0.62409651674320687
-1.1282506702420714
-0.84388254734712442
-0.91110627174655912
-0.58053371244007634
-0.5507457687395737
-0.61469500896026408
-0.72143694124846758
-1.2234392726733834
-0.7734355635396517
-0.56890675371001276
-0.87217725859004946
-0.86111783488080917
-0.925925671826761
-0.88867392934472078
-1.2316863356215011
-0.43913848399674704
-0.59058415001983799
-0.65235814312483054
-0.68464889058745215
-0.66841675726226335
-0.70139753432102114
-0.9432893798343831
-0.90562839669112771
-0.85588786193452016
-0.31565074429513368
-0.45881937938053358
-0.34784293867136051
-0.50538066426019967
-0.84672732292235409
-0.87566631193542577
-0.81143737289295681
-0.64432681039876794
-0.84180573589355678
-0.72728064164621131
-0.62494603736750376
-0.54165900429667413
-0.61583282662354921
-0.91127701354299506
-0.59387842674555757
-0.8725547447929598
-0.75693297386092939
-0.49910433952829247
-0.49703485863579694
-0.89138032257812794
-0.6794493727287868
-0.406096416741697
-0.71112617490175989
-0.74860553288610476
-0.74506913703404898
-0.60988214589851542
-0.46124875963994644
-0.6098515694538873
-0.87083680684026987
-0.58745101834671642
-0.93829332721557801
-0.098333143870262665
-0.55212776913153006
-0.82479312406406258
-0.13724132783799253
-0.84742932888149658
-0.83828103399863485
-0.83905011862858103
-0.45248835234418289
-0.62153158736433378
-0.24508582344682242
-0.63601443008581038
-0.701174179740641
-0.26077426351454952
-0.43324202830229003
-0.57677640406090336
-0.8936237637141371
-0.40593509584840826
-0.81581341891679759
-0.61751413351109385
-0.3237850839181361
-0.65787648090667183
-0.83110032304386283
-0.92134653905321851
-0.45479918578277551
-0.45141140189323586
-0.830727937124491
-0.73589683914865223
-0.2610313440460662
-0.57780011257517305
-0.81934788103100076
-0.63590388947078924
-0.59484930362303223
-0.54549783176536693
-0.39285323900545838
0.012731910575290321
-0.41378682893021757
-0.43448820995441012
-0.27027070705173312
-0.62068373880061078
-0.28708413350572493
-0.671348318521092
-0.35014519887070433
-0.49058134900785993
-0.64653017517941413
-0.42821436375156496
-0.48277022813267423
-0.6395789409682987
-0.3505932785880152
-0.78010174140430577
-0.54450784967725507
-0.32376791047545134
-0.73321832306367152
-0.99184471154217801
-0.58813590206984689
-0.4140543660150513
-0.64614367627822467
-0.53461576957793078
-0.579381703125468
-0.74810315523347404
-0.41516037812220413
-0.50872694778070604
-0.78928407338231343
-0.3099068280703533
-0.34601687817347837
-0.24194021304670518
-0.79724297992586912
-0.53495547484383166
-0.22775301427201963
-0.35297127528629424
-0.74948267072457131
-0.58524499668293473
-0.30608651854359881
-0.39651475899633631
0.06570215287209108
-0.25391277788605826
-0.0038588605052222377
-0.51798388705719389
-0.74557516043434713
-0.19829748456903479
-0.16944635462423066
-0.42384207017297271
-0.17754770306488224
-0.29551060831359538
-0.59243401288779718
-0.50812266565080733
-0.28081204847199165
-0.39578635477433122
-0.41227440355098677
-0.9242471548282376
-0.8489525014804542
-0.68361833615018397
-0.14803062236013215
-1.062032528132975
-0.14076219558312225
-0.44634407950878469
-0.48362869019858507
-0.34024841194049299
-0.5422618215558811
-0.43030903516948055
-0.20656909981109464
-0.45952159158661199
-0.60726941276029933
-0.30801308814452061
-0.3284420059055444
-0.36684143596901897
-0.46333979544007597
-0.41311509229138077
-0.63686216416123709
-0.35267789086263507
-0.31581729758067589
-0.010943008313510206
-0.48060886524668955
-0.58479101376929143
-0.64327163001643906
-0.19104070641580234
-0.088321999110460861
-0.55645188279311808
-0.32964277736828479
-0.38263315815201576
-0.58092514832587394
-0.52594763287108659
-0.34638730863663891
-0.55638190889434147
-0.36330106310019555
-0.52513541859066581
-0.11979049533173658
-0.28949365324503096
-0.72487612620843922
-0.54059414278270901
-0.36961757083637975
-0.34495201807048798
-0.76667547365970801
-0.66826002128755602
-0.025531394460798943
-0.40823942509362171
-0.10627535588860902
-0.36907806749283145
-0.20714817737211505
-0.47711109151168218
-0.39589944328280219
-0.33477394704905761
-0.076162723545068894
-0.13868079766907071
-0.071260144569849734
-0.046685869258606662
-0.38268036081188039
-0.36322946651429616
-0.29343024376929217
-0.24403614839239079
-0.59433171765340964
-0.78616007635425089
-0.39694588695397454
-0.26084738595835766
-0.43172095934152216
-0.29798851170591234
-0.4341750546031205
-0.18447243150166881
-0.33526995160234802
-0.29809046346291529
-0.52544650040038399
-0.51982499503393909
-0.45671277472641392
-0.7240172796943537
-0.26448596245634176
-0.58011272448169016
-0.47030617299827193
-0.58863786275083529
-0.49812524543291797
-0.2426143638875336
-0.13050948910564095
-0.39353162287650445
-0.69321890036873135
-0.34277185815343703
-0.22620564619417849
-0.14895290274787801
-0.12035732385682586
-0.34742329070354427
-0.094815952230329056
-0.43878866867956712
-0.29062345912060961
-0.37049291316232513
-0.34668540782979085
-0.37084744408511061
0.045422820429699487
-0.23113531294686099
-0.50582322530943435
-0.24760159847831748
-0.29323779602602446
-0.44668789419780675
-0.20022713654035196
-0.49767712572832484
-0.40980962045026081
-0.23657339739112435
-0.18642593975137128
-0.11891696293449459
-0.24045632680338025
-0.23620338715624112
-0.20122550771655973
-0.15525773847129132
-0.26853889215619497
-0.15493260287289978
-0.024869612644453414
-0.5976142433550532
-0.30412445805695032
-0.12295984419905026
-0.22995151029463007
-0.096570333211512066
-0.23019333257520438
-0.0032820978032567414
-0.22764771941870107
-0.44498936175384984
0.015689639506128585
-0.15588828524549811
-0.39918187430732532
-0.25201182794015026
-0.10565493411325755
-0.19088724562122192
-0.1532217413593735
-0.2393359174458444
-0.32708152913151156
0.063517726461999643
-0.23080634203001704
0.019552690747460712
-0.25575949033091777
-0.13535294043632115
-0.16450452846444519
-0.43346187125913516
-0.14273732276076445
-0.047396328094360687
0.013277359049305137
-0.04340438793550376
0.042521010238679692
-0.25675976220786673
-0.031001869664127598
-0.00088623396649485631
-0.48584597499996091
0.0042051170539888763
-0.3446339451429028
-0.30593503854961968
0.0047241357736606685
-0.18729673069206948
-0.28391437641429007
0.043663297567350913
-0.39557531768674525
0.28887385715105945
0.06035271893203225
-0.16079204606193537
0.0096856203240449114
-0.19801388078289434
0.090675962013105404
-0.079837550632049475
-0.069753569175514701
-0.70517952954431029
0.031334951640015284
0.082075678507248673
-0.33231152239480793
-0.51380871115063287
-0.22384917497392459
-0.45771435172728164
-0.18284075545034559
-0.27958775243415096
-0.46405697699489235
0.13036874891745456
-0.014885763101216627
-0.18427496526356613
0.26401575373267488
-0.16014232911364837
0.078461630607425337
0.068537390673914275
0.02736732748134442
0.045870140939946527
0.17134048508931299
-0.11650509003115443
-0.18470095986618784
-0.085491533468607481
0.24736267894284389
-0.10885338995325121
0.12209827653195623
0.15509816125258361
-0.08018153656843649
-0.0027624963214665506
0.098783101647546265
-0.26201730361649761
-0.17925174032544647
-0.099070926342148646
-0.22651916363622757
-0.31270972073291947
-0.35462043523126024
0.17021384157557953
-0.062066844526984306
0.096021350295830157
0.13538480446145384
-0.13028660182469068
0.29260305586738478
-0.13459300256451978
-0.24272978371372469
-0.04043682871447845
0.29157150781904118
0.095584262719491928
-0.31311001927686932
0.037015944340722265
-0.02322638896218604
0.15046160257294938
-0.22224754269098615
0.13831659012065789
-0.18902359473412969
-0.040421645085095742
-0.21072001583727804
-0.037586278801125216
-0.41139282486856688
-0.43187516014668709
0.27829558241619268
-0.083878437280785312
0.069032901379890113
0.26029777698872641
0.044348522774946393
0.043721900573735407
0.19080855575576211
-0.25612343799323994
-0.28477929652932743
-0.37225635053942696
-0.16110867493147521
0.084572392171847033
-0.36673207941692648
-0.43220756633724799
-0.044366861220770944
-0.043042389022430537
-0.071697614895462822
0.20772682295702422
-0.22758025928756551
-0.19087299365253232
-0.2156990238194621
0.078369311532945782
0.12754101624713529
-0.10117174979254086
0.019926496619738367
0.091296967200282825
0.070825653404307964
0.097846631056335426
0.12660475718758446
-0.47196075633332862
0.053342902889947905
-0.13299017434167812
0.22891775880374798
0.066050380189558944
0.097170226494443429
0.20900301203149504
-0.27807726283176754
-0.02381825460523845
0.37141736007159409
0.03341514756147658
0.028388286376653978
0.238657519737973
-0.22608547893446823
-0.06932126398226271
0.027154350521844811
0.16066753888838167
-0.1039317309607162
-0.090889473054719297
-0.031023502818897437
0.10569593799448766
0.2617612923782231
0.35821217105125647
0.31050533337173708
-0.1270369888218616
-0.085672787103236905
-0.25258148009926462
-0.13599910999456874
0.30961935368622745
0.13177908846167602
0.37313381043747529
-0.18313351094192079
-0.31384115932546092
0.13987636042018856
0.011190189903889761
0.10336743417503688
0.040590258217428253
0.01136045666630609
0.17918862045297695
-0.049480938251843687
0.40509973904611235
0.28357388193947475
0.074475751188598921
0.053604633582286051
0.3442315210649538
-0.086561657652359736
-0.031913649999210106
0.11452753634862001
0.091579702507083832
0.30789809316651906
0.19919101133223804
-0.012409317197901299
0.16910687715521772
0.32336655226157346
0.21979487872570808
0.00055449668955315505
0.45900811383813783
0.074534387149877007
0.16473266470405512
0.33799492068367959
0.3155373657221322
0.3538243357243655
0.26467958647209272
0.17620920903497492
0.21778207828038504
0.32525560991471125
0.18026011532557015
0.1340276874278441
0.33477392316510196
-0.059125841010430544
0.090898551674368236
0.086887376963941679
0.57391143667864886
-0.14912516366577297
0.46854389800257751
0.26955812404297758
0.33440969698189127
0.1757969601542827
0.25547658353354025
0.27041781774747625
0.17994111635022264
-0.0057484700753968904
0.24191427912589356
0.074517512974907135
-0.12613340806498996
-0.087054554484786661
0.17210534985606524
0.36959659316432997
-0.087840616678176289
0.32681839864607032
0.14831530024432554
0.28378969221839861
0.070452963369112456
0.10722057354418774
0.31545468819467748
0.039467357364381901
0.13459030862136728
0.51348965119524925
0.44077453593822385
0.30478843940532974
0.11825709113025593
-0.11768533302169418
0.10502805114759906
0.33921486850436894
0.11904563974001983
0.34106684036089807
-0.042863824563568555
0.22897878247567141
0.44731481178981131
0.49279012148701629
0.22161856600040519
0.24648908901608052
0.40831273407284141
0.41679021681947026
0.41780207074888942
0.045888568811158825
0.48438986879390555
0.16854160242349767
0.26521530771369917
0.062380066109724304
0.13633418806226455
0.24367188614183916
0.27544912872744193
0.58845106409113657
0.31402230479504856
0.34484340592508522
0.50428023445263992
0.20185726835826465
0.12714140153855916
0.047441349997737657
0.1975972465402826
0.4450930439789772
0.18810919068317042
0.38552944567488173
0.34451528527878589
0.48117068556840181
0.17036176342781789
0.16762318503528839
0.1503197996792186
0.0062395433160720706
0.31352449426924428
0.17961457768945457
0.38363529959137621
-0.16848657971843589
0.67276826385947874
0.72418873448841703
0.2251417104395442
0.44700454117420796
0.36132737749764066
0.28006165610307082
0.3069218118230238
0.52487999190054435
0.28172614584616895
0.40916734521759823
-0.057046601656493071
0.11517297448751328
0.46659362563542517
0.36371807184702065
0.27552846594635066
0.38745267083928531
0.67373172295017691
0.40690024845272427
0.70572800133310232
0.21462116972393888
0.31985627906451614
0.49671613213986043
0.74660586726582601
0.26879019878494531
0.40734452658771969
0.34549337756679188
0.33371715203244967
0.30822392155891615
0.58622269607598654
0.13478178645047603
0.62933125193189554
0.46949587760513745
0.39634781669009961
0.57564395373699184
0.26841907235750945
0.26280524853117004
0.45221184632160416
0.54835029009882652
0.31115632061747844
0.52040535547493449
0.32706593327548378
0.5507312160630049
0.46156802502128974
0.58157435475158614
0.31638664574118947
0.57918113855940978
0.28923412825372441
0.24289508169923529
0.39659364020345833
0.16449537737013398
0.7549313503291627
0.36563581320257516
0.13278146675369717
0.65176018916724932
0.42422082109079351
0.28399014756359142
0.31248368129533277
0.569986777861337
0.50698127309475438
0.41397918365710062
0.641146662397719
0.60424541945481558
0.58288434869929129
0.46924241840140679
0.085513483224029657
0.31661385694529742
0.70390862029206869
0.29195892962656966
0.32588422072889117
0.46770628355195815
0.26708261792802929
0.41785082613199587
0.61706707472803468
0.22429680220568318
0.56459147256025433
0.60821556142401978
0.56704793507415674
0.53035749104258745
0.52022105122736828
0.28419019147911329
0.50386199663630615
0.62576860654723276
0.33102412081279126
0.40107167372838071
0.72846343663422553
0.48151969912257842
0.63779691127914606
0.6129631646671172
0.78787331957501672
0.76618202526761181
0.54831562269721301
0.28945012486932792
0.70213520265286189
0.37027848654493534
0.3566943475809824
0.62002169111653715
0.23013178699065298
0.39247639624931957
0.23470473206504325
0.41982391107214051
0.44091600112747686
0.47999409875899829
0.41188698497300619
0.70134264896725196
0.42969062465665991
0.43727753916670076
0.39417171459720718
0.1574641717232127
0.4328693276973623
0.79710404756042941
0.75607518769763082
0.52602408251921273
0.50620694313703407
0.84207309286804255
0.87888477796926845
0.35083163011256091
0.4870607469184654
0.68853108023907283
0.30644997038959992
0.41998385456729548
1.0185379836708919
0.7332083925132068
0.7898536190144364
0.64136058875779911
0.40021794696671592
0.5786191678683249
0.46807662206948319
0.75544384331023529
0.76135757394259373
0.33080594408105307
0.67757842063072027
0.35843243510646156
0.40153032722273768
0.4979384974696458
1.0325255828441582
0.79400770682689237
0.25734806060561816
0.93026208027379831
0.84314067902184253
0.70783343270004206
0.53534853452177222
0.48308958612640673
0.65600783848782696
0.68838746807580931
0.46145959289420585
0.28500528929736285
0.45957807480296176
0.8610279294027896
0.65833908107796213
0.8120717231805421
0.75068808811324983
0.61221652526648873
0.39132929460056343
0.90036715221586727
0.26644568915174965
0.58880987028191067
0.51565421956464119
0.6127325659997519
0.80581098651995042
0.6244997680551152
0.83452459863006367
0.80676679078665892
1.0513511153244044
0.76087669683979353
0.62715846682546883
0.24265117395422353
0.81601598683608445
0.75189108653831915
0.66518900513105927
0.64928422736360636
0.53121869712660674
0.78547232254843624
0.67725238252164777
0.86615350189071705
0.97450978813314115
0.59160402461403672
0.64698982796781779
0.7013211513087112
0.65280889398757047
0.73845524150339381
0.64919071544919615
0.65782006974899421
0.63093897882259331
0.66383932093766573
0.67380671242029067
0.54527811504193158
0.67357416612226206
0.77981876616874579
0.6368708506781019
0.54389617692252479
0.81039257881015592
0.81456766349565957
1.0405917238984423
0.60165698333483741
0.41443149636912596
0.50117053423606894
0.59068602168509909
0.61174613485434348
0.71949358302932021
0.16662515165204797
0.84740877800568137
0.59271410099710931
0.76137961534363385
0.57691991205145587
0.97933703706162811
0.804776702178157
0.55048646163160186
0.50128268296951228
0.61960367159487217
0.64596050652364279
0.71961223500189042
0.56885523298789609
0.4948027413588143
0.8887507295545749
0.99001690380554164
0.8388889298369997
0.91103972416447154
0.5445285620788225
0.8800916804237765
0.78764282645819828
0.86019234485678653
0.74017896153164209
0.84918175424864339
0.84330043350693562
0.97674444680956118
0.66062040612147588
0.90108109321610774
0.71792822726833327
0.99111285839618224
0.40096402455736307
0.7135982335131168
0.45003145825106761
0.51606030771190403
0.82943593426178264
0.79909473429750921
1.0035443051022082
0.91069187028305476
1.0550785816258252
0.91989523186892408
0.60410615326368755
0.6409627264344897
0.63675649875559792
1.0897941054382105
0.96325077753256794
1.0390187530735426
0.45297645807281012
0.94527686628115382
0.92741182218627416
0.81436499977986276
1.0615410656304096
0.93878117094035829
0.68843886162940304
0.69504117326075687
0.89591760269301401
1.2136435382174069
0.68557027995900455
0.70393916057698314
0.75580027024081453
0.82153066767804472
0.67230337165714682
0.66155343291592095
0.88195122320724872
0.43235656119738486
0.71011619730899345
0.63265224641542728
0.96579971990254909
0.81972281739057984
0.83263870277206176
0.80231858655341559
0.47902453124738331
0.82750774108577163
0.97863720186679548
1.012176433238827
1.1601925495999743
0.81924892790898474
1.1364607814772922
0.95769707434705498
0.48969500392568471
0.98206164060525281
1.0245371168550836
1.0471810618471342
0.72770865957920094
0.91285073626333246
0.95323175596871335
0.77436227211796815
0.75668091378804558
0.65430522154797499
0.80032272166524632
1.2619894321809235
0.8049377945943732
0.77211581491884906
0.73326445032017873
0.95675128213353444
0.50509103772282316
0.96744326236125533
1.4022398739852799
0.98823367514220639
0.93046514319691598
1.17664868770612
0.91525027183989172
0.72062774871011015
0.62998528111739271
0.98483886201037041
1.1523757557241181
1.279980866159945
0.77799114433053718
0.72462795376216615
0.71561218755784184
1.0060809937891766
0.69001565762904093
0.88713159157886745
0.76760110688937355
0.6472054754633022
0.85204918804390495
0.90439264805259179
0.93501782091656338
0.94378523713570461
1.0003328407729963
0.97483168459382863
0.79042521636430751
1.0983393480144459
0.82364575880143387
1.2399594150459228
0.74590903808904441
1.1073059853869449
0.66593590794089641
0.97662518256038844
0.96769563742546749
0.67453849391519749
1.0545475835357803
0.83305471763504468
0.87531475786602875
1.0838629511830924
0.85443917779301093
1.2399362626006905
0.89558180086808969
0.63461754244332202
