-0.8890179992804127
-0.998204697999582
-0.81910076434993817
-1.2555640520119973
-1.1756227747048271
-1.2339510520223793
-0.92319988079670279
-0.77558501268481184
-1.1858755421113063
-1.1454570861909426
-0.99731416772604997
-0.83386515436900599
-0.93809949297774353
-0.98419924270710368
-1.1302624805038299
-1.178006547411369
-1.1472336413958344
-1.0665263035497921
-1.0218540947077996
-0.98969784085512558
-0.80281346147501831
-0.78555060132691457
-0.71272403805038098
-0.8522735648388905
-1.1258239836171828
-1.0240062629712661
-0.82732250759157822
-0.92300595711859967
-0.87051670270615233
-0.5958969935503613
-0.88711646595549054
-0.95441646445839023
-0.81645747155296633
-0.99946541142798262
-0.69895340651847626
-0.83144028491367639
-0.65322090930415377
-0.94096126519306789
-0.8535142474360593
-0.91558899125776327
-0.84041597869241391
-0.77906326973032913
-0.76558007666045935
-1.000882683640113
-0.59819645628882856
-0.93121814181897311
-0.61241812412275354
-0.93673607812602255
-0.83398149396365984
-1.0971439450185172
-0.66120097334094896
-0.83441217297793013
-0.96424205151481113
-0.60342667075455869
-0.97951692395072976
-0.78350091011887191
-1.0659396504074647
-1.0261543000075928
-0.74262033923644433
-0.9388917111666587
-0.70666701710802693
-0.66374800766681863
-0.78711881401912887
-1.1542339300251965
-1.0125994840637782
-0.77052790092906287
-0.77812341151347197
-0.67818945229996941
-0.78895993665598763
-0.7961796003800562
-0.73078042303392776
-0.6528336936587652
-0.89219066843593564
-0.61792177085878441
-0.66338783923299949
-0.88210148403124178
-0.84891002011253935
-0.80846384192734977
-0.88339952794627241
-1.25055137456647
-0.64520396687493331
-0.52914662303647941
-1.1493205822867587
-0.80782399827741602
-0.90202718570819318
-0.57504080170558536
-0.65448076531020005
-0.74860580641140839
-0.72656889791905022
-0.55126580069737485
-0.60125357904905152
-0.82728204833380781
-0.96796331288385296
-0.54112919022389572
-1.0708102756936231
-0.90327737482684978
-0.75178562883730915
-0.93068306009237434
-1.0447191510065101
-0.75660585380557399
-0.86235597681585752
-0.80146357212113184
-0.49206521249614893
-0.92370302901467471
-0.7665698773450581
-0.68200759441484593
-1.037712030656238
-0.77236936332912542
-0.5439071181109506
-0.59536560133998939
-1.0389291751523304
-0.78486297646464986
-0.81853125106816038
-0.69993817501110556
-0.67217589925076993
-0.56510244374541918
-0.82623564655237181
-0.89349338602831552
-0.85433729300338113
-0.9856532759070753
-0.93268944328126313
-1.1859639185336182
-0.44613123388735226
-0.8974450424949556
-0.4048494750858106
-0.57529779957762417
-0.84694514079032812
-0.48809094864946034
-0.8486325934751684
-0.65104942743334937
-0.80764928885824849
-0.35818370113905784
-0.6119412351346093
-0.53354949317331768
-1.0823511548101925
-1.0355002824529236
-0.67027964534413076
-0.91588860289293916
-0.96449457222122392
-0.70215267628481581
-0.91751494752210083
-0.85567385588925626
-0.87971830408019247
-0.42704264698641609
-0.87247763194500572
-0.60120327914789817
-0.70870044231368923
-0.77609475416459239
-0.79337536249406804
-0.75000292461363549
-0.97616554413580836
-0.51063321218698421
-0.7407354861271499
-0.63506960199421114
-0.93676167940149779
-0.31767145263904734
-0.7038383476393234
-0.74171382016768539
-0.6776427287843857
-0.38780857162729476
-0.42551240911034272
-0.51266316411614221
-0.6997663374486448
-0.67516924343740292
-0.6853094079866755
-0.65937215601056143
-0.58562864268810089
-0.61409066884870533
-0.71273106282854559
-0.52875420970848452
-0.43134114674092805
-0.48220959654812112
-0.73464783484762508
-0.74732212308285195
-0.88575832831198653
-0.26875555766635267
-0.99923412574050841
-0.86887427171057774
-0.41831363634864732
-0.69085491137740052
-0.56975688511011746
-0.80620846762477494
-0.69302876117503143
-0.81831969033194252
-0.89866580836164422
-0.7026962147071153
-0.51371853486449581
-0.33947078044054257
-0.68117565972085159
-0.80884005222577537
-0.31074976344325572
-0.50481013680822429
-0.58785076620238341
-0.36697565035074986
-0.67060153789387322
-0.52489216096430624
-0.59412652372377261
-0.67450788609302947
-0.89908589704399366
-0.46035519932873609
-0.53957338156875156
-0.58433004307162928
-0.41550889561644683
-0.45963872639537134
-0.37900390223771169
-0.54203842339081787
-0.81647269169204906
-0.4225112003562817
-1.0180138434149744
-0.53958387981211964
-0.65554025424718176
-0.42699687685415083
-0.55063645842292197
-0.57963073457816849
-0.6624415415157161
-0.69321912158936916
-0.43072877866202325
-0.88888919028612901
-0.7450686546615195
-0.18624974326593938
-0.52778564401206018
-0.82151405222586493
-0.47903461375947631
-0.8580285430831025
-0.51632751675709465
-0.83583797301830465
-0.92039030182638681
-0.42456331338809583
-1.002899835002002
-0.34706709134141939
-0.52921092829117244
-0.69224418761969642
-0.2270120562295655
-0.55495479236134004
-0.88480516286292565
-0.86985175376918555
-0.58352395480326125
-0.5908135692077956
-0.41179224219889482
-0.35182276641198601
-0.6152647045874361
-0.515498936272905
-0.40224554653000638
-0.52206596289819329
-0.55740116602402201
-0.25896989701478385
-0.67183463024390699
-0.19136626328148007
-0.50355159270341165
-0.10391232780955055
-0.20486521944632163
-0.38708165910523024
-0.73012422984484693
-0.88431976042148364
-0.72399120973770326
-0.2392819621642934
-0.59271480114321873
-0.56090823767953979
-0.27948527833301412
-0.43289645255484166
-0.75617223950880386
-0.51917163166534319
-0.49093249242221415
-0.28929951578535379
-0.80625356925342972
-0.32437919322825415
-0.46726168656494638
-0.48210769857146196
-0.40747936123450496
-0.47072994119002154
-0.44282603766892514
-0.35964361987851334
-0.21859334074052064
-0.50668727958669213
-0.24698687826445709
-0.23145721554918736
-0.62116997792366724
-0.39287283741420731
-0.45701491208711986
-0.63993713976892586
-0.62104977135893114
-0.58003277147903565
-0.079109203141836351
-0.28072069182623788
-0.52929842386589021
-0.58276975440610079
-0.11581042921186643
-0.48065337922457918
-0.52744647299091763
-0.2946575382008173
-0.61209131353645208
-0.39139869983796494
-0.16282791816632505
-0.33306207445406399
-0.50172549112386766
-0.34669974309640766
-0.56808735961600421
-0.29358172197468207
-0.25953908933573477
-0.68009349534524199
-0.53256750796371244
-0.04822614859573842
-0.52514139813571448
-0.07797933836990821
-0.48980468551974132
-0.5481177388905033
-0.23947950604054216
-0.54223131506347499
-0.37254219024784879
-0.21875359809702669
-0.14826964188993239
-0.38116414260980791
-0.62155104685396911
-0.66716962754377296
-0.44650234232256653
-0.025694362751110936
-0.077556834663090365
-0.12055520234364436
-0.62783010597250033
-0.43187027447774423
-0.68989918159801211
-0.18879013137681566
-0.59367783759715553
-0.17914557298407205
-0.2229346645362883
-0.36809928924802232
-0.48624354014248933
-0.47438031172389228
-0.052816634425583264
-0.39295203524514188
-0.31920165999541716
-0.39308712625266401
-0.22147470414708104
-0.39553879152723082
-0.30686265414241393
-0.65675446270555715
-0.38685073829180672
-0.012816971030503131
-0.17753006221106543
-0.45625963543922493
-0.074087154072291578
-0.26017258858493481
0.039788385313325202
-0.07281107569993911
-0.34019133721607775
-0.59781666916089637
-0.31772906327392014
-0.11078485662009502
-0.45016904601733609
-0.24437008458803941
-0.5308261654207711
-0.3820986207230298
-0.5929742204238827
-0.42974585038627983
-0.010875757925342134
-0.29519668204592148
-0.28544219004419935
-0.19695078299277524
-0.36922823900528307
-0.22023805749471437
-0.19838200225429492
-0.069805609672001945
-0.49876560453267188
-0.53781596252264485
-0.19098158242460678
-0.32463692644158165
-0.46673560475590065
-0.58351550132682062
-0.074144007725355787
-0.26043954485866427
-0.12840386220086944
-0.40765116659186051
-0.2074861657402208
-0.16785510633402492
-0.26809690239166362
-0.26490992680212749
-0.34218382323902347
-0.0710392673435533
-0.53816119404319462
-0.43089477832681794
-0.32661147501159582
-0.39772116777952404
-0.48511192975341816
-0.32589044120313715
-0.36818722506462137
-0.25416178861673994
-0.32022578440763072
-0.1974942865222859
-0.53901566935973622
-0.45900791094900001
0.18443834418191082
-0.065659293510982653
0.038437192156609359
-0.34834081619973806
-0.0063924132958696747
-0.19406784524972237
-0.24079838559067407
-0.12988813034735153
-0.25563883604488929
-0.37465794783479689
-0.16085819099377502
-0.15899265641060129
-0.057115728653086222
-0.34057129693984139
-0.24246115296124526
0.18932313610859625
-0.3240117393516318
-0.071697244082593967
-0.43280721306335224
0.1357822439286186
-0.14155174639424967
-0.40654731366995395
-0.084440321258842668
-0.005534851760649398
-0.021090357384448633
-0.11446184723177392
-0.19476445986792051
-0.1325239643888847
-0.2834342936779119
-0.15927166210451657
-0.28976015415453782
0.20227451055380138
-0.18072002964379744
-0.13741331917373387
-0.027091085337224752
0.21117485400530372
-0.051915620587322901
-0.30602968556911303
-0.20214793053326277
0.035679429036117961
-0.38225288983507372
-0.60757601460021005
-0.11841789510558901
0.15475289519873869
-0.507479223498018
-0.25402604097545584
-0.24124647430102625
-0.088898037589895965
-0.32627574798928399
-0.29580557177860672
-0.30667549951250267
-0.29527583455480705
-0.25465763089996213
0.00051982766784690077
0.097781063202616564
-0.33952761365907852
-0.044967373735791988
-0.25478486741507217
0.018613431428539957
-0.26605781417243513
-0.23970397170467037
-0.20349716038488366
-0.28574215631185113
0.44812011365272753
-0.16702119527025755
-0.30997681314944142
-0.0093393007353819585
-0.20130806544145263
0.13500453604526455
0.010064645496416422
-0.025768256776812208
-0.13669543008546758
-0.074176557507686799
0.071113403189753552
-0.21027868902811067
-0.020743184668709853
-0.25410160956055922
0.23569865427477574
-0.069476804166374653
-0.19035535244350796
-0.10197634167227769
0.033313964696519552
-0.039116827947649112
0.038148966801476482
-0.24129543890504718
-0.26459919513838531
-0.29591570373693643
-0.56504059413738794
0.1384616941851326
-0.070455046305723704
-0.15866273452599614
-0.082720327657630877
-0.1703566751827931
-0.07738007350617862
-0.14918445228991881
-0.14704008856119927
0.10230203963540931
0.013680696315646196
-0.33847636995488634
-0.54495013983642304
-0.017809786153232057
-0.28218224508121975
-0.24404086172786016
-0.02430608374898267
-0.037036579940017821
0.092629915128718626
-0.064710268979039268
-0.37997641333464671
0.10891688549062067
-0.39310906913411747
0.19506635991493826
-0.30781830459476983
-0.075215497731500838
-0.17514768297354993
-0.27510198640100414
0.13901822803345212
0.071415202446906065
0.032355110565397922
0.17303687773798301
0.085213896959293781
-0.089525232216852685
0.12948323236417666
0.19569655387448123
0.047952994379798497
-0.17307610197752038
0.16270415592976109
0.29283234086063265
0.32946677101086957
-0.0083917389574732822
0.014156948052378266
-0.12594731969295389
0.24684205296337555
-0.0045660427006162293
0.13762195544729011
-0.12886113864250689
-0.051209017512411817
0.2437405732939347
0.47871029393545783
-0.13031402611661752
-0.020165327317320358
-0.050995320762110614
0.27942400320766858
0.22130005073375325
0.10559246350882102
-0.002633091300897835
0.14470290900955668
-0.072045163710644636
0.091999133892163007
0.014622887327640824
-0.070259556186060876
0.028181699066699373
0.32296107369588484
0.057868453843619973
0.15632168895342999
0.16900675982730221
-0.044858716708389063
0.32150821820363729
0.047781806789258668
0.208141849646623
0.10595611895126184
-0.022900600556088713
0.13841285124184755
0.42487422548554882
0.038185635035510944
0.19986420629252963
-0.10194196322009602
0.055721546719141854
0.14198656832092302
-0.031957590767132442
0.12632003659829127
0.26613002461738583
0.081869394351199234
0.077128688459487033
-0.016215018340010972
0.46742538428781866
0.099196583926115314
0.14540595337504519
0.3816843759098944
0.055914522839133819
0.22416849048921889
0.28302329242577062
0.28728844479193966
0.16714890669832447
0.084567603520478637
0.32183164337274939
0.040009180631771425
0.14553263099567143
0.098361617892527758
0.25630269630743235
0.24319209838841305
0.11624895156713143
0.14559449522960952
-0.024381901805191383
0.063110053624686607
0.36694659806951507
0.39726399019382658
0.064039925710107221
0.035708334132217037
0.47063165995047318
0.3557269708453813
0.50495688581284159
0.47701579248745335
0.22226976274170931
0.38509610156396928
0.06850228209220513
0.28272781212362624
0.17902439440960208
0.31425959561040923
0.051057008005698144
0.095501114361594211
0.27356051526871766
0.13535710292456998
0.16884195717305892
0.18046724880175341
-0.0095635683459401651
0.29847771826129949
0.16024575120150622
0.63865699039952539
0.22828839017704375
0.29767645609493087
0.35041911635833628
-0.059926650426194675
0.042619553133930684
0.1894343602989943
0.13711057532301651
0.32815667225568118
0.41566401289743887
0.32507002115783679
-0.0061565272208474959
0.12519910211945273
-0.070076094431885699
0.2167499550752521
0.10246902809861952
0.18418161438391131
0.076413432984983376
0.24486587914826066
0.03523543944874627
0.69400113102819261
0.62440480657146202
0.11023822682477809
0.073692582325259562
0.36442928721004625
0.21495043026248981
0.29984168988433968
0.58286441601386685
0.40769997093968169
0.29210304566472878
0.21915527304437279
0.50362734455407288
0.39652391574115553
0.39862255371441363
0.42344201566812223
0.69998921132477254
0.48042833979267835
-0.13166757564115841
0.10689586727260648
0.28403753406147364
0.056105880852844021
-0.054646271026551466
0.16077107402568469
0.50008838507045006
0.29766269046328314
-0.090291705404822384
0.25073105939847939
0.30360530157722504
0.079858950977289872
0.33794185734356569
0.28867169206052568
0.31127095196102544
0.28589697809524051
0.46362571870093483
0.36468159874403588
0.33726863990982103
0.2873151048036397
0.34227316927180257
0.56144601006691419
0.1011182941385517
0.081236478155217423
0.20554281064829585
0.56571643052068132
0.4853151666435061
0.44809635940345738
-0.14927190774785321
0.30566471504925841
0.55160882396584587
0.22222327642859971
0.3216369943995494
0.5010563090101211
0.32959729757130324
0.44168537716527628
0.50838019398041845
0.4302733482593869
0.42110593518351397
0.2344238771866233
0.40956611969021856
0.47560636698308989
0.23944777838590375
0.0085149418070825066
0.25284829722868402
0.084664723342337281
0.58121758314516792
0.55769122359017498
0.029827290932673979
0.20158627605544663
0.43034978004875651
0.43865184984998107
0.40468154598722528
0.59080317845290486
0.28809979285110499
0.22954783767714967
0.37758682960137335
0.10579539329375499
0.77693085603135448
0.11986071443788175
0.558020141194428
0.36659067374790116
0.13623763227778357
0.2849108483792035
0.10595852917630842
0.50082076966654809
0.41946787719158213
0.36489439661334583
0.41744722577246629
0.35829752031123036
0.46503372590539516
0.22312704722498805
0.38993743670589742
0.21510920788068871
0.13869749852094704
0.052755457663166187
0.48200404055573648
0.63424809704780383
0.52718703549689216
0.48727089207957303
0.39567199465904535
0.23672844245026278
0.41650405445414851
0.34579330280664156
0.27537435321625597
0.36807854649431226
0.71952840599092127
0.54317157790030224
0.66235934867196955
0.34920256508178366
0.56671414604440395
0.49678178278312546
0.47935964994812302
0.57845836706868525
0.23673114845624921
0.81192721356977893
0.40503249992151691
0.57709184804537061
0.66942866488154407
0.37941876906723659
0.69530375090591401
0.62813010418610349
0.6472346077333585
0.65750742408743401
0.3554209075653002
0.31908061040574059
0.57387137272825428
0.56762156699867061
0.69242978627768814
0.57299005536406877
0.073736847921733795
0.76010448393703445
0.65856008781413999
0.88808175347700513
0.50279656925022365
0.25958339924077251
0.63544083612656599
0.52036284370498898
0.56690376021380495
0.84738128029185977
0.87795238112192298
0.38308274391835806
0.2797591593307262
0.34941388504716114
0.17815529355634807
0.29811137789613046
0.49460994554240734
0.67089070347094515
0.23087402108499949
0.73884633140396494
0.40565516221762565
0.51661996066575877
0.93438315084208523
0.70240419291845924
0.66808872753719417
0.22288048395507104
0.63826347101878689
0.46622495701669242
0.41118180062403187
0.64193301170690498
0.10267684654626348
0.62995779969285082
0.54590234337138688
0.37624481530840165
0.5337191871695961
0.10211375813029495
0.52815265141849221
0.66844486025808103
0.37899339490231576
0.56428092080960401
0.77142608639562493
0.3067641294494482
0.39894157735176333
0.50901723567085522
0.53789322860410316
0.53605236159527991
0.34336598564666504
0.77117499846393645
0.74261249572601395
0.31753460275224876
0.52301231245434054
0.66304693843838058
0.72267716502440127
0.66050755907861725
0.97436502086247367
0.80950183248609575
1.0829753565674418
0.28747625395750842
0.61755287010312565
0.73583749413280719
0.95198082324822719
1.0176403116881008
0.55353863559965344
0.35930662698463772
1.0772448022289594
0.51883097286602797
0.50593629186436151
0.6302666170654655
0.55862617389085412
1.1395795670124553
0.66633613624198618
0.85752516173177895
0.55005140663528962
0.93745014758569523
0.63255511761276539
0.64403092887231428
0.62415454215775001
0.68404567218226275
0.64043642943718782
0.37573992609988233
0.60520052342057562
0.79725057454563208
0.53399936765822664
0.37585669084493539
0.73820357382710311
0.49784112133942815
0.61229899563642898
0.61172570919202396
0.54458868398843108
0.48426697578732009
0.56068635238117714
0.37377445545770166
0.77550210344979864
0.69417117442592524
0.55729767872803704
0.79845489112320689
0.9388287808764425
0.55003079031805602
0.68718243581837835
0.3487562353918206
0.67734810508330023
0.77924029565390462
0.74115706752353783
0.86223668245520713
0.87412995737623933
0.56679196829844292
0.76297595551652775
0.71827132351168166
0.77498419284488329
0.7778572676324772
0.73008280363867939
0.69906443008829711
0.65397469749797221
0.87625228231840879
1.0079101950621758
0.69301803852595356
0.65069089848209927
0.58368798022108781
1.0437828279413828
0.6885689411814806
0.72629581975824697
0.81880123275480909
0.93463161013697593
0.79381819802196674
0.92484495644085174
0.53882853462975222
0.52229307609291242
0.72757557586921917
0.91000653856545366
0.90120233899026336
0.64412124575293728
0.86666707495404771
0.61150719689025368
0.7837597223217323
0.81600578003511182
1.1907954184138174
0.6533578084361098
0.81893923754460518
0.67229462498386017
1.0134399215156544
0.35069684360122905
0.9252844694992739
0.99403281710488067
1.2668915912290479
0.77078372611747614
0.95307420845498958
0.67777019038909725
0.86869420073029069
0.92620068738193739
0.66617602063230441
0.81423768183282608
0.90535050177727583
0.72679365629874171
0.60856346591285493
0.61078770021777062
1.0485896035889832
0.83805752025920099
0.69144949585311788
1.0091160728904651
0.67291496606310175
0.82178179170119781
1.0136188801560977
0.9087333261993521
0.99359019016744154
1.0705876945436041
0.83336950084068817
0.76463085302413925
0.65790463234110708
0.73530826779862646
0.5137055276247432
1.1853185661924659
0.61819149717579291
0.90693534181031166
1.116490040617637
0.80916347107616204
0.61722820242758281
0.69119578154601313
1.1164615197263918
0.75195056222812051
0.92979573880514932
0.9126311097963451
0.51809980287611934
0.64627856771397041
0.90247948896953378
0.81261802733084731
1.1068973457502151
0.88411831762070947
0.78058826565644135
0.78766330966546283
0.63741863354109884
0.76383569503612636
0.86247632609170832
0.75589523782959023
0.70474021471316661
0.99523301498164018
0.72595446226660909
1.0035100185365158
0.80573820502398708
0.73676633204888742
0.86649309150000298
0.8169148147994767
1.0712834127818787
0.7945039516439304
0.92278103004849221
0.94786304534774568
0.77340649456424659
0.94040980027233545
0.85145416631477588
0.95484777112084207
1.0506889968810187
0.40273216357935254
0.87147903634529633
0.79949902460077737
0.81442572419790127
0.90192341056707515
1.1086604539162082
1.1344361675519981
0.91004069809295829
0.6938904752261178
0.80058705311399858
1.0019868513613177
0.77872356676391918
0.90268699882507053
1.1350327994570313
0.95331173700915883
1.2719254331208898
1.1223258337775743
0.70853082674397105
0.61745680386094581
1.1062485833838771
0.83805751719109978
0.76548143231971955
0.4066036214660832
0.84020134672255253
0.89599345532408525
1.2359589173639496
0.8125492471147443
1.1298672956618712
0.99079423127507515
1.1379449978793532
1.0789358352036356
0.96161742529895444
0.84921369968712845
1.2333838228918634
0.89426779341285412
1.0447631812546805
