-0.89566149894531544
-0.99592897797019764
-0.8341420057000889
-1.2583246903118335
-1.1867910707647198
-1.2297645845045715
-0.9131710030074881
-0.78310602513555339
-1.1812646316134583
-1.1457033474001916
-1.0084295082604089
-0.82854769391807004
-0.95415542101046114
-0.97931712482691291
-1.1380968551830786
-1.1638748546709805
-1.137810246240796
-1.0585219088278062
-1.0117718753556368
-0.96221905856860823
-0.79663927018857439
-0.79993150344370134
-0.69054262182463133
-0.85568895928957156
-1.1348168043110758
-1.023727207834803
-0.8382794743005666
-0.92704370936780067
-0.89026050327437456
-0.61820084464536429
-0.88263802455730223
-0.94832916195293526
-0.80807766728954544
-0.97607783534980952
-0.69961601593403167
-0.84809457730391924
-0.64840483578531649
-0.93522780511799941
-0.84025728666720745
-0.89576636482599326
-0.82340403207316715
-0.7799061404232408
-0.77924532283603665
-1.0004754484556546
-0.61238077834823224
-0.92770266804789991
-0.6243360517960983
-0.92297199060435653
-0.82092489227385901
-1.0857764822600551
-0.64987890439601903
-0.83712613172359485
-0.96902142112799872
-0.62261417065369062
-0.99261033916140073
-0.78824376418495934
-1.0583644745206087
-1.0485021748171928
-0.73822970055320458
-0.93942082516718584
-0.67414589863683294
-0.65237622767345049
-0.79521474257362224
-1.1646968232679635
-1.0135647794865721
-0.75578624879104417
-0.76327891043904039
-0.6782406205463426
-0.8150624205071989
-0.7978632321602519
-0.73479974898219824
-0.63169730569154914
-0.9066668579252124
-0.63416584386514219
-0.67208704602970115
-0.89525661596534944
-0.82877688052028442
-0.81630632313027307
-0.87771669533264185
-1.2616529437081858
-0.6565911323705913
-0.50634372829816043
-1.1686640841799536
-0.81447062628820088
-0.88239379455091582
-0.59380012972331042
-0.66424973843883683
-0.74615510809642871
-0.74269518768531662
-0.55975964219620045
-0.62505139114348685
-0.82949293814241654
-0.94961607918628943
-0.53287212139100038
-1.0833481977170216
-0.90086130923892549
-0.73750505602684469
-0.9506369760225889
-1.0643997442970736
-0.76066761280635364
-0.84181987213729137
-0.81056611032256576
-0.48533042430205059
-0.93496872096014427
-0.7615434380072521
-0.68952620770296302
-1.0340475851402804
-0.77422942559265817
-0.55406735901511717
-0.59697741105803326
-1.0575225253509273
-0.77511326917278522
-0.83301003957395969
-0.7058170306635837
-0.67049873931650772
-0.57489013102981967
-0.83956272627866158
-0.87986272539924948
-0.86129639475413999
-0.99728151342697424
-0.95126622709137043
-1.1848926554914654
-0.45342391731711379
-0.89337045377613788
-0.41244575106569653
-0.56498874791468445
-0.82419586394261246
-0.47827709546394853
-0.84477177001394876
-0.65995503965203861
-0.79524974468768106
-0.35816318286511173
-0.6033088655129285
-0.51769003403234581
-1.0738642162929957
-1.0327465566456038
-0.66611791046203506
-0.88974444444247891
-0.95075247848782718
-0.69020429913868042
-0.91711195406724066
-0.83591066137317138
-0.876391578776756
-0.41744319277907199
-0.85133724436608038
-0.59717813803780584
-0.71930191758386919
-0.78554110136930277
-0.77918389222735973
-0.73183784188654655
-0.97899110862870176
-0.53449256528098144
-0.73993382064364965
-0.63944552150608502
-0.92941534477755205
-0.32540305386071261
-0.71151919574611988
-0.73636766729363379
-0.66286836987695985
-0.38976544937358054
-0.46713024084691912
-0.52352610560904855
-0.71840852506249697
-0.66940515433474368
-0.68612103571239991
-0.635663655683672
-0.57453311692235087
-0.61187205084162777
-0.70371079527927383
-0.53714701994844971
-0.43273080021502569
-0.49062229880731562
-0.72013171736375003
-0.7594938403759256
-0.88026128454834585
-0.28966991665892805
-0.98948863832398748
-0.87966401456484733
-0.43047653706577194
-0.6976644651205296
-0.56969073479928112
-0.80441818012741895
-0.66984756510920818
-0.80793583773980771
-0.90339084009138704
-0.69378330212728423
-0.50462877601145029
-0.33401554617414753
-0.64811828630382329
-0.78684813100047268
-0.2928656799746614
-0.49668317013162583
-0.57827179752341173
-0.35804626496387254
-0.66882285012745224
-0.53250259945384359
-0.60155299232616666
-0.67257797264084207
-0.90751203428009697
-0.47565731210140205
-0.54328294756483064
-0.60146628816025982
-0.41653311597284853
-0.43535927681153247
-0.39086232676846289
-0.55342785296829167
-0.82333020153016734
-0.43227127942560822
-0.99097966514355507
-0.55780153244485831
-0.64096763647784138
-0.40166092658291963
-0.53650591514619073
-0.577223990618702
-0.65227423273133256
-0.71347004825746929
-0.42013515216472286
-0.86136431259789203
-0.73779590418057051
-0.18410874663932605
-0.53758323593364421
-0.83785078192190754
-0.48170689667810229
-0.83470496403522754
-0.51656720302735137
-0.81224884906874917
-0.92770393901045023
-0.43656258258951514
-1.0026801771662823
-0.34842546647618011
-0.52195398624832545
-0.72928413567235084
-0.23199213730961826
-0.55439299578130496
-0.88442942068149744
-0.88608759106463164
-0.5605151197836834
-0.59481736571597066
-0.38266059842939487
-0.36148362485104085
-0.60824497623130924
-0.48576284398614028
-0.41076024519407728
-0.55496725843049821
-0.55849945682407465
-0.23068940706219276
-0.66988275585615376
-0.21458986601937835
-0.48340840608562624
-0.099917716584762936
-0.21083982383833544
-0.38363517448769119
-0.75305983193162729
-0.88436371821674031
-0.72196288434040878
-0.24739685692378466
-0.58472056688912344
-0.58584359534498209
-0.28273450456783084
-0.40809505188452444
-0.75260782921637936
-0.52387059223432886
-0.50058644623368109
-0.26851202045533384
-0.81481323330708666
-0.34681068425205225
-0.47302668689831501
-0.49099698609248948
-0.41673465555250244
-0.46219245709126433
-0.45293203102705049
-0.35665236496177588
-0.23371087414625502
-0.50571591239284852
-0.26467066968967162
-0.23854855783562667
-0.62421647664961544
-0.39938444772262588
-0.46582679742393229
-0.64995088267039669
-0.64134438806570337
-0.58264707686497852
-0.07871756154764703
-0.26765067965818701
-0.5169060113749695
-0.58629869868558682
-0.10604547661178973
-0.47584913914723498
-0.5162090555409139
-0.28408141268233533
-0.60106432842489566
-0.3912822063999517
-0.14920997262594043
-0.34521917572928262
-0.52122304609855841
-0.37691295459504515
-0.58159605918704871
-0.30446139191338473
-0.2571879931798558
-0.66997796559098866
-0.53370323968001521
-0.050876155303586405
-0.51054803568650187
-0.081698896959689349
-0.4784919080828956
-0.57359329893168653
-0.2223361880831359
-0.5320013313955565
-0.38206586694440547
-0.21661874337689213
-0.14258808915780166
-0.40181434330264609
-0.64558886345941202
-0.65203472623389658
-0.43702347138015091
-0.032284982318236288
-0.08328528832955058
-0.10946246894658283
-0.62172197324655476
-0.4320209486074455
-0.6989528953901587
-0.17753213078532523
-0.59194218706562007
-0.16011179570897383
-0.22868213272173415
-0.3408328726836703
-0.50661415102639928
-0.46663589325293325
-0.053824480472856477
-0.40054105731429801
-0.32093260506346671
-0.40126026384639513
-0.21093343181342575
-0.38669851872068378
-0.30050357620931656
-0.65953185855700935
-0.39711066569908876
-0.012582468020002673
-0.19369163840753953
-0.46990988317704091
-0.074199510072952002
-0.25626316870666566
0.047274611603010754
-0.070317683109582169
-0.32810576842045103
-0.58681774741525605
-0.31382912721651729
-0.10326635064049393
-0.46561002101031923
-0.2411511955924121
-0.50928761679678314
-0.39888024855326798
-0.57804662862975242
-0.40804537277055569
-0.035789778368693535
-0.30448757083625122
-0.26079991951341802
-0.22999274042497844
-0.3646777483831396
-0.22096748343307501
-0.2182359758584117
-0.0466679967649569
-0.48844989435179048
-0.52848492110120548
-0.21432245182267126
-0.31588587808390461
-0.47123008380567527
-0.58395735263050363
-0.061349778020679251
-0.26825160100932643
-0.12326318143470161
-0.38840489360254377
-0.20668412044673209
-0.17668728623034727
-0.27218133811738604
-0.24779907601269249
-0.33697508567823209
-0.064876601064308745
-0.5337262106339653
-0.43080729729252787
-0.34628163461669081
-0.38276174928644219
-0.47290571809251075
-0.34326215918437009
-0.36226834601836749
-0.25275041329587139
-0.332928325604606
-0.21887806481609465
-0.5468205043611325
-0.45070831874274775
0.20137130155887714
-0.085698995346903159
0.039203030451474628
-0.35619830490092574
-0.01454982522389665
-0.18526299793739814
-0.21021004251502376
-0.10825039424679335
-0.24033918992017839
-0.38651842197586994
-0.15833138041588452
-0.14646768193199464
-0.060946648120941103
-0.36066946161522379
-0.22636093030773136
0.20231549757364392
-0.33313461463460392
-0.06689387635155282
-0.43712803317369064
0.14587612601199498
-0.11883287803823148
-0.42108906390363865
-0.11468867871881736
-0.0009385314753700872
-0.023645897081796527
-0.1307633124102513
-0.20195423097934445
-0.13126353077259534
-0.26853714255792854
-0.13140233508521362
-0.3139617419478552
0.20295189387457582
-0.16367775535007789
-0.16180844582148018
-0.043213754242603153
0.189818152963562
-0.069096277286339144
-0.31659340255344603
-0.18172500023669674
0.051985521205733187
-0.39052741622661746
-0.59200604425190828
-0.10762705026876757
0.13559555887279104
-0.52908518193267473
-0.24332070839228701
-0.22664123286502924
-0.085388251499523143
-0.33297648823890186
-0.30979460238352691
-0.31271259258311146
-0.30650107873186577
-0.24184302426636187
0.012902406434835829
0.09228132218629205
-0.34867458014076846
-0.045378909672065162
-0.26319064510226609
0.031342914917572212
-0.25077996230494898
-0.23209127845507901
-0.22156450184494
-0.28313508560684841
0.44374317815789754
-0.15629002593492827
-0.2978683321000587
0.0016973255256042537
-0.20798595166246248
0.1342550716336233
0.021906162974715496
-0.021265714149120325
-0.14723863836874937
-0.09195621530924826
0.076682642049016869
-0.1931810682514252
-0.04229368816852716
-0.26772034971117636
0.21773532661806824
-0.05258649863837471
-0.19470268714454406
-0.10483728413173027
0.028812613477886523
-0.039482100220276872
0.037363742641958554
-0.2374921500813468
-0.26450467731147426
-0.28235047267749525
-0.57370121287986875
0.13407458584247162
-0.077172562324645019
-0.15033111492383902
-0.10752380385522207
-0.17605091491013466
-0.086157660243420711
-0.15363712017618203
-0.12552475403777777
0.10696462919265461
0.00025916297715152979
-0.33916670292845563
-0.55217272699559883
-0.038022125885105729
-0.28555022653307116
-0.25010243826414585
-0.016451367615054707
-0.045485477574568986
0.090747295764814273
-0.078200805424907954
-0.37814401824342303
0.097799762625780856
-0.39067237287757339
0.20156503338384751
-0.304617676191131
-0.059257593514863455
-0.16008561022700285
-0.29597379674333213
0.13597282003013114
0.072341204259880776
0.042089347314833589
0.1707001344337192
0.075123428359047742
-0.09816785191803265
0.12609992748546606
0.1742000838506769
0.047400087300071975
-0.16223819650311222
0.16407415367128267
0.29248144727129505
0.32762635545667496
-0.033228786518279409
0.009969310976122173
-0.13263933779755266
0.25613954174502823
0.011065371101059106
0.16284579025578666
-0.15239913070933081
-0.052073745491992035
0.22688855675349423
0.47831838289480993
-0.12929216666888563
-0.032463816315644538
-0.05308004564113282
0.27757919311965684
0.2341337528853753
0.10205604374345768
-0.023783605156306929
0.14952216521458742
-0.087232734681143842
0.092513914814958173
0.025016093615419479
-0.07007748361049046
0.016749612754030561
0.31133474541726547
0.047662501995920155
0.18528831475880131
0.18156077628634398
-0.014754254924282322
0.3125347559744166
0.045397507731913901
0.20739572041424342
0.11353760512544959
-0.034177721284252387
0.12711246800855297
0.43022020395320965
0.036611539994528222
0.17849781896045686
-0.092316317639481019
0.042160363177327125
0.11538548710880903
-0.041415026926615424
0.13486177739989363
0.26623862076386967
0.070985669200616636
0.046452188557690025
-0.024778588988669508
0.46384362757734615
0.077960992559476333
0.13778381665759054
0.3823665564079064
0.05946915761386571
0.22449335595325418
0.28839183334065494
0.27708429680342311
0.17716453085801409
0.10373713932000597
0.34109008105498617
0.030649216544734438
0.14390936606401952
0.080991991055000961
0.2401250445415177
0.24239590215142795
0.093958828130596611
0.15281570054478433
-0.019227893546791049
0.052710543129557474
0.37379086960664448
0.39344365487339461
0.037746343090709789
0.036045261883920945
0.47843571109814015
0.3436583388069428
0.51738193640629115
0.48032112774652347
0.22358370457558185
0.35082111177917125
0.054451056350975371
0.28401353383589284
0.19359064801431472
0.3097762515222281
0.064627870565704432
0.10062138833873178
0.26217402337663381
0.16971498421338582
0.16818799500705964
0.1757996627182562
-0.0017152767826420028
0.28440002982251544
0.17511519456399438
0.592521069387549
0.24644816581529219
0.27101199519594149
0.34944448393559213
-0.065171673059851457
0.026293302031631344
0.20703300741176281
0.13897886331458129
0.33657762721794543
0.42020364532945381
0.31038139739979309
-0.02005683445441403
0.11627620854273706
-0.07350520666139361
0.22131092899344967
0.1030752801514685
0.19778914914948448
0.082406441100291827
0.23115046207645351
0.036670099362981143
0.67643900177731831
0.62235094271946634
0.12304830814027164
0.085471812094901539
0.37394166100613224
0.21246753284846426
0.29341724055405433
0.58717594359445024
0.40128799809869298
0.3001472400250858
0.24129859831827591
0.49999741539442383
0.39654486029734171
0.39524335468626964
0.42310353411443546
0.69646976936461691
0.48750114380807785
-0.1227780500191408
0.11190690256412329
0.28853893856742002
0.069980693979990016
-0.054503214048574722
0.17155672611669132
0.49569706425062088
0.2947443643277623
-0.084028184282094742
0.25989149166384151
0.27319931062793573
0.061671690317803333
0.33757586222517083
0.26296716321248859
0.33099182867251503
0.26342419014442464
0.45319098135461755
0.37561459916280449
0.34996984934263603
0.29123680260446366
0.34243353767076035
0.5509329450172239
0.11115925116769362
0.074488159285742497
0.21866591697080773
0.55545522333246222
0.46996877345301813
0.43074819105102385
-0.14321807465836314
0.31181035197767443
0.55773667338263644
0.23178497061703998
0.32613039808515631
0.48448644930061679
0.32244972608409533
0.42815499987169742
0.50603432551270666
0.43659631867590609
0.45714226748885034
0.22863983028265886
0.40238337445589178
0.49009297891372106
0.24628295702845471
0.0097670825300286562
0.23975990438584899
0.081177952142640925
0.57610055189013543
0.55978375283483861
0.026587324190014045
0.19651315527010946
0.44562403877596973
0.40799700219657903
0.39435068718267535
0.59626088494242502
0.29386424094983649
0.23026522537483629
0.36768422153148583
0.14414549928219622
0.77504315734913942
0.1372088407543266
0.56088195849016298
0.36070961005227509
0.13817375232477402
0.27369034368317902
0.097977361937220592
0.49557380573502974
0.43325834613028574
0.35114906735756346
0.41331166812193543
0.37273847173373309
0.48845328821407114
0.25365128858272695
0.38461123309740586
0.20934839757931861
0.14471703439940414
0.064206554485169098
0.47718210994354021
0.60042827906935081
0.52851742755934927
0.49324611965947529
0.39011675569242427
0.2510947710302347
0.43578713230306193
0.35045112968213438
0.27053513314596134
0.37970413387249458
0.70413012634815619
0.55927662514820597
0.66125184132932802
0.3450582494863817
0.57585231276009885
0.50968066340630525
0.47448099566842677
0.56570070882689938
0.25121231020109402
0.81624712521082188
0.41976751584834504
0.58238340811440359
0.64719363658159157
0.37575905311399577
0.66866480032580144
0.64323980544568737
0.6265333286034811
0.65744294121143798
0.35542299884278616
0.32525006688510127
0.56482903611657942
0.57872021059659562
0.69669595739404555
0.57229767894080041
0.080757315294007301
0.77592174125093016
0.64416639823249511
0.86321553605210588
0.50730060907854257
0.26749169831036324
0.61674366453136575
0.52778593730000511
0.58760142382982816
0.85537736637055484
0.87875778943815297
0.38332631507758719
0.27398543202311215
0.32496281114640552
0.16198170350950206
0.32028263562457099
0.49803590810433895
0.66069413139465649
0.24731498513935693
0.74526467729264556
0.39276055717992009
0.50737225845149236
0.94476586904899584
0.70722835760922698
0.67523117303575608
0.22908360187590016
0.62658639782371106
0.48248123878062293
0.40541348484748918
0.65741638327545393
0.10281311591814235
0.64630771726712832
0.55521464714610513
0.37175464663309882
0.53936900894639506
0.097292050378857242
0.54148346511241852
0.64414596209594921
0.3803063143271273
0.56512466140895246
0.76180613588332635
0.31383727245301057
0.40007790288411166
0.52304038843204925
0.5170694026401822
0.53436812259462108
0.36329828481757559
0.77592229126460222
0.73940481815825543
0.31393846193271929
0.50739937290630943
0.67788514026436442
0.73836897075672447
0.64908691415108977
0.96932891342058669
0.81735168362107891
1.1002087784301102
0.264136344530289
0.60279433900189294
0.73732100461848493
0.91003983153651302
0.99668435628146756
0.56113418225670197
0.36395675048539261
1.0646186689338926
0.53289615155333203
0.51473586216693379
0.63943982806730693
0.57464700880176678
1.1310749184339741
0.64551049513694769
0.83868281619813523
0.56399599493585584
0.95584945855263137
0.64252240291640983
0.66816927753871502
0.62412689165691293
0.67387954350921697
0.62468796799659332
0.37290660646560636
0.61457683141913455
0.82318277989200805
0.53441849355272075
0.36345423818046263
0.76458950414154514
0.49042597472668176
0.61198803692428849
0.59625432855181804
0.55260966238250098
0.49253572203281443
0.56746006926932824
0.37243883369740238
0.78780100217538396
0.66867495357012163
0.55728395578730561
0.79342774218360423
0.94050523881366177
0.56102372005362211
0.70131352285344628
0.34016787552723582
0.70733187589042013
0.76901434369789901
0.75462989570942851
0.84674442418080376
0.88152770817723847
0.55673492214011722
0.74555859254033352
0.73716046799239943
0.75334769832314663
0.77458805659546559
0.70937236656260327
0.72228852268093391
0.63577801924718702
0.86961380894770568
1.0020769985991294
0.68839006786550438
0.6455800951256363
0.54971586513948001
1.0433249969447103
0.69183903359828058
0.72696830877954133
0.81416972101091445
0.91450471459936444
0.79853366021458383
0.92141350466212935
0.53821389376140993
0.5264072693929096
0.74510410646442637
0.90851032951537036
0.91469627837643674
0.65045394292920766
0.86852220004223724
0.58040310201360112
0.8037775352992983
0.80641483676411807
1.1871530257305167
0.63537100479284203
0.80716441219267343
0.6772929125130106
1.0014747524276677
0.35112206042741045
0.93071303879337408
0.9878475056753806
1.274476361948607
0.76864772464821596
0.94907351623788549
0.66806553916486
0.86152714649337481
0.92426561960082121
0.65460894126626223
0.83272056003318518
0.89552035340114333
0.72667727617295585
0.59389683745038913
0.61684605765553302
1.064487578290821
0.84401833609852384
0.69987668549506132
1.0066684350082233
0.66214625600429355
0.82953488968347877
1.0440650338079904
0.9203263122333476
0.99572957639445914
1.0915805657154976
0.82935831488706835
0.77142664421159779
0.68379269445931523
0.73312566057914408
0.5070730991773601
1.1684056364942299
0.64222024734311445
0.90914226848968294
1.1293959147850743
0.81424157771456596
0.58081367254416927
0.67014588771484263
1.1299026984518568
0.76231843957049406
0.92182691233923097
0.90674902568758675
0.50900194506177332
0.64313330906763178
0.86720880698471114
0.82688823193974681
1.1273954184206407
0.87543994748892018
0.78592815447255238
0.81558457652250138
0.65474075864899606
0.76333075947506257
0.87091817100725344
0.74922438122135249
0.68257886464706541
0.95362399768899664
0.736835146349889
1.0102879671168117
0.78623839361669301
0.74843449841085385
0.83923320374614041
0.820577729973337
1.0697318947320436
0.77453392729199111
0.89233847785841702
0.95298434920073194
0.78538484997304703
0.9395671907636467
0.82520982153932632
0.96131381399980587
1.0612037209387051
0.40848959331527757
0.86004011645156742
0.79197767938777586
0.81066042138004224
0.90038003124131405
1.1094204485943768
1.1570486385233956
0.93613211184864642
0.69535873418501737
0.81369258492819729
1.0086531337742903
0.78281830597986202
0.91959236682093903
1.144800141385631
0.9526120436881963
1.2564221657964785
1.1084172094967082
0.70777826220580087
0.60093658997117583
1.0889795689961936
0.83922423751506725
0.73894766906472076
0.37633740664883691
0.85302091510311351
0.90954365504647272
1.2327714214787626
0.80897297225557852
1.1350085628170545
0.97893854961384164
1.1382502332332107
1.0700962541520052
0.94684406554023726
0.85684269949769809
1.2401373727429643
0.91386166185706252
1.0707802949201775
