-0.95045162914898762
-1.2431563859371462
-1.0394810062648281
-0.70101672022671058
-1.0812185704712023
-0.94462937190763741
-0.85645518735766024
-0.89491500052526107
-0.82720427255447815
-1.2064779748455263
-1.2289729982082345
-0.87048006759082264
-0.89016637618193328
-0.95933860336329979
-0.93669999571666385
-1.0481553336486773
-1.144074329047676
-1.2065652304740393
-0.73508218443374251
-0.69434871769529194
-1.1612899768006917
-0.85978796895853604
-1.0200724039867244
-1.0010806827923937
-0.7865434084014179
-1.0539714267731222
-1.0976101126790503
-0.98390901781191542
-1.1248646098641233
-0.64198508192333881
-0.73866581498181927
-1.1607993195324133
-1.0445363873910787
-1.0113457766957414
-0.75410304398606509
-0.76796724643536896
-0.99409494418712119
-0.87169773114170457
-0.69742919397942604
-0.7788730401053463
-1.0268842780110805
-0.85846337962408115
-0.76183609462232593
-0.93837237087265302
-1.1686092297233763
-1.2876323659719642
-0.98091115382042049
-0.75508964491587394
-0.49105115873638677
-0.94768171075893148
-0.76979774675638024
-0.9978141460794554
-0.62044113839006887
-1.0062161972537857
-1.0960419422592083
-0.94299640575318877
-0.9686140321593899
-1.1451295106141304
-0.7998011875088249
-0.65949009777196133
-1.0134368584053779
-0.61627720043874579
-0.80425951906856619
-1.0263349038594085
-0.8225643482570254
-1.3597916788704354
-1.0297338971913517
-0.81615338431002726
-0.39382956459022711
-0.7777214769136167
-0.85693053064708902
-0.68562716093897424
-1.021718099188919
-1.0309587371283842
-0.8079317017300891
-0.73223263976991571
-0.58918303901475255
-1.0299925237689018
-0.71193399896773224
-0.79827255597756952
-0.84363351853608215
-0.71123352142777607
-0.78610324566800105
-1.065018517631126
-0.95714735927070471
-0.71209488647671815
-0.8099984358533866
-0.80969118956623565
-0.54350787643759935
-0.79003094941913155
-0.83839230851362256
-0.72513228732036517
-0.98720844697266641
-0.80248233090721233
-1.0230116355918379
-0.89132497224282248
-0.44585482934323639
-0.89166943077890415
-1.0014163955655617
-0.51287228668818141
-0.57278563452142639
-0.62672573192899295
-1.075197344642836
-0.62574165380570801
-0.70734290631929242
-0.9516754670801405
-0.64909798005363395
-0.95439223894681058
-0.74423646042199798
-0.74572610356833069
-1.0957773934694743
-1.3199550749270845
-0.79008517068530959
-0.58760306710879084
-0.74631164376381642
-0.83755178643414829
-0.93142473434962247
-0.65690274298124196
-0.54375238591222508
-0.77531809832568688
-0.61144781446394003
-0.72018575471762503
-0.76740813186478885
-0.48029228286972997
-0.73972725224159952
-0.51928979835867872
-0.62973564551255068
-0.51541988521541182
-0.57010241102420423
-0.66269196813828524
-0.79933057934304619
-0.85554367199956427
-0.51132343501506006
-0.65970928994659428
-0.72095649504643544
-0.66787287072196488
-0.86299167215157901
-0.3490731169955909
-0.47728429530920546
-0.71943465914585147
-0.8097337725248489
-0.93447163056904714
-0.63682629497374055
-0.69706654183090822
-0.74206202549753508
-0.68540245865356164
-0.63083423513031811
-0.57093675711585035
-0.99739279680554294
-0.7434206428653144
-0.57740112523903309
-0.73925167775762768
-0.59005087442316917
-1.0192166507528733
-0.87553999687682027
-0.76849998153994337
-0.74809900257456674
-0.65874818874716756
-0.97528163411211333
-0.63203715032854157
-0.6605111885956001
-0.34039049282012818
-0.65963089233412753
-0.6812938462490371
-0.78350328447376871
-0.90117027134182426
-0.62798683894826623
-0.62253427989582732
-0.99216052136631827
-0.73612939546165901
-0.58619952181784329
-0.59070283648840671
-0.41658713531533281
-0.79863509412319134
-0.67140162001507586
-0.69706175301174156
-0.69479972998283246
-0.50316700089894628
-0.63216045794801212
-0.77456265638463462
-0.45033633298596271
-0.76031369867187815
-0.4331713819711227
-0.61565632519358215
-0.3088136717308525
-0.61968043946793583
-0.47972455520869084
-0.87655670095088289
-0.94434484573226252
-0.63596941605620572
-0.7530353667566031
-0.73076096348978958
-0.80837316931938308
-0.49672284086202123
-0.75883032029010544
-0.71941778436219517
-0.5253311100674074
-0.63030425318710281
-0.84035871584958066
-0.77882373766592294
-0.64501630983274238
-0.3273390397487112
-0.58691189785216213
-0.34998650425716055
-0.61665969016041156
-1.0056145411538742
-0.48143211385232371
-0.68203760594275964
-0.68994707042122128
-0.47894286368347377
-0.86195013286606559
-0.65602258187597162
-0.57352136773228057
-0.34850139107720085
-0.43071825417163417
-0.41540362282017784
-0.76290331118846944
-0.55713728718789346
-0.6120021087458668
-0.48813204088857987
-0.3864073989004646
-0.58084459852552894
-0.55626042318160995
-0.39126207487408265
-0.78495242612009053
-0.72068511613843078
-0.77949634064114404
-0.39643231791206812
-0.23468463248027019
-0.56053072432056739
-0.30718842183741307
-0.6266475520787893
-0.43719950610711589
-0.4204089417076326
-0.3334605956782849
-0.57905710820550338
-0.38425956901825747
-0.71140316083160848
-0.82797951690144134
-0.43295602622996232
-0.39216140721248016
-0.85852935972210997
-0.54572953145117686
-0.16346864404104519
-0.55828464529377053
-0.42046387097080651
-0.58926162891415845
-0.41791756410556513
-0.13801565777621266
-0.59520403974779168
-0.34299367041563733
-0.62564503664034654
-0.44517229142004028
-0.76751047308367215
-0.39486388544729573
-0.48457688845001096
-0.39040002409882646
-0.36047068769198465
-0.27630502598721529
-0.41078575409504697
-0.63297550003017289
-0.65960879158920493
-0.35561586528861955
-0.58240245355096287
-0.47853776319697405
-0.78896431648838139
-0.18039373438552625
-0.50584260302938666
-0.41492438155494776
-0.25263012607322999
-0.33398330706933865
-0.49038641798972382
-0.68185207859124708
-0.53313173099971867
-0.49840845046718091
-0.25959418460682976
-0.2750176452878223
-0.57745961831763404
-0.36279640441782934
-0.15582087540325551
-0.11474735714910395
-0.30103292152956401
-0.45367184080122924
-0.39216529358876329
-0.62876291259668682
-0.45155454346791651
-0.40137475954061663
-0.64340806415962137
-0.50373030512094963
-0.39020989256084182
-0.57330196023281266
-0.41975694425289106
-0.67236030691066728
-0.56424091070697191
-0.52884068258336669
-0.57726554969137833
-0.50495301505700463
-0.32385070099566493
-0.63087079834626736
-0.20182946038258004
-0.53299674867843616
-0.26996725670549088
-0.6951138669516147
-0.50302524151995898
-0.37589148476095163
-0.59734604097625321
-0.62149052489405121
-0.23711516308547381
-0.47494165981431802
-0.39262008063187609
-0.54636062817882391
-0.39653116481167794
-0.32205016914812218
0.0097404294525740617
-0.19762790022958612
-0.71878155546393174
-0.4526537414446995
-0.53266217252698189
-0.11341221727846197
-0.39215576757659937
-0.14678627635547853
-0.25531919509531026
-0.14857342294095729
-0.350837173896694
0.08986575913108874
-0.31982839568805022
-0.29973222949741563
-0.32372301716327706
-0.36459581515653472
-0.70235525795673892
-0.42129836519189379
-0.25006937552222841
-0.26237667310688528
-0.52918579740815319
-0.41475833321583366
-0.42640331499501205
-0.51429561614459407
-0.48459103417435412
-0.11308290961961168
-0.30690616910127999
-0.1571178136899897
-0.333000847474899
-0.5013139793390603
-0.35357290854427936
-0.34305737954563037
-0.12122334810572678
-0.37719326370846695
-0.19170300662984985
0.12918875580201955
-0.23567794948219215
-0.24843183715714659
-0.19596022051776582
-0.21009175482364412
-0.27372641262205627
-0.44346726250239765
0.20224537441866136
-0.51780256587778706
-0.03980255030120073
-0.086129167121349756
-0.46196775626398218
-0.29834437839591477
-0.38049994377580254
-0.49412422557701546
-0.24655397406035059
-0.12659344689068835
-0.13146003606573423
-0.31426165259131128
-0.44927470300517058
-0.018940695645637707
-0.39944684677012604
-0.020719597146478943
-0.16525764072078938
-0.073298556150411504
-0.2531544056796754
-0.35953412701354637
-0.49308127780122812
-0.31413887419634917
-0.57068344802825766
-0.40209300956544219
-0.48821808966602098
-0.21338531899354801
-0.63705845724214361
0.033445011687097598
-0.60814618676485288
-0.40533013697028125
-0.22324164765738394
-0.20864631088170693
-0.070793450552660467
-0.16369971406102218
-0.20789492426642672
-0.18046866506284776
-0.427662311632373
0.02696325605746578
0.0068320646732719257
-0.02951573913279797
-0.10823526867107974
-0.086932663195663465
-0.041926128887807633
-0.2344159528036418
-0.10440409556391182
-0.12831584096653117
-0.37379996484173478
0.051480149072812627
-0.11062872482805684
-0.28543832990244711
-0.24801128148456303
-0.15244213244788457
-0.074688891469601948
0.3999680081698907
-0.56252399723681101
-0.11580487058612229
-0.46407709307974693
-0.18743958380341535
-0.14351544602543037
-0.02063911002374974
-0.073508260305304218
-0.1924716557744546
-0.38211870363833722
-0.19754923395780066
-0.1380722425638535
-0.22238038590418641
-0.15362898149009618
-0.12053259739702947
-0.21886371297999049
-0.17579589693137973
-0.49364841682263993
-0.022459415866111856
0.28566699230878173
-0.0013275380005890974
-0.32251842442621953
-0.19600861450320736
0.076740015719990284
-0.23446683706593083
-0.038868801988717623
-0.2870653455400945
-0.14285651775875569
-0.16286038237334347
-0.21480907354925211
0.073576363446853088
-0.38926343406788178
-0.23203741438433492
-0.19533856798239382
-0.28592177619082337
0.0037487818817629505
-0.24190831151956413
-0.28712441970638342
-0.35304628986771797
-0.19586028771867614
-0.28818176025450082
-0.14915610503508528
-0.40739728943380638
-0.11480724900101096
-0.14448324996943249
-0.23461369109146865
-0.16676341246647353
-0.11092796560989016
0.056799931787237273
-0.29976407004253014
-0.02349038317797647
0.32034676673446977
-0.41522831832481344
0.15760819678535506
-0.19527693546481886
-0.34738899585735028
-0.24012776577420492
0.07011937882348869
-0.14090580048519696
-0.35693677200344198
-0.062314592409562816
-0.18825682210775421
-0.16325691357320282
-0.065850179617600063
-0.17179603433058085
-0.13699762979034033
0.18325559787832868
-0.10956959632789062
-0.048278419357423406
-0.34282463916714084
-0.10234107739160579
0.058868421723292617
-0.29495746960796054
0.28436481737658342
-0.090720694599172425
-0.28683015155255476
0.20863756683884835
0.098478686202042434
-0.087235424229345424
0.32048953580135514
-0.095906791130946717
-0.12568733900243245
-0.15963377302858989
-0.12701934113724819
0.036619887299461903
0.10112148359152878
0.062890461647589491
-0.0063101706376637234
-0.3880080714169335
0.062652005905867489
-0.04576668708371736
0.18351340286621728
0.20636877884689867
0.036441302971114829
-0.05445135864919548
-0.0034860918369167787
-0.10114722439874536
-0.33585566149905022
0.020566727486938562
0.31745912988244784
-0.047358633514216944
-0.027200390470209106
-0.14008901420371173
0.23832714018789783
-0.20571210584634136
0.15341119337376896
0.22917503122505767
-0.076909407326407803
-0.045645937913078326
0.074374060375388532
-0.057437262812067187
0.051497130650143157
0.27997976039597761
-0.063119563295616424
0.13582529658262502
0.15675260397733684
0.20482870946380702
0.28376285760926884
0.2917572141410717
-0.00096574177853281829
-0.030828751800211218
0.16091782986880188
0.07539400036351751
-0.21632616248065226
0.27503854980242742
-0.10683283579267135
0.24875512963536836
-0.12421540690801541
-0.026268328490342163
0.040918602004754043
0.22529921095471331
-0.013395526140346753
0.017665058817326079
0.068252130229646921
-0.22658498425042503
0.0050296164172597361
0.17535068838085158
-0.16620211279283659
0.19546124300863887
0.075957916809193851
0.28236251640342291
0.49247005806941191
-0.11944958128259066
0.54746734649369588
0.24365938527344078
-0.014583585173024096
0.36863225556110063
0.18122029202808471
0.060788010974384653
0.083663036653832734
0.11081500263400385
0.27942659135368592
0.10920560114248215
-0.084640646466521433
0.013615201045097022
0.29242627736716115
-0.015730501941261188
-0.11503103392712108
0.18697580558772106
0.21421616075595037
0.21491386944571719
0.11865592181301519
0.19665042376505834
0.10018915756528479
-0.04370732492444665
0.15131554903524821
-0.057001439651344091
0.2326772812128029
-0.094356953552723014
0.2988796779549972
0.17854130511444949
0.13549238456130713
0.11176443497543588
0.26243120997321756
0.086949740834161363
0.21397577117757574
0.0011128321951440318
0.30738907000637095
0.079329935311260535
0.64482972714899245
0.32270586501051018
-0.072681330755141604
0.1127690152711979
0.17122368814835537
-0.080175775014912354
0.37129167111737182
-0.012716903812410236
0.13550388758176232
0.28785517265288191
0.060892648024622339
0.22974507728724219
0.42945081817112901
0.050848282468020957
0.013079807416405164
0.041658827070993762
0.1654588159130839
0.39311463432678517
0.31491606977652747
0.51470761891179972
0.38083338397983724
0.086100422447132494
0.15347030158184424
0.076491751575525083
0.43908645688437492
0.084087008504940219
0.17852491098448908
0.21113248034639398
0.1994313510528973
0.4752584069604181
0.32294425920005271
0.17952528654749672
0.24136844468939048
0.52609123209799624
0.38711394634141966
0.17625074245946346
0.35370691329505588
0.014796974900062584
0.30648119283234049
0.13661281718940974
0.37004685726851105
0.48431563547523282
0.36262742641852336
0.52917386432029323
0.2502671752054364
0.061927647286924882
0.53547202996077203
0.27107267732943813
0.30951085206863849
0.096797855869365484
0.20787863897383141
0.62332175766053821
0.37662029909047012
0.19039754411245993
0.21992990314197189
0.057499657842519036
0.52796579444545577
0.39779772980596911
0.44178336685315583
0.45772507178290395
0.21131999608312091
0.40407537462184223
0.53092833325149413
0.57785332156399871
0.51335176618356904
0.24871383456057186
0.58376928678614248
0.16431469300134274
0.1584311836085929
0.4416291370246645
0.41402612990862264
0.30490427510212542
0.30632482630396118
-0.0019611854825590351
0.38731728966609613
-0.025488496718897309
0.16159801175924715
0.46698951960612328
0.52295758106060963
0.52113762559043175
0.32574608561781543
0.28959987162204209
0.43261253960887663
0.12614422330579719
0.18550657705636972
0.43709036458697476
0.22564944720805866
0.44419953525948785
0.24184341878255786
0.38409964638057054
0.42734475529717947
0.36661214344346632
0.17601753256718122
0.4652575895385665
0.27790402950577925
0.2168199560264199
0.37847278932387746
0.17914314773490714
0.46606597330033994
0.32150893514353357
0.40640372576839734
0.5827299576934093
0.45688650315580392
0.1636398243695637
0.33571869193611265
0.54042765548540495
0.32606183727050619
0.097912691749989858
0.62964265966796684
0.19123414939738939
0.40118568849451491
0.49177915269248046
0.51020033315226654
0.35656790964688262
0.55221942961046822
0.69810320680997373
0.37693737503163904
0.22986520931822624
0.20303659413460126
0.67682602372948375
0.41464683120098139
0.27238530785146031
0.44161022471578049
0.85955155955230989
0.36190545192165324
0.76296599637013485
0.46932498523919214
0.57295996473411337
0.28777343121314142
0.51430815997976675
-0.081170546349811329
0.50071953191284402
0.38711782327247868
0.34631047265827447
0.38545967041950724
0.5469205007086535
0.47296076487572558
0.43537716043161123
0.17144126561691264
0.73401817751636289
0.48309537270975944
0.36319109140414119
0.5590733627333917
0.58932652230047844
0.24158099169371661
0.36861594333042225
0.49132534105231601
0.64335408465700861
0.21429287905621017
0.098626233018417719
0.81477633348866252
0.58974865497554341
0.88852640216899703
0.43745687273739786
0.30629569326154366
0.25700864656463474
0.53252443266126437
0.4405974757045536
0.6820779103619965
0.85547335775948408
0.92043590941826536
0.7398730036351856
0.38673935933765169
0.60540052421811785
0.63749067295289086
0.47859704351967391
0.81584767549387427
0.44770418541864188
0.64410871664779035
0.94172830459518087
0.46427392478856805
0.26425012379082785
0.7658101573345758
0.3124488832661993
0.54075616098932144
0.074912622622940586
0.54821292765858287
0.75237675907614343
0.58309581328979254
0.60704981889812537
0.62828315007268853
0.59443388352577797
0.59828623537921233
0.74798808381580661
0.45750653103298583
0.4464754515293311
0.58626750679621742
0.45694739062258244
0.59088286238059706
0.4611207625386512
0.87929173916785375
0.58494537350394971
0.45333594286536782
0.44132610523987859
0.48819795200987709
0.64697854463369175
0.59299511057552057
0.91264252147830471
0.38378003830128082
0.4913197340238239
0.55514496557404558
0.37078988099158333
0.29578559190369919
0.44943554641567346
0.42569341170020425
0.37162929556952751
0.76266535429366877
0.67613043628938896
0.62147052813491022
0.67746700503293178
0.79625394395282389
0.38352329154130133
0.53405999055032904
0.23127847071296481
0.46293355566646666
0.75722883823709086
0.52231794472166004
0.54339738336967669
0.77157862959669121
0.55720518812973008
1.0142638030249027
0.49597647797601208
0.54677412904353218
0.69660319420360939
0.45950953157249386
0.64506464874081992
0.52906862743491878
0.89333050715346107
0.53669662215763225
0.66067235372236865
0.56964763629112791
0.88891328586651708
0.69462723870055265
0.73955984438048694
0.29564992063627665
0.7110314876391256
0.80870616451868649
0.31399536686247964
1.0348211036384669
0.47478019815450179
1.1013510787391521
0.51075768491452034
0.6473538209287647
0.86737832916286384
0.66612488388672697
0.79660149550051995
0.60985054627210611
0.90714939836196229
0.83475911371640188
0.60705676496148298
0.91612137454687126
0.93673159938285688
0.73323331588441565
0.54056601688918682
0.78973319267323971
0.52927646497913217
0.62168111412472982
0.64489928018191767
0.63946517238781031
0.53926780098627058
0.38566592101153102
0.63192362460496443
0.64616009837252819
1.0416719724170955
0.78335823874943533
0.44417059409756032
0.54090198004794854
0.68759040111127379
1.1203765511390815
0.65143664599463502
0.81065451752417417
0.69642438373252669
0.70606190617020947
0.80909988676149169
0.51771732264620474
0.77975378745630197
0.69910160682152767
0.74728136602658679
0.69702711662259431
0.98712057516247664
0.4837431275421758
0.91259065205903578
0.32455749065269784
0.60016142148882889
0.75827685085578889
0.88039816794974546
0.46710657510313619
0.78691743533624536
0.66932484159758543
0.8213921408709689
0.65712689979366412
0.90627115562947236
0.78538428833437524
0.636051154118211
0.81990402704775289
0.83003171149919808
1.0472085493876635
0.62499279682011799
0.54109388577705386
0.44145459041970592
0.77119884766886959
0.82908370160788269
0.6407130757372419
0.63432598623084624
0.92530037175419211
1.0407365939765438
0.70283200261499656
0.99240942674631893
0.89637435734444337
0.98122966264021338
1.1277846139117496
0.60246157055385774
0.81256082161813858
0.84167349689449278
0.47386385666574277
0.88562902825111645
0.85670688300697162
0.51593540711940644
0.99823335434053784
1.0156686111741775
0.77524101596522565
0.93519046519005911
1.0609279690197861
1.0730542710902031
0.78000336508201573
0.90097319366548634
0.96929412772527612
0.9216454400257057
0.5410198085040766
0.93546512386164771
0.75030668285578828
0.78270548711603383
0.90120879449970914
0.80347661128709924
0.97309793076072992
1.0071637448338517
0.78267296119757823
0.78094882216797645
1.1412251986673787
0.72231605909503516
0.92544536913971098
0.68402558422999238
0.64369267255054441
0.85561445128308267
0.9012316484078553
1.2262449668250757
1.1379320161223974
0.96421482595063002
0.86876803015720439
0.59420535765456206
1.0024216729513626
0.97847996122320791
0.88877653801008649
1.0578811377843935
0.75510396586975548
0.93808546728192843
1.1929404988012589
0.94199892140631269
0.84430263206159484
0.641703774876205
0.5061101219413835
0.69470464192942549
0.7403880147822316
0.85800696462653692
0.59906787747411361
0.68619888662679551
1.0014927724443778
1.0645889334511436
0.69975550982432444
1.1606196795426214
0.95036912181029509
0.75235962878515561
0.88232798552913583
0.8920451555081601
0.71608297230061513
0.5563298729600441
0.83496559309064478
1.0277805308711141
0.91558362776928282
0.54892030187877405
0.87257599592326696
0.98000000812304544
0.87661010760738056
0.8477165206751921
0.91495939202362708
0.95145215576853692
1.2449176189468605
0.79808024006290712
1.4014258892901887
0.74648487088654258
0.95309430282777829
1.0975486405757233
0.72888590605303316
0.8819859705268458
0.97489471785243076
1.0678322655111512
0.75374199082131343
1.0467638517306357
0.88312784042814507
1.0135704466169977
0.71761664567019978
1.2858952385564557
1.0385403521208398
1.3223422940007601
1.3165961891803495
0.89112445483121117
1.0233940791651879
0.81131691735039557
0.96502488402421283
1.2034953868582616
1.0196125167583843
1.3072916722640611
1.0415573939741762
