-0.53642251871674052
-0.89056613173532173
-1.2536315344736171
-1.2087608166468233
-0.91479593446449381
-1.4223868617768169
-0.94946661344422079
-0.77767174830278596
-1.0449676131506456
-1.0845177523845126
-1.0326546575993423
-1.1730668188403384
-1.0824379193429183
-1.0327408573816967
-1.2145868959797337
-1.0069879664486387
-1.0691372960414509
-0.90283190159194393
-0.82382517199178285
-0.56873067551873491
-0.79879053986297666
-1.0359835964201503
-0.78314099249217861
-0.74459169155205807
-0.97132656360024017
-0.92692203456137001
-1.0645246102653743
-1.2284176667560909
-0.75748984895321114
-0.5978437340143985
-0.64513224163575633
-0.90813812140286165
-1.2093836660695465
-1.0038240598777235
-1.3342515556567374
-1.2151335139543777
-1.0643269819458081
-0.75751480294318196
-0.81978890256607928
-0.83706435075216612
-0.95528872047173019
-0.73606306126778098
-0.75924783975709054
-1.0051687565362102
-1.164406997752693
-0.61575443097178462
-0.64327119406573463
-1.0361897008802123
-1.0399745835919552
-0.95889000438170302
-0.85271247029253749
-1.0217194570228432
-0.73440292859265865
-0.83858806577221034
-0.83733049112264757
-0.70434658856773713
-1.0264232045959338
-1.0202905393999107
-1.0190181114422594
-0.68007415737864807
-0.88741931451126699
-0.93200587016100256
-1.0943018676965741
-1.0171945342173179
-1.1017923341139675
-1.0358150406100006
-0.74292290097153835
-1.1256054046128467
-1.0888582849484081
-0.71628689900079012
-0.66650724170114639
-0.66558419107206845
-0.81539025845745483
-0.98280212894054442
-0.92924128329134414
-0.82351428931822745
-1.0592903599751819
-0.84572806151440261
-0.51461378112682743
-0.84100945934605853
-0.92120896307532474
-0.73660712972992326
-1.0852711639014185
-0.87139830241206429
-0.9606082088676513
-1.2261911777407573
-0.75326453868231402
-0.62439944652706303
-0.68942816393147988
-0.92532074614366955
-1.1690539913197633
-1.044463886319547
-1.1101363540734817
-0.59476384019693196
-0.69209480725503758
-0.87593363914967337
-0.86368670936281255
-1.111736153580279
-0.62221566247086069
-0.62538422975966323
-0.86972619316837041
-0.46960789062866592
-1.0932941965732073
-0.73471104972077839
-0.80891935170498808
-0.68883984455152969
-0.72528354575520659
-0.78179023141985915
-0.51172890623282863
-0.71917739435153971
-1.0132747424021935
-0.76893105876895451
-0.85257448350236431
-1.0204024424004785
-0.76120334242141952
-0.92682254475358228
-0.62061921133406572
-0.50953389295317852
-0.65919623614079204
-0.57772381168954701
-0.71971030579813922
-0.72161327344930759
-0.77370341968950362
-0.69745615081691126
-0.82812013557051278
-0.81811257960485795
-0.6700733610848093
-0.77657031140419386
-0.96748034685695561
-0.61608077519313287
-0.51695383878387768
-0.50285958260330588
-0.65537092570821498
-0.71834194325421652
-0.94257526524088764
-0.76672168457179601
-0.60193403449234018
-0.18642787341374489
-0.64920510922117247
-0.74050444155591633
-0.66221131739586603
-0.56234821066287455
-0.50048836835309984
-0.46943826611783768
-0.47355617111935633
-0.51275280829327852
-0.58658368461891497
-0.89316815404504935
-0.83990367825981238
-0.53027016229158797
-0.88648491360393789
-0.99284121799705838
-0.61882684252061204
-0.33461461828366984
-0.56997339966741101
-0.59002549992073039
-0.46719610951034019
-0.38475905291960016
-0.49151132402835135
-0.74559930830834342
-0.72669638583235008
-1.1523240346941848
-0.81251373533070093
-0.88296541424698893
-0.64379949708192752
-0.8027855326299953
-0.61705141814525799
-0.96351478543074132
-0.86963251062275893
-0.49529699969022395
-0.59888605560940189
-0.60775048636953988
-0.5700525331853693
-0.48573745426792897
-0.53971408123907227
-0.73448826410669843
-0.68567391065884942
-0.51050467992621018
-0.84761931240226074
-0.44355895079932539
-0.3552402670512621
-0.74295210013958723
-0.49245256243456498
-0.81801028710211132
-0.36391443005243518
-0.40886880200669107
-0.86372254574143725
-0.34231305028826842
-0.3927516766468368
-0.58417834327975371
-0.734067757802771
-0.62192759405622955
-0.80274399291400766
-0.44626413751329119
-0.68306148996935812
-0.50614209747821171
-0.57054986871814928
-0.84754867087785701
-0.91661164187508448
-0.70433814099925696
-0.7918902890129409
-0.63150532760722933
-0.74121471668048744
-0.46582134754169513
-0.42538860468254969
-0.53501210354923245
-0.80740418574283412
-0.80281762378552057
-0.45967625623112629
-0.61480083786506612
-0.50755307134595207
-1.1709284936272284
-0.40009326640600579
-0.83028311923410281
-0.34712749001488097
-0.46213147733247062
-0.76369629910928516
-0.36895907756164631
-0.26774509035095323
-0.40105622218246489
-0.62316186422782316
-0.60626864404854741
-0.5471860215499279
-0.52291685223336526
-0.56567512872360004
-0.62168642306834843
-0.36819826064073718
-0.51591978636057423
-0.66475392518665477
-0.45749427168655116
0.033465465820769043
-0.50948226177535316
-0.32225686997469827
-0.72993098400441159
-0.50883265178280557
-0.42364578886204951
-0.44599124940161039
-0.85678223069390391
-0.49325899397535145
-0.56151164561300848
-0.40885345655129296
-0.37270596325233912
-0.73425627059091236
-0.84851700419690346
-0.53710385353302392
-0.64771944999069897
-0.67804641463073811
-1.125413242903452
-0.44061465957674728
-0.56546119576685194
-0.40040348386888941
-0.52755879466319011
-0.78132834925239947
-0.57712681718522185
-0.45159706933444449
-0.4501089793973021
-0.77820251653817152
-0.54267716702318824
-0.89052073110433183
-0.65241950158563988
-0.50026467038017175
-0.41480354064344721
-0.20778262301698935
-0.57726442870595907
-0.71272148262357493
-0.38328648062275522
-0.62833206468635361
-1.1472120971978614
-0.51265908767737467
-0.41879331902782474
-0.58475421818135809
-0.41449652445881185
-0.5489262740951466
-0.33255084740322338
-0.55707390913110022
-0.5282763589925128
-0.13352959742232329
-0.68726309054966972
-0.54575223417316632
-0.3799281262487037
-0.57135531398327188
-0.033488781507416465
-0.2070341789008871
-0.41990249726887063
-0.17800506004589778
-0.36098935134345639
-0.11496181716535493
-0.095084482523463867
-0.29775179617908787
-0.23115696850380552
-0.22941432368697934
-0.14396485157447172
-0.16271937018364163
-0.23694941200194458
-0.39236062009473671
0.06122620728362204
-0.67884519744182725
-0.11542457736373599
-0.41437014685379281
-0.15947648839755957
-0.48578561415102717
-0.28851823137018962
-0.27200111047786529
-0.56437369410593119
-0.50322083615572322
-0.071456389472702636
-0.46552658176861472
-0.14924883329087396
-0.49906193852939545
-0.21700977479776601
-0.092048794656318308
-0.3992451389704364
-0.28975237700264367
0.038039807294825707
-0.24011939245705183
-0.36643176949821898
-0.50524195364971503
-0.22128177268967406
-0.49341610739732983
-0.19236557883856445
-0.13190438758977124
-0.14613011122842928
-0.41279675064342852
-0.53661479035553306
-0.34858935703826655
-0.34132058778622271
-0.15278870463653074
-0.43668700656069298
-0.14104207253718004
-0.25311272431226695
-0.31755847239240337
-0.23389811991291587
-0.37449799091820962
-0.42339787365573861
-0.35300897413037513
-0.34321928575652844
-0.44321369232300778
-0.13736926164385316
-0.40160789218444032
-0.55685498518548615
-0.29372780464722181
-0.32132521038947132
-0.13671310133362036
-0.4783972350560286
-0.6782027924982259
-0.28511062825153233
-0.33904309452362086
-0.19032268963441648
-0.27694152429476854
-0.34150883869775051
-0.37882528547183386
-0.44563538834410571
-0.58272060422276184
-0.36165700675964657
-0.087649231123179197
-0.3196777795003431
-0.077629727275163027
-0.42891192899245639
-0.51251894200758041
-0.50185334341543042
-0.48653569163152993
-0.38118592986457739
-0.4058168556823778
-0.620060229583691
-0.1670148567000071
-0.88368431615615806
-0.26384140608225348
-0.29247972855241433
-0.4591678372153824
-0.059667493168161438
-0.48842763551757734
-0.23201951903554097
0.028316998381287112
-0.047338202555669326
-0.35421905983273172
0.091068565409449118
-0.41099756010589439
0.16954798100839907
-0.10992759334170071
-0.29332632090457211
-0.45168966177383196
-0.36714588828242756
0.0085648265720896805
-0.28043311875488802
-0.51863497318085194
-0.01846465282498426
-0.20715497010753686
-0.34985827136163694
0.045561137725739234
0.016541664819544343
0.14306747893710006
-0.16348713722378358
-0.27939341572861692
-0.728217267208075
-0.17316527198852283
-0.068409936157860854
-0.35719392864906302
-0.20067936459548744
-0.41785101946305658
-0.004164791729927079
-0.18331135358333256
-0.12135219752347433
-0.33888562292936009
-0.14063271047826523
0.18858594749714988
-0.3108638489118124
-0.28810782159880022
-0.23309810351522273
-0.40300608079398342
-0.11693089125281483
0.089308403706207407
-0.66676373313426396
-0.26759394750789889
0.22811654126008157
-0.42528910902074485
-0.34486018990115896
-0.021452713882774973
-0.024163291297124426
-0.25817931145526685
-0.30759020480063443
0.37227604958685173
-0.43770390115756291
-0.28412293092483254
0.10192551716715506
-0.23114481849601626
-0.16034795658392134
-0.13472779410564525
-0.53588234568729076
0.033022102411700151
-0.13974898657713769
0.013700958181147482
-0.25237662557910845
-0.38092927705513668
-0.1705577328923101
0.42669777227435346
-0.055328755300541169
-0.11597574942794983
-0.46910488119351679
-0.23188647724990971
-0.1758895033198794
-0.3163208207136578
-0.0058014596336074496
-0.11726973347273692
-0.3915008564124538
-0.055297536930509469
-0.083096325756211648
-0.29435105767962383
-0.38979411448877926
-0.089602521762657469
-0.42522058192319229
0.072163866299710958
-0.05906221443982191
0.12335602119972591
-0.33980764302217431
-0.089242008085418059
-0.03932164331649151
-0.26776085830253754
-0.36980987369685325
-0.23897451785198437
0.12585917878366337
-0.17415007483332925
0.12503501359949865
-0.15469295084485685
-0.3474224047356882
0.14330624211850784
-0.17674451256415435
-0.21189138399182811
-0.074816646987936719
0.046686770040467188
-0.039973958102132917
-0.17314279405013078
-0.082886430945625575
0.17068586510453029
-0.40410914062374803
-0.24400095337779412
-0.28682576481474903
-0.15342919592520879
-0.32635959209426435
-0.0064998842910681358
-0.090602442316154261
-0.14833174187231227
0.0039447254120496891
0.10597170731054509
0.27092579922281307
-0.055510717851051293
-0.23992288211278961
-0.2896799395851089
-0.14554068939639173
0.017667096751528517
0.026990959074565918
0.11161347767751202
-0.19845868861306701
0.10097120289143899
0.017771228067491002
0.26955511177636798
-0.17156288385863255
-0.020942843383045463
-0.013613508106731304
0.19406661634145558
-0.31638227807925801
0.079174609569668847
0.38883244714638548
-0.26637160948274213
-0.21407281655428959
-0.019854171949993282
-0.29098459317909181
-0.21418102172554923
0.16882237470130429
0.29146544947260833
0.099306092420582096
-0.0081716800299071468
0.28844225744278773
-0.26656421612460079
-0.1816408795156701
0.2205653000947734
-0.10928441096213626
0.073886452710566444
-0.074372291221771289
0.11391868481394293
-0.12237050774817931
0.11180699871864914
0.241089050022194
-0.1187649560197355
0.2751413693179941
0.055391698088692432
-0.17179504433238449
0.027740857164474286
0.18757277587839596
-0.023302126199168754
-0.14792160554116265
-0.12707101199095688
0.27462135357176393
-0.18149494344140277
-0.15516801764430729
0.018929247949110221
0.259556860300581
0.20737278872919504
-0.15507413787359936
0.24485495326012413
0.05775647670608107
-0.016404768580960957
0.24525827291633126
0.13411103406413974
-0.085230780995073502
-0.21893421693053192
0.24304715021811302
0.14895397452324355
0.3909342870616665
-0.21221698791536445
0.084561850829843563
0.21251169613895698
0.2255723646588374
0.12183952756262141
0.11178922747933039
0.37483807376638512
0.16839255696184413
0.37631636781731537
-0.0010883507899780789
0.10528099132896522
0.23559998959804168
0.10397503700261979
0.062302324267347192
0.087669514703970081
0.23816284262840223
-0.015382879058751991
0.19211851463608898
-0.084081215273463517
0.075661766697568161
0.08388712112315963
0.45908803679867483
0.43464654008408637
-0.21309740906771446
0.11885662537222427
0.032638720360551411
0.1116117526343495
-0.24745269662472327
0.19013088244223572
-0.067866900008448944
0.15028339429885551
0.22796566712546285
0.3306511598060311
-0.087544280196007365
0.32850119870226713
0.39598099181855678
0.10784852496076794
0.13401165640253934
0.10890785127303823
0.087618088549866247
0.34904671842366025
0.38013896926109342
0.29634705113921234
0.38521627267675651
0.19533489840794782
0.11442480540047267
0.37246156291404375
-0.31666043959610829
0.15690415498500995
0.24493216672079959
-0.19844765029478645
0.011284182966291396
0.5692134624355959
0.37985204664847144
-0.076053294359009344
0.5511857536835979
0.086906770789585586
-0.18585387883346005
-0.033600087755951531
-0.012461825552230963
0.048177216098142323
0.24095050634409873
0.55002643704111787
0.08400644874652996
0.27260101623435373
0.26062264996966306
-0.12263202974863067
0.40268545091576108
0.013119399964095951
0.19550805524421833
0.2860757883827208
0.54582798615115979
0.27250657605301382
0.20822118645760537
0.47411988294707114
0.40128811549967336
0.58790750169909611
0.26063717427920396
0.18292914327564844
0.22377569262631311
0.013645879519589501
0.0052958869445062211
0.71987995643011093
0.16616805141032098
0.36711439623987802
0.58596297459588564
0.26938387967039618
0.54133332357404518
0.43180613862575423
0.21895073904002552
0.47989299818346137
0.35771967294844154
0.41008656021538892
0.13067236945074082
0.49840635287465684
0.64852511674404434
0.48799532156847414
0.41295955899762182
0.30580444998380102
0.25366602440264197
0.5551587041636481
0.44731460459353201
0.64252489749197028
0.32697417656887545
0.34253037457025415
0.3130536931703703
0.17921108435494468
0.25696080774360169
0.16781310623137555
0.14616453962129133
-0.095083020240166918
0.5227419777058987
0.5434277586877817
0.42428196004496593
0.51414135289358653
0.41141468409738829
0.49284021298912362
0.41164868766073731
0.3758562610623109
0.23671649857864971
0.47018251525551741
0.26056454902447868
0.20886855349935457
0.79229398963158493
0.59419836703938966
0.67715191330897095
0.30191086203341394
0.47624422684485723
-0.027390588449404486
0.2127364801503363
0.32936150394129976
0.22371270207868438
0.083040267003245405
0.40545599193531684
0.35795704085698526
0.34320871777538892
0.40923983669641645
0.67300780300727625
0.27754443286835084
0.10419113126998467
0.16369780845474899
0.32027501942822578
0.29170225680769873
0.30140714765801391
0.14851472668426216
0.23580650422364161
0.50549219963799219
0.022380112830051632
0.24131306778648329
0.50706079735172105
0.49939484557230507
0.19669932693696779
0.38830358693717276
0.29213328126396249
0.087039615298892134
0.4637567904790873
0.45160217850953527
0.5682067995111294
0.4776796768511492
0.23523524284113123
0.50127880172241246
0.066007913683176031
0.30061024305310924
0.48964241385545215
0.30234536745373203
0.55624184845485458
0.31830095033606387
0.40953278613876554
0.46990034079191328
0.48835156761321213
0.52462397835948438
0.45683995612888623
0.79026954961107787
0.53810875957562621
0.71532619231395267
0.59162483002158051
0.36872705320175087
0.20126707483980844
0.52945500359798836
0.40505655570434446
0.65602673159278246
0.34462100438601728
0.36428877909263296
0.40847977817782338
0.48962889738056409
0.32606029876459336
0.34921360254057754
0.61119756103092204
0.48720885290028626
0.47484038056772282
0.25528925191945334
0.60885803201640587
0.56034877127509664
0.20280517267572637
0.51458614731080243
0.2087319509209534
0.53088459396782273
0.18873180034186132
0.59703659041107393
0.7267083461951529
0.47441207024427728
0.87492671897010554
0.40738974588315013
0.27457796390724992
0.50675250453431342
0.41598585035911428
0.098101111010651221
1.0431526377076985
0.53865792339832941
0.54348530473264045
0.83152660311510784
0.92489619253201638
0.48530317097135245
0.22577959984296342
0.59318828210983121
0.59908078529311193
0.23291811587956951
0.55423047130738168
0.81883322486571997
0.29595601351784318
0.56559424309477235
0.50061597180508388
0.58350632308331074
0.70670167780174176
0.19214609271484628
0.64851078083367619
0.72278084977203993
0.16319318933492311
0.55722597983067601
0.49092876740360564
0.69734996102588831
0.4702920686329915
0.45152949534733916
0.28310299343507972
0.29735395539008386
0.76910631409599917
0.90986778311578376
0.50700848690463884
0.82737923173775652
0.10482471515207142
0.61965394293783294
0.61121233749789117
0.41717257625223875
0.59385331012153286
0.51674311991568744
0.64382509577704006
0.63728942414242773
0.6683531967841434
0.53499460731673132
0.90418882161520242
0.89734322527653509
0.66856880116325079
0.56165388698998397
0.54914214192265787
0.92047856823763874
0.58467039848700142
0.83509620125702488
0.84412429031133251
0.47685547359788805
0.71501260412453849
0.13993339611373021
0.69439761286745405
0.62639760095848729
0.87704567594071559
0.9019544513173805
0.59793652307461209
0.9136715489590147
0.53348457521246606
0.52780844248037351
0.5953253212395101
0.64457866160693456
1.0313971378098943
0.60381004265282123
0.73716062041035457
0.67987138295045901
0.77430244297839035
0.58542680376200396
0.51852982223662292
0.39527416230557744
0.64520126700650515
0.87392306717839696
0.7612270928085344
0.30247910785793136
0.30530204056622612
0.83376082295951481
0.68911168241526943
1.0926200767581609
0.59024755548715346
0.73101119981128038
0.79125490595938608
0.84133981035263772
0.44012859189968173
0.80694919178159585
0.74032524099479946
0.44949873382040034
0.97481865778502663
0.8080465301032328
0.56041626477770723
0.61289676347932009
0.97587481353704209
0.71421008707167277
0.57433345201726382
0.75855378137455343
0.91720168088526854
0.947598867131488
0.5351947594888431
0.52616794400546263
0.619080936097685
0.70966545973228945
0.62389288077468652
0.97412510792403273
0.85974775178221785
0.83221852203021862
0.92305292296382702
0.66101658151465326
0.94946759907378919
0.94536288546686842
0.66488583413293001
0.78612459291233516
1.0847694906553986
0.77842797343711978
0.71675520378320035
0.86312286745909539
0.59420685669403206
0.83400055235223036
0.6819442802730934
0.71519165069022606
0.83215318196850274
0.69512521811727679
0.67556214652771873
0.92878144819423014
0.91665837945152684
0.63534113469485964
0.99573840420048154
0.86146467935679261
0.50655933625085781
0.58165217785149437
0.6734019167938935
0.49932115868148552
0.84798841431228444
0.69726437394591356
0.60194657624138748
0.65958420284073571
0.87150348813581924
0.67991770898967818
0.67264893353621746
0.46513764300999089
0.81618404936052436
0.83636947797328132
0.73980946815116844
0.89175123984827431
0.7638683708813182
1.0251809514541899
1.0554513963291043
0.97288536499331402
0.78213239919310584
0.77060984175169212
0.93364112739152827
0.56583911901328254
0.73986570805232288
0.99603546653351027
0.73867270050516187
1.0070108406388403
0.95974617091560666
0.89936571277790445
1.090863974370321
0.82621752446132046
1.0688331584551605
0.90631534839537908
0.84619217829436932
1.2099957069900196
0.75820110887755676
0.87815719139913107
0.68561192989142483
0.65733239670874044
1.3114624802589767
0.73645055019170136
0.52973094866851067
0.33228959784349676
0.79981348367565752
0.97027462006905962
0.80324845269432876
0.69971171075767302
0.91717901475616936
0.95945216401629285
0.79416012911683731
1.0056628684326547
0.80502461142171289
0.66577778430351331
1.0614819006719647
0.86023880015183141
1.0802971044465948
1.1620320237262569
0.93662330430791862
0.90405840526607262
0.75483333095191774
1.0011089862425206
0.71877994946008261
0.90711324296471363
1.0892410717972805
0.84445801006274812
1.1849211364365899
0.94259410775496666
0.90916634640875604
0.67206416330601981
0.7932474030485136
0.96452624115702446
0.59494678827751413
0.99916959521080673
0.83316337289489062
0.85647086561290786
0.77600340371789611
0.86309696908712819
0.8685547306411705
0.99478324560719744
0.91261813478142573
0.88779404445967403
0.90608479424569011
0.91957633551916729
0.8595101319167967
0.95855588854263829
0.80385859018282457
1.069590411720589
0.9383525039430991
0.78051628210273294
0.8861855173264187
0.95546447178503957
1.2493485175392278
0.9520281936579289
1.1758890148516707
0.91871608979820196
0.9948282264751932
0.92090165477128327
0.89854777591920931
0.80675167405504578
0.93331772605648733
0.58915608779503537
0.6455394150416508
1.2040149382583729
0.93490363054908543
1.1606508553554569
0.61460436646150529
0.68388718264016346
0.83842729885106415
0.95036705717713765
1.1517529117925389
1.1138658399237515
0.91968774028114475
1.1515127140928874
1.0995383347490986
1.4640843795125214
0.68955400894691288
