-0.89289011449784594
-0.98380130577066205
-0.84698522696858736
-1.2693404497072232
-1.1664175660993805
-1.2282255753858407
-0.95440479637600573
-0.76020610501435437
-1.1938857107002632
-1.1466885959777404
-1.0011162987980049
-0.82723125908801454
-0.95730969821449197
-0.96758176851219779
-1.1387199964586581
-1.169206039378279
-1.1363581233002003
-1.0590272964845988
-1.0065419818449517
-0.96096271908818742
-0.79806964857344598
-0.79450355180830734
-0.7142556295093101
-0.83812922124221112
-1.144559001613646
-1.0203364813838787
-0.84110557552982734
-0.92414751703951659
-0.87510182186950958
-0.59577598524023789
-0.8902970373545892
-0.94694558914433347
-0.81559007357238755
-0.98012691260256202
-0.68778106568052833
-0.8600490030520842
-0.64750002091784831
-0.93601243449209504
-0.86000729270492648
-0.91894970860276226
-0.80061252896987556
-0.76481030465622535
-0.75862067710630987
-1.0089321502913589
-0.6235643515782735
-0.9364708160925681
-0.63429467748797086
-0.91681819582314117
-0.82514738872139837
-1.0854277587162
-0.65299997560889267
-0.80901358241697663
-0.97771370385348788
-0.60889752976494282
-0.9736172275299052
-0.79002830071027574
-1.0693717428474216
-1.0332610835245479
-0.71444501833885654
-0.9260047994810251
-0.68754988422804364
-0.66355932481333813
-0.78446057260723756
-1.1710452501239907
-0.9989768645660001
-0.76972075650221905
-0.77244457654837695
-0.6735827437616464
-0.80797506773554706
-0.79512944368010796
-0.73316043282887855
-0.64591164731718476
-0.90998554169983215
-0.60109788379398188
-0.65639564786731253
-0.86300444103574103
-0.81601698868424333
-0.8157224024825257
-0.86758629874179616
-1.2495842906463885
-0.64757683282380651
-0.53944730332237356
-1.1491701367359755
-0.82303662460376792
-0.90385299049452805
-0.58497713655098738
-0.6555469724174583
-0.75802675617174975
-0.74535178312101646
-0.54448056565258829
-0.60637035561938291
-0.81656152504621193
-0.95827594526751292
-0.51588102488337517
-1.0826874341254284
-0.90346554097440857
-0.72902833924692811
-0.9537548474090688
-1.0505729749460815
-0.75412796170063978
-0.85525624433238867
-0.80124315611108621
-0.47956320953904541
-0.92100112358932951
-0.74669683174843127
-0.68436909974186277
-1.0453480851731574
-0.77332963283198664
-0.53734326590471448
-0.60645438229522497
-1.052933106306305
-0.77054716006402535
-0.7897820097634457
-0.71289579191172303
-0.67483769019207729
-0.54121802828189458
-0.84965366735439496
-0.88862767427964129
-0.83801898871709668
-0.9896499350407395
-0.94800922267915277
-1.1909490308565673
-0.45597624561530176
-0.91285721031078881
-0.40692425349823169
-0.53708523155933086
-0.81327630985705512
-0.48327491651439491
-0.84297108026493506
-0.66847789486691533
-0.79724253886813334
-0.35307461889325154
-0.59174736666855887
-0.52174239109862353
-1.0791717616807626
-1.0238290840884656
-0.68261847166204348
-0.89658870414178138
-0.96978957379418096
-0.69748344313634036
-0.8945246827289618
-0.84766250107873842
-0.87540532760994871
-0.426132953653241
-0.83572422203793728
-0.59962409144835715
-0.72408574910823775
-0.80758673949277116
-0.75688173091457955
-0.74122605441446465
-0.96955519044903071
-0.50919470653027687
-0.74355253384507547
-0.65484432682220484
-0.93564547504930828
-0.33726503285275611
-0.70885523486485513
-0.72123652885897394
-0.66692275723974248
-0.39985240995790339
-0.45968040341678101
-0.52983281195109022
-0.70717570852408385
-0.67060813778512429
-0.68598819596447713
-0.63497982007902865
-0.58482639973712502
-0.60632457750303392
-0.69490860405367827
-0.53119438812271424
-0.42515602744078895
-0.48063331185891545
-0.7131401206453768
-0.76419748418744404
-0.88336353546517465
-0.26673261589527464
-0.99986773588589228
-0.89208024960913113
-0.42951989007156488
-0.68645615862560272
-0.55871600133107191
-0.80284625796473352
-0.68249363729738766
-0.81313325139589687
-0.9112173348673378
-0.70313479728833395
-0.51097275956173216
-0.36255400258644016
-0.67287623899462223
-0.822145211693041
-0.30417329748703226
-0.50162504451904788
-0.59012669955061092
-0.37130342776464786
-0.64348868267926917
-0.5356911279891805
-0.613732594683707
-0.68157291014647969
-0.90880606578132228
-0.45744644761681569
-0.56387559853156932
-0.60685149240755465
-0.43356827622845395
-0.44857858456673511
-0.39201455354561032
-0.53736261673330887
-0.8074549495389215
-0.42914882603913557
-1.0089515945378631
-0.56002340448495413
-0.63947892524235272
-0.39908698776129681
-0.55088442259594816
-0.59635065538625398
-0.68828510045341729
-0.68079429855213103
-0.41264453443814686
-0.89342899367726325
-0.72340995714505352
-0.2018548167587477
-0.56126542721435413
-0.82032075025868778
-0.48490553559853145
-0.83993475717445831
-0.50248732309319966
-0.82615757609689378
-0.94311741410661776
-0.42702932392065063
-0.99399325193742494
-0.36604476738258196
-0.50603702451216803
-0.68944143769801958
-0.2044404720783711
-0.56763345841907542
-0.88237285185712133
-0.85548977322271202
-0.5567582025420752
-0.5879080820014787
-0.37413023301644904
-0.35983742164756455
-0.61455287020457217
-0.50826470659877332
-0.40363513063931866
-0.53902059272685876
-0.57147063506126916
-0.24710391318927769
-0.66282275942378532
-0.19059969471340879
-0.49297866705174498
-0.095770508461174977
-0.19074529646379704
-0.36854625171366873
-0.74244273155379137
-0.88436406656723143
-0.7176357002127387
-0.23779155009972996
-0.59442416274486531
-0.56869309324772999
-0.29195705642242026
-0.41680078271316595
-0.7554686960824557
-0.52021672954142062
-0.51676362040397827
-0.28470447775316354
-0.81842177841194197
-0.34176406032645673
-0.4576382289602357
-0.50034709323920157
-0.42230635001430655
-0.47990099103889494
-0.45360896714645316
-0.35060190840927291
-0.21287507003090328
-0.50622599678374491
-0.25825661575263142
-0.24372950645924341
-0.63719742312970284
-0.38984924798487164
-0.47472994707335225
-0.62822443548453821
-0.6486970200655664
-0.57284060067322351
-0.073087894804496317
-0.26791956356969626
-0.52881529914784053
-0.59046498209524545
-0.12820557094284554
-0.4529134021963786
-0.4972385471225837
-0.28761401842646228
-0.61666662047949239
-0.38554332994364038
-0.15645948085702818
-0.3215115464995526
-0.51820783554397221
-0.366628108819677
-0.57846352019688629
-0.30292629062726323
-0.26003346603822936
-0.67647563849694836
-0.54384197052147165
-0.056089341974032578
-0.51023291513491631
-0.09099327548263822
-0.48263674708273552
-0.55412539457636678
-0.24747064783552056
-0.51949532042534208
-0.37766580070434774
-0.2324929777503697
-0.14741485965752779
-0.4165321181778584
-0.63393314431153613
-0.67103769847092687
-0.44547475863181712
-0.011138941782818029
-0.060487914531292375
-0.11120323502841602
-0.64250077465306632
-0.42178602433777335
-0.69078804532271931
-0.17545019162311273
-0.58556469824108548
-0.17195710344901308
-0.22119378371169279
-0.36390145474673385
-0.48567565079406921
-0.46124284551468153
-0.056779413699188465
-0.38255911413223431
-0.30132092957564444
-0.38442650083260016
-0.21112475935167926
-0.40213184432935234
-0.28152167807344469
-0.66802404322944264
-0.39955478518633697
-0.016142299861540851
-0.16477850276087253
-0.46340535925115112
-0.078280888200154983
-0.26089933299321144
0.0088479981758775843
-0.067333665693790942
-0.34726613641797749
-0.62175187127582598
-0.32217193955895529
-0.10517587082741074
-0.44544267271476673
-0.23322843985374461
-0.50196184237088004
-0.38542661545612789
-0.60342339867265105
-0.4040952906594738
-0.025625313273470438
-0.29877267033679106
-0.25810123311284244
-0.22092088519539185
-0.36704020907981666
-0.20516981031971321
-0.21078395102627367
-0.072451421349362916
-0.48532466478078445
-0.54210035606382945
-0.20448638552491855
-0.3265567223873887
-0.48163591268183931
-0.60080252502270781
-0.071336250424045858
-0.2702362030105378
-0.1447335217594502
-0.39648514406944368
-0.22496479135435024
-0.16220294133161764
-0.27353983350746458
-0.25674756283973876
-0.3534500446717096
-0.08082592829682346
-0.55119135871727054
-0.42225835659280875
-0.344567470123532
-0.40412825041114336
-0.48693430158583373
-0.31310299386141099
-0.3529750850856988
-0.26445504152531685
-0.32366920167570262
-0.2302124560065362
-0.55487437651752314
-0.46464668463599124
0.18942578820177694
-0.06665191034032257
0.042412588329694044
-0.35161433335713388
-0.010275002706888027
-0.20431657608056017
-0.22429611807671776
-0.11755834516616116
-0.24922988415562533
-0.38005003806808962
-0.15158247213241793
-0.18147362154703403
-0.064206860021625817
-0.33881797464880781
-0.2513724439823089
0.20728198172850323
-0.30361215501911559
-0.067925391169200086
-0.45147868213371034
0.13363887955907919
-0.12903415893599035
-0.43037197459213
-0.10692895728429992
-0.00092142775122776028
-0.028671490912620352
-0.10621947423626098
-0.18308490747212539
-0.13748185059680235
-0.28555666942708147
-0.13677631154676634
-0.30407351020271389
0.20281011257751835
-0.18277208464245515
-0.15717297340502862
-0.069501086806471615
0.18750308402793564
-0.058120062555006007
-0.31601877521467336
-0.19103899522784498
0.025075306242859367
-0.39664679218835203
-0.59361402217377368
-0.11369895440211429
0.14845724184567399
-0.52006224737795725
-0.22203647447424346
-0.24126747352168246
-0.085864294386656048
-0.32598005212540632
-0.29209099602383176
-0.29217169736884796
-0.29439833730761727
-0.25062600881440955
0.0032756173932086117
0.086545911975116865
-0.35848725566978401
-0.044132598659001807
-0.26699722429137945
0.032647346790439548
-0.25068358546801423
-0.25740729306463722
-0.21476304441114388
-0.27646846438940043
0.4446761823408007
-0.15306809816254793
-0.31112898485988821
-0.0041686012680036896
-0.20317318668110876
0.12491704430745211
0.032766098626628305
-0.027039006677525089
-0.16561906045944841
-0.07025666573866951
0.080859491138113582
-0.19934349060039755
-0.027221141905961064
-0.24380122293213602
0.2373885126986158
-0.078536179448967638
-0.19907819846489824
-0.087281109426622372
0.031457406689716215
-0.051518042821231735
0.044970021286537105
-0.22837824374960944
-0.2461728600870435
-0.29565732913059012
-0.5621110882821817
0.14407827876553431
-0.062857710638464501
-0.17678283276805118
-0.10699987674715358
-0.15984269884727811
-0.080582561935886712
-0.16605999160743357
-0.12718588549455465
0.12008215931614039
0.0082481779865142234
-0.36266770957415634
-0.54416107559441496
-0.033188955437899799
-0.27191197031659398
-0.25727852387955308
-0.01503992177847864
-0.022997080797674631
0.11162400817348807
-0.090582772741826093
-0.40044063426076126
0.10720793958478481
-0.42293663731499714
0.18955188816502686
-0.33989579613975629
-0.073605991758171979
-0.19540582537152459
-0.29835107982834908
0.13751845917918312
0.053130464519783545
0.036664391492788724
0.16493064486377218
0.072360312978314051
-0.09014280424962344
0.11585530421401706
0.21029031798089895
0.052695302683256826
-0.14915457179832151
0.15620080745417292
0.27652093715237086
0.33926992022605712
-0.042759894575895317
0.025892738730273514
-0.13665382104455828
0.24957219934469324
0.02582809560180219
0.15803036558433101
-0.12575658117875962
-0.069135823682793529
0.21339958462086286
0.47849898815087
-0.12390616507884443
-0.025289829421809049
-0.073468876652463655
0.2776795411008397
0.22175912658473501
0.11073965188526599
-0.017676477705437274
0.13525059627949673
-0.071323828890594784
0.10486144003103248
0.034636580635812063
-0.081857965183086911
0.019472671335977243
0.28933065667431451
0.029073425575413148
0.18784982683428256
0.17266639814909668
-0.025551670268780507
0.34254318179870119
0.04387982059147516
0.22966863288585024
0.12326731168112559
-0.025218170203992779
0.14006084623745713
0.41051856115983215
0.047747134451683312
0.21115030923833042
-0.084191869611831144
0.027160882366158996
0.14587428151558976
-0.030462472062377691
0.12146307700334179
0.26581567241970377
0.088254522632482305
0.063377973789836881
-0.021268246311446581
0.46517513956004969
0.087197898798141715
0.14341439161772343
0.38849733212615073
0.046500328359428897
0.23736261390303912
0.27421416568330148
0.28277681602756877
0.17849943261981399
0.096119621348302903
0.3244636549059286
0.016453996924094435
0.14143203363447285
0.096689851209549899
0.26082318214339495
0.24895888653164833
0.11847684193059438
0.14090006019880499
-0.052311103159055974
0.073823840827121484
0.3764251745873689
0.41030024141418164
0.048530572189721115
0.028669152346535397
0.49824179534299312
0.34955496854369156
0.54455310846037153
0.47509058716655483
0.23756921677261769
0.36235978631529242
0.090973017939962625
0.2782121075758649
0.1919331421041173
0.34873044566389444
0.072578850078999418
0.10572308721050809
0.26058515568562862
0.16215638405430061
0.16672107708239178
0.19107705330013455
-0.010386709052788141
0.31495391196779238
0.16665698365937315
0.62551429611769482
0.22369622716838877
0.29745865112414793
0.34783537600450931
-0.068880466889452693
0.02718349155071121
0.1892949208594609
0.14203759517424475
0.33282029029326304
0.41905097610916908
0.29429917187117077
-0.01636759632200372
0.10541558259034718
-0.070501641828785863
0.22442243994357058
0.12686308928619591
0.18464551637890853
0.081488919110124264
0.24616682682275887
0.053805544534042168
0.6912623120600685
0.63237210158958457
0.1145685848372287
0.070758622922410142
0.37060049378417426
0.19396808953708519
0.29947404359064517
0.58890658288669973
0.40106247442233728
0.29947508095475012
0.2301493837665706
0.49853707424228022
0.38585358782851398
0.42306540856680946
0.41292066560805041
0.68858818407680189
0.50544992677740996
-0.12323320083430533
0.11683600127178434
0.2925588421910606
0.071864843308055273
-0.052882206324236673
0.16946309051694253
0.5107498407404587
0.29468685591597038
-0.07113093924307777
0.2743118580590943
0.28579980773515057
0.075675730411188899
0.32677210877990243
0.27023182936927115
0.31773837617589151
0.27539936579541185
0.45095240228538847
0.38959924004708135
0.37497059378976594
0.29319274941914319
0.33886720635724893
0.57579983372459054
0.10268930379144177
0.073508210086287357
0.21413230145528872
0.58101222617984927
0.48539362133378533
0.42139594627625204
-0.1613666685174048
0.32090968199549486
0.56192248129303901
0.23652625116703521
0.3098938496508476
0.49245113736006846
0.33165445000574367
0.44123393136662969
0.50978704194909497
0.42841016262461706
0.45722940943290008
0.23924454365237346
0.40036358016068607
0.47102023877454896
0.25786057444780847
0.032202196427051258
0.24087324586839035
0.08027487550661154
0.59240142033616683
0.55444375737558749
0.035068638099578636
0.216688118773876
0.45084180178853622
0.413199125662774
0.3890364101365833
0.58779370722780888
0.30349764309302973
0.2245333102638663
0.39180167400370913
0.1204552791776826
0.78539423242473594
0.13790648932665375
0.56003853104854007
0.34998886211917174
0.14946711016349717
0.29212580441606167
0.11070159022283171
0.51171008976299159
0.42946981317091659
0.33925209013324686
0.42757704505642768
0.37694057894669564
0.46975683618465158
0.2406982319372909
0.38451519111042548
0.21735477542490519
0.16047411726466809
0.039392671134039124
0.48701786069970543
0.61292291476868255
0.53754790906239114
0.50276986061318729
0.38567957141276771
0.22726041277488579
0.44297756119779047
0.3653797055807036
0.2483502125514116
0.39121450860176082
0.71929344475802182
0.55487928983248691
0.66135763106679191
0.34103967467198149
0.55921996461813284
0.50774857870851697
0.45887645084053036
0.6078838586971328
0.2590587526909805
0.81969893167624919
0.42808559498232884
0.5591834338320224
0.66182273643418288
0.37994619411127534
0.66137050966676825
0.62756273854875366
0.6523207450436932
0.65374804397888753
0.35901403848369484
0.30962098590575787
0.59176393293859775
0.59793980649275924
0.68861218634077759
0.58045966660562187
0.086510364162433628
0.79448552570519804
0.637729918623964
0.87409107143858877
0.53150624912245648
0.25789510679665945
0.62979157575913736
0.52100438511721525
0.58647683227199698
0.85982319671444762
0.88019301214652423
0.40249157023668797
0.27658620782344667
0.33566415189930932
0.15970072941390426
0.29625230347227927
0.49698514427910701
0.66104275979730631
0.25046166701631184
0.73786710855489568
0.40733369929642266
0.49589299619320132
0.94562547073651393
0.71878496165707717
0.6658997350695165
0.22335781757101761
0.62703100659205335
0.50318779193154006
0.38973459801767374
0.63817318557242908
0.11415942027563748
0.6616154060471493
0.54604494124149427
0.36401163014962296
0.52228488073474444
0.1013069366707879
0.53772821207264099
0.66994701455002825
0.38822587642592227
0.57673698602253687
0.7734214332984507
0.32853738772431856
0.39419911067356678
0.51237107585574337
0.5495469991815185
0.53287379125159484
0.37304550796951674
0.77418677997690133
0.73053649216656547
0.30411813674573945
0.49802916469034175
0.67335927582994759
0.73642012038044813
0.669990092684427
0.98067204261274732
0.8134098787382753
1.0958360395341615
0.27982223397841927
0.60558764465028025
0.75260624614497962
0.92342429107861534
1.00634974247653
0.56691962912974603
0.35426942552216306
1.0865803717497529
0.50859326716897968
0.51444740868514838
0.65348443235355569
0.58377442280002312
1.1291783351847846
0.66319617893025151
0.82015448008780956
0.56310308499182316
0.93785993622822506
0.63922964114074099
0.67832688281064912
0.61890738618892516
0.68051315319814232
0.64241348004087873
0.37661564916942841
0.60451623551827627
0.81355616360491934
0.52097543221777964
0.35923888895110595
0.74926267733351659
0.49581874935240994
0.61425997553623179
0.58774768784492204
0.53515254595737272
0.47561740036463362
0.57958755727736355
0.38643948672609724
0.79314099921624504
0.670519314076784
0.5641007061937241
0.79197352678939614
0.94595517406125706
0.54515774550619478
0.68894460361534782
0.33704577312510425
0.66723991647930914
0.77675206067242319
0.74980932878198003
0.85524096111178305
0.88007530899642106
0.53601693649293236
0.7751561816363417
0.73486562581107095
0.76493490195726188
0.78127352678343676
0.71926225459285753
0.69874201912350342
0.66238444444809741
0.87345306170852755
1.0268047716251767
0.69243807748478059
0.66490235270738107
0.58736414240204238
1.0467752802857222
0.67521494788134206
0.72326096818775609
0.81703096247234719
0.93492888693641896
0.82272663221171072
0.91323306442993668
0.53378078188713496
0.51209561491603983
0.74154800617334315
0.88824828946186463
0.89918884224510198
0.63337222992921483
0.87430144685134348
0.60196897191774013
0.80701924728085173
0.83212850128915261
1.1838821574763319
0.65267841246023939
0.81883683720417633
0.69848147228346791
1.0186394332287556
0.35384434654610653
0.9323607156316932
1.0023119518500168
1.2730550047350402
0.79756646871939496
0.96883685795706886
0.65641619702935028
0.8724526323554519
0.89953476357563422
0.64294201616781799
0.83238763745232469
0.89405611128595808
0.71466160634406095
0.59119955624599685
0.63083372312993835
1.0563486324193623
0.84991698888434652
0.71553589369794202
0.99860454741200788
0.65835826260907682
0.82595578012158399
1.0119693869312456
0.89445752616724172
1.0048617283244914
1.0867467511927984
0.84821653737125691
0.7630967890221495
0.67016175514199894
0.71355827829391383
0.516047260351012
1.1870959720651786
0.62268990895684406
0.89846993460326596
1.133624926765799
0.8189639031526903
0.60113474134022749
0.67269786580478541
1.1117418248492814
0.75843769354404977
0.92405576844706983
0.90180633268381694
0.50197717258805696
0.64855905785537649
0.88219272098873891
0.83287325453945726
1.1116790827093803
0.86126895092856526
0.77020125742684165
0.81477794800644521
0.65179753448079292
0.74993745896579633
0.89502336719680364
0.75466096259753856
0.69952408990687642
0.98125759505420607
0.73257575614925297
1.0040659013987534
0.77879611821372863
0.74928343717115675
0.87539653237399051
0.82798172667102521
1.0789223094351861
0.79028435432676558
0.92088582466253521
0.94799019003174478
0.77224067356825021
0.93636742814519625
0.84318942244070239
0.95017268571251312
1.047172621805134
0.41030904136661578
0.86891937043052758
0.78540178853856701
0.81511116768451963
0.9369860865347216
1.09427277259822
1.1530457241544227
0.913087337865502
0.70223150935692857
0.81831811707031443
1.0106666216104625
0.78476615295315166
0.92509805558878577
1.1380817640461358
0.95695206898990504
1.2602960917925492
1.1207037002435842
0.7064140214903708
0.61750232652898041
1.0974070831525666
0.84076927644616795
0.73698883312831398
0.39766802018861724
0.87539840794263402
0.87625699224164311
1.24905456114295
0.80348180297534422
1.1334496247751875
0.98391248336881099
1.1596601875543842
1.087540045549906
0.94776851075509938
0.859769645336521
1.228554380810629
0.88452615613027075
1.0745162724593953
