-0.56816380941755873
-0.877060739237843
-1.2330193836522125
-1.2159900416931662
-0.93687937757197925
-1.4245294814139766
-0.95768023367048294
-0.78310549778698335
-1.0440313888724446
-1.0640974514242221
-1.0444560606006412
-1.155214028861379
-1.1025991219907743
-1.0394896610769246
-1.2444465040811115
-1.0088961015184834
-1.0642191931182037
-0.91060056148875468
-0.84487273672678442
-0.58728772081468794
-0.80732340026815896
-1.0452477806157043
-0.79236724288186311
-0.73997286671842466
-0.95566647945418637
-0.93411196442917543
-1.0654778521464219
-1.2152278441148683
-0.76470741373607254
-0.62635849212426875
-0.65869212688297241
-0.89991923844370303
-1.2123045669606416
-0.98125668317568426
-1.3383886669795748
-1.1951352466674152
-1.0523482079592994
-0.76202474313659729
-0.80252487986992449
-0.84715415684152529
-0.95446057161956288
-0.73999241570173024
-0.77471931030877406
-0.98527606420064551
-1.165014019605082
-0.5825269166107071
-0.63329327061155394
-1.026971368842809
-1.026763487968211
-0.94832422777168668
-0.86300432583995357
-1.0243159053112845
-0.748238967794572
-0.86324841306236555
-0.82458567627349488
-0.7010481674247353
-1.0304130037860368
-1.0391558777716234
-1.0331530470035439
-0.67876057126442491
-0.90262576676574635
-0.92513711358209438
-1.0938123739427918
-0.98834752740106235
-1.1006468972271484
-1.0517746178079037
-0.74702240746317361
-1.1335718128860004
-1.0856020617607163
-0.70077462115184297
-0.68954627278465963
-0.68842703390472315
-0.78181803370802316
-0.98731190300554794
-0.92618313046179856
-0.81953609726072829
-1.044820494654171
-0.85511378532380633
-0.52117379080340398
-0.8546609737017693
-0.91565425635973097
-0.72779464545394523
-1.0994875031230873
-0.86632181937627251
-0.97756414602930031
-1.235821795180307
-0.75965662222661867
-0.61400905940774519
-0.69882230224351405
-0.92887226840064474
-1.1786515608145152
-1.04819598341118
-1.1086726208100288
-0.61723642926528099
-0.67055897507529227
-0.87414798065760069
-0.88544109118975833
-1.1059766086594824
-0.62817123310120915
-0.65372695703084505
-0.8852850508485528
-0.47775369467151707
-1.1053768283750809
-0.74126990905689072
-0.8058626595568098
-0.70593120970584811
-0.72498277037882086
-0.79921787240495523
-0.49982939077037364
-0.737468687521736
-1.0201245919961885
-0.76656599666615699
-0.85819137535569412
-1.016507799520544
-0.75950952556146378
-0.94315549849874469
-0.62193731706995892
-0.48124934943453157
-0.66920759483588788
-0.58837702153701965
-0.72769284415302971
-0.73165689313539439
-0.76259469252383905
-0.70560118890263823
-0.83012852979221141
-0.81678987441055506
-0.66051418827747854
-0.78514539559862628
-0.96262670810277218
-0.58176110484740939
-0.54898884564487538
-0.49604350094379279
-0.64218474768284783
-0.72957825867904302
-0.93871523725564221
-0.78244040888342292
-0.61360202180345647
-0.19361816944570834
-0.6604676006614979
-0.76624905757032491
-0.68005813936281789
-0.55547394478338252
-0.4738909245617986
-0.49156367351319957
-0.45495545216223887
-0.51789875138232444
-0.59211281124891979
-0.86875538430753085
-0.84562442201267563
-0.52147183697288513
-0.90109589397804513
-0.98069218351869081
-0.60132575713757219
-0.34463730210437865
-0.55868665507202986
-0.56355376398256207
-0.43829371628315766
-0.38489341703436741
-0.47981275704676368
-0.74612270651338486
-0.71655497931341627
-1.1295159680886753
-0.80560531800741764
-0.89500230788888557
-0.65620159827853131
-0.81965546818685531
-0.62539128873210603
-0.94875730560677274
-0.86848154815425382
-0.49477677554339544
-0.60253644466721468
-0.61271487339565089
-0.57722564199261528
-0.48387092738375009
-0.53975095216114299
-0.73876155839219393
-0.6974750460691167
-0.5052733007158281
-0.84145097667599222
-0.44258760165142719
-0.3712218395735441
-0.76925622876279942
-0.48394625072754988
-0.82544864067246049
-0.37652935988527031
-0.40357085259816861
-0.82801105641993356
-0.31167176039191119
-0.42194673627222828
-0.59045935668074068
-0.72288015670532224
-0.60495995621106313
-0.82543675276973694
-0.42981262095544348
-0.6766946859636217
-0.51187836749795934
-0.58840214907577093
-0.8538782488540575
-0.90850231773679013
-0.70532669241759727
-0.78812408257170896
-0.6211486666847188
-0.7480805332954974
-0.47343800502036215
-0.44925648970939708
-0.52511095999949287
-0.81402484305503453
-0.79299514988405906
-0.48142373825763529
-0.59951998464962997
-0.51701820299522627
-1.1782935842457101
-0.41521893098533441
-0.82812866873664415
-0.34439096545218428
-0.46294804135415646
-0.74071857448168588
-0.36404050776444208
-0.24368806068343946
-0.37599576663351009
-0.62046281069185882
-0.61401738900250413
-0.56230833932161206
-0.52208351566849776
-0.56676484633411495
-0.6300492222089773
-0.37917224770408847
-0.53762318147295418
-0.66000341529576967
-0.47338878435098791
0.036839047505502452
-0.49980100267614214
-0.32806095536386481
-0.7283438821297713
-0.50705102957622206
-0.41825063620947378
-0.452715894861552
-0.86631551237395044
-0.48206126937574056
-0.57465636549262267
-0.39966044007867929
-0.36291030556837606
-0.71445108624539122
-0.86564938614740705
-0.54221844553072551
-0.64806801413440263
-0.65788120823135876
-1.1198828925595119
-0.44833500805101056
-0.54206782313027302
-0.39439099514796855
-0.55391316646559685
-0.7935719600310579
-0.57201376524110359
-0.44518094766531213
-0.42804692601953215
-0.76757496549194804
-0.53474036214137366
-0.90499487328583939
-0.66185323337545454
-0.51441938958257183
-0.39770869567803724
-0.20652327888308866
-0.57208691279201385
-0.71815806833235885
-0.38166202236677871
-0.6441173340477454
-1.1554052344313455
-0.50953901041478078
-0.43794390097736863
-0.58286791691670281
-0.42376038510006003
-0.5548477698295422
-0.32712085030443772
-0.56927470309797956
-0.53501724440964005
-0.13987092094808209
-0.6847861366691893
-0.55426796868473516
-0.37601358928525147
-0.57212714426501521
-0.018612829864907778
-0.19853020024923135
-0.40435087405365516
-0.20228609105596138
-0.37682368898678981
-0.099514698965554343
-0.091375127862222807
-0.31410567661439787
-0.25944880838949813
-0.21776786330623821
-0.13962523028749402
-0.16313230720238833
-0.25258704145547356
-0.39986326047845316
0.06741592773473809
-0.66919660941465409
-0.11294776755273714
-0.40006459937284827
-0.19250513271753772
-0.4829595894033743
-0.28035817268878838
-0.28148589840673638
-0.55914701479572904
-0.51368584092386582
-0.053461290525425496
-0.4763647214697927
-0.14974109437717759
-0.50979405736391947
-0.20560958411654237
-0.11258959671068441
-0.39905482861321812
-0.30253204022751568
0.058759556109686778
-0.24404814698293914
-0.38273491497305373
-0.5119808446690487
-0.24824386026283413
-0.46284234150912457
-0.18777501067673669
-0.11452832454190881
-0.15047785100532879
-0.41248527827799752
-0.53851602815031152
-0.34277688089041486
-0.34291005993383822
-0.16065858667959507
-0.45308323129637895
-0.16034286978193016
-0.25326202375680179
-0.29646999459871087
-0.2369590061546564
-0.3837485799079407
-0.39988592255794747
-0.34592879779086411
-0.34781081183530954
-0.45771913100001654
-0.16245107350039742
-0.41198765021077016
-0.54784397509419258
-0.28728976953956553
-0.32344243824414359
-0.14985187723327462
-0.47635332164538086
-0.67083400789538328
-0.30940441280918457
-0.38056239563622907
-0.20776597189668006
-0.28211505458974184
-0.36168653540192425
-0.36442354198333876
-0.45413710236190413
-0.58834509898341902
-0.37381810759241396
-0.095333933825090714
-0.32591681846441917
-0.080165143264795347
-0.42165555375319541
-0.54070992546619101
-0.50806773443490272
-0.48034622910931968
-0.38879773096781783
-0.38425886273710741
-0.6260308779140471
-0.17276914855553313
-0.88448641372252679
-0.25022412823865064
-0.2820294641347455
-0.47245952557009768
-0.05191106787180564
-0.4846562644144039
-0.21057049961962304
0.051864938184875871
-0.043602745453146179
-0.34360999944836201
0.093945938359754705
-0.41879073409972645
0.1414233766289682
-0.098943890254521577
-0.30390886168129283
-0.46370538129327243
-0.36801317193625321
0.01822347018372826
-0.27566361573674603
-0.49908200370858452
-0.018514924691126065
-0.23713210240875499
-0.34965744510378532
0.067162718333054094
0.022287913075024965
0.14915283345853481
-0.17814373516154092
-0.27302350372970163
-0.72718624765071116
-0.1726409752532701
-0.082204045335097314
-0.37281650453337561
-0.1957419314285494
-0.41840813613641992
0.003523769986145741
-0.16995320205484218
-0.11941202927765368
-0.33218075125165086
-0.16775055669279851
0.17357631219165617
-0.31382574298940086
-0.32880875384523978
-0.26135410779964252
-0.40683697743825575
-0.13193278701000211
0.11061378375812465
-0.65436761172662794
-0.26591471883701734
0.1998838147385387
-0.40495178548660138
-0.33377458022688999
-0.028202979806885856
-0.016841856194162941
-0.25926556927792388
-0.29118850909373833
0.36218257592394537
-0.4222680765606579
-0.29826723619077583
0.087309819235855568
-0.21277860495826609
-0.16894255421937673
-0.13219833150425803
-0.54180135549060904
0.041970397847859366
-0.12386303341372218
0.02004704596578244
-0.26968826038666005
-0.39138832114049277
-0.16059015288912476
0.42165102449499886
-0.04060778630407557
-0.12886462452505951
-0.46954487461101152
-0.22461632374601076
-0.16176259009601052
-0.31075614624293302
-0.039786635478711981
-0.10083637875314594
-0.40306267094180881
-0.069816112439468239
-0.082564744067487469
-0.2802202112716502
-0.395221509443418
-0.092431267467135897
-0.42326969405526205
0.055749907329635306
-0.071730705633104283
0.10277841059235882
-0.33311615416050733
-0.083631638600688035
-0.051070180142524152
-0.29138907134257397
-0.36730703704265544
-0.2402152733827656
0.11799006441712169
-0.18498922653200237
0.10665152789914227
-0.17310574433905634
-0.3598911248918204
0.14459191161640572
-0.17821179175600066
-0.18907078246548761
-0.09470479995835826
0.028108720293915066
-0.023804862129032094
-0.15496554425302467
-0.082711313855706334
0.17477997645415663
-0.40105962204462847
-0.2633566369751203
-0.30356453323254678
-0.1331515475788517
-0.33524322202587759
0.015624170528331337
-0.091980930048737086
-0.15072193095718819
-0.0013484937374770611
0.086554005889241892
0.27141108502211581
-0.046337110579074317
-0.24097511335314634
-0.31074857147690887
-0.13434584268951394
0.022541653471362669
0.032270700599299804
0.11667096636909191
-0.20415076383080533
0.094907122140170344
0.025609312390439991
0.26738654902735326
-0.18254805666427834
-0.0069671311325914748
-0.031129111806785029
0.18972556827936976
-0.28801332955342684
0.08119494506738141
0.38987506016573958
-0.26926606960977839
-0.21234558428788952
-0.013203011908004287
-0.29972196708801524
-0.20747773850533524
0.19916471689534807
0.29576107162511467
0.089464050032481701
0.0028679287981448341
0.30351035880406974
-0.25901853070956793
-0.17080271058861518
0.20534598612614016
-0.10638438622721313
0.074628935176940719
-0.033747131708386127
0.12634959318845557
-0.13190704381404092
0.065299172675722689
0.24156610155883707
-0.13934941717608254
0.25807909911135696
0.055185275266852921
-0.17640826112218658
0.037347019582398819
0.19709078965433222
-0.0082423699204748051
-0.14004460676486843
-0.11006147964472775
0.24908667549825478
-0.20064263479372996
-0.14430673597924537
0.035796612270513374
0.25879997764608553
0.21141396697016868
-0.13723582132109249
0.23885506936245363
0.062899209779893731
-0.0053719193494401584
0.26603472006427842
0.12717494013976477
-0.082575188595200216
-0.23054201766381205
0.2450684226184599
0.14776796424133182
0.37033364597509988
-0.21768435124961855
0.06473432860686551
0.21204509560512755
0.21995572268075161
0.12409242944790272
0.10183923156415661
0.37736274404228598
0.1778856054063892
0.39768032943453302
0.0030347294091750852
0.11712887080411234
0.23296066729505957
0.10955751677589383
0.03531782502800309
0.099259437951905657
0.21756876308268383
-0.011492450992622935
0.19882425086853583
-0.083478129081133709
0.064071807561467867
0.068996679503316824
0.46015329275753547
0.43616831528699551
-0.19711505520071237
0.087280824603466936
0.044717941375561926
0.10699369975536033
-0.22865987288880038
0.20630021183376915
-0.05263940899994609
0.15115449019346733
0.24983666427763049
0.31499735641120979
-0.074115365151127224
0.3131677032306136
0.42943670883551094
0.13623437924282503
0.13376200150136597
0.1243667054310016
0.087888098727916683
0.36466583988232798
0.38618508556799835
0.29263754781642204
0.39871420903768745
0.20554961161769278
0.079682575169110217
0.39081560313362584
-0.32525802874373932
0.14104935349193251
0.2091047260482474
-0.2038853330301911
0.036418566087690181
0.57762486788759038
0.37273294702517507
-0.058454790921498245
0.54403645233803888
0.078776619041350499
-0.17408020933429003
-0.057326159393779531
-0.0071421522842502116
0.041012468961411565
0.21828736704782431
0.55321661295638147
0.094139608014901524
0.2650285002764397
0.2873980541916667
-0.1168891133516492
0.38635519634194265
0.01251027063362622
0.20147298417579979
0.28414811427847098
0.5282132262268161
0.26823831773189977
0.22183151558089326
0.47445846329934915
0.38035084730375257
0.58463074006520577
0.26818742107968746
0.18941514169873019
0.21933781297151397
0.038427922166872887
0.005010060048818544
0.68701521432790025
0.1515244529520719
0.36137320955008323
0.57650901482089978
0.27788449548101285
0.52321761152947266
0.44118340097554953
0.25061395179420454
0.53132019996875757
0.35257152197119063
0.4225095082601632
0.13517253295331605
0.50396812545450942
0.63362691451124631
0.49413085162633053
0.39591214191619806
0.27261779986210921
0.25528128562218383
0.57505029702257626
0.4493035691302269
0.63575581241983981
0.36453124316475721
0.35205662665103138
0.3183252282926653
0.15783825113481567
0.21163264037356688
0.19162970658165548
0.15443314641267847
-0.077631646610199945
0.50343830106126564
0.53317205289594238
0.43403742373735038
0.51623396205137018
0.42877596694486902
0.45914584914428636
0.40754227411013338
0.36272922915814815
0.21295571436584754
0.47362680560623011
0.28164101192783564
0.22978988879500709
0.78437313006808884
0.57987250526856371
0.7059267120371614
0.28842186472670683
0.46057432084800309
-0.022352144226512178
0.21180341148203718
0.33571341395376136
0.23803796765722948
0.11136239036781886
0.39112087936740381
0.37430968835739559
0.34425926569717863
0.40061462087909794
0.68061306845132419
0.27680981171046659
0.12293418432793382
0.15581770365525879
0.31682738031950619
0.28428344167395775
0.27950130547018759
0.15317967140175384
0.21916205405301337
0.47989663209469036
0.017698448555406875
0.22222970174231158
0.48768192370256275
0.52967810307386409
0.19615573518774829
0.39517931558869246
0.29964726447986423
0.093185101144531379
0.46112411129322634
0.46027683393680507
0.56522358904553849
0.47752132950863635
0.24626971471365863
0.50705524277968372
0.059119453842836067
0.29251409527336458
0.49482673909213004
0.32267921992001164
0.55857482802554348
0.30983944298868493
0.41512293800703942
0.46487473926331174
0.49161930143432875
0.52864633866251387
0.46232079531464637
0.81359063793594055
0.53683853076280641
0.69325217835388353
0.59284147940696208
0.36493473712010471
0.21471699555518986
0.51131830154212365
0.40395030982494345
0.64645103147171734
0.34374837066077446
0.38237451127133731
0.42541127755018676
0.47971609530126369
0.36960727071732269
0.38460628274370878
0.61982147771486373
0.5116598727850763
0.46454053884675162
0.2674304836620981
0.60429185370192295
0.55589592846840008
0.18024583610667894
0.52518638233011761
0.21004925317236384
0.55733918923281944
0.17086201767666293
0.59320637927655417
0.70967671837043889
0.5043279956076554
0.87246940867382328
0.40438588413696996
0.25827804256757292
0.50650863953715908
0.42264870553640127
0.1284352036945984
1.0414825046331626
0.53850819621527635
0.53369753156312405
0.84050581491989684
0.92876651527384713
0.49105673129838601
0.23860206691849434
0.60339820612012929
0.59685458371003652
0.22964076636183028
0.54546083031644599
0.81548241876445893
0.28783293155704975
0.55151383464817971
0.48361287317713691
0.59563676251526654
0.67951709088876266
0.1925777307550795
0.66244566320953546
0.71430243765336721
0.15372317336766828
0.56820465801140851
0.48284423747970245
0.70666489684123013
0.45019994437528732
0.45452372585313527
0.27465731016883466
0.30448099661744149
0.77204267908205548
0.89551885574155543
0.51814546773765213
0.82023612435911686
0.098302847065979831
0.60303087346497053
0.59439830720501241
0.41503165445838452
0.60384410412870781
0.53429434799758313
0.6281444263958692
0.6373303636576183
0.6613207771064803
0.57482617233898847
0.91645967559058161
0.9045761724953072
0.64858835952628269
0.54740523932235674
0.55139384262259805
0.92790360766712254
0.58504376220175869
0.8345189149487563
0.84852312654020112
0.4834735371675471
0.70800872540967841
0.13264884732154902
0.70522437140943328
0.63826755315665884
0.87584349290937213
0.90760146650279794
0.59105695708872286
0.91175408719133444
0.52194370985699701
0.52802755766431275
0.58427962664843192
0.6492893708299986
1.0353636111874402
0.62744200899693614
0.75236961885754061
0.68763499964484631
0.7361901796929422
0.57670264800960103
0.51767120971659564
0.40458308049348995
0.64899984421365686
0.86607945185797675
0.77583214925464428
0.30562366537656704
0.30688407581889371
0.81031048297633868
0.69156649016445015
1.0969177510121602
0.57383302094827415
0.74485581003942525
0.79960198184768827
0.83351273504787038
0.46103553212728859
0.80462887612615963
0.74916608559432207
0.45364996376291605
0.97284239625448776
0.80050985558680576
0.57830449302051523
0.60161466971491862
0.97840179938125704
0.7143703078758622
0.58322536442576034
0.76912121962024771
0.90791309987201474
0.9493589331136465
0.54638095096604522
0.51698379246570914
0.61240504116891126
0.71289889114825855
0.63008625343146718
0.96499924781855773
0.86103870765145563
0.86137799834648032
0.90215393451532944
0.67459520868997425
0.96327069050878444
0.93575078605191631
0.66082661487802963
0.80416008240524417
1.0955949388478763
0.77099801280620861
0.72035970344653211
0.86410834973341033
0.61672637756532311
0.81875749371808793
0.68756142495008488
0.72979928079119338
0.84467825115264483
0.70452357777183139
0.65566580252097695
0.92022015059653339
0.94370913311622873
0.63035498675581481
0.99123447011136567
0.86113799420047588
0.4963666544588522
0.55854859027892623
0.68798453393689263
0.49787700412118163
0.87317083846707799
0.69122013452365583
0.61713991726228223
0.65896078121815582
0.88508930459321056
0.69185519285105357
0.66427563781298371
0.42400288632082467
0.81661978215209707
0.85144058891234131
0.73722969474451605
0.86110887900982025
0.75283632432393621
0.99293872212805478
1.069300908814492
0.96624295913247349
0.78650931724644257
0.76355376917260487
0.97707370343903177
0.57578336753988457
0.71962313078358819
1.0323894354005292
0.73818742115624192
1.0115129059096473
0.95315011766540403
0.91602707430942198
1.1151054992120668
0.82366492191307605
1.0785718329592742
0.92153835780771098
0.88085021924687823
1.2333686976608802
0.76062080667410259
0.88166683202891638
0.66942373889549678
0.67714778218056215
1.3347284655481122
0.73607868409533028
0.49745027565877259
0.30645119863492348
0.79828739943746185
0.99311472421434055
0.79584257228799249
0.70837607767699495
0.91587564154605861
0.9464801058032658
0.78497450487832732
0.99846880066310129
0.80484805825116912
0.68059394166276088
1.0641682602601679
0.88847416015020697
1.0802286370350274
1.1467387034711927
0.95857857409614478
0.92101893959225289
0.75207450432474465
0.99468018001159786
0.72558088612235738
0.93627036586698664
1.0687831897251516
0.87141405046543374
1.198719820384335
0.93720968329500176
0.90318689829882359
0.65854589725194912
0.80045741343414878
0.98919515825834781
0.5914921970996273
1.012506522071891
0.81429930221545199
0.85457015985189921
0.77998658581495528
0.86731154039880609
0.86198164621328954
0.9698767981262636
0.90974949999411703
0.90121667908683156
0.86337873703111412
0.93493520280828124
0.84343590007943625
0.96399339763472469
0.80857453711597393
1.0726644845953222
0.94799286614961642
0.76058552733990215
0.89461260558053524
0.98336045107993908
1.2585711988179014
0.96601823040505563
1.167299967530119
0.92319394528662113
0.98073162758176513
0.94974724942911237
0.92546402587385623
0.78757471634354026
0.93301565506539497
0.64228221497944671
0.62230073432875166
1.1846837180121261
0.93110091418598273
1.1501706601221975
0.60178994194880275
0.68050081499685733
0.83459641332429746
0.94005153485789317
1.1575535709009628
1.125488807172413
0.92035915606758856
1.1569903944387685
1.0963747782608266
1.4866155938963113
0.69557730637298154
