-0.9259696756716338
-0.9865223815442512
-0.85344068040611554
-1.2513968627956351
-1.1815712374318863
-1.2227532672623429
-0.92616823666928727
-0.75823546190356728
-1.1866952541401594
-1.1539646280853812
-1.0063430923991268
-0.83040804984978844
-0.95858081508646964
-0.98748924089869272
-1.1543477511236657
-1.1712433723994986
-1.1419096340217663
-1.079692153334179
-1.0077043101949836
-0.96853904462498586
-0.79793590365300471
-0.76430655208247311
-0.68860070488243263
-0.86880802431125315
-1.1257588385251345
-1.0469723801983313
-0.82744713277952342
-0.94103834190964697
-0.88615222280967298
-0.62287394368230486
-0.87875397736439143
-0.94518293914548623
-0.81410525421391755
-0.97685965019128762
-0.7067458930534487
-0.84515833683088903
-0.62013880003874233
-0.9275144375268809
-0.85240182380041507
-0.91704285293498577
-0.80695198359056275
-0.76762676967203824
-0.75161610103004994
-0.99783779104558934
-0.62011310306825351
-0.95133359750669821
-0.60508187242962375
-0.91400157415704153
-0.83845215126727202
-1.1150304953445442
-0.65112999815674466
-0.83331748927880911
-0.96640443563353251
-0.62817672834639848
-0.97352018633110815
-0.77638411046681199
-1.0755697739085335
-1.0469711660699712
-0.70925073844990771
-0.9346684618191613
-0.69145097565328384
-0.68019896725308016
-0.78498880283425598
-1.164688920986243
-1.0112017089207803
-0.75458586326464439
-0.78689825190499119
-0.67561375715525362
-0.79670479636321179
-0.79813190017301794
-0.74621041056447035
-0.63989962546142953
-0.92029197506853233
-0.61767586971685573
-0.67792300738657385
-0.87845832641960775
-0.82333862847063233
-0.82090385389056097
-0.87709445614390302
-1.265563667589646
-0.64529237215171831
-0.52628982180202943
-1.1538215579787547
-0.83294889621858836
-0.89318406175692966
-0.57245614383647592
-0.67012568790832749
-0.76641340550642179
-0.73359958491082766
-0.5439114525269575
-0.6058626496130145
-0.81261606505553841
-0.95714463442015685
-0.51442759197870813
-1.0814184521907526
-0.90771022403228596
-0.74329401255409322
-0.94688785388602903
-1.0632754923814438
-0.75562907945063562
-0.84124663528737276
-0.81303203080863851
-0.49963180914931959
-0.94030749840677663
-0.77349386461021186
-0.66163818492974602
-1.0409559821199195
-0.76796596276277773
-0.55542907582333845
-0.59759527084882313
-1.0359289666976645
-0.77398410504732751
-0.82178592068852041
-0.72637415073169309
-0.68626001579143481
-0.56098189660933828
-0.82929093632035666
-0.88854728264552851
-0.85885946604564722
-0.98935133815863052
-0.9337743513781096
-1.1858693492037859
-0.44248600301542718
-0.89901767325293902
-0.41388572800540668
-0.57109787999596073
-0.83100478994219329
-0.4737978248638679
-0.86369730856543847
-0.66821882614988715
-0.77414964618095705
-0.36442121903227254
-0.59730492890851705
-0.52474042226063566
-1.0614428414921986
-1.014060643208367
-0.66484222397453285
-0.89770899721308339
-0.98277020742017218
-0.69711077290578083
-0.90257981142943977
-0.83466042332249968
-0.86909315145789856
-0.43399524899225234
-0.86918055232633995
-0.59921380931217916
-0.72172379077404347
-0.79843555914990172
-0.76326788944284563
-0.7595969684742131
-0.96668526070745819
-0.53450696683547849
-0.74541064734556706
-0.65075483689844604
-0.93164269171827929
-0.32654351344520877
-0.71370073971911319
-0.73342769462797919
-0.66824820602945101
-0.40556790121054126
-0.46406923386912063
-0.51397823677648991
-0.72792842847272587
-0.67171623826563398
-0.67168220889157704
-0.63776443899692037
-0.60939043207513044
-0.62209908241900325
-0.69983599440345423
-0.52856101970877623
-0.42555654452039954
-0.48504500494427344
-0.71047070276728885
-0.74728455317099074
-0.88164630308640102
-0.27651445829072152
-1.0007059136084324
-0.88412878744697443
-0.43290061316414213
-0.67637814513933525
-0.56071700235873034
-0.80924258894061507
-0.66506074896658551
-0.80590033036675701
-0.91979314923640665
-0.69989841274400344
-0.5158880136440045
-0.36568247271067478
-0.66670924516021191
-0.79096988030351378
-0.28680244428826157
-0.50344166469351326
-0.57897238344981772
-0.36501332251855939
-0.65279211967678963
-0.53427921363613373
-0.60686905698281424
-0.67865154569206876
-0.90358833850008757
-0.45179115498395372
-0.56356957850862199
-0.61555892264786538
-0.41839952024448879
-0.44823988754316263
-0.39026636710313756
-0.54961192876739751
-0.78990641965768171
-0.42185749633302372
-1.0257508961243009
-0.55243337689806493
-0.64491315219286938
-0.41989448736120821
-0.56552375935068178
-0.59203772204076199
-0.64473559313212248
-0.70381677154018063
-0.43778814222380685
-0.87202173221974988
-0.74726591577496437
-0.19735918079122619
-0.53044474679459042
-0.83030679890751624
-0.48251880113827772
-0.8469841675380988
-0.48845285529789945
-0.81259986737446066
-0.9243889477527103
-0.42824641561367649
-1.0062470912352157
-0.3493309885941176
-0.53947026317502045
-0.71805943658512894
-0.21865294502637189
-0.55862762390860643
-0.88637894956306418
-0.85953722009697309
-0.56652814813476282
-0.60693742775506376
-0.38505558646500387
-0.36295033907565299
-0.61508850269651383
-0.50412424313306892
-0.39418792413187564
-0.52981316771845754
-0.55810505942183208
-0.23616795095150725
-0.66017128465923258
-0.2024962299417476
-0.49580544173014068
-0.097241400833936897
-0.2010284995349001
-0.37710081054368527
-0.72285646322892882
-0.90162013908238181
-0.70319087102515576
-0.24753538874431882
-0.60559882561622569
-0.5573689442841393
-0.25731867007034503
-0.41621232995971658
-0.74591863885263177
-0.5105166037331017
-0.50888834754321788
-0.29785927254431066
-0.82002283415540744
-0.36841470845912677
-0.47131235120879267
-0.48940251029775012
-0.41949208467454824
-0.47536389278746505
-0.45706181497603948
-0.36518133032750288
-0.21081701038793629
-0.5257491420846685
-0.26216948529520656
-0.2363312443885322
-0.62794875292131358
-0.39378613747190422
-0.46329652596025978
-0.6270251873249042
-0.62676143982204879
-0.56486017774386443
-0.070315987555887763
-0.27727563122532584
-0.52342889001280524
-0.60311854496121953
-0.11564688733630163
-0.45770176433104348
-0.50910029535333134
-0.28064640693261278
-0.61332839669139949
-0.37629950358803799
-0.16352232869991123
-0.33101379520704194
-0.5067342296624523
-0.35737340071494567
-0.5740260746812057
-0.30711515285692381
-0.24442988239084731
-0.66557118858970099
-0.5535195027518246
-0.047947223338934052
-0.5019687835068769
-0.092344467662780955
-0.47985470054417567
-0.54168511131478936
-0.23306402265456228
-0.54158119139555172
-0.37434474022053066
-0.23959251539471171
-0.15242363410127696
-0.43081131205887657
-0.64177789828521381
-0.66004428738347354
-0.43404909014960202
0.0039332529853087
-0.078377661940496848
-0.1021163462200583
-0.64297058704509891
-0.4326253911000344
-0.69897237385715261
-0.17518284057870417
-0.59116548995042273
-0.16080137539339864
-0.23290012096382387
-0.34635650080559893
-0.50262651397712887
-0.4789597373603624
-0.071110645906320435
-0.39469465590095787
-0.30861276148073608
-0.40138935587282504
-0.18155293359521102
-0.39581396384859868
-0.32204761892833311
-0.64961692671865201
-0.39707775714135396
-0.01800719743211977
-0.21116004429300012
-0.44581171316387752
-0.069042050045200296
-0.26977399650735195
0.043580799479469828
-0.06209834742957393
-0.35913346155188791
-0.61781732149236335
-0.33160711631768752
-0.11390753552913542
-0.4797682131783077
-0.23461844296730244
-0.50110764557673482
-0.40113983789614871
-0.5785780116762449
-0.41477027753401613
-0.024875785986529782
-0.29112597169977078
-0.27328459862597393
-0.2154955007923941
-0.37281283274811983
-0.24382062422351819
-0.21597191477245503
-0.050470286602303044
-0.4790943394443864
-0.52086523059861145
-0.21068387585032719
-0.30874888518458898
-0.484216284886412
-0.59374022270256444
-0.08595516866290312
-0.25393046959595167
-0.13465690080211112
-0.40696517032136525
-0.20833076504556705
-0.16366050823244596
-0.25727020701636666
-0.26516210954166136
-0.3348108878521095
-0.081623709498814326
-0.54473399975078607
-0.42424753206889138
-0.3438868862682074
-0.41523499234255917
-0.47280171476756216
-0.31141611826844851
-0.36123498915057684
-0.27425442544992368
-0.33278372734603151
-0.21002268812847483
-0.55748503359923363
-0.47061201357173832
0.18482951286527025
-0.06916759795974857
0.065445515805781035
-0.35496466499494955
-0.011726435311548225
-0.19942573177182379
-0.23594308682621559
-0.11907938051396208
-0.26345613595234652
-0.40226856214152562
-0.15281920073213839
-0.174623626499051
-0.050242286610714802
-0.34200422311964929
-0.23885243677994403
0.19748761662468753
-0.33064553841199695
-0.067570269886406784
-0.43671108167296646
0.13509562533707242
-0.1167968309709983
-0.43050379762475205
-0.091712300518604184
-0.014951649792138479
-0.031297932306745456
-0.1206491832505323
-0.18884037406075752
-0.15423418449548187
-0.26104904800134809
-0.15388256248305687
-0.28845647187242124
0.18989460871805899
-0.17405240021063417
-0.16211872411163389
-0.053606408831266036
0.20339353710790289
-0.081890100048874301
-0.31394175435055405
-0.17046120949330068
0.066599465604713998
-0.38936361806725034
-0.60100315926329639
-0.10539690362297169
0.15646574758678855
-0.51740040831017309
-0.24738641332920933
-0.23477489846500804
-0.076530220258492196
-0.33562431492532202
-0.29302582448985209
-0.30823111449517832
-0.29694274498884993
-0.24880583802783868
0.015806818179680229
0.098744378216957515
-0.35267595279956071
-0.054819801796482499
-0.27112318359343485
0.015449426471076803
-0.24795076740502678
-0.23796796013455543
-0.2143640969238966
-0.28332845627278769
0.43512140932605087
-0.14407495937804518
-0.30476561110567396
-0.0096715310011083553
-0.20012706492891552
0.15259110242392435
0.032823710263078482
-0.022971854792914335
-0.15220043156251173
-0.083827804524578609
0.092020250866053033
-0.19179684129218305
-0.04162334312284785
-0.26303811303751756
0.21842879779270927
-0.049298938881948598
-0.18808850847235531
-0.1049980783762634
0.050475452427192015
-0.033520708446769749
0.023954229882115884
-0.21602193623280228
-0.27519978548543833
-0.27614571090235773
-0.56763011031838118
0.1362766707420042
-0.070971516788643746
-0.17788007050430638
-0.078183038824868781
-0.17514336043618964
-0.084799928740984964
-0.12876615692712434
-0.12543002633747624
0.12295140485656558
0.011414128245281504
-0.36475710261054184
-0.54232004061966599
-0.029491584369556609
-0.30403896465211677
-0.2471658917838894
-0.034649586128091298
-0.033331553942900188
0.10185243725985058
-0.093652395901254515
-0.38852791941189907
0.096418651800721941
-0.4135594770875532
0.19208910092866496
-0.33407533698213338
-0.08962892270511498
-0.2099504636312336
-0.29776083233837802
0.14240953477336843
0.067107528788376489
0.027457049382539168
0.16429864986923343
0.079805225915392825
-0.087117160141013228
0.12701469679970614
0.20305302295965552
0.033163209924138529
-0.14667574393257404
0.1767079478701383
0.2821883215547078
0.35432051202504611
-0.021383638805759504
0.013161567098796635
-0.13411563149992081
0.25525394018495512
0.013872408250148379
0.1566779201970562
-0.13797074249909902
-0.063871646553056008
0.23057404249992081
0.47219590769008607
-0.12773520403945191
-0.026603340780812341
-0.060857137017987971
0.26896600618996402
0.23302751994158244
0.10600821932799047
0.0041114865195211112
0.1608258144487491
-0.072782279895050081
0.10045180534800638
0.026842270713644974
-0.059915630274737466
0.01031354842929668
0.31518665044253258
0.042950165322004415
0.18069840108313501
0.18655297887836639
-0.023508746316385387
0.31623206352598671
0.033047741555329975
0.2117041035470314
0.12446231660093263
-0.041756881917072698
0.14017505405403233
0.41982269750323858
0.054142273909194988
0.18649694380645324
-0.074690071933564764
0.037365570099857574
0.14825333762515533
-0.033037772361846129
0.11563652030279808
0.29630430483720677
0.083493883882461359
0.048436656731157941
-0.031866013524270771
0.46025994475495691
0.073400670545080995
0.15641586656340431
0.37969304628685657
0.050317357340195643
0.21930169485543935
0.28596285477120476
0.29746818839630729
0.17028216690235815
0.089377942573012195
0.34465466600288763
0.043446291622169057
0.17789157576050699
0.080395265310997832
0.24326978500983745
0.23471597694825549
0.12899502191555937
0.15064076856119979
-0.0031914263466978365
0.097150404965270373
0.36044014289156995
0.40344031541133718
0.053889622112987284
0.042573598595413181
0.48718659996621322
0.35239554206918983
0.51413841847299735
0.4853252939258561
0.22280275863621282
0.34851778701307784
0.07487828507461064
0.28380240599450013
0.20035157667351813
0.32320574369895905
0.067853894233290399
0.11259866868438756
0.27545974390970368
0.14073089556153237
0.14583631770871713
0.20296994125044523
0.0073056921329622288
0.29966342796215767
0.14610547993202791
0.60976353353658219
0.23765053802530198
0.29206392568331885
0.34682745913232788
-0.074162175629239421
0.033893742600965525
0.18552624987618868
0.14858336715906822
0.34525537677353102
0.41936513723443358
0.31015834400359066
-0.025912721438780116
0.097687025185701687
-0.081811153201618053
0.22006478562359705
0.10148299849419461
0.19263080728165063
0.090556281148521808
0.23448027416336867
0.057942624833401769
0.65501770143603222
0.6379258429029806
0.1295611643458732
0.074858737361955571
0.38521956916736821
0.21562081915343581
0.30484431232284342
0.59067923173562065
0.38903432290377077
0.28093468594759913
0.23668087446704533
0.5056125390604056
0.391799649115187
0.39589570522642042
0.44682659038846972
0.69327554614334974
0.47847394437146606
-0.12083112982083975
0.096217071285812084
0.28918131541124564
0.065450502924957396
-0.064960894765924884
0.16769377540866914
0.48606646978225948
0.30272706479223649
-0.095710444349804899
0.26042007722853688
0.28191083748609846
0.065344357501918637
0.3318014010461261
0.26716378359105453
0.31605663361390146
0.25351352545286909
0.45627772647896075
0.37174869923107756
0.36796316897532222
0.29464449386469094
0.35946490686359539
0.56044766779978794
0.1102164430105167
0.067569579814101749
0.18070993453598055
0.54455022625445249
0.48738041934026338
0.43534399336147922
-0.14838445593080396
0.31653227498039677
0.55929265128029593
0.24013155093947863
0.31681268503346527
0.48348155123318776
0.33766256914883214
0.44540827394113075
0.50553592744974973
0.44787619076140484
0.44572475710979975
0.23193275293875518
0.39151130680292201
0.45602995531087126
0.25377108828682465
0.026410154348680406
0.2484359954308836
0.088959991627241108
0.57350234616689499
0.54175591336421747
0.023471730930582864
0.19898182709984436
0.44786706341549798
0.414055162048446
0.41322327968900113
0.57746313507453406
0.28859570291046532
0.22170969373557001
0.36525056342811979
0.11399478375389632
0.77824095586742448
0.13346978632762785
0.56588920516177821
0.36175150178051074
0.13278086970223038
0.28764455332130962
0.11075402625061245
0.51506777680368909
0.41541091844996131
0.33668830841145853
0.42475125574179884
0.37570844008010867
0.51010353196859837
0.23106441835046057
0.3911768912660602
0.22394587311862676
0.14193879074898039
0.047569250796829422
0.49879386476601412
0.61803783083904651
0.5431596830584241
0.51127174112550566
0.36696017297828387
0.22670213991277841
0.43045966093317528
0.36630136883985664
0.25901703296929796
0.38248801326547061
0.71072557383504864
0.56338389990114657
0.6680149197338221
0.3566870084817037
0.57013931416879893
0.48035395521731383
0.48091091275738124
0.5679531951756408
0.25196417544424576
0.82141937767352391
0.4215798439164482
0.57408366729276927
0.66608378437370919
0.38475914255900662
0.66907344681461689
0.63881795926673268
0.63806973242292053
0.66613051661664724
0.36596113469414404
0.32192975767342685
0.58994825885437852
0.56286736489190892
0.67568554252898427
0.58213947490376339
0.074603216987535539
0.76630129062083729
0.63199990598490274
0.89510432452752009
0.53300148948361936
0.24995329139754827
0.62361322948345654
0.52839447957790286
0.5819930495405512
0.84559893721354651
0.89312575168718755
0.3958157232348829
0.26525789300186808
0.34886834826523333
0.13797747771317587
0.30541856252914085
0.494427228851616
0.67033029048303516
0.22969895463069723
0.72010507461488626
0.38594366943478153
0.50936298330819518
0.93084784557996392
0.70366842943307883
0.6906012648957629
0.24206552686600843
0.62511606136574305
0.47453125499263765
0.40191496834970519
0.65058550816741523
0.085048095872676879
0.64343512090077104
0.54581060631876033
0.37287982525562585
0.52714479194876607
0.099064863627076699
0.54884702628663906
0.67823286893562174
0.37580746376321084
0.5640162409543733
0.76562731422125663
0.32560579173514587
0.41215317138885205
0.53012728729118941
0.52637095542391432
0.54103925986290735
0.3771851847569711
0.78571681553725714
0.73427569993484842
0.31097482801076087
0.50906442518430395
0.66452988716033012
0.7349294138269542
0.64852668377502576
0.98358242839418808
0.81010788814446899
1.082235960379027
0.28801436902075284
0.61290028942095931
0.71453710827935901
0.91347585313175439
0.98162331635822397
0.57095378653395645
0.35456725413435386
1.0876055389527719
0.52778886913932965
0.50441167187732094
0.63993049587250173
0.55400464214407963
1.1310324841975967
0.66123943181697264
0.85556557360115482
0.57733057005829147
0.97319808589508616
0.65781023307553932
0.63027895661676059
0.62956509265050487
0.70393181155861784
0.6283086135904371
0.380743746149592
0.59450526793432523
0.81889673510407501
0.52434794852452538
0.38250255215192525
0.74420174819439999
0.49947164000466165
0.60586194456480724
0.59824955915125755
0.51893348586906285
0.47234870492126685
0.57714985792033424
0.37045011931319405
0.7909618564818881
0.67447643463902529
0.5680286484138054
0.79960865191292829
0.94612223868159717
0.55986156390121256
0.70927142023849943
0.35142130547963246
0.6903599595395572
0.77525814459446452
0.74701129782207831
0.84600924710832304
0.89948597543294839
0.5550694774721382
0.74305227427899811
0.71137554822682814
0.77531792716840586
0.76665981231096203
0.71588483367618427
0.68916454173400565
0.65006039512700831
0.89020110829824506
0.99989631979383753
0.68937110250723055
0.64075066815422077
0.57445146090617838
1.0648264704137498
0.67892010062074659
0.73849393929316942
0.79881394528941696
0.9238506150721284
0.79575090217835864
0.91745379749897638
0.53100592757841514
0.5152893400742028
0.72664244917076848
0.90947223473604888
0.90350040733831749
0.62855230953887842
0.88671085019698015
0.58228502848583885
0.79229781471950589
0.84682553054746201
1.1827477489242106
0.66315356593499108
0.8311064612185215
0.68619514420526972
1.0109498266716317
0.34589744738178524
0.90834888779365541
0.99571404410406816
1.2665275086405849
0.76374283030786494
0.96275419737498269
0.64134548024267535
0.87066001744683463
0.91715302631925921
0.64715230322195239
0.80198574577211867
0.91868843469983497
0.7312802200541767
0.60868068923141128
0.61367094732080318
1.0701669665691949
0.83217915655455921
0.70673669960637953
1.0193499616905248
0.66776552395747102
0.83362518402065999
1.0173478534442799
0.90409053482792523
0.97101449011231311
1.0640116457257267
0.83073347553890309
0.74504702264060574
0.68279198776408367
0.73511668712576383
0.51823560657659695
1.1921190202972742
0.64301601360742933
0.90195449900880997
1.103798609611133
0.81865572065528724
0.60598918857842987
0.67089513026868008
1.133364547814838
0.7547861517709572
0.92581434381201044
0.90160031344991631
0.50407937757265164
0.6358453592367086
0.88514599827067808
0.82514425508490497
1.124837664989921
0.86127706498479595
0.79542027627095713
0.81685280098432744
0.64880521842846817
0.77238700811625061
0.85822494594672061
0.75015262053492981
0.68816441097248848
0.95786638042318906
0.73448829731411558
1.0126791860861732
0.75149279990367912
0.74761425829694339
0.888073478329652
0.81429102226088912
1.0595398474883957
0.78536678199831045
0.92268060845550115
0.97306668692459386
0.76608727973723567
0.95608125159742874
0.83947651885425312
0.96102836074056097
1.0442073243965755
0.41731709119385291
0.86265139709984651
0.77763744810285362
0.80633180495618439
0.91279668977152384
1.1063213751613892
1.1451062915721142
0.90444852907382511
0.69576335996428407
0.80766311382378808
0.99541378331640629
0.76440364673599759
0.90417927675655341
1.1244286831818155
0.94087131589139128
1.2574267379574822
1.1087950847343189
0.70994745955253147
0.61440839513994938
1.0853216304243953
0.82676712371744843
0.73798745911332819
0.40768287334640213
0.82649385561897737
0.89325438130280288
1.2462734209409161
0.82130595293173081
1.1376427025690556
1.0088362074106341
1.1346111915804933
1.0776467211500211
0.96252314140580519
0.8364240704049678
1.2109152905502187
0.89104076093949658
1.0562651618827625
