-0.77653668621202798
-0.77492624579091884
-1.0814362255054437
-0.78101167034993935
-1.2075439803492403
-1.0494020527573573
-0.76991429635483533
-1.1235015015151797
-0.94270719896752642
-1.1325643621645705
-0.984525989494071
-1.2301458787392787
-0.98926373176757187
-1.1794443141479098
-0.76908406297795595
-1.0252736174519681
-0.93808644778314421
-0.91536431619998249
-0.84739220895310341
-0.73501553373662576
-0.94618326270814113
-1.0660102813719634
-0.96411291698484647
-0.82377548240505249
-0.69353079246927163
-1.1095845201438925
-0.61750266460468317
-1.0348318323632113
-1.0042904961541284
-0.85477535411652472
-1.2571156992658272
-0.55230788047601564
-0.91249498128991902
-0.95206562909681869
-1.0018092508509995
-0.92405884098442204
-1.1080764530131533
-0.88738236561620398
-1.2406737446848914
-1.222570101322547
-1.0371155956392957
-0.89308210548044087
-0.81621356244542753
-0.86245151795221753
-0.99673869267854276
-1.0364739779667433
-1.0312828046127922
-0.58170784657348407
-0.84332244684435342
-1.2065214615129423
-1.1256537048434994
-0.58236420532577693
-0.72257001650115027
-0.93254088549289604
-0.67896750212357493
-0.75839687179715976
-1.2178691418960448
-0.72866323658297727
-0.91095588632152269
-0.99855824014603467
-0.89771302087121863
-0.9332977606733116
-0.84695311852516009
-0.75089394824561639
-0.8470862125849703
-1.0837333602801245
-0.83746176684377072
-1.0023463059018507
-0.64211914660915614
-0.68944653385346977
-0.78600018733755428
-0.63346180411239128
-0.56614194454846034
-0.86722446689384725
-1.0249706435100927
-0.82740571601929802
-0.5241489055331966
-0.81756723824282396
-1.130722110317228
-0.66834098218702065
-0.82352904250044168
-0.84415918588730188
-1.0111511025878923
-0.8318385661308767
-0.41386967253206763
-1.0397965094944328
-1.0256504465391083
-1.0096785104445349
-0.75178924597174024
-0.70378323128197073
-0.72713708433127244
-0.66243187955880312
-0.97446462409722234
-0.58325450656491162
-0.3651677320119438
-0.85494828174765636
-0.91695882354209968
-0.65073488175463823
-0.70817130040259635
-1.0356049408436931
-0.72067505740306459
-0.76617906771015976
-0.93017693196357154
-0.79465037757613555
-1.0029309749416653
-0.74801156875655417
-0.73571879248674188
-0.86490435274562882
-0.78300512214429119
-0.73705846747700043
-0.68669584201283629
-0.74290662236776417
-0.63321005223101812
-0.66097169151784574
-0.82629226790233423
-0.83823759523771468
-1.1239683747956708
-0.47883240268190053
-0.51467456667722111
-0.85226259121489378
-0.83167070050902236
-0.88334457124484256
-1.0766124638484063
-0.61338597455459232
-1.1196930726475649
-0.84893477933826222
-0.92596107236151037
-0.57817016932801224
-0.56466597005777741
-0.62952969112987889
-0.69341825439324734
-1.208517202148391
-0.75680895373796075
-0.57307840121999831
-0.86645029507729698
-0.86390555170474836
-0.92138319552546255
-0.88191731519249761
-1.2171192111366829
-0.42769632898851395
-0.56576996334240104
-0.66441145783460853
-0.68851474322527717
-0.66762609414590557
-0.71862239565622321
-0.93990941810338313
-0.91731333481010846
-0.85444008624399881
-0.30575158537001823
-0.45216737122343853
-0.37759943869279416
-0.50884248190817549
-0.85322202944769387
-0.87046081573174172
-0.8129952395371034
-0.63934344029910317
-0.83511417041454361
-0.72547088471056109
-0.63261910423634138
-0.52956899730729456
-0.60969782854998755
-0.90452963212104065
-0.60867093247210036
-0.87800660870310121
-0.7694973361151467
-0.50922648101134105
-0.51402518076161585
-0.91031975559541789
-0.65367593510011412
-0.39537795913106799
-0.70937746989459782
-0.77121652852630884
-0.72694038943642536
-0.58581608938162177
-0.44847802156525907
-0.62371019949714368
-0.87462020941458085
-0.57478229275045634
-0.91801449846830319
-0.11615342072760412
-0.58268302906961111
-0.82537968163479303
-0.14136815957614821
-0.8338460729375069
-0.81523762749743922
-0.8358346755510071
-0.44199644233287994
-0.62023230996440648
-0.25645286421855035
-0.65452367180899484
-0.70999307205336004
-0.26362564376799302
-0.42004365234293189
-0.55917424927757364
-0.88696765743503636
-0.40546662836119673
-0.8060457626948877
-0.61618059553242244
-0.32644274265884504
-0.65844752722488953
-0.85338719741625102
-0.91013701436505656
-0.45718987950132889
-0.44788939071757877
-0.83505222248782973
-0.7089499729455756
-0.2751891121247998
-0.56683197090542881
-0.82143143602721103
-0.61233133250571103
-0.59565447910858127
-0.55887505121649161
-0.41259952815938489
0.02151947433037707
-0.42280415371762325
-0.42415411612742515
-0.27146242140509563
-0.60211743499891224
-0.28962646260870045
-0.66388164510102821
-0.35396564857612745
-0.48544415857462991
-0.65255735304515605
-0.4321888723268153
-0.51187923662326884
-0.62504710943644992
-0.33977152715693298
-0.78273674244183555
-0.55291448282917321
-0.32827657681142974
-0.71502660065040602
-1.0061526645973631
-0.56632570594881626
-0.40379698908923439
-0.63520475431441303
-0.53698305107198852
-0.58370201662703514
-0.74857407782009544
-0.42265066432112769
-0.49436498262043421
-0.78726877517236848
-0.32672897701291748
-0.33494228647128887
-0.23799269528753655
-0.82762257535020733
-0.52264989032970044
-0.22013652974180131
-0.3558469402825053
-0.76834052968266786
-0.55977985167051325
-0.29056997300964782
-0.39557847400629287
0.064778579398086719
-0.24575037506065336
-0.00058104702678199037
-0.4980526552419407
-0.7418291704208364
-0.19573119339505146
-0.16172231215364866
-0.44268172805513029
-0.17189643070640173
-0.29632633766032623
-0.58975447262785319
-0.50905064251767551
-0.28611309349965924
-0.39529829114034415
-0.43038898537627407
-0.89284591493786414
-0.83136362170033506
-0.67001738134506972
-0.13712433853643161
-1.0743974293430545
-0.12990575441274324
-0.44327944095108224
-0.4836267502682689
-0.33901269769997178
-0.55273392751765793
-0.45110422086645985
-0.19948325851050094
-0.44729873338847576
-0.58946185220993819
-0.2970533294479315
-0.33885677638133749
-0.38632183359418887
-0.45273451065689219
-0.40831061102787797
-0.64559375539869746
-0.3539793763917633
-0.32634147374186134
-0.0099329620778990848
-0.45259175025075921
-0.59531423632825675
-0.63674111731760408
-0.20074700143149543
-0.094297789483408834
-0.54323222056812392
-0.31639780570682724
-0.36640613018068813
-0.55839621200542877
-0.51959078699002603
-0.34051909318592671
-0.56095776939475206
-0.37335141465670091
-0.51275455279625226
-0.12475493826952877
-0.27251081955105821
-0.73033632704960527
-0.53916547920523439
-0.36781722312112552
-0.34652298629263956
-0.76076381561307316
-0.66811101122546179
-0.013476844639286006
-0.4106578791246252
-0.10736109035039586
-0.38232937276341955
-0.20008227530266876
-0.47601932735923486
-0.39448472074148994
-0.33730450151331604
-0.078085608152275013
-0.14838539312945365
-0.078803748638930943
-0.023553541904416813
-0.39725586214314179
-0.37198971570927775
-0.28128757493554368
-0.24682309310831496
-0.59634082779521158
-0.78856321170414267
-0.41234574294795262
-0.27154651867961033
-0.43301269185782054
-0.28551041504990693
-0.43202546833232225
-0.2005786712877291
-0.31487451649195008
-0.31319768916827873
-0.52812164079513513
-0.52204668644362007
-0.45696709208769082
-0.72190721523295032
-0.24976410779844754
-0.57113366013287203
-0.44886910000495284
-0.59912339012388427
-0.48944560199250203
-0.23987714104954988
-0.13423895121627974
-0.38753994200019487
-0.70600543758927137
-0.34273761180142692
-0.24746152421666331
-0.15833852765191134
-0.11912858169780739
-0.34783041185681995
-0.099265764668508519
-0.43180240403591902
-0.29103950834706127
-0.3613100117832041
-0.35562247824072674
-0.36022617513323046
0.046619062080611715
-0.24020517901063274
-0.54022632602071008
-0.23088826214226774
-0.31035552875903566
-0.44385691979913583
-0.18493459190279185
-0.49202844666555412
-0.39733139535881057
-0.2315397968835044
-0.19406970856368319
-0.11839785953488736
-0.22990910077346141
-0.24622520619214577
-0.18076316358291633
-0.14553569380698309
-0.28507025185275392
-0.14881200827594343
-0.017962352362922755
-0.60938061459995219
-0.28320772615567058
-0.13911054038188897
-0.23731761369667273
-0.11270076288933405
-0.23242880118356465
0.023802385965280934
-0.21058537341758835
-0.43476501668117812
0.018378391567013045
-0.14800514307480628
-0.4039921333536774
-0.25347059963590013
-0.11687491184054014
-0.19798989192291908
-0.14557113299194677
-0.22389691293733638
-0.33660693167156641
0.035825189954708757
-0.22103317711338782
0.032704226315675697
-0.24261351900830036
-0.1474761726542177
-0.1753620583046725
-0.42846838848001884
-0.15439137825773716
-0.032457643913625295
0.016951472691133611
-0.04635928934272425
0.052311790896946618
-0.24015574885658966
-0.047959447463029076
-0.023165921123108762
-0.50620489418836634
0.0042231327592248706
-0.36169297948034174
-0.32189049366003369
-0.01414616601052065
-0.23119158327257502
-0.29916074894600736
0.048870327672320857
-0.40702230885171836
0.30444272897581259
0.06336073075750398
-0.1405426250047189
0.011185760448643669
-0.20010738390405999
0.091069418410526057
-0.064809288604253695
-0.07631134701460919
-0.68145354191588026
0.026697159333362027
0.095220034207667267
-0.3253059403434585
-0.4972599423445625
-0.21244021241202535
-0.44887024431949285
-0.19769352281110245
-0.28353694079360325
-0.44241099464855327
0.14427678093512145
-0.0105335336389593
-0.18221906348017347
0.25355082216435643
-0.15957393114331384
0.060790451537856456
0.064143506233846681
0.019363530853330028
0.030653546072620108
0.16021500821816051
-0.095811394571583747
-0.16901503686820601
-0.06622866374125673
0.24848317719935778
-0.1051714685795125
0.12787643228506584
0.15631947650008496
-0.093721096260522094
0.0054871110522192136
0.12334480984044842
-0.26527909507990921
-0.14482939194184458
-0.12135073376655653
-0.22695374707389637
-0.32523320268624556
-0.36186253597292112
0.18142776725631654
-0.061838533669307159
0.10534105841511815
0.13797073404734303
-0.13418167030397174
0.30109266822147362
-0.14851328807996292
-0.23972216493856044
-0.047972140153179237
0.30389388056889
0.08658914895122817
-0.32941433120632335
0.039543392828553736
-0.030132000372997104
0.15779016329054166
-0.24313927194765036
0.14907717249218544
-0.2012765408072219
-0.066024557377542412
-0.20929338187166022
-0.035184367215131039
-0.42194078117973183
-0.43286852858478131
0.29569256700496105
-0.08588021474139744
0.060658514257222351
0.25598774700488208
0.065180969834121819
0.030672080428361677
0.17272860616991906
-0.22707260080935265
-0.30161139788592489
-0.34727770318989926
-0.16306223652063445
0.077734567299648449
-0.36828915486563923
-0.43154862964497631
-0.081766115811903142
-0.031849654803616595
-0.064121467164377555
0.2286818718137435
-0.21952357746285173
-0.19365133228553305
-0.19776384313285408
0.082078906760938264
0.12953642877186158
-0.11090468150939654
0.0090692568001320608
0.087956779043403946
0.066685862457877235
0.078075463251302157
0.14666691037514371
-0.48977555324234784
0.077929851603193032
-0.14975316413161638
0.22528987386477706
0.082699200178036558
0.12063960815140809
0.21141497455723196
-0.23772695629577009
-0.0097391288196074111
0.37447393588566003
0.019784343477142974
0.022673587745786827
0.22021568378458831
-0.22527221249015464
-0.056358939343476661
0.01396829346237842
0.16436550113869036
-0.10605880699379353
-0.079012114422003676
-0.05010890875449938
0.088594014954346087
0.28702184103142853
0.37209833486763871
0.31442317497495359
-0.13263570641548372
-0.086391602020846406
-0.26394386805313136
-0.15218909424200633
0.31257776012919802
0.12539542705678386
0.34159816177134922
-0.17959385840563635
-0.30086296487843978
0.13991142941043808
-0.0093332891507958982
0.11836385151277502
0.034718269930926707
-0.0052423425289039498
0.19336844772336673
-0.038055041925902935
0.41994252264993742
0.27736410406695805
0.062077546116071733
0.040236362528536455
0.33942254162186658
-0.081984958855273765
-0.046698887308957104
0.1102970788537869
0.099098008392882464
0.31131050042395392
0.18732927923091161
-0.017144571492084804
0.17033786501707884
0.28765925393311537
0.2443639245239913
-0.0056955055474677977
0.45696174792080874
0.076389795633031402
0.1598464544001616
0.35347304949856573
0.33727484255007961
0.34678967338624378
0.28972855980867235
0.18428472890569256
0.23260316397982034
0.33932585565204787
0.19652124997011886
0.11553800490793087
0.31288058695204513
-0.038195372806757048
0.074698807571456874
0.083380987448341798
0.57835506059176855
-0.14862559705486578
0.43398588872014804
0.26784234573163962
0.34365567492773297
0.20704799162566717
0.25501335410771314
0.24696964141279651
0.17139370448976321
0.013986530900523556
0.25615769085457524
0.02474624241142178
-0.12266539780984544
-0.063963401019750871
0.17287055864808065
0.35944480846143961
-0.06767901595031231
0.32141809158342971
0.14108798058636823
0.31243524318557958
0.093863061364666947
0.092696790474514651
0.32030596424586755
0.05413627080224185
0.1082238297051359
0.52990254547818461
0.44502661995352677
0.31241295834701865
0.12795762301511349
-0.10991713011933033
0.11957961644585484
0.35114806277653254
0.1331829291298775
0.34318236292332754
-0.055235979381387572
0.23332955776489242
0.43713001044677124
0.4868756107104712
0.23011733142149407
0.22714102377664469
0.39913861231848985
0.42124242891750391
0.40719811807908435
0.05712994650772292
0.47093403881529888
0.16272884517012828
0.27390996928375622
0.064901721432760101
0.13244252210615856
0.24648146003259
0.26840797505172581
0.59325404107364699
0.33463376490433322
0.3583932528646816
0.50391258349197909
0.22043906789148046
0.11006304138262862
0.040321575936071559
0.22036758015877209
0.44999765550744514
0.19079743188643924
0.37402936965873806
0.33096095036735157
0.5094664995093745
0.13532628416322098
0.16472684512744359
0.15587620902008351
0.018408334284036598
0.32461776707625573
0.18753382403131871
0.37476184781986066
-0.1989064272618323
0.67632922498826609
0.72705979588050507
0.21200084554680379
0.45547392919789081
0.37949142714513473
0.26350515743329117
0.28958866803799627
0.53014742502785006
0.27580309929008684
0.43042971447341499
-0.059754060594139652
0.092667174166300298
0.45740739882410048
0.35998084565535587
0.27401441703619489
0.39219943975790256
0.66542461796603025
0.3887433947174917
0.72325645187763021
0.21068479562049813
0.32310266265278503
0.48967450314363631
0.75434828124935438
0.26433658558031875
0.38371210309190129
0.34549460453031672
0.31039332632060279
0.32972723243237823
0.57914197656023014
0.1393911627851066
0.62520071394934873
0.47282753178126663
0.39754271529170698
0.57347714487672807
0.24607907651388891
0.25963773954474567
0.45190787482441724
0.52396999190988691
0.29902373146591293
0.53633280566476427
0.31344356246411353
0.53264109626901357
0.44859229304896103
0.58483855053365008
0.29964167144795339
0.57768567243773183
0.29065261408694054
0.25694837132746778
0.39706532094377411
0.14805507381984592
0.73772525283819557
0.35238587787485054
0.14676002133989419
0.64774778963512825
0.42876329473346642
0.28876370089055553
0.31348707745340737
0.55765756543733769
0.50015004285123599
0.4117766914086633
0.63358984973133947
0.6000725285169235
0.58012501951489703
0.45619490913479449
0.096024798401968245
0.29782915458984421
0.70384626634709047
0.26297381880586063
0.31120910298872878
0.50532620258380112
0.27434321800530276
0.42899339893551131
0.63006486179021781
0.19112701304879293
0.54682672193104542
0.61128378379463488
0.56551706091143772
0.55844872112868549
0.52593993838206099
0.31470133448213533
0.5097468465193149
0.65659065678247097
0.34261251047885444
0.37339682410587688
0.74445560819248469
0.46705896551756471
0.63617283891729115
0.6012330841100354
0.79516997125020805
0.75872721131363929
0.56922850634481592
0.29747721553901751
0.69672698020455692
0.39482714073517527
0.34060959914119493
0.60370850829967948
0.23335400104780607
0.43757591503825544
0.22578947696039434
0.40696709053176894
0.42571451163689994
0.49771212418249089
0.39172715922829748
0.70137235845430435
0.43774782603056966
0.4189057624530918
0.40327789853906543
0.14646132436395121
0.43822766191126838
0.78800047542250173
0.73673235131595505
0.53794612762914906
0.50466058461505559
0.84433275576949252
0.85488077123204809
0.35273748874821481
0.4886059750101292
0.66666967216111195
0.31203629478912948
0.43375920962638187
1.0350908064964672
0.74769621226061789
0.78996186577890715
0.66416878822347247
0.39596958126335496
0.57243398696274672
0.46345485698605171
0.73091985661096204
0.77278234576063098
0.35518812985554582
0.6671267407385425
0.34709087168082908
0.37392300887431801
0.50033291334252539
1.0543253587226136
0.77054978079382741
0.30015030709845958
0.9429221022104266
0.85677862973326413
0.71704910768153807
0.55273141054628061
0.48808449469700321
0.66095638026701964
0.67480203525469007
0.44399835814306504
0.26920973797574621
0.47038225420590107
0.87708903832963159
0.66961828153260661
0.81259257924159811
0.73953959650911305
0.62966763317153907
0.38322035822166606
0.88492196214017294
0.27288208783609369
0.59914767520005785
0.49014690260323984
0.61775594687523505
0.80210141655663791
0.61786319468785733
0.79952130377132768
0.8052511742751709
1.0370845347260589
0.77462219629282081
0.61683363913229849
0.25602717961673738
0.82540603272054325
0.73979699717582792
0.64769406107736605
0.63361983460851823
0.51287918701289037
0.79182214950232643
0.67818572921671172
0.84759061421093607
0.95279280372244946
0.60632735442691621
0.63857857298935761
0.6977356528276446
0.65994030248424329
0.73457107808494959
0.65967685680411037
0.63858169526450437
0.63274689601680489
0.67157641413558711
0.66019960127679522
0.53506570937978115
0.7086889039080867
0.81890731570546615
0.63933540525465971
0.55533957142884394
0.81482031486100226
0.82889517433066195
1.0082544414431136
0.60923052055605409
0.40897742569172368
0.49256687559094542
0.59481245252872927
0.60212715171083886
0.71816207050550929
0.18337800809731644
0.85367235817236464
0.58562982130114116
0.75790642977620282
0.58677018130608127
0.99417114094928738
0.78842143710145873
0.54172656580707612
0.49266684324855392
0.62668892509784535
0.64352720274133712
0.73085770828233942
0.56704120960191207
0.50983773587844039
0.87233252849671195
0.99298937783667296
0.839813844095466
0.90449977305194706
0.54936640014243732
0.89453325812768747
0.79164852036702216
0.86587867389031681
0.73167335522601196
0.85513796069963632
0.83410171945603617
0.93873564194603787
0.66598573361754543
0.92470344801916493
0.71947407844391897
0.99448165572293168
0.40484080019970858
0.69958450426894769
0.47683712461737343
0.53184420455153636
0.82384138177560529
0.81419383421278502
1.0092430201508154
0.9257708835361883
1.042605886234276
0.92593723320066101
0.61991492748525689
0.63526766803423662
0.64713522239462962
1.0767863675063036
0.96669832509541098
1.0460629368490284
0.44251656324298999
0.94350491010911186
0.93065334463512461
0.80871832399412169
1.0704972521922451
0.93564778421085748
0.69303938342898541
0.69080603648763705
0.89082418576114408
1.2199378683343227
0.69538570827307633
0.69653122450453608
0.76293568674300882
0.80491088138272038
0.68699634543025778
0.67844584148392695
0.90201389558344303
0.44370599645527403
0.69663965753925916
0.63915487470565535
0.98482112797227683
0.79639496127812293
0.82754827325260305
0.8280969209618102
0.46188950432064679
0.82677276777327302
1.0042263151556747
1.0027187831190094
1.1427374008825064
0.83281610442947995
1.1187681539909111
0.93113012482319191
0.49767413991832199
0.99917113482950703
1.0119675016886456
1.0401324759695116
0.73071120678099311
0.91566410268441256
0.94147053995487551
0.76031004955883286
0.77097268852511591
0.66012425245669226
0.80725029509914548
1.2679591062189028
0.82001086683851088
0.75964100400135315
0.70962745826382323
0.93944139359157552
0.50536704239406172
0.9626015156590878
1.4132897723773929
0.97237442507334937
0.95863120079307473
1.1847138238903625
0.91843231441744511
0.69776464695924423
0.63063126686554338
0.97699657115949667
1.1487476688970872
1.2787318242413122
0.78553142009389798
0.73282110763533725
0.70769923939770951
1.0084703338479182
0.70715023370776309
0.87449270003575108
0.75448859033415894
0.6752921486479605
0.85936111502392609
0.91819086542277639
0.94033531075055654
0.92529609468305019
0.99924254964389292
0.97163322614687753
0.80635393266588362
1.0854501289647012
0.81450918011472517
1.2366926115050216
0.76739672060631992
1.1063574915433461
0.665428972058691
0.97463865390369531
0.98449988833585123
0.66951780164146246
1.0802213291338796
0.80501330765965673
0.87743653346255657
1.0812036391480182
0.84752806207950382
1.2421214239599037
0.89835158181791641
0.61058145220838933
