-0.52981306043363252
-0.88573662434179301
-1.2457300814300671
-1.2105978382114078
-0.92481889950302665
-1.4046653408773453
-0.97157118175022983
-0.78138334803964948
-1.0678333566613845
-1.0708762876413251
-1.0423333165909296
-1.1512478480360513
-1.0868011393404484
-1.0375245872774688
-1.2244423712377928
-1.0188692041505321
-1.0627426630755075
-0.9197929076306961
-0.84728372906075666
-0.5931895790966345
-0.80452049803265258
-1.0562536341632518
-0.8009590441637956
-0.74645142240636808
-0.96670703416915871
-0.9490592221658225
-1.0707357362382868
-1.2205188527414994
-0.75978580530815298
-0.59769042104535264
-0.6669588083022836
-0.8915007307705638
-1.203830650564887
-1.0022977072189196
-1.3320762323826643
-1.1911547507063711
-1.0356640190703836
-0.76236334584203236
-0.80237665947716907
-0.8312129500748815
-0.95908914811127388
-0.74522031079455464
-0.76216674529399586
-1.0220712950645756
-1.1622853691914421
-0.59415608142257847
-0.6308280603214278
-1.0240620498727682
-1.0266582812757337
-0.93677128321307523
-0.85931309234967013
-1.0152239275712278
-0.74697957146944405
-0.84418241449638942
-0.83425180369774554
-0.7084859168028419
-1.0135759413205971
-1.0172596429411895
-1.0358577427029758
-0.69566759173480652
-0.87111320072504894
-0.92480170337315981
-1.0713042605783001
-1.0064621749302056
-1.1190157770064162
-1.0384380348804447
-0.74240413697071217
-1.1352028018410969
-1.096363915402861
-0.6925961428182773
-0.68296288145955097
-0.67400141384063306
-0.80599735858285049
-0.99288685322042924
-0.91917245176274509
-0.82318827725571153
-1.0531008572897795
-0.87356264430187203
-0.52037864188636207
-0.86081554278237515
-0.92930276631676956
-0.71704389759008724
-1.1007077675308168
-0.87418932044070896
-0.97601433791742809
-1.2381317933277483
-0.77549254390642286
-0.63752026284363883
-0.69681904210601908
-0.9196446731895257
-1.146543373559284
-1.0523565020474119
-1.1034998033742187
-0.62413181168153198
-0.68017700034180273
-0.91268758616330981
-0.87889271308895167
-1.1176598833362186
-0.63276215961691407
-0.63195237799384285
-0.88840857494182923
-0.47227845899186899
-1.0796575427495387
-0.74830826952684903
-0.79876555105690683
-0.70711504969376704
-0.70916232005702573
-0.78975519660269033
-0.51633177666686658
-0.7558216912486202
-1.0389649694272354
-0.76960162343011385
-0.86497561236300269
-1.019028267082561
-0.75536590350356514
-0.92678118117858377
-0.61690402523414134
-0.48843520426355669
-0.65919192656482339
-0.57643964592082497
-0.73180649270180653
-0.69706816267573424
-0.77610786851819769
-0.67402848584800046
-0.81168262483211473
-0.81818618268897492
-0.6640588053823816
-0.77992049128078156
-0.95814771689918543
-0.60829624639755442
-0.54708220236560579
-0.48912439563285998
-0.65186253592636167
-0.71306371418889725
-0.9447073875780102
-0.78359554968933842
-0.59566619143948618
-0.20857549798750455
-0.64799642779764488
-0.75054307832824285
-0.64239114648327378
-0.53729895586391718
-0.49849616557386378
-0.48746346450690331
-0.4661949753706765
-0.52627923883216388
-0.5866522465229933
-0.87330172382186877
-0.8632787540503063
-0.52717617157102947
-0.87995802295870318
-0.99567150026914075
-0.60276256892213487
-0.33527575685266719
-0.56365209858882492
-0.59018728306507462
-0.46426147924691241
-0.37591906392871122
-0.48745349041256003
-0.75992608536566242
-0.72605400341478099
-1.1328524932916575
-0.81829116973284755
-0.86548309203142704
-0.66912436338264214
-0.80281514944093646
-0.62034232327027339
-0.97099401007607089
-0.86865107533156394
-0.49111850247671945
-0.60512968946392587
-0.59669378255375505
-0.57427545424556758
-0.47835286508603858
-0.53914142682258115
-0.7463904702292582
-0.69100670506772621
-0.51576576496465165
-0.83380736038974768
-0.42597433034206111
-0.36149501294945408
-0.76755739226857789
-0.48938285616741045
-0.82332600887717633
-0.36370785076650036
-0.40152447087693788
-0.84196861348838581
-0.3139197604012588
-0.37982760411160038
-0.57762870563319835
-0.73964985718239917
-0.59824442212239737
-0.82050182360751323
-0.42726014589653705
-0.68045901327517133
-0.51592757043895243
-0.57949450362087318
-0.85133735726449167
-0.91678821440321323
-0.69509363202856678
-0.788167530640981
-0.6297418159810142
-0.73597495037480964
-0.47367497700872263
-0.44675732033980375
-0.52191183666469942
-0.81679631380361917
-0.80653454549179426
-0.4636775950351551
-0.62051018797824231
-0.50536828889575214
-1.1579648026843405
-0.39573112867554233
-0.81918871268877003
-0.37264213612615343
-0.47197002211285277
-0.72724562798650383
-0.35389843104485924
-0.26394808415077825
-0.39355853530300833
-0.62709010345321059
-0.60750214700309912
-0.55966895693648988
-0.52373659171948628
-0.56286309627394993
-0.61531252517739932
-0.38395605412573258
-0.52517813296981131
-0.66984846885729743
-0.46368927989694653
0.027482814406435404
-0.5123358007651897
-0.31198206784568155
-0.73455851062598088
-0.51610042352699204
-0.42250982152759681
-0.4446689505126325
-0.86885132271798282
-0.48781812983676903
-0.56138298593455638
-0.40296704875320738
-0.377814319398041
-0.72436298993782711
-0.84803780182904542
-0.5315721418111633
-0.65838828879896061
-0.6621470147800872
-1.1256301891455918
-0.41197552747220567
-0.55343259355429464
-0.38539227275986543
-0.54653016683047351
-0.81182631538877637
-0.59008141301977801
-0.4561789389464887
-0.44293191360824663
-0.7740170664567021
-0.52882168706443677
-0.88694168690132946
-0.65709823419772395
-0.50187861316348126
-0.39463732124676204
-0.1995236405698626
-0.57466722317530827
-0.71752671110629063
-0.38817256373791925
-0.64834815764019438
-1.139904569206994
-0.53874559564317004
-0.41854467735074535
-0.60089315969133472
-0.42074769886406738
-0.55438244263709624
-0.33012962996892359
-0.57049567703046189
-0.52951954951757019
-0.15487624130240701
-0.71072007898629919
-0.55877294146246059
-0.38555384251140057
-0.56829796480646999
-0.025516510669268612
-0.21228065926167528
-0.40792179862291467
-0.21475184488028864
-0.38578130086789386
-0.11252998526849994
-0.069352628878163694
-0.30052897041738852
-0.25160021776407526
-0.20932428388037461
-0.14683567133075434
-0.14556162552028187
-0.21354103976781413
-0.38032068593628093
0.072069787379353697
-0.66785981490675195
-0.10538654387893102
-0.41649118456149797
-0.17157309477864893
-0.47695528113351321
-0.2749111575867802
-0.31282390502486052
-0.56856775639307899
-0.49287061932500392
-0.079214497017410804
-0.48217713584986838
-0.1559903974278698
-0.51412083608075765
-0.2019074215507165
-0.11062371426354817
-0.39262704037255308
-0.31906962032768998
0.065185882641094442
-0.2454790417520227
-0.37453627683021162
-0.51156982773622106
-0.22500908172328263
-0.4950197070156121
-0.21158579533842739
-0.10316602775774107
-0.12502159092822801
-0.40168284716560332
-0.52312342268991507
-0.355191930849515
-0.33763223518911273
-0.14784815425452638
-0.43665353743781243
-0.13006864291029208
-0.24822508573519414
-0.3058781391088099
-0.23508257958413528
-0.36518330528024207
-0.40474049171355059
-0.32524916146980909
-0.35094673929187659
-0.4677864806574149
-0.12777191397623749
-0.41692696523266193
-0.53787794340466588
-0.3057921925836618
-0.32666311299966933
-0.13131731174563566
-0.48136878547800327
-0.67811946324841677
-0.3092633285240966
-0.38325125824540179
-0.21240519057908686
-0.28989085950141741
-0.33200838633937513
-0.38409609965293401
-0.43586778563479156
-0.58034471074322158
-0.35508157551422015
-0.068959019926376222
-0.33190767878614591
-0.081961996131535805
-0.42934839981664036
-0.50385120656537208
-0.50412635073406742
-0.48034504962465219
-0.39727470479192428
-0.37148450477004724
-0.60926085456248225
-0.17497081284087623
-0.89092224425453992
-0.2559268592682693
-0.27060999334675157
-0.44600131008959226
-0.044387075780115165
-0.49257863977704347
-0.22466714682733999
0.022433680200205735
-0.03671638660766266
-0.35197692634445016
0.1016036065699617
-0.41879046245033869
0.15629677920633289
-0.084720813578265886
-0.32240866134604762
-0.45283767166564315
-0.38365767794504363
-0.00023551648095305501
-0.29225318487537627
-0.50575543210972917
-0.029386233468182019
-0.23432223597984866
-0.36609323782534381
0.044060046493624348
0.022629410725216809
0.14121205326236483
-0.16374143865448421
-0.29806599186219906
-0.71729817489331493
-0.15467265588500306
-0.077830348805243796
-0.35833130183349132
-0.21202452226594742
-0.40484252062491544
-0.0015078269558604415
-0.18102455978178195
-0.11778967856483354
-0.33940988623820106
-0.1456919967367481
0.16705215220419667
-0.31867422669685569
-0.29746010740763101
-0.22534351831485866
-0.40461835800988338
-0.12229422874135647
0.074148979375259216
-0.6690864318060461
-0.28568899724135766
0.22165078587389744
-0.41719417264199671
-0.323609166117653
-0.0394503658202933
-0.028074931173225046
-0.24766425189021632
-0.30367809575177085
0.36098296074738973
-0.4405168773067677
-0.3059601241810439
0.086446671604035227
-0.22655431423974179
-0.17178269645651548
-0.1523022294872286
-0.54567202703559259
0.039294626323941415
-0.12863093553320651
0.0026829535983630415
-0.26238797059014451
-0.38194808390894858
-0.14338212279421322
0.39605594093985419
-0.041737635471387605
-0.12662906188692777
-0.47143040548391568
-0.23887226438179598
-0.14530563317423878
-0.30167878632641015
-0.017831684172681921
-0.10079823474489014
-0.39776897560090507
-0.083121984741106048
-0.070472356232559374
-0.29614983824718477
-0.4031311301362705
-0.096263105488036904
-0.4223494240620641
0.039425156243991885
-0.074945378334374674
0.101336215976391
-0.34349766972419093
-0.10314827151015069
-0.036285131249677118
-0.3055246289521274
-0.35296356378261512
-0.22929575046660181
0.13703345707066544
-0.18330441026956973
0.09642773930285474
-0.1619538618247072
-0.35169119992177239
0.14598320912867424
-0.16981928817030098
-0.2202553683566133
-0.064919348807153457
0.011225496482548399
-0.032917925507571492
-0.13898272745349172
-0.069488140232360482
0.15558592494940862
-0.39238014334271837
-0.2374010503208821
-0.2985228689673281
-0.13145890293500206
-0.32714831450714954
-0.0099234176395709903
-0.09030299783584525
-0.14384919835926996
0.023326498662633074
0.089155998501295644
0.2768646323796381
-0.076530099548875088
-0.23460169819838059
-0.30173088586164942
-0.12725097257220119
0.010445606892523362
0.01342636894416095
0.10033411179011691
-0.20353841599831038
0.10293866435376638
0.0068359817704689652
0.2738915721791359
-0.18779723424697453
-0.020899415342951793
-0.030360026214193803
0.17750445006569707
-0.28627666428926152
0.088991834772878017
0.38371804327544107
-0.28253049702691163
-0.18826328947457233
-0.030263416098930188
-0.31488838702509109
-0.19613784133864923
0.18649439326311482
0.30118241341900653
0.074742815582748173
-0.0077982652607737667
0.30937389573114649
-0.27582701707684965
-0.18784018804738065
0.17574423810250728
-0.10965882802080883
0.094186400139903897
-0.066224313517957309
0.11779593932953616
-0.12339856010390152
0.12097343724349029
0.25117081253755885
-0.13890589643882675
0.2673316950541138
0.056911315612718699
-0.18455629399897636
0.024346375433181772
0.20791479359894019
-0.010299297736970458
-0.13843759056897317
-0.10504660935664771
0.25968156744038656
-0.18881387924567383
-0.14782857861834336
0.027426441633378561
0.2549363974587513
0.20724647324934786
-0.16010955544628197
0.24311966422740316
0.059867892333074241
-0.02020109414020094
0.25002811468836195
0.13155761725446899
-0.096029660753578411
-0.24166750910978768
0.25071154856634509
0.13960814884902631
0.37876428814350455
-0.21286361852193936
0.077512844741686793
0.19618340413639207
0.20992001722148201
0.105926530992448
0.095252304270893706
0.3639937493536099
0.16877945158824223
0.40534628568368175
0.00062288328829431926
0.13883826360455712
0.24704028460032862
0.10050494154009737
0.025912470600871668
0.09079050505285706
0.22040394881249517
-0.031311607266104283
0.18372779680664339
-0.089442590938299038
0.073607944304394962
0.089100618330903797
0.4585738809698886
0.42673917140448758
-0.21990304581701275
0.097018233359540879
0.047203599450421796
0.096391755749078628
-0.2477732001626031
0.20020742270979044
-0.049457333270635062
0.14288175419863833
0.21296836958995724
0.31735630563623385
-0.082887989377853327
0.32283991956712838
0.42274139121015347
0.1134771636402727
0.14224646760504067
0.10922840754173356
0.077913874563073665
0.33718088384020595
0.38898156683308288
0.28572267948451519
0.37463056825818536
0.17428790063596544
0.083312112366271118
0.39768680111247173
-0.3419300148759955
0.13345953594062498
0.22555345765658955
-0.21893221368961713
0.010579424843027993
0.57516708512669268
0.38162680328904319
-0.078327948843002496
0.5411741650996964
0.092273814798930542
-0.18117931255053271
-0.043472616001075957
-0.020279392191871005
0.035942114488558149
0.22669898319835541
0.55587308974686545
0.095685853953429836
0.2887086321223733
0.27233343563456469
-0.11285755631242006
0.40760631913284734
0.013492681742649053
0.20499462711523314
0.27601467881360214
0.54099077377932658
0.27978628926522497
0.20935746187564877
0.45655113072153203
0.38675543439027787
0.57915820359582326
0.26128223638735132
0.18077472963055632
0.23218942566766398
0.030551215883623247
-0.0047269157849900286
0.70656033700371446
0.15782778824242424
0.38113311258381272
0.59306967140510081
0.27712749712568302
0.52225663054230631
0.43668537911378008
0.23727483720738429
0.47775273771894022
0.33673605121531092
0.41289901628911474
0.13875241184695289
0.51077199187466915
0.65401465088039068
0.50370370756503524
0.42309865667814384
0.29369334587123264
0.27715018390779717
0.55300666156243394
0.42312998576161681
0.64366330940381233
0.33461940180932392
0.3310389905817242
0.30976294844341712
0.17630526257750048
0.23306315607718234
0.17766948762192572
0.15780824805009522
-0.068069860442301885
0.52679398025561075
0.53625968236205934
0.43703863070691285
0.51271313350282255
0.42990272241029825
0.46516049911484803
0.41658301914511575
0.36235383946003619
0.21783761594380768
0.46505798136323273
0.26800566176235391
0.20492069984181607
0.78582029764032202
0.61313116626418585
0.6978401697333293
0.28911842784541608
0.46077400177987432
-0.01813914438983924
0.23480077701069052
0.30158828477420663
0.22728329745673131
0.1105445454358403
0.40442390801373274
0.36373075929699422
0.34945509190020468
0.40798462989066803
0.67048524842213097
0.29124854163661545
0.10419050234141322
0.15461282140212795
0.31910387599187034
0.31106616575185669
0.29436975877384874
0.16595623733396209
0.25257160137060641
0.49463866855526661
0.024047790389382276
0.23211454805522494
0.48005168423935435
0.51378186637962242
0.20064950555051589
0.39208774522563206
0.291616615527439
0.095317797651817526
0.45600968793023738
0.45939788153484473
0.57170902174788307
0.46201977358569696
0.24219344875931886
0.51087158739093719
0.075717054767722697
0.29560121780798798
0.48972657723490798
0.31814723126701511
0.56467218065662128
0.30314012276167634
0.41978085522234448
0.45248745949614366
0.47509630047100854
0.53545373477989977
0.48458742899832263
0.80096496321666577
0.5535004524071403
0.7144810940548284
0.59791892709609029
0.38388102074540897
0.20573547409853066
0.5308993861921163
0.39597981288576922
0.65534719403990793
0.35924881371652689
0.38775928492665807
0.40770555523640517
0.48962133155269039
0.34009011797649841
0.38030982064598218
0.60439629133170236
0.50667951097712538
0.48114978567108418
0.26082326711855036
0.61174988641049355
0.55367735328811796
0.20971099804163257
0.53147199379386623
0.22308000086437557
0.54784136911338466
0.17333328310150159
0.60842525519060653
0.69920878468156278
0.47559433168055226
0.87511036552482169
0.39430149428172451
0.26481118933244452
0.51604745913226013
0.40836511022573679
0.11730312674165067
1.0383351790489739
0.52480899707676842
0.52907590227600487
0.85753290296263229
0.9385014781865445
0.49869655909987654
0.23318579789940749
0.59011872628883
0.60869110414395156
0.2369104567727815
0.55659667326319262
0.84098815507005631
0.29679184078535137
0.54222534815292256
0.49636130159642716
0.55905179868298693
0.70176459652465029
0.21386828595645674
0.62784855711809839
0.7300486212307884
0.1722856168252106
0.57468088955853414
0.46511384753628199
0.69825907171713697
0.44325725379467446
0.43733400810119843
0.29427033369286676
0.31907252917340462
0.75814044035718775
0.92090141788927471
0.50324018387007941
0.82208090780141552
0.10552316478506965
0.61275480177759345
0.61695753107233042
0.40806442665917103
0.61211017526783074
0.51478083455500545
0.63151020507814593
0.63873062529349611
0.67406358917754516
0.54354670136765404
0.89479819780673897
0.89943236525204884
0.67731896193261121
0.5521527804901033
0.53169610623580488
0.93585111064766591
0.56332908254071712
0.8275750078073093
0.84214172983186619
0.47753180589572103
0.71113536995873994
0.13120632193594164
0.7249164745166442
0.63371821559775576
0.86503846430505171
0.89699732166808444
0.60383416821180336
0.92109150405421214
0.49579602651089461
0.53156756208701905
0.58209279659229118
0.65358992079027822
1.0393157790825429
0.60526689609196649
0.74556303407614721
0.70989830493584893
0.76177142340449389
0.58111504291607463
0.52110623555350333
0.40989535277500544
0.64972340378877336
0.87097080195519583
0.77831704644822974
0.30951018366538346
0.31643571212000038
0.8140850264118763
0.69565122853890748
1.0957118009059432
0.5860360650060028
0.75290264911693316
0.80216975788226508
0.8310666243896222
0.44252363116389953
0.81702018577936475
0.71677584521121751
0.46237280878077752
0.97512702106368065
0.82222544218448113
0.56575578800787041
0.61312947542388352
0.97358714758314224
0.71860925485922866
0.58638883445351198
0.75504092787941013
0.89979821709115282
0.95399710680150962
0.52194136636150201
0.51997438923412109
0.6005387441221004
0.70849324659117419
0.61418227323833907
0.96163000265069609
0.86292543308258562
0.839093210858466
0.90650599102266594
0.67173280847800132
0.9519406766607067
0.9222313566761442
0.66653384541902394
0.80212955532351393
1.0820037506943601
0.75940207590231912
0.71381955806484587
0.86890133158347593
0.60621809598004894
0.81999648711332673
0.69625984766486526
0.7073240634858815
0.82855214043437531
0.70965170649660114
0.6825094467098064
0.92372241907369157
0.91480514323721507
0.62722127342858192
1.012847023905368
0.85268579902764297
0.5026940374187977
0.56129638877885912
0.69001319895506141
0.50815538336501942
0.84534490918118799
0.6935493726076013
0.61133183050479079
0.67146379359994224
0.89963628038114696
0.67846361227699625
0.65491136081942591
0.45074822243752205
0.82179181890027408
0.84511303699064189
0.75069661187091874
0.85088019705445184
0.73827243930968978
1.0071787868070206
1.0847263114368917
0.9848069342941892
0.77302527639737129
0.76805905805074992
0.94251688636621733
0.59519015197083913
0.73636036285757378
1.005023377710097
0.747088997502802
1.0167978839664524
0.94073221065840607
0.91063513123976592
1.0998563354535513
0.82391764459519956
1.0611286836216343
0.93353055998887136
0.8476958999532509
1.202114721406323
0.77481280160589783
0.89025597362185205
0.67776343598642919
0.67604123788536408
1.3398818468436651
0.73392409099346345
0.50353081326416871
0.32477767124884716
0.80575937190474622
0.98370408780132101
0.8214814150502715
0.72708908434423458
0.89942389472174067
0.95338735102422878
0.80131286849439898
0.98884208740928725
0.79621593845561944
0.65639314334831167
1.0491881993799885
0.86617696759632323
1.0777373706329365
1.155896951091975
0.94906247334157467
0.92213507243396109
0.75391805724212546
1.0000544708636678
0.72936386228869565
0.89159105773383529
1.070750562182053
0.85319112179510215
1.2110968530177633
0.91871815985830407
0.91134406704801563
0.67447735749856375
0.80099361056723828
0.96722456989816985
0.601264871810409
0.99895697054537769
0.8296296778217459
0.84842859032880991
0.76520084178102887
0.84176646166981484
0.88081449768376385
0.98603004836770081
0.90217801234849926
0.88234162286310036
0.87028530860901643
0.91801375491091741
0.85247066517957626
0.98310944477104889
0.80891650385598812
1.0938523207471922
0.96912912866555367
0.76480608376869741
0.87543703042766063
0.98224397416805809
1.2705790304805662
0.96724095845452684
1.1850897743870772
0.93597826339872348
0.99803894371715551
0.93932469753590631
0.91871162273119922
0.80553654243747519
0.94334054285084945
0.61806820868024659
0.62824155268770887
1.1945661265482435
0.92344710242096517
1.1701659292095252
0.61218315221207109
0.69174488486847452
0.82751219512204388
0.93852703156430151
1.1472093196789659
1.1194116602942283
0.93431776585239412
1.1531570615062772
1.1095674458010205
1.4809086119305654
0.70112293678095206
