-1.1937898910608353
-1.1572443795407412
-1.2767444332773494
-1.1286503829131649
-0.83611522724118781
-1.0321597669546958
-0.83456404652205196
-1.1223273686931909
-1.2273544413710125
-1.3545554580121413
-1.2192383742965625
-1.0410592481693115
-0.85472680341864316
-1.2631378238826667
-0.92916032426475537
-0.936595822525364
-1.2068165727667355
-0.94327093138442697
-0.83865169106438464
-1.0292793973036958
-0.91569662839212529
-1.3657558804865126
-1.0539257658182686
-0.78787044787138782
-1.0982349587060694
-0.9073561542285048
-1.0575069299193642
-0.81461945390526636
-0.7004256471286342
-0.93430888173761484
-0.89062262593294972
-1.0117251530050888
-0.90010186921573954
-1.0167550524862141
-1.0237663644241619
-1.1045256561285175
-1.1354294917529422
-0.94968546581674196
-0.97637920111159127
-0.7737333119473363
-0.96304578851481637
-1.0189345472552782
-1.1347953441254028
-0.97517328079587029
-0.79622137852667674
-1.0006937537330223
-0.82529532522265781
-0.71847164253909512
-1.1773603125829122
-0.90383188487940958
-1.0421997473757068
-1.1411811553748439
-0.71550568738935172
-0.96816740709958404
-0.68414768865551034
-0.51225498371248113
-0.93566457938196068
-0.94444641966016096
-0.72220432052524541
-0.75745380974604204
-0.947789692806002
-0.92230489164055796
-0.79759788445334601
-1.1849882019490101
-0.85140144922196237
-0.79780623119960759
-0.87961842246809341
-0.8760125984784457
-1.070221954774772
-0.90681455657438781
-0.81476961001505255
-0.62500861551038001
-0.89410138931338334
-1.0767257670467223
-1.1826118895526117
-0.9489602196180964
-0.9412227333320563
-0.91987725609411597
-0.75838105251771071
-0.87156697841954267
-0.80776077134687507
-0.43031355154543061
-0.7057553144254004
-0.55362940318689646
-0.89992971845321967
-0.78814508024186225
-0.80832535886257606
-0.89544617739665433
-1.0550758022396463
-1.1585356377730145
-0.76654180553278017
-1.0230391306469282
-0.72034101787239935
-0.72615311317917264
-0.81544305161961217
-0.68323408020469945
-0.95015455937845716
-0.80737840151879436
-0.86165166111634106
-0.53430570659714094
-0.67736967185544961
-0.73788056157105153
-0.95033867561464402
-0.7795965846749906
-0.55101239642456235
-0.85976718792659479
-1.1186772006998644
-0.74406496109119047
-1.0324089600696453
-0.78099036806418576
-0.91712542039277767
-0.8628283141820321
-1.2182037531709586
-0.52886852801605377
-0.50645094035711502
-1.0715026924205249
-0.8276825297396524
-0.68618348552840669
-1.1341825856041803
-0.40350279846994108
-0.9040095015221119
-0.88104784932379232
-0.90363272054402
-0.81355012594544407
-0.57857345500912016
-0.84435078319783319
-0.87050711997384089
-1.0673550173849522
-0.80257247765589901
-0.53521683073827941
-0.55663626987718196
-0.82100282401330782
-0.85017099993212153
-0.72779494474335005
-0.61534413769252894
-0.73406986608691049
-0.49216645702077594
-0.74758258954608769
-0.90132961079050766
-0.74834305772939169
-0.78530457717814239
-0.502762497323758
-0.8456136628498796
-0.78048351174303798
-0.75661119804740129
-0.95138914836041522
-0.91513902021174032
-0.72249219868481429
-0.59944815682287156
-0.53122556114207675
-0.89852455369208428
-0.65496593764276334
-0.7635873955376028
-0.68020500693597563
-0.42470744010068162
-0.63596819626348011
-0.41309040113844436
-0.29136798971848654
-0.66061883444180658
-0.43868605591664583
-0.53575854156501279
-0.82047869288041486
-0.64685148275833548
-0.83852894046147897
-0.65868261495891933
-0.67082040087146766
-0.50005834867747434
-0.74098345892727113
-0.63055551454985526
-0.65381880139782333
-0.72847580609915685
-0.72265192097447783
-0.43708466543251379
-0.75553969110240515
-0.88345363815139755
-0.70639590508641259
-0.66432799903480411
-0.62615089014503134
-0.50474818218559558
-0.75011129557355483
-0.44515038609685642
-0.40662075529272723
-0.47351612024906997
-0.743062786482937
-0.64411269968665885
-0.60275557181835171
-0.65980231895856312
-0.70073141692799201
-1.0827845742212716
-0.58708398990521016
-0.52721241153156095
-0.41259698105723386
-0.87749166278277158
-0.81186880103493497
-0.49032469106309934
-0.6523438687088069
-0.5656289571684312
-0.86009903771934459
-0.51164130132255659
-0.99397037964211532
-0.61546593748386624
-0.44503024019379478
-0.77199992615279389
-0.58694134339466342
-0.89094860580517732
-0.48267450423284203
-0.67671388363611562
-0.54856464904065749
-0.68991282343287852
-0.75772301976780221
-0.39984252685805716
-0.61892967545294064
-0.66070952128992988
-0.8066617471175922
-0.63379871296822399
-0.40167883405623156
-0.61450757698832137
-0.6436988916189097
-0.78277766183594855
-0.87770249347329998
-0.54826971231207489
-0.57102266708194183
-0.9508143001199858
-0.60262913294970999
-0.51715808672237373
-0.38118624989241062
-0.60215314231182626
-0.45456851611472476
-0.75623281536370679
-0.52308268892941601
-0.82315494523658927
-0.67701238840484301
-0.46494082136807413
-0.50778346807356334
-0.47878947234812869
-0.70490959434350842
-0.68896130922171128
-0.6550458442754139
-0.68163623032854959
-0.66276987274111665
-0.56694448155615373
-0.18833886235753261
-0.55140073268487377
-0.54550962855245999
-0.51424673427779444
-0.58321246333269772
-0.41620080255241926
-0.53514488833121476
-0.67803581774045563
-0.41968719475513561
-0.68076088226121712
-0.34890727649952291
-0.61878120083491217
-0.60603779618974418
-0.66554342668139543
-0.51010775806583708
-0.57085399029847372
-0.53867943801586426
-0.4851840270160615
-0.66462885003610284
-0.30334230412306801
-0.4948649275242934
-0.75745599284684295
-0.42803517890781739
-0.75492854728535386
-0.52009797308295402
-0.50161157291213099
-0.2773801387483919
-0.49026758127738057
-0.41113431324304023
-0.57601946672596716
-0.65248645877726907
-0.26647830110802523
-0.3940381276458384
-0.56101103713869072
-0.57033587564676491
-0.71720035404279736
-0.58236867339608889
-0.49779811847032651
-0.61240977224454762
-0.67329104531768114
-0.35810510574550231
-0.11189705475052023
-0.46488187316304819
-0.3985910716835166
-0.33670120976770246
-0.47458006499826
-0.57165630961900327
0.035591401170452674
-0.45477073685120584
-0.33604961946263456
-0.52644284678299247
-0.63071323921011069
-0.35894990820631406
-0.32843813178082415
-0.18321991353920206
-0.49560387260713662
-0.37099310604969488
-0.80227559285653405
-0.21742888108258776
-0.24042132020939286
-0.59955018072788813
-0.59534236459056289
-0.62819502640104763
0.032492873901497007
-0.36724418347981741
-0.21933792703005603
-0.14231832414820908
-0.25131215864639678
-0.36564975179718084
-0.48452116038047061
-0.62909744562731329
-0.4753674930356826
-0.48451582790369524
-0.15908996936799119
-0.63175332743502421
-0.44667093538451225
-0.22884709406634435
-0.42795972042637248
-0.4927021608389231
-0.36660718915770002
-0.12542773100603086
-0.74110856917778556
-0.45696809584904197
-0.54073793943689707
-0.10844687615156391
-0.60588044170115762
-0.48559574414868018
-0.35236607586643265
-0.26503303787397536
-0.20864468744110001
-0.21359586669083183
-0.3211243397524508
-0.33508063101206897
-0.37115411096564721
-0.48336689101897462
-0.33826940781015075
-0.55948354818292267
-0.48275034459889987
-0.57234945264703108
-0.42574990687692826
-0.51488960843469933
-0.58162248703984487
-0.41186465830713648
-0.12932746256759906
-0.28015432039358806
-0.38399486330211141
-0.37104061877311878
-0.22677676856275217
-0.33845601061522723
-0.42659093059061171
-0.1491694564534416
-0.23616871804889186
-0.13082475659589105
-0.14317605763059374
-0.29336231144712116
-0.35772458286751946
-0.271414174957475
-0.23799931452920761
-0.00072049654648009625
-0.57073195146278111
-0.21223884004317042
-0.1739666164902986
-0.4342097511130818
-0.35105406159218561
-0.28334283883181666
-0.32126496317117137
-0.36624937335924729
-0.41001406550944364
-0.009454628474921704
-0.35816816863533574
-0.32046218337426746
-0.33886337107788606
-0.36782870841602405
-0.32338154409697561
-0.34393427139111621
-0.32009454062471593
-0.30549351833739052
-0.22032790819383855
-0.031247789546633792
-0.22642300983022121
-0.44111213887896616
-0.39407429781475001
0.17080882193238853
-0.43774823497082854
-0.02104409034622181
-0.25914168987847586
-0.15487306390077535
-0.43939362876368987
-0.26270283634805847
-0.25209541360730714
-0.35917968113004883
-0.33160870660652647
0.10579337915764739
0.17906279744604151
-0.13124777300736903
-0.31959573725125812
-0.0023027583652221652
-0.27524543060622592
-0.49203357077615401
0.028430110802582179
-0.087620779895383805
-0.023886938629226317
-0.26795871588814019
-0.3892716441233714
-0.19928877192189301
-0.24141448455539502
-0.10781183244832598
-0.19695799324811258
-0.08324638081974986
-0.44803545059960337
-0.076859572690607933
-0.018857345430497625
-0.075122348296692329
0.0023353190430988693
-0.4784255746104849
0.056156692753318374
-0.062824151434934666
-0.48586920879928241
0.080137119424354183
0.086830028085573607
0.061693518367940604
-0.14156352947385889
-0.098186925655049676
-0.53655341696687819
-0.60638562117271411
-0.10940459629423001
-0.082971602885223109
-0.17873005435495568
-0.010186501567911919
-0.21455331784536907
-0.093218755461640657
-0.34414781334200045
-0.37661061390613398
-0.14595104139968101
-0.0062206365042370053
-0.097139486489817711
0.036768681955624036
-0.13000384456676992
0.10627509762846435
0.1020701003829057
-0.23680863844766767
-0.029057895509605469
-0.06624982377738349
-0.2432125395007666
-0.31658131613234269
-0.077042303945992527
-0.12900116710190793
-0.12641827610861361
0.0859173694616642
-0.138396624490079
-0.019355436861364889
0.18248549938796935
-0.14449905360661816
-0.18632771161146061
-0.18617034668987412
-0.02671120010625963
-0.15315372982199266
-0.013039111394331802
0.064319718567861575
-0.096780663156050301
0.22843445037932533
0.2727128645342175
-0.42917766889419912
-0.02021693377992408
0.051459389476748142
-0.26997125133306848
-0.2376254587068542
-0.24633154924590803
-0.077619362018603977
0.065053659850859105
-0.29795702107285671
-0.2562484620915958
-0.062930303004602256
-0.37392652677391253
0.043818888857698017
0.16704407336340879
0.05133444582861485
-0.027190816475245853
0.2665619055482838
-0.23164624967741299
0.004815921441647557
-0.090766679137709125
0.11366155037434805
-0.14169812022690548
-0.16148118805763115
0.018666482231124791
0.051506604788999086
-0.17294977169481032
-0.13404194019689908
-0.084259322491332028
0.10520144959449403
0.029124777965282646
0.055664373247710647
0.11391525967080769
-0.23899133826346053
-0.18293963925605022
-0.35646505308125331
-0.0064596523832476539
-0.17389347436849495
0.14540455580165973
0.13389685462103745
-0.095167917208659636
-0.019927594808157114
-0.12680834644969313
0.10323405493434386
-0.066234544073867072
-0.048737759902503737
-0.16504623078328362
0.25771450950659369
-0.098349826780303296
0.13870459908462876
-0.16292405633439871
0.061040833311092099
0.25143348141189675
-0.12208539737732264
0.17319960290886177
0.18791224516126637
0.11759708882292599
0.0012866088939490229
0.031963039657481145
-0.038806640289770808
0.20943570569137898
-0.08623049133972667
0.17691249602950304
0.18307915953100554
0.11307732214004812
0.18715352641277205
0.30508943195505517
-0.049095820529900587
0.039110093301335851
-0.18767159456129706
-0.087839215521779243
0.34913341698272826
0.28467473319498593
-0.33830676418456418
0.24782853829889917
-0.25085294419781323
0.16082368199519056
0.016169012878447308
0.025402541278995848
0.19595119765187857
-0.002310314211194243
-0.087367465449792195
-0.13212048371757273
-0.045781258340789353
0.15054212527659108
0.25786305432038226
0.18593849396658368
0.04481049301646834
0.1708663416189177
0.32007112050762343
-0.24312519106552885
0.24959490572743556
0.47355604192704037
0.10312139696672677
0.19752154083673529
0.53155471347993333
0.056806066950005639
0.1783207829570648
0.25545455026230024
-0.11765263530068382
0.10938833939222141
0.092013921442586938
0.29565281025531998
-0.13918201525458249
0.057018121767262862
0.19044812792187171
0.3169212325895267
0.48094266696466326
-0.14416569959731926
-0.060341654935894037
0.034489949869427154
-0.09933183762850728
0.14147590046176392
0.19821460191228696
0.57336712010941038
0.28732515767169059
0.10330931239491194
0.2375921914366399
0.37804845945037163
0.25423397174858348
-0.087131778951661187
0.34793357041833717
0.2449858211185949
0.17280123598201175
-0.18058439773515864
0.38870666876750992
0.11256235238523703
0.35697962968628805
0.51847464458935322
0.18278876017648715
0.21084589823662389
0.23603697592715006
0.45363566061382382
0.12649476440674326
0.29008726377441307
0.15263702480069391
0.28517417685824736
0.36233103894464302
0.3036035751052627
0.21440063982747723
0.49152233765914377
0.21717445982180897
-0.053199443149087366
0.1156455429758888
0.1649007154011938
0.32890003975297205
0.42658184434398727
0.32900879241952369
0.16880494475933719
0.12668124057003452
0.30946076765555713
0.46972404898151737
-0.086531712226731713
0.56710087847794477
-0.0061694505601709399
0.34271987029166168
0.37979885699777366
0.33000827669462651
0.45331503860038153
0.34686931708062091
0.038187090469542655
0.3356558948660881
0.30112323829179277
0.48818528142967416
0.34118713312753729
0.16726176679371049
0.26610590057364664
0.19014262577479638
0.23562298894485634
0.39556455737909291
0.31517076874583477
0.53823113597607353
0.38556759372336258
0.23196181379132386
0.43941991391777507
0.44025099847657528
0.095467231419204657
0.41347063181346738
-0.054448719473286757
0.21801655167918449
0.31171987971062376
0.097374115755566495
0.46358695421529472
0.19648615457552993
0.14651124983877803
0.39922754057721527
0.32337674179706338
0.26132877336434396
0.097077440780464819
0.38949020475576107
0.68965627057274093
0.23862071449736988
0.071935046451754553
0.25348483707432296
0.26345800319279539
0.32548310758377053
0.52999261435795741
0.18880457725057134
0.54754497405288316
0.19724786075992301
0.52549392534214745
0.5953872904789772
0.42729176407531216
0.38477920552903722
0.35344644909509054
0.32173302603236492
0.38724366760607354
0.31241870605087468
0.23608151885211792
0.38009450570097619
0.28103285012224405
0.3504822255761868
0.33718061138957406
0.13587172022828017
0.31295050089500653
0.42648981427995741
0.01413963402870143
0.46135757452418075
-0.047553706253466929
0.028942433187576895
0.45958666452223568
-0.018359136263722649
0.28283241305496737
0.50476057749853842
0.43682086466126718
0.66550145051796294
0.69378341858210768
0.49419924705147139
0.32633529858122218
0.6212750621283748
0.55065531308463977
0.53553652168016885
0.19349270475120495
0.17346882669984884
0.267682067738711
0.26973833084415116
0.37516216859649948
0.26801733633614722
0.23020181707890294
0.51875171864554392
0.18548371404564473
0.38101267180269183
0.32091118204898733
0.63006151774118235
0.17126399235300974
0.31584790775696575
0.33527300308551045
0.35830376755814725
0.24799188703164116
-0.038270768815988031
0.39956258799050032
0.43242217035011038
0.17245327318859244
0.075585962228925135
0.31409162329598667
0.41545385480072317
0.48527721930233375
0.41241393795817594
0.52210575125572745
0.52884877394318797
0.15684882290367175
0.31441629894389689
0.10002786123695838
0.40438447578442516
0.30650699225201561
0.67696809253308898
0.46464595996929314
0.70284163439426917
0.41902882751694331
0.55257423090672575
0.30205305980194663
0.13555515186873585
0.71869628584875744
0.7216096877952014
0.3637634699644815
0.55975217168803371
0.39279518268157115
0.53036097983340136
0.1963699492127681
0.66186758603429374
0.91014410543231317
0.62338230148377494
0.63832089118665236
0.34580855578856878
0.45752778523346671
0.55106551726663555
0.38818115200043324
0.50626812548235334
0.63707351975710491
0.62933055045960051
0.58313747604947597
0.57787764266367114
0.60886134289382687
0.33054414116085346
0.53748529870756068
0.65948022688181696
0.21171662788749138
0.51669379561727802
0.89820700193819214
0.67489418050630035
0.54337334516121594
0.7550500869283463
0.59331949577423959
0.71501145230715679
0.49234342896387501
0.40756360878998887
0.65814885572672477
0.83863264537425486
0.47286337924148175
0.83626399950715813
0.58763567626888169
0.64710419142705189
0.56747888848450001
0.6621184822409717
0.74847816885807794
0.55357134999077895
0.68102268506261543
0.53657514405253692
0.4466818989604982
0.53543616861752708
0.49137718249673329
0.6236139515712309
0.55904802462255299
0.51981104472199402
0.62179760240494897
0.8342042534763503
0.54475307416826613
0.69845259173998631
0.51322233082286961
0.50499788645666277
0.50487442702162522
0.81518347239145816
0.61892715583468172
0.62041494133312347
0.73877704508005282
0.6536381757641585
0.21684941612175446
0.78431250361914462
0.821564978584436
0.62329738926345635
1.0011031046479226
0.44360338428885304
0.6503830938305788
0.58166643887544378
0.67659590575905804
0.57330397952208778
0.54917874257108379
0.43668355769577466
0.77633801537052083
0.80354001837519573
0.53283920955059016
0.85556499968028277
0.56826837827057941
0.80004502474650974
0.63956955818612471
0.64610449796117364
0.6267149645314456
0.58827958950181602
0.80495621804608308
0.96145349534976765
0.6350310279556457
0.62710674465957739
0.55913129066570655
0.71729247803444418
0.81841548260999863
0.84575009812541979
0.60864248924423303
0.55595123786184864
0.34749626465477762
0.91528312927021505
0.42018264251812898
0.63393920475836196
0.74355962531050068
1.129658513164673
0.68692667445915145
0.73835678753948153
0.91064718714021187
0.65861130710402893
0.78385029058424016
0.74666554485763481
0.85498852712154716
0.81745110013324973
0.27236246528085234
0.42344494491557139
0.74372064994732312
0.89200915522957669
0.79749092853279691
0.70596331031548387
0.5571071327690077
0.87381617319731719
0.53335796907077415
1.0472956055570057
0.3721368228755545
0.89251915396851345
0.81830913887502976
0.69292981194770309
0.59461906062935999
0.66111332875819517
0.38358709376263728
0.65666321975206576
0.94091643650901491
0.66584615746690723
0.50838142927968744
0.8033985905250367
1.0806656188895762
0.79737830234352547
0.57082822831974811
0.66902147027883974
0.52904225927929704
0.79464169020789244
0.80212150518847991
0.84340301024641906
0.84801163502349053
0.74108194497988533
0.34102326921658294
0.80022511302611898
1.0651585380540392
0.54760551863288909
0.67201281474648933
0.89491912050892941
0.39570869410325737
0.94331306405164506
0.59207350480727394
0.69406059967768374
0.80477704687390872
1.0689066366915003
1.1178315010075104
0.81311326796115113
0.77891363742531061
0.91269074615776535
0.77106224242825605
1.1494325468807223
0.74453480005092132
0.76385198453055347
0.94783528616886503
0.84013243522025849
0.25860363419798188
0.73797665512564758
0.84970422187180528
0.60068280937852414
0.88791265684907195
0.63579159125912998
1.0050589738803775
0.95651697470510866
0.76124170479457587
0.65365958317578599
0.60634090457766576
1.0736288509136747
1.0254763563409122
0.92212262731138817
0.68965539921969421
0.55390938615546048
1.0691997857008819
0.72951057375801598
0.930772451502485
0.97114274217614849
0.58212670611259687
1.0249410418855804
0.99612405850985752
0.82720313407409352
0.82484229637657303
0.66323627488189019
0.83610727685993924
0.90965076595439187
0.88408221420664534
0.99002802037391058
0.91014241495690795
0.63591571833999294
0.64724817943788071
0.57372955287654837
0.88482110832769867
0.88245713822028959
1.0273250439108415
0.6958230820009883
0.95923300765490938
1.0833123762850554
0.8804514728340509
1.0301449297563627
1.1707393127073216
0.80608807550113748
0.96262671547565404
1.2383360305600823
0.9525304871134771
0.79638698390407847
0.88429414949630458
0.74530580019573167
0.990085276846706
0.77034950104376265
0.92840383844099761
1.0466475660717953
1.0296417942035803
0.93342385330532152
0.90301168424831191
0.92790316504127146
1.062776172767659
1.1085741997493932
0.76942277596945896
0.81293092827437663
0.43151515733343626
0.67918528037895765
0.93990981306674171
1.0607183932878863
0.68139109470175641
1.0602058994699095
0.91915272138126347
1.0345776045204544
0.8750106040691179
0.80376077875372542
1.0051889032648742
1.0203242871898006
0.90778132659463462
0.79057416823774829
0.75284217532350495
1.008403837574064
0.92976065282630393
1.1793071752086677
1.2500553040032825
0.88164087429669835
0.9053877033809854
0.73178368961364748
0.89131418122941397
0.65045313026791995
1.0563401397793362
1.0951701268784118
0.98318172632764433
1.0151317315993453
0.91269572130160181
1.2751891725454623
0.88943346022593528
0.76716946758537019
1.1285188556225247
0.88957058824029633
1.0272857886510647
0.92408338660505152
0.89035178611619048
1.0448497631402478
1.0463069184663274
0.71208436181321888
