-0.88917716038688921
-0.99098489923433619
-0.85072433053848773
-1.2478632358835957
-1.1761847210204803
-1.2430742640101005
-0.92194345773024211
-0.77771344550756738
-1.2127115367790355
-1.1617035814704821
-1.0066848262369306
-0.84710354757470374
-0.97694512700260694
-0.99534160280977746
-1.1696500994285797
-1.1778378943013355
-1.1658259296762841
-1.0630358780981386
-1.0140519161118853
-0.98771964985402216
-0.79568808997750329
-0.78150229544550232
-0.71374050001576161
-0.85329137274843347
-1.1463895511712281
-1.0310110115990112
-0.83061210330637969
-0.93162164544487058
-0.88194041354814801
-0.61845336430179421
-0.88461995074873678
-0.94744716844828103
-0.8219487025558434
-0.98286891765215345
-0.70017877539799656
-0.84517218200047317
-0.63345139054017308
-0.94583427090325767
-0.85235953157318034
-0.92014221331128276
-0.81211305494566677
-0.78519370318494885
-0.77468078268135154
-1.003973082072164
-0.60843094388889807
-0.93282424914291939
-0.63121602175456182
-0.91753304258082857
-0.82848422661364141
-1.1042283134058966
-0.64067138954024272
-0.83143673862269507
-0.94655520402167892
-0.60912621856905846
-0.98142807840763524
-0.76835079927766237
-1.0664566851447494
-1.0392337585486398
-0.73791110264847426
-0.91910049707815633
-0.69109683107375319
-0.67005598705897373
-0.78423674295782142
-1.1543437789737045
-1.0088828527575611
-0.76340780864846769
-0.77115225994595049
-0.65407335764372632
-0.81299905235955938
-0.78883856819833886
-0.73991787696369171
-0.6447775099094154
-0.91544870890260999
-0.61300872373599602
-0.65334440038775721
-0.90311602095618115
-0.80912933717479885
-0.80615327965566164
-0.89153968249472437
-1.2680152328126397
-0.64156181851148708
-0.52624541182426032
-1.1500490051715637
-0.81660193539363934
-0.88821679118044938
-0.57627369581002086
-0.66745333934674722
-0.7525848889515846
-0.7423488499473434
-0.54480583115238901
-0.60619692217123156
-0.80708719451970423
-0.94568018950850941
-0.52424332947176944
-1.07724653687046
-0.90340642438919649
-0.74587546648151559
-0.94197563305016019
-1.0419584071740631
-0.74280190319718742
-0.84892699733497123
-0.83388321957664158
-0.4899688454684436
-0.92155462908902452
-0.75344127106533842
-0.68607337593639028
-1.0429147255778359
-0.78072077716198296
-0.53614010026178227
-0.6093707577281835
-1.0331767970046668
-0.77635399893692958
-0.81101691293276179
-0.72541371444861791
-0.69333257975188323
-0.56161941474428734
-0.83223609535628107
-0.88402159607901165
-0.84439013460935042
-0.99592561346848951
-0.93955470904272231
-1.1827090487309835
-0.45917091144479749
-0.89630761696324701
-0.4045767017627252
-0.58518283785546787
-0.83177785334948062
-0.49506376065232721
-0.84908632166454912
-0.65857590216284834
-0.78389396314565929
-0.35725170461059513
-0.61443495750745636
-0.51488889883614342
-1.0771572203335817
-1.0028332491672576
-0.67208733781189456
-0.8860561216502818
-0.97114717811412343
-0.70414387466866446
-0.91751007712457455
-0.81808179478885357
-0.88282699823217825
-0.44001238657042918
-0.87536899999965601
-0.59705603762025661
-0.70884744656783927
-0.80536920722340211
-0.77271532935315357
-0.73037781440648353
-0.98100762451680779
-0.51552633175648477
-0.74539944999519703
-0.62804897650617209
-0.93574781117904837
-0.32622206083144456
-0.70732724400834357
-0.74480137892184806
-0.68044342494314936
-0.38489980213267894
-0.46953931808834926
-0.52025862864299011
-0.70300728797007683
-0.67218650603621521
-0.69619047892150454
-0.64460336291957687
-0.59588558299711303
-0.61415550622642301
-0.70130107366451389
-0.5300892893769682
-0.41461790894686323
-0.5026277796202947
-0.72447576350655696
-0.77243664833192505
-0.88880120321632472
-0.27913816345284492
-0.9871469262324436
-0.87291824942682328
-0.42199133698613783
-0.68222929666785226
-0.55736558226164301
-0.79719527155287706
-0.67859174929034172
-0.81005176956139935
-0.89954326217098191
-0.67138059559757746
-0.52344313572190404
-0.36310161132828106
-0.67277355175879072
-0.79507897047428788
-0.28568017250136418
-0.48062333304566701
-0.57220914933502942
-0.36295971524376286
-0.65386145298545306
-0.50956605866789872
-0.59079696714443242
-0.67968685403906093
-0.91542065795747407
-0.45785591400107822
-0.53973731264898694
-0.59430478309897439
-0.4248959820505705
-0.43760746559970054
-0.36339183254824958
-0.54048103106967971
-0.81509200517067781
-0.42572939352830802
-1.0204956844750293
-0.56058872637045198
-0.64864612256056986
-0.41575464125756795
-0.54795545740011153
-0.57124102700884971
-0.66351902819646724
-0.70174601566854067
-0.4302181492013355
-0.88616935255144391
-0.75715081144391605
-0.17193957611405236
-0.55031660113888592
-0.81664587795885346
-0.47039977726526633
-0.8350923151862335
-0.49644716335336048
-0.82905305222813586
-0.91348360728585754
-0.42503677262684469
-1.0180036001847275
-0.34571794960720487
-0.50750711744134114
-0.71059882230726601
-0.220118000431275
-0.54743402001173569
-0.88832444592325366
-0.87225091884438688
-0.58688816663067733
-0.59269621318028509
-0.38562134705503542
-0.36100369178561814
-0.60352734311876099
-0.5061721921391108
-0.38417549938089424
-0.52906361681904235
-0.55671793434719208
-0.22287626297973373
-0.66708845859179433
-0.19746222188458434
-0.48726953078825264
-0.10696752105630543
-0.20285075094729238
-0.3804901049279773
-0.74796889501968311
-0.87743732569420263
-0.72090458507010891
-0.22260136488552718
-0.58466200696571469
-0.5511871488320681
-0.28854032133292151
-0.40930943748446963
-0.75477170341211453
-0.53180242628355467
-0.50390232025591852
-0.28230976844234051
-0.8108137678241949
-0.3494803986181475
-0.45606247826818463
-0.48800211394758225
-0.43195991766393144
-0.46763635682692262
-0.44821489424982758
-0.34597282525789047
-0.21320575156095553
-0.49455749567427965
-0.2458313960962196
-0.23413137284855204
-0.63188670645400724
-0.40142239879768093
-0.46501526374708002
-0.63208232835939426
-0.63544475001535283
-0.56882086806385279
-0.082989386939218826
-0.28001104454670944
-0.54018848816691911
-0.59522051874292214
-0.12272127854110092
-0.47518786411209207
-0.51115735320815803
-0.28457541155643534
-0.60079152596196883
-0.38470468752277831
-0.1690627497084953
-0.33560156846541411
-0.50630979927382336
-0.35318180786246123
-0.58128623722050898
-0.3079159251296088
-0.27292340658220487
-0.67742836624210978
-0.5403966864693156
-0.056147183925065895
-0.50425216502676018
-0.11658134507820038
-0.47648443446445221
-0.55850831558266767
-0.24558865864873447
-0.52340939218266347
-0.37455239557513986
-0.2203039117175174
-0.15541293105344126
-0.41013174917036238
-0.62245707063247235
-0.64624009683068317
-0.41334739991736535
-0.014989122973600773
-0.049731995469989194
-0.085566520305093374
-0.61799436380215411
-0.41171542248065279
-0.69611692028854877
-0.19278827574095986
-0.59009687670235422
-0.17641161884821074
-0.21967821432922019
-0.35873002819375638
-0.48960416396795831
-0.48365903221804701
-0.070543165598727697
-0.4041993152096453
-0.2983955833879452
-0.38749942432638151
-0.2036193844723608
-0.38668745057360593
-0.30478026939346359
-0.65759784433707413
-0.39715691675988446
-0.026335610242431206
-0.17228976152407507
-0.44630583553808822
-0.053487430552935741
-0.27065209964484427
0.051348949848152067
-0.07442489343521469
-0.35217899464324715
-0.60797965108660257
-0.31908819713990338
-0.11881948178979058
-0.46732741289204743
-0.23880465303097964
-0.50731827513394334
-0.40718787142898405
-0.60734640830227649
-0.44386821804246113
-0.018303424839495454
-0.29323104187945914
-0.25261730518926151
-0.21463547526764537
-0.36948540112769634
-0.22947988054707646
-0.19347391820310347
-0.065799577613341098
-0.49011679665102059
-0.55511505464211086
-0.20036599241008085
-0.29943972530029794
-0.47606534221910862
-0.59977190762226695
-0.052259802999956542
-0.26980051300381624
-0.13679886798326799
-0.39906723683394607
-0.2271088108918792
-0.18666424873336754
-0.27548360848719838
-0.26737969245801202
-0.33221373332264154
-0.090983864216042348
-0.54355973639461175
-0.43968535699875333
-0.31858328743063397
-0.39216665671828904
-0.48829350313195946
-0.3397767925953718
-0.36803124184329783
-0.25872866991845672
-0.32425283674385835
-0.1963203285648962
-0.54460983069510549
-0.46635804456641172
0.20197125409810793
-0.062200126746497567
0.048758648180397705
-0.3548075493255422
-0.0039955872218770784
-0.20123453910627759
-0.2304043489542639
-0.10435277920236315
-0.23856660275738631
-0.37910226011444154
-0.16291434641263564
-0.16163383452864996
-0.035650092109433595
-0.35131493279156467
-0.23219936369353406
0.19588982170523156
-0.31790034344358092
-0.093056514086917327
-0.43042964577954707
0.15562536193427012
-0.11295301419928773
-0.42892650045082981
-0.1013878267055601
-0.0057605684091893801
-0.012942622515564389
-0.13595382312670559
-0.17467563688755378
-0.13767461968136546
-0.28755101592341314
-0.15420958958533329
-0.29977558852357278
0.21300211775523664
-0.18406725225402776
-0.18030985060854623
-0.047516946772349578
0.20689988851974381
-0.070829060243857225
-0.3002344314040401
-0.18425660038320449
0.039598198236845322
-0.40273443226870415
-0.59068714916576837
-0.11293948905264047
0.15189460934830387
-0.52350121690233342
-0.24392772179407121
-0.24810891156098402
-0.091269994082387007
-0.35445090434890331
-0.3032235286656253
-0.31374638460643278
-0.29147208933580943
-0.23821832768660969
-0.016246889330649255
0.096055006036468132
-0.35166071269056492
-0.040695104808774384
-0.2568151390652339
0.019259426410916856
-0.26746263683823768
-0.23505889729977053
-0.19964815931281074
-0.2748005839254864
0.44699682437711608
-0.17094698171635794
-0.30136739379371147
0.010343760012082193
-0.20568039377967981
0.13230695737195922
0.023119763044235218
-0.048300671516368354
-0.14484400491260621
-0.076034960070404653
0.081636929964875538
-0.19801880386707679
-0.04184527206008079
-0.25310598253904848
0.22467675522518976
-0.051229012448615781
-0.21173335571251442
-0.10099712673062822
0.04538060813614006
-0.051838526553229403
0.012158263531197276
-0.23271694943273194
-0.27328105872299868
-0.2813391752946478
-0.56546975680780021
0.13411655899104274
-0.072502130202844489
-0.16211327631766681
-0.10083499138291499
-0.18889324267719559
-0.10016114569879607
-0.14009119472205281
-0.13123504443755177
0.10216101300755701
0.012638149913450846
-0.35562567902782849
-0.54185708885783601
-0.0432624953413892
-0.2924889729652686
-0.25667671235607897
-0.00050875107284084229
-0.02942328319295956
0.096173036730852396
-0.095494931778146691
-0.40592406242147056
0.1170832497967545
-0.40633811541615683
0.20597341650451553
-0.31739312537415931
-0.09055516557229161
-0.19213344029879553
-0.28631661063274899
0.14679514075403338
0.06580521766960197
0.051854437987415632
0.16485449870688879
0.068448268597099238
-0.091415738804174473
0.10891390040040709
0.21287901306319112
0.043119057798809896
-0.1503374619700292
0.17569250826675778
0.2876051233735481
0.34966818840572356
-0.024637129330804388
0.023277140297263767
-0.1304753367680356
0.24165569665006637
0.0078087904346675965
0.15152604756233717
-0.13294176465016369
-0.035943816406175201
0.22067408188334348
0.47083306564380561
-0.12158720338382215
-0.017903393436318322
-0.05475735378186259
0.29083359667241981
0.21531054428567487
0.11981364347738985
0.0054514489223437164
0.16074143383896736
-0.065372918778011532
0.094872948410220412
0.030175482124786209
-0.049666646666518655
0.026684861780317575
0.31507953719789988
0.037200343526248209
0.2002827277178533
0.18651522276059115
-0.026310468841607499
0.30284546365201659
0.037578675417558091
0.20789001270149654
0.12568815480879739
-0.038508983026842789
0.14442522266696411
0.44067721236545798
0.042396714618525649
0.21287855186059029
-0.098726188108200982
0.041003114558148264
0.13759177720503271
-0.033069747057264495
0.14146295702502248
0.27659804075671374
0.083322694484373447
0.044722379259920536
-0.023349231975387432
0.47887757397672476
0.10069892278137081
0.13879973909425497
0.38367787537490866
0.061178698646827602
0.23211865495218484
0.27859456476549127
0.31211376784460393
0.16413280823649309
0.084693893789161576
0.32622192199253341
0.027682869786153447
0.15081685010267559
0.084737334568761633
0.24744325403247761
0.24503598602224841
0.10271191384266076
0.14108966855356231
-0.0016659576059327172
0.070499926224289924
0.37510257555784937
0.40350227126924038
0.037273153922421774
0.031479656832645635
0.48676567897839745
0.34889468296555776
0.52333999027834888
0.47825295543391627
0.20617340533167236
0.37051815910765717
0.081866631628836922
0.29586012069147455
0.21428946762239137
0.32283604540884148
0.040084693872798317
0.086076037636350342
0.23049120311869364
0.13690862334621279
0.14690509193462431
0.17795856239867147
-0.013481058968741239
0.2890430651101244
0.15406744854888815
0.6152460224620846
0.22988632938958084
0.28636937791410144
0.34259629903819533
-0.076440135258364503
0.035010842967264762
0.19012002952896231
0.1422478944781381
0.33159206818494463
0.40853470649821505
0.32360725463206808
-0.02089459261391912
0.10417416039198987
-0.051639042725811005
0.22340772970530215
0.085735997939298217
0.18679645959195107
0.098233727610947646
0.24671974328198931
0.045916682265396781
0.66303376946052728
0.63038389691766639
0.11307227082581578
0.086927786247845307
0.37597703944048505
0.20976518502324529
0.28315941180428711
0.61737020542564547
0.40220144734356217
0.28956545504484332
0.24176056814607758
0.49905418260425227
0.38716899732604848
0.39806594584073718
0.42726959895697064
0.69962255907353932
0.49992746626775952
-0.12235943702846072
0.11192228422706769
0.27857749420547917
0.058097726403286518
-0.051012200618119084
0.17725624472106691
0.4934414913863836
0.2913743998486254
-0.0875436919482947
0.27374742029180488
0.29687688356938807
0.079446178450006413
0.31455174113222945
0.25487618125632083
0.30455561329533409
0.25768713697325552
0.45756696090627796
0.38757673256257696
0.3705096767518174
0.30668157651298655
0.33622840070354831
0.56541397126627213
0.10719054913726819
0.083355326685642231
0.18926662643750294
0.56180711732621758
0.49142804580654442
0.4360768960653158
-0.15516494126818633
0.32600622882698904
0.57722121111433733
0.23250224254936827
0.32026983323470398
0.49050787762153514
0.31580802974805161
0.43634238255634439
0.51241996992518279
0.45908732329723456
0.43322333963220611
0.22114217813332354
0.4110401790244903
0.44709479121029205
0.27075316092632118
0.025712640509307532
0.23913167202131527
0.087865087326916086
0.58120948844935727
0.5386645687292958
0.031313743199276128
0.18931704375664424
0.44283000169816461
0.43180103388706975
0.38082431850217829
0.59741835993300918
0.28674279703137295
0.2211707017037865
0.37802231143850112
0.11400781001710003
0.78792234082772994
0.14380602470695417
0.57020709360101807
0.35922225064461671
0.13768809303738758
0.29066408230786145
0.096247774705699993
0.48107937234172465
0.42016948944950272
0.35252325646506166
0.40784794198563445
0.37070968463197956
0.49521857663293789
0.23106631755348561
0.40617808669640415
0.21432396080369651
0.14339030327012617
0.05663437235409003
0.4974650491983254
0.61060607780182996
0.54991868021742007
0.48918918633615349
0.3903788165198207
0.23622304825743445
0.43699960506026575
0.33066532395659098
0.25380902867644989
0.37720414478942299
0.70912303183221237
0.55920621532010506
0.65248779887595665
0.34176159388466032
0.55816351358034411
0.48663293873041957
0.46375152544297998
0.58075867121183644
0.26505080475128229
0.82659446887766241
0.41247547790379563
0.57266959263601591
0.65332184612581601
0.38084018754138305
0.66247537353724928
0.62268231665735985
0.65532279918398628
0.65608819752676129
0.34660331021187019
0.31158796923494003
0.58586956592216322
0.57039017466066499
0.67700812783223885
0.58195052799723035
0.073275718228998574
0.76765851446664923
0.66611782212363568
0.88053507265414666
0.52092796106987682
0.24329235725015178
0.62025378031005696
0.51933442875330071
0.57251466872944456
0.83909648592471842
0.8903286654307061
0.37844983531663406
0.27614063348445839
0.32688946779405686
0.16512178724363774
0.31337736887776058
0.5063291336882465
0.66172465070168274
0.21820393674696115
0.71695114017401906
0.41844515791086379
0.51630123514406034
0.92345600681912554
0.71467205765862374
0.68311642217418744
0.23668103337390092
0.63261385374721313
0.47810655026889126
0.42443645473845248
0.63620083883577483
0.11590159461515183
0.62592464134250514
0.53793286126538531
0.33775785909441847
0.5493187957463489
0.098304415969189096
0.53293693220438421
0.67456909529231746
0.3787033562782755
0.57003896076582539
0.7663584255240522
0.33655936881959103
0.40573214410687197
0.50199336803821215
0.52292723058476376
0.55218952120993048
0.35020508624604796
0.79815394120109862
0.72253336535015755
0.29783428003351498
0.49960660421254199
0.65553238784595169
0.72127195827779211
0.64609525451333605
0.98265956393731391
0.80456477023147421
1.072957375340073
0.2804037188902237
0.59637997327952519
0.7261912886707933
0.94870053506073526
1.0044522446673418
0.57786782543385595
0.3472880679444611
1.0867293650370886
0.50379837570867758
0.50169282928845071
0.65594117366160154
0.57553394646935641
1.1315342674926812
0.63949575891230681
0.81838764716297829
0.55363275061281703
0.95094871527649083
0.65378510693172553
0.65875959403218309
0.61552315348744546
0.67215809336210652
0.64608358024686308
0.365789864429164
0.61372395354688436
0.79933647684294218
0.52421276012301454
0.36578188606991724
0.73755641677653327
0.51474363373768917
0.61233820662941763
0.61172789284411444
0.5560776209438052
0.49590249305281531
0.55663251930718216
0.39565329608182415
0.79377521645584659
0.66919549799321665
0.57303865741447624
0.79867009895111174
0.94080615142807189
0.55087590816771537
0.69223317984627275
0.33688914734507447
0.69466197966833787
0.76951612451501838
0.73315992366861826
0.85445491083307756
0.88340571025581338
0.54811922939098234
0.75312908025644532
0.71540999553845075
0.79059846938117828
0.7705274304605193
0.72663213687452033
0.70620790713908144
0.63564036199686758
0.86390990287903235
1.0293830379093749
0.70367450045967539
0.63876244976942886
0.5810100221688359
1.0421289454884379
0.67466490476440799
0.7221025392858097
0.81479528704156967
0.92392644530923684
0.80853058922251342
0.93051386091394173
0.53623119583997636
0.52951262146147149
0.72486236383319413
0.90720349864710281
0.89547458321282347
0.6444430607531606
0.88276425246760526
0.58456865402410341
0.81818820723605201
0.83116673561065058
1.1822241987377851
0.65439520262437745
0.83132729628373936
0.67071392411198272
0.99792496667913122
0.36150855446197777
0.92726471805501542
1.0040749422494686
1.2503488747160456
0.76402600074609717
0.9536968127877069
0.66383914919236797
0.85339729580180845
0.92239339703475953
0.64692710377506768
0.80940699579992237
0.92190052477280426
0.70720055240397073
0.60619373149962397
0.6341478459542581
1.0786771057769546
0.85465792820987185
0.69458627035159359
1.0124180291516656
0.66953047964239698
0.82905938840163573
1.0213696587123482
0.89597191949047994
0.9815923499912893
1.0879903460042599
0.81959824947315463
0.75347887367361133
0.69811352960667661
0.73605712751712282
0.50456902570022377
1.1814170934182857
0.63361396988008778
0.89902692405348283
1.1151707705378207
0.83327201934652795
0.59820025287142786
0.65585701747265956
1.1204693541339075
0.76065966152706399
0.92255261051932147
0.89091624533869784
0.50191609655088376
0.6477536151009462
0.88283452620237413
0.8092595452313518
1.1101503292191564
0.8639353245587974
0.78900462404555394
0.80908445397277273
0.64480018045096632
0.80071405077503921
0.86578173419577997
0.74978925130325236
0.69042339887151016
0.95638254097290631
0.71208527689620338
1.0046636813500638
0.77486170805709387
0.73988901660212159
0.88434753793832566
0.82311071352552223
1.0656906816705531
0.76655774655240627
0.91847534870155778
0.95558555933042555
0.79101433597764959
0.95017409214928372
0.83690461133137495
0.94151774735140015
1.0234758926148471
0.41553362208774508
0.84881664265247914
0.79257668166394224
0.82036223168261835
0.90177303569906953
1.1043372986885807
1.1309190099675945
0.91196869605231612
0.69453258398262163
0.82994602254586181
1.0123365665964845
0.78017073903103218
0.88406318640179582
1.150905814557668
0.95486414039102763
1.2588283631395842
1.114510679469658
0.71175855220736239
0.6203637733082652
1.0878559873651161
0.84739225537124341
0.73805681860890504
0.40737963484599027
0.86039898773054957
0.89959398756233944
1.2329512898557351
0.8149860758679921
1.1290741985390995
0.96891394752478288
1.143950312863234
1.0744579660468994
0.96836241218869312
0.86376213612427133
1.2340302573645709
0.90947457107301144
1.0574881008079366
