-0.94734768436618744
-1.2574552001930519
-1.0262774181269849
-0.70799646159774199
-1.1085096949183559
-0.94183531661269282
-0.85642322121446934
-0.91674843834160014
-0.8198421718918153
-1.2063588667793304
-1.2259920865969414
-0.88800576966684563
-0.89282922423116351
-0.98997364222371287
-0.93187041847568641
-1.0504315720340596
-1.1581387239960252
-1.1918115552407562
-0.73692409521825186
-0.70208695597993998
-1.1457820009430075
-0.84758704596502987
-1.0308832499346878
-1.0289144971395738
-0.77222613236739723
-1.0652653447589628
-1.0966147091822733
-0.96886574529580538
-1.122099907978654
-0.65092612905089808
-0.76076003784446988
-1.1442422742529408
-1.062787062770441
-1.0277077856369097
-0.75334965304214685
-0.75183793947553068
-0.97158452210007007
-0.86115050422125139
-0.65753673488561015
-0.7757689649838273
-1.0145490616803592
-0.86858935041591834
-0.75952036623086472
-0.96584157249799363
-1.1700456639005532
-1.2954826692118642
-0.96718664299776269
-0.74972816123931552
-0.4827362519632471
-0.93951982221809027
-0.77182672005563924
-0.9695938533527253
-0.63199508477381117
-1.0086811272367233
-1.0686590622294316
-0.94246557767247308
-0.94410733275443648
-1.1503615772184714
-0.79155963418556896
-0.64535728401830816
-0.99512189570714649
-0.62241511712117892
-0.80125170751601515
-1.0430542206426059
-0.8316895789739277
-1.3597073998163012
-1.0328462870773789
-0.82282942192570252
-0.35103565276013438
-0.78234870448574789
-0.85541008388096862
-0.67759488827180747
-1.0122160262529196
-1.048684564913904
-0.81876383663362651
-0.71138060779393808
-0.56606984759791512
-1.0225258924146545
-0.71985536503175829
-0.81379778850914863
-0.87987512352554298
-0.71689486584310425
-0.78492843009105606
-1.0568563340634143
-0.95905779167939997
-0.71927172782602233
-0.82237902343858571
-0.80534825446427716
-0.56379442696248949
-0.79149794922769001
-0.84772321483249757
-0.70262489639538084
-0.98001796795100005
-0.79302910349746059
-1.0197595280341059
-0.88259705571394365
-0.45498564496849564
-0.8839121147091562
-1.0025504663980731
-0.51062504875322723
-0.603410277820012
-0.6217212641997758
-1.0617778299009628
-0.61865259026971431
-0.68875543389372418
-0.94649401292629254
-0.6500669544941996
-0.94528641316523154
-0.7329164857942565
-0.7440649739542502
-1.1218810637187948
-1.2871194259221475
-0.79102241304222543
-0.56469202959261655
-0.74109227995009408
-0.8430611921479626
-0.93311265356706208
-0.63897136752635164
-0.55688111595065581
-0.77641463033752245
-0.62759159497772632
-0.73086242529517276
-0.73032196864469512
-0.48553485808779884
-0.73880145761007932
-0.51224208865041565
-0.62714898516067452
-0.54675953540161504
-0.57236611409172655
-0.65241802829194739
-0.81323105735453882
-0.84852129765447182
-0.53532637546438855
-0.6754803622092902
-0.72001664992780257
-0.66705074686372867
-0.87186930705205923
-0.33937773619009243
-0.48128733319316408
-0.71259005918976792
-0.82736261710618886
-0.92143981281366838
-0.63908412651034385
-0.68828875515328247
-0.75523154142886417
-0.70063865867498909
-0.63337433761598094
-0.56244674253752291
-0.97184852435218061
-0.75661753815957478
-0.57820613129352827
-0.73690139496991947
-0.5957101234179687
-0.99897793690848335
-0.87080659025904061
-0.75930919512894379
-0.76461347325159579
-0.66870849257415188
-0.95996487125914509
-0.60948226577364639
-0.64797988960808595
-0.34821620130142561
-0.65049232894156617
-0.68809796569964254
-0.78324827682956544
-0.91352505684720953
-0.62689060763605886
-0.63725802630345563
-0.99213376946958709
-0.71163752450861906
-0.61221861433449443
-0.59035698031176553
-0.42202216430561967
-0.80220931630293635
-0.66479611449691145
-0.72032013016882268
-0.69658223752614001
-0.50955762696926321
-0.61582411080114141
-0.77895855524108815
-0.43400917241651676
-0.76550263535594687
-0.44611733193329789
-0.62647475356871907
-0.31801237671864796
-0.60861376318442006
-0.46736490672012154
-0.87460381370069307
-0.94443719507330037
-0.64060035891273426
-0.75292950183316043
-0.7246666627326277
-0.84252853932956606
-0.4938271466117381
-0.75651989189449653
-0.70996825091842541
-0.51800574638577634
-0.61532140523386347
-0.84436214924851605
-0.77504225324492959
-0.66469467000973137
-0.36053311713325903
-0.58920461384622236
-0.34725985472733839
-0.63222068205696325
-1.0063706559350916
-0.47738847655009281
-0.65415596159864209
-0.68310276064726239
-0.46855522611385564
-0.8474165709725765
-0.67257738655411015
-0.58766788467285158
-0.36858643583641698
-0.4093045035982088
-0.41608180362788988
-0.77350954467032396
-0.58817197814976685
-0.61624277304021957
-0.50886300995802869
-0.39209572812978943
-0.57299615336813359
-0.57484451191820241
-0.40286967741113461
-0.76277719471705152
-0.73719797213229243
-0.79929533031811628
-0.40951240280441475
-0.24451910590540371
-0.5645230955814422
-0.31202146689890886
-0.61704599959834128
-0.45149063195323147
-0.40574846869312337
-0.31515860524356848
-0.58436474732229049
-0.38976143036179128
-0.69323451593938767
-0.8142761617178087
-0.42882278079499481
-0.40797705859867656
-0.83771303454191492
-0.55284155066789586
-0.15846003473511783
-0.56592414398444535
-0.44797213681332848
-0.60792850307310653
-0.40730984189807634
-0.14316282813833187
-0.58966396889813544
-0.35703822601412327
-0.6181451717854558
-0.43946152686968498
-0.78364144731963592
-0.42177405275807933
-0.47246504976889808
-0.40905530657279726
-0.3647313614441916
-0.27197605615540554
-0.40125150272216181
-0.6251165223889007
-0.66729919613417643
-0.34751535928911809
-0.57687905411335172
-0.46576203312029218
-0.7827532557879826
-0.18370055579115468
-0.53711579290192302
-0.42197540311324194
-0.26724256717761014
-0.35259359292182541
-0.51957937217847827
-0.66725187656243301
-0.53233929131225821
-0.48566704355742069
-0.2529282371377754
-0.30414610910527012
-0.57614693431006159
-0.36129714662898255
-0.18238723309478649
-0.11987980560999201
-0.30023407383997919
-0.4616004609768351
-0.38319746078256328
-0.63117116837008058
-0.45292542063991903
-0.40565465679363238
-0.62742117528138652
-0.51197265054401575
-0.38415160170570711
-0.59258169414094652
-0.40841103102148218
-0.66378153303081278
-0.56155372191574271
-0.48911871725699557
-0.58024695907599222
-0.53106572268971086
-0.31472791586430776
-0.64490911108460125
-0.2116348806117673
-0.53850326423688122
-0.26400817188328474
-0.68865963539142516
-0.49563798923415464
-0.35276419018288857
-0.60818666449376868
-0.61630813459282807
-0.25491062547407056
-0.47750529944203346
-0.4062905450354955
-0.55398236263336831
-0.40699005337493316
-0.31521860803250551
0.030088455765105108
-0.20644573868726621
-0.72601099180800432
-0.49079063955026253
-0.5223660296794308
-0.093876544464142592
-0.38819640364311314
-0.099941774577122527
-0.2662545551217228
-0.16111960790201599
-0.3724009000870801
0.098689150892081565
-0.32682735259009787
-0.3063155875870594
-0.32720139868601639
-0.36045048663558721
-0.69631671272447693
-0.44364856730709717
-0.26419779949943611
-0.24571945633587414
-0.55085181481374756
-0.42090208602404622
-0.428616065713251
-0.52923132617373625
-0.48308598406628606
-0.09685296169203271
-0.27809515560699422
-0.18439974766373268
-0.33892474778585158
-0.50168770065183166
-0.35432323770271096
-0.35218713508945804
-0.1019023200413649
-0.38162743195665311
-0.1808689659842648
0.1193247328654268
-0.23100574397506674
-0.25015753312001626
-0.18387554311951837
-0.19723422711788685
-0.24576651578449069
-0.42928351640503887
0.21105418291149738
-0.5149492700208107
-0.062184882765874951
-0.088533548909960874
-0.45673088541127593
-0.2822717218974653
-0.36895815072792038
-0.5039129344637675
-0.24853538923534704
-0.11345677142622594
-0.11959950660001502
-0.29320072075065756
-0.4499096742574864
-0.0057147176320221701
-0.39428505234427486
-0.035138576343927107
-0.17171565406623668
-0.077749366191174688
-0.24970168866572437
-0.34719224903999829
-0.47066747116098651
-0.29254467796116551
-0.55563204858792947
-0.38373907841281119
-0.49391797162178153
-0.2221683609200252
-0.61995344879098835
0.066656311314472916
-0.57471672077982283
-0.39535332169968596
-0.20309757444727483
-0.19329012991996466
-0.10549062333896377
-0.17517886620536954
-0.20223923536474922
-0.16854537017819693
-0.41665380741250146
0.042768715314882765
0.00032188688470909598
-0.039017118372114114
-0.1075944140565103
-0.095983372215991569
-0.02199572240195467
-0.24336514049274094
-0.12876877091341463
-0.10975349863075289
-0.36457883331962904
0.046770383360291816
-0.11580485250902584
-0.28707912573124805
-0.24746344075064311
-0.1445993456550427
-0.073864612086641079
0.3970172516403076
-0.56820594599435903
-0.092866760510380453
-0.45369884956516288
-0.17684813915671377
-0.15616056190568173
0.016225384869196516
-0.056719192019600503
-0.20077968146093669
-0.37421988839013526
-0.1879759118194117
-0.13068657887199892
-0.21092888115263006
-0.13869374686541927
-0.10753228112086129
-0.25061685306849724
-0.18393255566811451
-0.52096297408095738
-0.01520652996884601
0.29195294609252087
0.0067950174704236831
-0.34516793912473448
-0.20311374075724936
0.079525128152299077
-0.24667568884407254
-0.052450937071857974
-0.30874050994838564
-0.12694555089087028
-0.17736246148476997
-0.18092397454060041
0.083128838772386762
-0.38364155868798872
-0.23500902749946945
-0.21775885262116132
-0.2761737736137711
-0.017225826894579022
-0.22226000121045739
-0.26472519805210915
-0.341926388925759
-0.21709409563006538
-0.28891503777291289
-0.15617423400671995
-0.42469759373407789
-0.095985447012558178
-0.14407682017585077
-0.27784896293239686
-0.17649510435138679
-0.1110252624227205
0.060932219001043564
-0.30769890836321878
-0.024226527409617393
0.30202610841235095
-0.43243072293402918
0.15594613737079929
-0.18925752394623935
-0.36595641082872549
-0.23459406145885289
0.076732329564123181
-0.14810330745094197
-0.3497582171773353
-0.072380595994713123
-0.20333240897128813
-0.17806730924342629
-0.063777925912987074
-0.1815348192494971
-0.15854675350600814
0.21515695408698832
-0.10167017126167299
-0.0378632529875454
-0.32015508984416485
-0.11317522027952982
0.048075076433374338
-0.29047854589035721
0.2796871373528399
-0.075603375642580947
-0.31697485393555186
0.22800322107572038
0.10776091252272098
-0.10167696570755191
0.31568718231784987
-0.081296194021289667
-0.15037019410524666
-0.15247400366486616
-0.11024934269462669
0.025996198942782461
0.10509603222988646
0.090670071999598853
0.021436651035314704
-0.38214819203733635
0.079352860538540765
-0.04258697029726146
0.15968352038661171
0.18704395575993271
0.02030088725769728
-0.038639594278530795
-0.015364296968215506
-0.06899338907445747
-0.34562033904874667
0.02183147548940706
0.32386048091491698
-0.060669520349771043
-0.0038037159299262064
-0.14624731805310726
0.21772544939200655
-0.20420507151589831
0.15668880335014912
0.25823439769448264
-0.10541233191502616
-0.065711841271966956
0.077992473946531513
-0.059380494889029911
0.046675170205819377
0.27550910204908136
-0.067336867940386569
0.13895324869638778
0.13373575195418722
0.20214067365540159
0.28047484722485561
0.2878131306850642
-0.003222644407539276
-0.017030026155710608
0.15880809844699614
0.090141184380195499
-0.21134860480690307
0.27848934148184401
-0.095284427845930983
0.23591430482626818
-0.14474474622033262
-0.050097170596668648
0.0041887750869051294
0.2307277345630738
-0.004085032176138371
0.026690608146356695
0.07879750570807241
-0.23938024410573749
0.028903048173577021
0.18298578579456293
-0.17831054163423463
0.20139804386068705
0.084362582615315734
0.29739766340342794
0.51344509751868206
-0.12742072682984223
0.54579781930608762
0.22933101573133383
-0.010201872019246855
0.35731939312218652
0.20552662628881319
0.060853649765729677
0.047517324012278317
0.092678049349924879
0.2701738959044897
0.10396262272080531
-0.083098975371375575
0.018722916015599118
0.29553089888033318
-0.0042149867479650133
-0.13210822027855709
0.19568830997476711
0.22631362093965388
0.22915810387759586
0.14959942664694983
0.19366236810216267
0.095498350900109469
-0.031629220456554814
0.1421874838568786
-0.067024554061836564
0.23909143719244896
-0.070623328552133338
0.31131269395325228
0.1732437953235284
0.10675306749702029
0.10516296185164541
0.28415792960855052
0.086060716633363232
0.21398460461525945
-0.0021380013909983496
0.32264640002855577
0.070352357313522587
0.64266407749249055
0.33347521361428678
-0.076747693674284898
0.13838831371557767
0.17521526058496217
-0.065056161024244399
0.37675158889359278
0.00066221123485691842
0.15651987898114833
0.31040949984638627
0.060292834456594342
0.23758804656206703
0.42892655313695854
0.054997069073206596
0.016981456951803763
0.022091776500044385
0.17423931232088657
0.38319162050255878
0.2851534922426715
0.50960358118204796
0.3752578628495285
0.10744085560910706
0.13220025014635328
0.074312004689338976
0.42547606737845323
0.054430491355169121
0.17590934698525931
0.2045780201315783
0.19298852579735265
0.48877515609448691
0.33726582701498542
0.17940551476532077
0.23103410974362337
0.53192970101020343
0.3973177851364933
0.18834177449369993
0.33499611040635591
0.012271274705482184
0.32745906967525673
0.17051477415294369
0.35851595393189711
0.48218175626909521
0.35544623396356034
0.50791876940525349
0.249168751026345
0.060262894029348597
0.54328504403201683
0.26172642330323065
0.32134569090224746
0.10494333391932095
0.20847556918390217
0.63009304319759196
0.38788427832047373
0.21477113046585439
0.20529691919978102
0.068635759026207374
0.51063672139495742
0.40736503755242282
0.47354231978557043
0.44327555030114468
0.21347719639387258
0.41933263373596741
0.54202842507147464
0.57894127983889487
0.50816502511015271
0.26305381516983245
0.59229044056094193
0.16900492256331734
0.17928052669296074
0.440998588036282
0.42727625566661181
0.30816033246668484
0.31101011938539302
-0.00671499409856298
0.38989061631672328
-0.027399156876868978
0.15657856473312151
0.45506915539514736
0.52587140953861289
0.51148422733128018
0.31914457870320534
0.27114397170436533
0.43837768731480015
0.093520653511125429
0.18409110408750526
0.44172164304103129
0.23180528595646704
0.43994913427521887
0.24253139198960463
0.37967419163359462
0.42937294516722169
0.36123695199389366
0.16786925870495997
0.47237606857524878
0.28576615498056795
0.21833472635782508
0.41441806711344015
0.17209941477609769
0.45662856563419507
0.3370500917791836
0.39163691081608626
0.56434962755491502
0.46243216269686915
0.16801245137259158
0.32442745684732793
0.54907190652573434
0.30954810359218082
0.09678566290252269
0.62515386296089359
0.16641414512601352
0.39490349428479565
0.4714339762379115
0.5231942953491614
0.34150962072227348
0.55498397303466329
0.69300481186852514
0.36740081080413395
0.23073828350495185
0.20822387995739047
0.67048630769500894
0.40736967526133211
0.28043495917071964
0.42406572564623757
0.84713583251153535
0.33426006007254022
0.73928623367285584
0.4846286634659101
0.58196280047165161
0.30499562459778234
0.52874890407622543
-0.071589517100532463
0.51644751225413887
0.39949781350456021
0.34865913660915443
0.38628872189373642
0.5425578902065461
0.50001419502703748
0.43456474849075283
0.16552650935140664
0.73609046648047938
0.46706424750081516
0.34486932301441214
0.55765231931458759
0.5972514245201932
0.23473268244149942
0.37176932655816686
0.49367848662683239
0.63448835134144765
0.20042666582934693
0.11564682723911893
0.81086847718446387
0.57650431883457143
0.89971563706163482
0.41674081099184518
0.29696096257923726
0.2444333785566728
0.54043395367754898
0.43277377612094836
0.70074310253406535
0.88418571764714871
0.91940468946810283
0.73171064340301295
0.39693011576750703
0.61082855462759722
0.62783474422508723
0.47696759166248981
0.824735965114751
0.41837694518452295
0.65173409135424232
0.9149103614696763
0.4512093172259688
0.27047968130895644
0.77543684269234137
0.29636796542236726
0.52732174202743265
0.070196586487654325
0.56220431502670964
0.76675067579672063
0.59755798902953239
0.6059273151074176
0.63765095163593499
0.59299192447615368
0.62416308756995431
0.76798034508807311
0.44395564301430879
0.47747493242426881
0.56865556227215219
0.44198718377049201
0.60167087867704683
0.47291040061122536
0.88856492252911035
0.56529782122856098
0.44203818307112241
0.44006078735016607
0.50017133392300828
0.64599870629078582
0.57868836655705747
0.9020869209366047
0.36739458597804736
0.47699728352264847
0.52996542515809397
0.35716852775236763
0.29424779794093897
0.43521379757825879
0.41952835342795003
0.35697416374322055
0.78783239555592655
0.68852290100798275
0.61896877087967228
0.66179452122818516
0.79644885838182899
0.39556104031866557
0.52655608154360878
0.22233389702420267
0.46146296161821249
0.76483784662702747
0.49179993727012411
0.54873901111265633
0.79739461831644953
0.55949006675608448
0.99661955133192204
0.4996237262657624
0.54111377795875426
0.69801102163129891
0.48068014910642315
0.66685052790955879
0.53063146575559861
0.89303514713013166
0.55668106233521597
0.65629169727339853
0.59463352793240065
0.87429753380633635
0.69632405923677332
0.73721264359731054
0.26904900622244032
0.68367045814853855
0.80496729090573427
0.28615774120154386
1.0371893512113028
0.46763671536722634
1.0986525213253389
0.50907205695437285
0.63234185991991776
0.86306594948856741
0.64545376261080556
0.80320189388030427
0.60904792189811796
0.90232841111121742
0.82509626061920072
0.61836812058044022
0.89581032305815844
0.93826158101685664
0.75768631655172014
0.53417874191958903
0.78670547183342221
0.53500043068083869
0.61304840177598607
0.61901602957311186
0.64516906551150666
0.54150991257412662
0.38984406190867782
0.63680848286306713
0.62927126873285788
1.02920728136853
0.79347834964753317
0.45489743012135814
0.53536493586746947
0.67651198939163038
1.1310619573171659
0.65643801497484477
0.80600580357838381
0.68242545545501121
0.71196420485129863
0.80907638540075044
0.51851424610257058
0.76544073054636241
0.69250674648418953
0.74894535537733453
0.7153649016753969
0.98798090108747683
0.49038321516843492
0.90184493989033898
0.3054115364486561
0.57410547389435984
0.74804285877382004
0.87558186182329367
0.4365772199821536
0.78743798946484744
0.66666593718422751
0.8174402700090676
0.67949755391488753
0.91580890697584938
0.76952135157657076
0.65094938398068092
0.81696176011316424
0.83866777038166707
1.056426931387888
0.65876356420870774
0.5411148240911654
0.46441623314947167
0.76753292785314309
0.81170842755623285
0.64928801059611352
0.62849097373863716
0.9293177447280806
1.0062420281707838
0.70091580182549307
0.98678651022308905
0.89639049553920258
1.0024210408609091
1.1503333116133652
0.5883730565195634
0.80781951257561357
0.85789256942054104
0.47931668455386967
0.89166564004093174
0.83248712128259306
0.5122790684059777
0.99830004706176712
1.0183285230454318
0.7751540201609779
0.93806724674783315
1.0818890726805266
1.0458342701126062
0.77360755070902498
0.90712978894281004
0.95291136341736038
0.91494681593273008
0.55208356115070678
0.92089902633152831
0.76273904195348197
0.77530643719447667
0.91031001682595392
0.83163621966967727
0.97106365971362874
1.0183599464683
0.79929663602330803
0.77135534349063883
1.1566266873488862
0.7162852123635437
0.92192226625514873
0.68675736809369192
0.65456616932460132
0.84659550519154547
0.90578972456005591
1.2453008430933596
1.1111076109565261
0.97027179745279601
0.87759737426955775
0.58976338238802783
1.0027056652055326
0.97038813681898739
0.88495539136212864
1.055715263372077
0.75506278722123998
0.94090135030992328
1.2057183882215174
0.94749885814703128
0.82600579538929675
0.64289230446065027
0.51237424003706167
0.67139205089406473
0.7478126911682782
0.85548586759004619
0.57646234205443481
0.6936991423618265
0.97713469112621754
1.0930662390191963
0.71440165689552249
1.1571794528711288
0.97407623295201096
0.77811398482802097
0.87757946754918215
0.88939942648459991
0.72948280370739749
0.54598114265844699
0.82210127166597324
1.0276752607115616
0.92105926105427094
0.55099905343693389
0.85247705856508194
0.97583737932949244
0.83912238839888587
0.8505403301964507
0.92275377544750525
0.95772142070624455
1.2762444791150833
0.80630806505167307
1.4071087871687782
0.7597995126897451
0.93533877272318389
1.1136843892989396
0.71648135145645286
0.87759671208355039
0.97518015217658971
1.0608049096796619
0.74784000505129045
1.0392141599783202
0.89105743878896171
0.98897397832381684
0.72615679978665759
1.2701506408639445
1.0410758989126947
1.3060825472602597
1.3225905241549618
0.88193889804760894
1.0461947920840995
0.79519864600594059
0.94906513940333626
1.1962065314445871
1.0536828448106828
1.3119963316240111
1.0219601674865442
