-0.5392791793635956
-0.89378538526230888
-1.2588051226233541
-1.2163366821686699
-0.91327209303386103
-1.3999300805562771
-0.96751213992256702
-0.78108381644018166
-1.0667563351719642
-1.0633089698359373
-1.0477523421155193
-1.1576975683938886
-1.0955454109839933
-1.0472146215509837
-1.240709117255163
-1.021552127191099
-1.0561673257582893
-0.9172632291682894
-0.85536558748895197
-0.57012095474111413
-0.79768864228878134
-1.0436320518934203
-0.78653509238471109
-0.72727717388430979
-0.94692436723517648
-0.92542214692600988
-1.0540926320648711
-1.21375630134099
-0.76313852409440586
-0.61381575767687524
-0.65774393285581034
-0.90672541934908901
-1.2180917761491763
-1.0132096555162509
-1.3228203830525431
-1.1747779700185537
-1.0487358933325814
-0.75131591532945341
-0.82936706972090968
-0.83609843974516729
-0.93437969808372512
-0.73792737775616302
-0.76981250761851039
-1.0137260027070156
-1.1715781918917663
-0.60246662734943424
-0.61759905881248334
-1.0188256382768455
-1.0316818829102117
-0.93589148582919335
-0.85168892868633428
-1.0149629100704134
-0.74575769703023853
-0.83017997509102592
-0.83430512081476682
-0.70273313447285712
-1.0289645468628394
-1.003509668920417
-1.0255204661645956
-0.68590765884708671
-0.87357815844639741
-0.93342312410014738
-1.0986986206400728
-1.0125052960435956
-1.0952648861863379
-1.0393612717089629
-0.74591053958781872
-1.1074067272652923
-1.0805813817363086
-0.70350854080046155
-0.67982584210058294
-0.67196410215008684
-0.79575977445711676
-0.990494253456077
-0.91939895329713195
-0.82031594229282057
-1.0604972915191087
-0.8537261912944939
-0.49457346511518246
-0.83647737709217984
-0.92851821270702661
-0.70961691169758834
-1.0710145963442768
-0.88241172435832993
-0.98640217456234913
-1.217176075789318
-0.74323636953899508
-0.62156686587113574
-0.72850233928569885
-0.93375500258089872
-1.1842826006307838
-1.0386998473709681
-1.0884552632792235
-0.60494837192438367
-0.69189623056696881
-0.88205562660966108
-0.8860055793008943
-1.106859402382379
-0.63347792992189611
-0.63256831032774818
-0.88139507040168386
-0.48907837286029371
-1.1011613210530313
-0.74539122842761685
-0.80041914631335709
-0.69223696229982312
-0.71568146717714409
-0.78083206630844182
-0.5181563154583374
-0.73732722490883706
-1.0353223295716243
-0.74868193929326776
-0.85585464377182296
-1.0251075208262559
-0.75481307167521638
-0.92499239470179206
-0.61435994440111119
-0.48433957004406863
-0.67525126922005596
-0.57941387646693021
-0.69812705649905182
-0.73916179204991617
-0.78409839053493646
-0.68735365802533133
-0.81885841273510585
-0.83978522512910359
-0.6896992678985957
-0.75761871353929022
-0.9443581772044275
-0.61200238946965746
-0.53463469016806386
-0.49656579468898354
-0.63671883044960575
-0.71476629904410127
-0.95979977846944542
-0.77765085909073084
-0.60628689884704479
-0.175530540002279
-0.66869132526905894
-0.74741722434599811
-0.66464415841502544
-0.53724867578829694
-0.4810261272134676
-0.46335066723100465
-0.46373055916151446
-0.54010699939731754
-0.5871686606124501
-0.89952664331280707
-0.8649039912174884
-0.53543261211760185
-0.86844939951769606
-1.0050531599287875
-0.60472805757878756
-0.31638148357729923
-0.56968417429005669
-0.58448106993420668
-0.45553709299533418
-0.39131765648404215
-0.49168485669604156
-0.73161229037809938
-0.72848952761432373
-1.1337578668690838
-0.80985602284253766
-0.89491859649468053
-0.65374324682790175
-0.81309902971797765
-0.60534007561178915
-0.98088721482811614
-0.8892340355447621
-0.48503754494108436
-0.62860436258191832
-0.62698323330936512
-0.56445374850398811
-0.48908778929856017
-0.53590523596129058
-0.72398037870555554
-0.69119274327273528
-0.52360629805459813
-0.83541739168540885
-0.44010084982099262
-0.38088250272355773
-0.78263748943745881
-0.49282719993298707
-0.83057280467187578
-0.36568002510307918
-0.37108138906223315
-0.83422740357838021
-0.33303911187372875
-0.39985082448136455
-0.55588616207699426
-0.71782609599106439
-0.63661804099562302
-0.80934829873265035
-0.4347449619286412
-0.67690960218602969
-0.518696886347911
-0.57927780669513085
-0.87297432209439052
-0.91227090406480216
-0.70351883207194299
-0.8072777974294183
-0.63322167172728416
-0.7329676455291928
-0.48247844942361123
-0.44663825881462915
-0.53526390669565405
-0.81140408352005344
-0.79993787235288494
-0.45562917609621106
-0.60786318544970253
-0.49894990999817568
-1.1714586963031042
-0.41064859619785382
-0.8280421864969878
-0.36956507783921672
-0.47467819492735674
-0.77237787293212423
-0.38015166739235851
-0.26836738097870333
-0.39305207518986141
-0.62265147008207
-0.61131552957779378
-0.54081249681633758
-0.50821919392279569
-0.54474740436814462
-0.62759431437708135
-0.37541322007851469
-0.52185452025240242
-0.65829879851200901
-0.46375333350166464
0.041717203078315272
-0.48913572785892823
-0.31612092815461446
-0.73318373191891628
-0.51295022507324739
-0.41582976299295488
-0.45890669021872621
-0.84274055881935928
-0.47686244499505526
-0.55713809937687575
-0.38073695293312065
-0.37054148793059627
-0.72106477260863011
-0.86021542249631711
-0.54242100660688775
-0.63484991947709202
-0.65386763758617872
-1.1414088053075313
-0.43746745015416139
-0.57589109571500841
-0.39630259351913705
-0.54826233613054887
-0.793778843547297
-0.583065032079085
-0.45451375863540283
-0.43765681801313661
-0.76188380255447752
-0.5388722193708062
-0.9066628950221971
-0.65550287087051662
-0.50341718061135965
-0.40486298285240552
-0.20347643646390026
-0.58401735023806856
-0.75344074110304482
-0.39324390547981664
-0.66204806735160193
-1.1468302328300444
-0.52576723404404713
-0.42950431607329476
-0.60719311987721258
-0.41385866834423246
-0.54001121081800219
-0.35061434271577624
-0.57254338402003291
-0.52588931312835696
-0.14073998102368926
-0.7010449982181618
-0.54725999461484776
-0.36399101090872504
-0.57161859990406161
-0.014832258071344808
-0.20030523251626778
-0.42950298237526391
-0.19636666481749418
-0.39322766597104675
-0.11049230862703471
-0.091394407489144416
-0.32540979560679839
-0.25492912833822057
-0.21521898653464874
-0.14281686264839388
-0.16411697809939355
-0.24188593884275611
-0.39477165345749998
0.071369948109576725
-0.68771974689208792
-0.10085698151584165
-0.41838956181889753
-0.18158196879581434
-0.48444912123834938
-0.27943672733444924
-0.28601476027631423
-0.56200660897519028
-0.49994511800625574
-0.052717185345816736
-0.46560708501356995
-0.14050864010369593
-0.50804711729357765
-0.19856432714463582
-0.10991802592902183
-0.40051576149814805
-0.31573156048646356
0.064186120738711813
-0.25618021377011418
-0.37951058834360918
-0.48866150574101191
-0.21409920256714374
-0.49565404702059096
-0.1941672504948995
-0.10881859948577967
-0.13609282216242424
-0.41361522517534127
-0.53354364319336545
-0.36309348706972999
-0.34968924892435344
-0.16371699601400974
-0.42062207616811642
-0.15402563694100216
-0.25160391326158271
-0.29582052034980688
-0.22367465626685987
-0.37919019886258565
-0.43015429771494035
-0.33305069513433172
-0.35875176129051295
-0.45261032913514138
-0.15870962811876926
-0.39192043819470079
-0.55911002806832932
-0.2922435779429991
-0.31809255356967953
-0.13543890418788795
-0.49500811266245082
-0.68243254909033513
-0.3294518584408675
-0.37073860220363297
-0.20855626558660376
-0.28478302991375765
-0.3525995700668359
-0.38528445976170556
-0.45445256888795288
-0.59280645533156229
-0.379498608298865
-0.081315504598979405
-0.33562851168779689
-0.07683916104193457
-0.42962445696664903
-0.51341608133966032
-0.49601158637388687
-0.49668900460826193
-0.40507758282131195
-0.37761405060341652
-0.62313352089180751
-0.17590297996042342
-0.89606799033294193
-0.26038259829133359
-0.29877103890308154
-0.45048335951390162
-0.049174816731501064
-0.48788853990347697
-0.22166797518457981
0.045793297183292857
-0.038542623318805702
-0.34767529510069717
0.063525586383007579
-0.40948892230410444
0.17563925252747048
-0.087663290402630753
-0.30876427352946412
-0.46495653277612431
-0.35814058864930243
0.011233779184819543
-0.29164804650017773
-0.51415256475801341
0.0017100996916117679
-0.22833247057914652
-0.34968306592029497
0.069026207744876958
0.021387016842764388
0.15538572049315266
-0.17726554376047926
-0.28106571447994533
-0.70793057499641177
-0.16690525858352415
-0.08940096360311027
-0.35973614523214614
-0.18612290323728484
-0.41886608569671391
-0.021522188686227298
-0.16958240628398721
-0.11756823206386167
-0.33598933222648436
-0.15662692382476559
0.19343876510376434
-0.30362107398649946
-0.31111809808943808
-0.25798341164636135
-0.38337551934588315
-0.1294938550271702
0.089310747310640287
-0.67438374333417717
-0.25826270311753169
0.20414681638851515
-0.42581068879466788
-0.33238321656174202
-0.019682946542865631
-0.028737423684173119
-0.23848635705464521
-0.2828073027502776
0.37676988084664403
-0.43014727414353116
-0.33121606787083069
0.10830917038484368
-0.21900647405626672
-0.15575219102807361
-0.13096749293487131
-0.52365484172854337
0.031260789177134103
-0.11558629536081978
0.0050846547246229902
-0.26116161839248508
-0.38632795586265906
-0.15080612526973752
0.41889796880545305
-0.069443913338099919
-0.12210097782000905
-0.47512353032447679
-0.20060344883680423
-0.15190857476060524
-0.32548897622003536
-0.028635281549863268
-0.10166848115700525
-0.39310121291897737
-0.084591400455659008
-0.090437057750835048
-0.29506319155871347
-0.39038736666402218
-0.070450304919126697
-0.43306369669258465
0.061147835576617529
-0.08159459710591041
0.09925314395416561
-0.33266409394021473
-0.087872237963333225
-0.034951849725549745
-0.27231994280950089
-0.34773334077400747
-0.2281602363967512
0.12812343536787366
-0.18715432277033664
0.098645911903385342
-0.14777363936925472
-0.34115662974660926
0.14720672009745092
-0.18076930741250685
-0.20477361430443017
-0.065605913365776619
0.019988197711337544
-0.032566911748410622
-0.16398207102810589
-0.0718788101820831
0.17218442752564936
-0.40947204855040176
-0.23360848704307158
-0.29964366314007029
-0.16689757328962371
-0.33699494188591617
-0.0062094849492742429
-0.081379484081393047
-0.14483981023282971
0.014636127935027632
0.088326415723581631
0.27624314090398894
-0.04629293700911593
-0.25673398429370126
-0.29702224994607723
-0.12013527731608376
0.0067174758815716487
0.026407791127876501
0.10964232043117987
-0.21745501064931133
0.10836396859820516
-0.00031557056501802872
0.25520856684110127
-0.17664598098526246
-0.010978071536859851
-0.022914831359459504
0.21074647696373272
-0.29346001254898996
0.080490353775061405
0.37856922614613181
-0.27794654780311834
-0.21463719273536783
-0.022368088257748771
-0.31395331520752834
-0.20723891204953374
0.18324813233623802
0.29899429043097653
0.086337099505795434
-0.030684157453152575
0.3001538057079795
-0.25158135216248895
-0.15394626651464488
0.17785870889958161
-0.12072886859591619
0.071078146528772312
-0.050139151413687653
0.1106654728770014
-0.12372764701937572
0.10214281858181799
0.25406772037987951
-0.12765377443736678
0.26783735532885938
0.057085922003369968
-0.19750839371011411
0.040538119275747374
0.19332935065137338
0.00058063519566123312
-0.15280505135931144
-0.10185725622889569
0.27375911514222828
-0.18740039573776751
-0.15928984835627802
0.013495746104477898
0.24793518572642964
0.21364882109576927
-0.15466177070081477
0.24826384136479424
0.04901859500338171
-0.016296680874427493
0.27266484737564778
0.13033797167815672
-0.069605240114225322
-0.2292148246679494
0.23514253336102617
0.1436908598965469
0.37668493151413918
-0.20126321186351376
0.057754794070522662
0.20543426929898387
0.22542221373475982
0.1201699766516687
0.09650416955593083
0.37728333503625522
0.18157069530992906
0.40091611821121043
-0.020663808974080686
0.10561013512498667
0.2364453075667389
0.11047775549667689
0.044539628963247681
0.075605895246154395
0.23124322419770546
-0.023778340357862259
0.18449730516455817
-0.089250801588977149
0.058453399128590697
0.10953265217727159
0.4526610963133898
0.42449437997591449
-0.22468457357740834
0.099638412337205162
0.049834662265114557
0.11814787218415167
-0.23110784174579993
0.19691842760811465
-0.057060202413657855
0.14960831371921754
0.23938192317479351
0.31037637361056442
-0.082171295833470853
0.33119466374250861
0.42860800764842122
0.12492501851632189
0.12026808061241059
0.1205701663921861
0.063580823729093086
0.3654356617578865
0.40158602087223638
0.28362816900001747
0.39958606536858388
0.19921912354937144
0.098755718899043887
0.37582420772424824
-0.33658249548616503
0.15446725616899507
0.22536107754988224
-0.21447001321704443
0.016630733851099869
0.56868196230618906
0.3848577245015658
-0.075775990477265021
0.52074290032815618
0.084421338048565789
-0.18240693025835827
-0.04555948105229056
-0.027510759319642662
0.042193041628080789
0.23839079292201823
0.54737441329582404
0.10687110232865592
0.27333267839562403
0.27463403895754585
-0.11698061870708518
0.40987298533344285
-0.014238680821517545
0.21170101227426832
0.28822975228841441
0.54815271902885665
0.26906511691047574
0.21477234667418482
0.47715438088203899
0.40076595678853533
0.57669748626261941
0.27487455182649384
0.18513764676226557
0.22584576281076529
0.043700700964023204
-0.0055824622989002924
0.69106398429496163
0.14825581322628509
0.37244611465117111
0.58222115731607726
0.2641733121768825
0.52407341553836595
0.44280389997937447
0.22029534994544808
0.49767631646737071
0.35308896707246795
0.4110382450517433
0.12819895071914036
0.49838395637138905
0.6258669794551508
0.51836130581010975
0.41782478803051054
0.28331257511779739
0.26462464508075789
0.57060574950841958
0.43957689091795149
0.65815830428176303
0.32187877598025844
0.34647482524303402
0.32984015706083575
0.17708013883279208
0.22350879335402704
0.18282137968551607
0.15938555013771569
-0.07462241768716027
0.52035103420584505
0.55615447596416356
0.444632897326801
0.50953050507032527
0.43306114674478202
0.46646639139006379
0.41715937118633817
0.37063635406404871
0.22128024505659147
0.47521095496159893
0.28057206482230812
0.20616291319327712
0.7927555711669686
0.6033505422660681
0.70453752869606789
0.30300314088020092
0.45369684122697351
-0.025628619883255075
0.20911137272706495
0.30328805363640821
0.24138434526208849
0.094795473417252182
0.41819130905584972
0.37849901019047749
0.35261458683602359
0.40453147007837975
0.66504232345304959
0.23501096166510729
0.12237812949944563
0.16725532146542321
0.29933269001164031
0.31089426105416385
0.28209529021982183
0.15881501321664379
0.22287577712798817
0.50419444573292582
0.018479862948217116
0.22518148240763852
0.49763523692257711
0.5024189881433061
0.21200007574003932
0.40162015714588362
0.28671491047300685
0.080393923603996914
0.45016528266753286
0.45475789831907126
0.55694317069316501
0.44536544790373295
0.24132507834938258
0.50902297032466093
0.051082638905764616
0.32167034333246736
0.49122004986117646
0.29731745851881042
0.56608041907371176
0.32024374420977453
0.41479508565442819
0.4571374425158185
0.47059408293246091
0.54589214410155851
0.44697622394795561
0.79589517530672038
0.53309666266653899
0.6794581512004656
0.60211954120181577
0.36263072482612047
0.20432938998880376
0.53782672090573536
0.41107332742576835
0.64564509068316001
0.36198524796530807
0.39236230255187071
0.42237733424345697
0.49760930923501889
0.36567924783142242
0.3610109580872769
0.6020849649979767
0.49614412743072056
0.46603282319043643
0.24292026156149388
0.61841113950770965
0.55822525580907301
0.18899455412947616
0.5156581099531008
0.22265165777287585
0.55002501755410727
0.18865618719137645
0.60387606833530028
0.70610499182647446
0.46701439409821954
0.87161316715106474
0.40926065677676021
0.28111042566366307
0.50005001375574465
0.42255522138534674
0.13173193704790156
1.0385454927791944
0.53795633901939466
0.55068681191300639
0.85139087613834652
0.93006850673918284
0.49966545795812772
0.24705955550324754
0.60171369857899748
0.60496048458556007
0.24303318337166033
0.53825550135317735
0.83178565419050932
0.293543616221698
0.56581612236429313
0.50738699304104207
0.57580412633543143
0.7080180510300903
0.21776304077869907
0.64848499550711103
0.73594008423729929
0.15405694883021301
0.5642826580763447
0.49135858572300939
0.68198228860350352
0.46000093107390905
0.46160257553606404
0.27035686042344503
0.30076358047765123
0.78410136213550863
0.9041278506084276
0.51479014280803592
0.80581805769097925
0.11666249935216488
0.62228470508994538
0.60650441907620789
0.41391684100228959
0.6005858222459719
0.50744859409314225
0.64786019636259773
0.63855550732364774
0.67091033572103331
0.54985960173355741
0.92324549367470998
0.92601563232713235
0.67216506544018906
0.55910692544827156
0.56101700414309308
0.92344893847583187
0.57741204313807126
0.82547866524067681
0.82960991289186559
0.46363870784978234
0.70923227130494082
0.11860609598038246
0.70878218453806852
0.62598585915423366
0.86516542763693494
0.90581882447428497
0.58336653963204499
0.91621743699444558
0.52710333148040101
0.52100259221011058
0.59593588148227594
0.63251689497403696
1.0556281894361748
0.59687555641156864
0.73167968666058059
0.67972426639415895
0.7499044657630386
0.60531531978924646
0.51146215357033353
0.3866360532912595
0.64837676555194612
0.88189465014187751
0.77370147102340414
0.33661400101263939
0.28731266254061
0.80887100710937132
0.71557799836856628
1.0867398874272913
0.57897000979647517
0.75106816056633119
0.81363233706583649
0.83216902980197915
0.44817024246340176
0.81169351691408254
0.76488191474815015
0.44239779640462473
0.96481636711133534
0.83869410647550058
0.58507924559517333
0.59190041223417089
0.98105495270939458
0.71439548892256832
0.5700724082174059
0.75188171625541067
0.91820389884425702
0.94339878076411832
0.52199896064987739
0.52862384566967935
0.6121558214859133
0.73462756551556008
0.6419995201075438
0.97160091777714763
0.87365155974833353
0.8420850071297743
0.90603465356758772
0.66212611005547084
0.97344742144249985
0.9521283597565201
0.66287961775710702
0.81334400327683198
1.0865314546607179
0.77859612970009429
0.73035862557462627
0.88196591304269767
0.61695631031958109
0.81876780041847053
0.66663335359639209
0.71324532794310669
0.81660379049101961
0.70075781989598041
0.6620999063687576
0.91419608613100423
0.91782726127224012
0.62207269561944778
0.98687801485631321
0.85254032021947768
0.49866743554496062
0.57908632908174407
0.68642754849583332
0.49375671402801802
0.83966389204519543
0.71483949941591629
0.60888669262645256
0.67024944718687918
0.88457465582669959
0.67492944447124059
0.66908672899315091
0.43312909530374899
0.82243423240263214
0.83831272442667204
0.75463065250535011
0.85698599629211947
0.73633928150689021
1.0071752611737157
1.0716647019907388
0.95863719297001138
0.78353279579773139
0.77557583075617187
0.94937337343476735
0.57167158643970573
0.74226062113847346
0.99437588961239975
0.75600985239205309
1.0132575061462066
0.95636450290678787
0.91389307668653053
1.089210283573514
0.83300612557512344
1.0771876854027258
0.92976144307268771
0.84959077083557244
1.2090907272794527
0.78266467602040768
0.88870376360149173
0.66799581756709869
0.6871636911315282
1.360519718540651
0.72870559307111493
0.52776815056998549
0.33052988127560567
0.80757899953123768
0.98116130423345371
0.8176809601117031
0.72379049493273762
0.91961999632063474
0.96270373979662072
0.78306251275038252
0.99050777466022111
0.80231542365623909
0.66165486688317343
1.074710951050059
0.87410513014175639
1.0898259204338301
1.17637046397126
0.9515889815135109
0.93678618041468953
0.75753095660453518
1.0119784803950671
0.72745669615335562
0.90945516601301191
1.0721437671692817
0.86039263292759283
1.1873702529101187
0.92995838309004009
0.89730269543409014
0.67471802102263534
0.80284617375077183
0.94447575119325589
0.59456674107424656
0.98814320533682642
0.84204805545259198
0.85383662540562888
0.78595749082147326
0.87309226075810931
0.86572980480139172
0.98453453963524384
0.9109086582665934
0.90076048738825154
0.90291697123863368
0.9140518109976018
0.84420415587088238
0.94921537620085372
0.78474629638292637
1.079224843383934
0.94358094745113796
0.75202047724689358
0.88021029854568311
0.97519243796369137
1.2683979417469911
0.95549802148339114
1.1828302642637587
0.92282047106695453
0.99025361994290806
0.93885258796098625
0.9102680846854817
0.80250745629446485
0.94464867953936371
0.62307367654438328
0.63168013472368045
1.1816725791431479
0.93143078190804118
1.1500386408467012
0.58789381376109018
0.68759753115653721
0.83717664141809933
0.93479391738506334
1.151493710754407
1.1159828827327238
0.91645788972369746
1.1471065525659283
1.1072421789627065
1.4932084134427015
0.69853941597393709
