-0.89416438964897615
-0.97817824861514757
-0.86190240730273027
-1.2576396971356472
-1.1769074764469463
-1.2238726336366947
-0.93912537328139278
-0.78257287733984082
-1.1791537990327494
-1.1603109157752682
-1.0136623432610732
-0.83964754712081624
-0.98337581756663439
-0.97065600410918373
-1.1344428444078047
-1.1560772804615478
-1.1553467198003753
-1.0486765629915187
-1.0134299374303748
-1.003833514671751
-0.78893466896648612
-0.79995740823636086
-0.71984952679498504
-0.87802578311839341
-1.1234578708393692
-1.0161322033697655
-0.8398571229900873
-0.90881634241537212
-0.88261197555823834
-0.6140685643508984
-0.8974143295903213
-0.95317609101766199
-0.80172655722560993
-0.96886345407419494
-0.70734854531030311
-0.85427481307224451
-0.62848355852918503
-0.94367412723678146
-0.84183098446360016
-0.91328831073526551
-0.83293859527509995
-0.77787953849843394
-0.75653292145991613
-0.99930367210862692
-0.60168863893949187
-0.94402442966799605
-0.62086664449379825
-0.91707166544959229
-0.82784123129977449
-1.1006701376883961
-0.65791196826369991
-0.8346769167324648
-0.94455588275732438
-0.62302634767494292
-0.98688130322669931
-0.78194911201312678
-1.0548592457791441
-1.0294754404583051
-0.7268984221869953
-0.89964115100898856
-0.70012395952930018
-0.66691607642734252
-0.77386600475681555
-1.1695288225380134
-1.0097926272866407
-0.78000813548883119
-0.77616341506892828
-0.68168799227080812
-0.80011908231971085
-0.80090080628481297
-0.74410112006242601
-0.63751204789347304
-0.92212767090705605
-0.62351838779984436
-0.67441684234225563
-0.88014409013821904
-0.8228463320993078
-0.79745473018336765
-0.88613489472267248
-1.2552091546642696
-0.64909385312588785
-0.52096211091090849
-1.1694071268197681
-0.80785585465308651
-0.8900640534178853
-0.58081189183347137
-0.67154102195217391
-0.74907456000504136
-0.73400462052005055
-0.52579899182037582
-0.5855075255958504
-0.82651094790132018
-0.95933380271735702
-0.51429958541682452
-1.0822846759142621
-0.89941960792197662
-0.74744475581621661
-0.95191534006385203
-1.0566203662282638
-0.75711357778793409
-0.84464305262958439
-0.8176407256150493
-0.51371220219017444
-0.92205536824663714
-0.75822100828748662
-0.69436372015378056
-1.0512725096075908
-0.79003843691936593
-0.55133606418326808
-0.6022605729785987
-1.0620451158050912
-0.77239470660272758
-0.80009387958708
-0.73122690024043535
-0.69084221098646503
-0.55477682592966027
-0.81948278106253269
-0.883169727968245
-0.85330191518909193
-0.99879400846560618
-0.94954512388861734
-1.1694639649314549
-0.45396896500229839
-0.90369771701553281
-0.41474357262982775
-0.57717981495907489
-0.81612328687439184
-0.47532976568387381
-0.83773870900514236
-0.64539905891156646
-0.77925942395329373
-0.34522758106689011
-0.60515989579307683
-0.52911277212464491
-1.0559706010358667
-1.0101486497447978
-0.67790929996115057
-0.90170583369189417
-0.97935756679062691
-0.69470248158114756
-0.90201941920986239
-0.85150624521971374
-0.8905714491711223
-0.43234261715831029
-0.86034836011074878
-0.59233304714504287
-0.71148440022336457
-0.79228083528575532
-0.75841497731485652
-0.75970823149001387
-0.98351692454429507
-0.5461323495397381
-0.74074278457659637
-0.65893981046089767
-0.94044445118738318
-0.33001877449821809
-0.70606087496683934
-0.74243388970995106
-0.66504253499907717
-0.37824507737628865
-0.45629441369079049
-0.52106834614095432
-0.70403533333918844
-0.6774718358172136
-0.68900140312420344
-0.63093240970290021
-0.58402698524315044
-0.60592474534310536
-0.70813812008761889
-0.5365437385660945
-0.42546154366578753
-0.47264427069259002
-0.71180558006066663
-0.76373432307495659
-0.88959983610963234
-0.27062748857663732
-0.98015851391303621
-0.88285669978735115
-0.44075630737241328
-0.68108591831450416
-0.55209763674140977
-0.81908024863698492
-0.68804977165512471
-0.79634192441926122
-0.92329556769072751
-0.7199488930119976
-0.51105391662040422
-0.36215400382316526
-0.66742721958666185
-0.81229555529745456
-0.29406160215968263
-0.49821089970277144
-0.57604700562725508
-0.36108283709835687
-0.63318343916309272
-0.52423487138443081
-0.60320068850440811
-0.64416074551364511
-0.8832923449922554
-0.47138305642975015
-0.54919735654728397
-0.60274427542862297
-0.41641061031755716
-0.45385358838766993
-0.39368602512433276
-0.5425403556212991
-0.79654659764400693
-0.43804177075058925
-1.0316495951399109
-0.54684434177792873
-0.63971979758002995
-0.40783221967931699
-0.53384295258200742
-0.60613420920334105
-0.65991551294069595
-0.69992877437670609
-0.42332194122608752
-0.8843755990971458
-0.73728190717733411
-0.1756541565949632
-0.5389635270062243
-0.84242084066122458
-0.48402947375994626
-0.84784555418228991
-0.51175002600872255
-0.81341983008792562
-0.92773637336278825
-0.41900036249815659
-1.0100778730407327
-0.34748522587299957
-0.50774717901055777
-0.69997920165185146
-0.201248054064667
-0.57236931893494425
-0.89849495589463124
-0.88056286990455357
-0.59848975694806839
-0.58432548051558231
-0.39004463261167382
-0.37133316092965701
-0.59480144286094006
-0.49997832386804952
-0.38920847272278375
-0.54440339890493095
-0.56351613364911413
-0.2545874071223147
-0.67609207082103073
-0.18425224731929515
-0.47982886454125045
-0.11703702733250608
-0.22608663587004857
-0.36891586638577728
-0.74478559697275426
-0.89626771026350982
-0.71537858391670839
-0.24206203805966262
-0.56989213348130185
-0.58697163561773191
-0.26698183835482109
-0.40494439145587219
-0.77328725165023149
-0.53237073390663858
-0.52182981800048167
-0.28866875818546983
-0.80866654975218089
-0.36622055455951169
-0.45734229075682215
-0.47255194699642511
-0.43094711655204004
-0.4616800490590065
-0.45281826304108946
-0.35832280631306995
-0.22043597228988868
-0.52091125624295209
-0.25410441705156128
-0.25070229500626418
-0.6486763418582685
-0.39358178791783915
-0.45734272025101308
-0.64036457778734179
-0.62698918879515741
-0.56442030914487629
-0.083745528626437832
-0.29243200834503513
-0.54437138617346736
-0.58796018596988453
-0.14108452189890103
-0.47836329240418757
-0.50404977349563906
-0.29535496241161324
-0.61577670936451434
-0.39016114812351782
-0.13254526138537753
-0.32966709257224919
-0.50891747921646302
-0.37771965747640796
-0.58777395907580698
-0.28671474982815554
-0.24455647273303371
-0.69096545064691217
-0.54611052664546056
-0.059544324757410207
-0.51715407556257187
-0.10937498479529856
-0.48293738312772422
-0.55730667678388623
-0.24821087074346482
-0.54536614548155382
-0.36891220790989582
-0.21743240757509302
-0.15698685724926584
-0.39699548761660203
-0.62556782852959025
-0.64126726006669743
-0.46466235213067714
0.008336192613560986
-0.053984809379448113
-0.09864308620347674
-0.61334943825925536
-0.42023171919206509
-0.68460866505641904
-0.1789401826708519
-0.58257443834586453
-0.16052162180349189
-0.22141575007792566
-0.33677674711431133
-0.50209450163146219
-0.46937785853759961
-0.055578559307096237
-0.39814398693235575
-0.31321958575738745
-0.400487889986337
-0.21446936600830649
-0.4040278844513443
-0.29247758206239249
-0.65079809013103163
-0.38117561221283042
-0.02303452249710258
-0.16066487023928416
-0.45169636604615471
-0.074032991988552982
-0.28524738939691685
0.037742471168144456
-0.070151713017140488
-0.33160736541455377
-0.61032949993873464
-0.3199811442143653
-0.12778645352985715
-0.46545519578700817
-0.24046332815442442
-0.50786588392498933
-0.40346515927840132
-0.58364004412261472
-0.42749629362384001
-0.026449696684666478
-0.28697788047065942
-0.25795491881020344
-0.20939866355047573
-0.3493981738584227
-0.23022852416120809
-0.2162073859713689
-0.050346440034963219
-0.48912373807635712
-0.51610304450326228
-0.19807708615746009
-0.31171396809576624
-0.46904809016670101
-0.59400846864350199
-0.063773492740590423
-0.26282607266883501
-0.13479967218242669
-0.39329354002599154
-0.23008825719034931
-0.17738041860341633
-0.26432455335330768
-0.23992227553190845
-0.33897993457530223
-0.096091621395771668
-0.52803599365842702
-0.42008177599861796
-0.33252025677677982
-0.3813908199111456
-0.49110617093250775
-0.32276205613493858
-0.35815543508793557
-0.2760602485218171
-0.35633141478629698
-0.20665925583314795
-0.54426273599753971
-0.48043579267359626
0.17601022315756232
-0.068759465014755744
0.05594784329344922
-0.34673000690970623
-0.024350338627379519
-0.19259673292610782
-0.22026157865521162
-0.10002350678407429
-0.24111523657192457
-0.35934086167498286
-0.15656129620342629
-0.1520420704002689
-0.058784151098053204
-0.34041307047583169
-0.23118912083564871
0.17998615851519714
-0.31801607833335482
-0.059149469682377234
-0.43869271658025893
0.13560833828958893
-0.11456194603756371
-0.39936935980911686
-0.096696014234570443
0.0011604961012748264
-0.016640885412457077
-0.13515578446568413
-0.18282165983698645
-0.12804227532666537
-0.28625364750100146
-0.15860945617773659
-0.29055806413359547
0.20067600749290129
-0.17146339195162369
-0.18660939829687154
-0.063701157497141336
0.20357761337008345
-0.064607395140343679
-0.29800604172178136
-0.16519807639338913
0.035723984095556077
-0.39130566100045022
-0.60742661592995195
-0.1060171977827226
0.15645457980040745
-0.5346222814745214
-0.24666608553621844
-0.2404313087175429
-0.090634334459313556
-0.3297098473223915
-0.29789701340519076
-0.31615310265624547
-0.28522673615741839
-0.26565010213242701
-0.0010691743824722899
0.090485558272296193
-0.35383850617561935
-0.069011204662316084
-0.26112031779759937
0.030105351348881881
-0.2385709982153334
-0.25774879392772193
-0.2071686741032692
-0.2812967385513474
0.46011216542628391
-0.16117624616357668
-0.29104221376337402
-0.0040788851938120107
-0.22229574888776057
0.12357819085839808
0.002859740380250077
-0.027839242016847274
-0.15151591632459738
-0.10411037292830425
0.081098655673376888
-0.2058912398343514
-0.037975278710676505
-0.2638794008898202
0.23283991021232639
-0.04203573925976109
-0.18254576057018745
-0.094430271355676401
0.046521474252007519
-0.036540002221580714
0.045838666202437886
-0.21839851904556967
-0.27368207067883277
-0.28435410412841622
-0.5677192655092318
0.14809478497862374
-0.067691735131849132
-0.14805855625346276
-0.088631315373845818
-0.18776895386726225
-0.10136667034244239
-0.14307224818524147
-0.1249295343789508
0.12250336593408043
0.033736242680506734
-0.36373223929785359
-0.5643731045245709
-0.036136835195977789
-0.28827590964459793
-0.27794466353429953
-0.036551475028660685
-0.02107008928335757
0.098519669912447011
-0.10486478815401884
-0.39364205540101849
0.10064947581298807
-0.39820781442738917
0.20481017124779305
-0.31958147757311905
-0.066103133180531737
-0.2055646928435276
-0.29077484961950351
0.13547447874792481
0.063130278109033294
0.039654803433025118
0.17578649261108256
0.089250274181579589
-0.09873063354777506
0.12654938684096845
0.19142974902587201
0.04335894437466481
-0.1660514388320187
0.16629055586646066
0.28009180852108301
0.35331200590306983
-0.030546131171859895
0.0017114002552564729
-0.1318918895862346
0.26232004059686037
0.022754118461976208
0.14895942420680222
-0.15199731367609895
-0.035123418222773276
0.23911237262055021
0.49741969652538387
-0.10601828444997601
-0.022585332459993359
-0.074417135799366527
0.28827015863055883
0.21677726389929386
0.083006336677935902
-0.0070770450756647268
0.14769328331003351
-0.063094133743533523
0.10950933667142881
0.022340402260482197
-0.071161549190136605
0.026145924746501722
0.33279815277132535
0.048827785379207317
0.17239441561270766
0.17920534734367274
-0.035726196124198979
0.33491880136453672
0.042210372012829171
0.21729830989313384
0.12796133003828486
-0.033355419049541861
0.1333083658632723
0.41750363078061253
0.048148815220708956
0.20647193668914005
-0.090858453886645221
0.042123044996010606
0.13535977191571869
-0.034272562764963765
0.14237896202037725
0.27560240502628408
0.10825744023362144
0.063507632067411904
-0.009852292919514144
0.48151223452015635
0.08383123128864238
0.1508155896413613
0.36635859403067023
0.067866501439654892
0.23293404067046811
0.26448951417363847
0.28231943047365626
0.1673996625052924
0.1132925888736926
0.34076833241148158
0.026763322998673515
0.16842147464065585
0.082585662392117495
0.26547852439983621
0.24467507761931767
0.10870144653781746
0.15792824609529316
-0.02364663075296174
0.081563522201359387
0.36119993447159665
0.40271687597273048
0.049361073976178546
0.039552217443497829
0.47267462048831083
0.35214857232639907
0.51173047213279854
0.47155124031386109
0.22504180454533823
0.35480891322617436
0.081105209679523727
0.28477087349341657
0.20684241378239965
0.33814817216618753
0.075701802841138005
0.093975898892654508
0.27236164638384247
0.1333714158094885
0.14851158458500469
0.18225195906459665
-0.0017259132829961245
0.31094406963005483
0.1686793193826554
0.6429537221520164
0.24182171614791512
0.28264951652489573
0.34886286471592748
-0.069783727570178977
0.019187812344837889
0.20485978040864813
0.14015815976046353
0.32077571447278669
0.42122667284251591
0.32006805042070946
-0.017171930910848864
0.10310663550062146
-0.052957925304695348
0.22103377613165209
0.086495279507672426
0.17521940652609472
0.076512821786895405
0.2430405004110906
0.043333644785832973
0.6802731875584922
0.6499215889732004
0.1188465588211897
0.07808421784472519
0.36808256595005012
0.22411039447275152
0.28440582788361496
0.60596890337377429
0.39145633788154777
0.28544109330218215
0.225928191085742
0.49354544317912719
0.4018415486914641
0.41588910214544078
0.42115450778272628
0.69339197348299375
0.48111686187635616
-0.11144961303407984
0.12078287225174029
0.28324124384896404
0.070583061611402584
-0.061436881472002089
0.16590084618425577
0.47829040812975709
0.29874918682589874
-0.1020880730263254
0.25477848753719717
0.29389840252978072
0.066093903191581177
0.31710229446583554
0.27617783417921044
0.30122402210399041
0.2732985492064019
0.44815926372746318
0.37399494376714015
0.36957930503936326
0.29925598318291408
0.34974920893446837
0.54486667619981966
0.10993335071984787
0.065926526176575712
0.1878293424558368
0.55047132441336355
0.49561843438202086
0.42674076749540418
-0.14898232003623652
0.31656470871495795
0.56229571997085248
0.23257872362659462
0.32344389731449286
0.49754777539213674
0.31627191033931756
0.43726141523178857
0.51203374179571215
0.45263460317596677
0.44264980523121322
0.22720155699130434
0.40852844203306149
0.45525673200552824
0.26936239425987984
0.050846509064596555
0.25761756910914418
0.086474585232704182
0.56417051044859312
0.55005133871471723
0.018742781029183996
0.219420535828934
0.43890129203574768
0.40276954843027768
0.39095882891250239
0.57317982705605763
0.2811760135637299
0.22911132430633008
0.38527197206104863
0.10270184419688591
0.77324310345656011
0.11690117494684127
0.54777411711394308
0.37578086419803941
0.14624410582231145
0.26867133668827431
0.11450949090289952
0.49499216612620939
0.43660404599659219
0.34977963553907054
0.4315835914185967
0.35370269864863552
0.49024012099019498
0.24413046420805726
0.3932820581923232
0.19883768934673959
0.14639105255956561
0.046744817690126464
0.48023608865094791
0.60554690377023479
0.52265167249027422
0.47240937996808952
0.36923140743779614
0.24400779824628796
0.42115395660263455
0.34569610877092805
0.26191878846356892
0.373783391511398
0.70816983786724497
0.57098928490632428
0.66122758688056582
0.35296035737633435
0.56208198753526062
0.49509482121837406
0.46601135434674679
0.58891667738511033
0.26181122545488622
0.82658095994200953
0.42612060802411472
0.58646910432797228
0.66878359340160964
0.36650211847269698
0.68481372848209088
0.62752183012161233
0.65466172757088181
0.66652280500105898
0.37633640715695654
0.3091946310688215
0.59056416588166116
0.57940138171027278
0.68224752504927311
0.59587266000089578
0.087831855355287564
0.75295395303823409
0.65997504479366675
0.89721024147771711
0.52508078496925914
0.26514422378949903
0.62661007042038652
0.50534376707465511
0.59278366259671056
0.85412410019561047
0.87775639298110841
0.39055548428246534
0.27340074005765952
0.33425956652755529
0.15067450573841729
0.29387493222272781
0.49537068816482971
0.67783119913696988
0.23993236213721175
0.73666602901879408
0.40822876612118592
0.50323940288290681
0.93278920573123425
0.71607062785912057
0.66889331785674189
0.23551225759047972
0.62966018687795833
0.46834899205972369
0.40660919508984711
0.6562224520649067
0.11859200140087088
0.62959100321649086
0.52821738996933942
0.36114037924622161
0.54548945555345218
0.07537268722577857
0.51356201920559963
0.6632703298528978
0.37480316907456185
0.55875130765198056
0.78970399949543946
0.31941849088684748
0.41485868489406919
0.52932462701225547
0.51813312936485001
0.55767822351386998
0.36580145258440017
0.76748294906508407
0.73256466381729213
0.30256523701679089
0.4944032150397959
0.65224662528417998
0.73783843712324104
0.65200104679601323
0.97552450694785342
0.80315996524372468
1.0812137510463566
0.27973162143994468
0.61865112719769422
0.74045178940857226
0.92070499106573689
0.98970037765365537
0.56397464691145949
0.35732445961919029
1.0695502352156523
0.50530245814386054
0.4851504038011713
0.63476820308957482
0.56941350903913102
1.1090184690057685
0.65473517335995135
0.82184072756388815
0.56116878071937404
0.96063352208380304
0.6209373076944471
0.65578408819529077
0.62356957556368986
0.67326450301209373
0.63261515429651882
0.39141281937288847
0.60091640606361341
0.81461246005869348
0.53910622513309159
0.36592016434950864
0.73375260496318373
0.48573943161697813
0.61384453602394762
0.59565209605186342
0.52178178403892939
0.48993845719879514
0.57999579788010891
0.37644268325266894
0.80277450795769567
0.68948467998402008
0.56706190502037435
0.81585698582251376
0.93678214878783139
0.54949639836150876
0.70105929212376705
0.33587433496124652
0.70652719094374283
0.76950665532902429
0.72396849596706225
0.85667036780093275
0.88064772517372314
0.5508782113305547
0.75653983930352731
0.73616757720009218
0.77814810056457806
0.7627243988863297
0.7286403478453114
0.70797740280293442
0.65324326310533809
0.86750422849601072
0.99755668710605128
0.69997087426594573
0.66889119585434065
0.57474197412517536
1.053468106304466
0.68725697161381694
0.73141877008387912
0.8126237818293095
0.92856431467672029
0.80393035307810046
0.92960791640822082
0.55184761584918551
0.51279186190455639
0.73480096708502884
0.90611517793692631
0.88330870777067838
0.64360171755004592
0.87002934242249486
0.59140525842663505
0.79807993188859971
0.81356751756550993
1.1966270092004048
0.6680820784687892
0.81555641661525091
0.67314607368206802
1.0100426765626798
0.36607804938244282
0.90651573552499998
0.99089772926031339
1.2596079665282061
0.77290996252812927
0.95878136272280379
0.65644480855949294
0.87279825259467902
0.9094243737793799
0.64203260155490927
0.82494844271996914
0.88526459701339222
0.72951363763093346
0.60445983434342798
0.61521448970654669
1.0612241820707167
0.84646817453153289
0.71433939497006682
1.0177657762019674
0.67322359667036247
0.842449687968989
1.0214310546578178
0.8945231776041177
0.9859674081839056
1.0774832075895697
0.84581481584942564
0.75724931703935172
0.68841176364314705
0.74266808674936602
0.50170427770909798
1.1862758736524841
0.6483967016571085
0.90838952781024718
1.1169258065167746
0.80406341271303783
0.58846797293545861
0.67250450292906372
1.1123181487086788
0.75394068270026104
0.93079120359608258
0.91656701875970348
0.51422607914550034
0.63491544879114503
0.8903962412350902
0.82354265029247586
1.1220178218406824
0.85849470747910384
0.78200488974915638
0.80102437890863398
0.65825924862397167
0.79230477148812217
0.86855219026590469
0.7325436409927335
0.70577763292115958
0.95429991471300768
0.72711035214318842
1.0200749036029084
0.78809876850834915
0.74247601207577274
0.86864748795800861
0.8301999681393637
1.0902879793220388
0.7872548243433849
0.91679190499872676
0.95572768760052873
0.78567836239720823
0.9494422556325911
0.84762745891319313
0.94814293494228141
1.0424544313043984
0.40748600036367727
0.85428829944103957
0.74897519519129085
0.79637994872018081
0.91304535293271061
1.0932378350633005
1.1392371848714982
0.90927742403817913
0.70152156844834801
0.80531356484915861
1.0130221897742375
0.7923484883943519
0.90454050470538805
1.1480132757608597
0.94603769053605324
1.2581890267658149
1.1098480795464172
0.69615827121448492
0.60643278100174258
1.0807691712072087
0.845248733430782
0.73687635718720912
0.38894723355279026
0.85678047435470051
0.91571459568846736
1.2587929351779461
0.83622798108236029
1.1382427995137208
0.99043150837598737
1.1608252356657163
1.0930724206803399
0.96045850227663809
0.84546887401002657
1.2413273584586257
0.89880951910286011
1.0590628268068092
