-0.77236064467422405
-0.77109723167455768
-1.0998335572636369
-0.76274855932947438
-1.1871890344921219
-1.0438301235422629
-0.77020356655857614
-1.1172356695851529
-0.93977134399862838
-1.1080986892988665
-0.96991088556038951
-1.2230373426605177
-0.98757053297946162
-1.1723338264456327
-0.76332059145765963
-1.0288852710148659
-0.93206505720405086
-0.89698184357862321
-0.8566341200156623
-0.73314465508641258
-0.94829529257877376
-1.1022226818282088
-0.93982459456989809
-0.82376579670059846
-0.70898656707965868
-1.1198692784209401
-0.61321158912369778
-1.0525239677078253
-1.0018621530783083
-0.86494613458892911
-1.2730371566307774
-0.56038382743021053
-0.91417064986094465
-0.95713017610188678
-0.98239857516270124
-0.94282990526247867
-1.1181537283486016
-0.88772323554358057
-1.2478237263307734
-1.2265183518108156
-1.0271953712581621
-0.88805818827163607
-0.81904069327708839
-0.87214482900914569
-0.97389792457676738
-1.0382910910321914
-1.0404143518489455
-0.59964481393592151
-0.85410320650627447
-1.1887970691206791
-1.1378720628950072
-0.59077373696345559
-0.7051640790984548
-0.93167718735776051
-0.68095107320007697
-0.76607984926876083
-1.2529531472347413
-0.71588164404196253
-0.882199099450661
-0.9962391234339294
-0.91434648279153063
-0.93598127393624142
-0.85634758572638858
-0.74103843041819939
-0.83942662679172564
-1.1047812064610283
-0.86419255527546834
-1.0084035142154726
-0.63723316196865987
-0.67458406652271752
-0.77475123948006175
-0.62786735144824357
-0.55642807329283728
-0.86729165914389028
-1.0103275761962884
-0.83617038272634181
-0.5246997537395045
-0.79748325376516271
-1.1418988681912525
-0.67474145520434281
-0.80214820464058767
-0.83133334131155689
-1.0363099903977333
-0.8296558363272869
-0.41032866836914894
-1.0316852567668127
-1.0227252829776443
-1.0192244038696585
-0.76130627781781879
-0.71643897229694586
-0.75310816255628088
-0.65557109229905186
-1.0007012475945516
-0.55101046186074021
-0.35433581930054681
-0.85106590262905546
-0.94726308236820012
-0.65300426809023759
-0.72045287518151147
-1.0461229664857552
-0.72056165086813506
-0.76599255514408116
-0.92486321560108908
-0.81644389281819307
-1.0281883702452119
-0.766651093596594
-0.73098904153243427
-0.88613968095026741
-0.77465273925899591
-0.71976902902363593
-0.70445666294342224
-0.74904506070805865
-0.6516426644494081
-0.66620559939806767
-0.83340690325848232
-0.81958025232747478
-1.0916948980003502
-0.49512672447640149
-0.49596039201608694
-0.85397480618179067
-0.83264474841514269
-0.86268130171717461
-1.0724323178423767
-0.61548882767429836
-1.1160832430926977
-0.84077830577659862
-0.93187250728950266
-0.59730800530040007
-0.55589693045431687
-0.62439728185682741
-0.72569082441043553
-1.2226151562455772
-0.75132760755087524
-0.5810348796870457
-0.88914057163993887
-0.86018078531259434
-0.91749727101261058
-0.90440761029191086
-1.2248938043345694
-0.45493816480003724
-0.54585340657168202
-0.67269988765753574
-0.68597941070722279
-0.68929465690963931
-0.71197778874620099
-0.92572513836427239
-0.89813006626585046
-0.88308546407933364
-0.32994227521866948
-0.43036435579808185
-0.38498052847296516
-0.49957933232886864
-0.85835141015047656
-0.87026994713979755
-0.80985346996092766
-0.65086952739369208
-0.843734714229608
-0.73264132623612421
-0.62653900398356233
-0.51826897501339686
-0.59568758990466208
-0.89734166353718392
-0.60203278946361627
-0.86295350766083156
-0.76771877149805723
-0.51806190452128165
-0.50946618986052916
-0.91585439808050295
-0.65559313419874465
-0.38720441879724515
-0.69906144011206339
-0.77791659758538823
-0.7410318138659816
-0.60135293824409297
-0.45520396871118202
-0.62788043291769546
-0.89860217065110115
-0.60316030404759136
-0.92637858837113696
-0.11497258920754513
-0.57517601195219625
-0.82684992846274663
-0.13572888638474942
-0.84339851680912603
-0.82423545393080067
-0.8339678561314291
-0.436062757613913
-0.62387247908247745
-0.27165198781427147
-0.65580611863378491
-0.7115886213822914
-0.24934558964446141
-0.42755244381642254
-0.5442608852015729
-0.90429963691647908
-0.400218890961065
-0.79793626562462427
-0.59561172400052387
-0.32518442075199167
-0.67814847799479627
-0.83784279961190966
-0.89999855796504258
-0.46619602073353672
-0.46568258050904993
-0.82477326269199736
-0.73519017666555719
-0.27297740769916828
-0.57203448585753236
-0.79789841204932899
-0.62902566234041024
-0.60678388858544507
-0.53173999430707941
-0.41451665924088082
0.023497456247522745
-0.41400341146559932
-0.44550001271440071
-0.26578847910754461
-0.60909118150728725
-0.28274721775745809
-0.68832463161014668
-0.34309285937335676
-0.49232202486622623
-0.65760176446312335
-0.42792515769413753
-0.50326360934574521
-0.60605419544648664
-0.34228505707104107
-0.77848603905531188
-0.53823791424636402
-0.32737618758257792
-0.75173132774522888
-1.0073503105471009
-0.56384394733667409
-0.42661735785932708
-0.63574562292813153
-0.55683350084667493
-0.56968967162462247
-0.75573953541763716
-0.43817849398102227
-0.49320177364251511
-0.78643154656603043
-0.31458116825264415
-0.28686227504712569
-0.24054656269866176
-0.8085581169701096
-0.52228069549372402
-0.25349401959417067
-0.37357425007130957
-0.78319412084706941
-0.57104561508657026
-0.31672686979757697
-0.38897261444486841
0.04393951196190319
-0.24054541112201189
0.0065521192309592356
-0.51241990994730646
-0.7266314336873877
-0.20765971154502857
-0.19189360595058211
-0.44065565092373415
-0.17453129656575339
-0.27907640848282889
-0.58687371899392504
-0.51072007031482269
-0.28335500450888695
-0.39995708838516947
-0.44287049575368592
-0.89450638125670945
-0.84348320935278009
-0.68193402480226839
-0.17689999870528764
-1.0677152624963142
-0.11257672867549098
-0.45697492179053001
-0.50202443263726748
-0.34430997599926505
-0.55426349953262743
-0.43607603154654268
-0.20294238927329869
-0.43340332795626185
-0.59928775274653023
-0.29630600176859295
-0.33050903653603003
-0.36076167768692086
-0.43951779291671955
-0.43398523141935769
-0.63227638812009002
-0.35490283359946956
-0.30731220158769629
-0.0082261883216551372
-0.46584397537392463
-0.58550418622960465
-0.63607989355392847
-0.1946246698407508
-0.068612074686510274
-0.52970408513739786
-0.302524302069476
-0.37493672000787603
-0.57170000019516709
-0.53514387940768171
-0.3306427863412858
-0.56495600135154211
-0.3696577039104037
-0.54541440129053165
-0.12560669142128653
-0.2964520804327837
-0.73268081298002175
-0.52790042023669037
-0.35868637028624339
-0.35076028794788783
-0.77561084120390833
-0.68811398509418453
-0.030800358671929016
-0.42626924932272847
-0.084702818697987001
-0.37005157802124461
-0.19193345239072399
-0.47299245496274217
-0.39941087574007478
-0.3139764323309136
-0.085501164056880463
-0.1430044634202183
-0.056451176002711184
-0.031775882363073632
-0.38310232945588357
-0.36180866110793325
-0.3000639460755094
-0.24238673595862331
-0.60480661289844884
-0.78747248168857209
-0.39956563063837236
-0.26326817313371931
-0.41829193899569073
-0.28821463525486368
-0.43156528884521889
-0.18503950011837672
-0.31292462010566874
-0.33117196837673324
-0.51284566042441382
-0.55346478965962298
-0.4438664734812196
-0.71580701229023547
-0.26662806449154147
-0.60080310779604007
-0.4623373739176142
-0.58393376770643934
-0.50354932798402652
-0.21792967749748088
-0.12826197969537226
-0.3745074272057709
-0.68200643425432539
-0.34449146628347388
-0.24184277211088576
-0.17350334564277758
-0.11354432595661249
-0.3299405339235274
-0.08725824240668803
-0.43713540754307278
-0.28858049107823458
-0.38997909906208961
-0.3358747933509682
-0.35272488296050358
0.038775448377618663
-0.22355850757948773
-0.53009652970260179
-0.24332911568280566
-0.31749315801646394
-0.42231458087402279
-0.19217889662526838
-0.49715435682027315
-0.4159557951214351
-0.19521386942838093
-0.16007343071875663
-0.10756365128332637
-0.22432428767306895
-0.22686488051585732
-0.17163423902126496
-0.16663105969179365
-0.27235081986795756
-0.1507624084974806
-0.03220161195224136
-0.58991191398737652
-0.29284753347749526
-0.13248445249035429
-0.22803883288613042
-0.10689328450716411
-0.23213393861645817
0.029072308538596325
-0.19727559299293787
-0.42149013660267098
-0.0098992017246352839
-0.17336877071255158
-0.38376602184501829
-0.25336755872703021
-0.12231016241061256
-0.20087835507107002
-0.15906435051349707
-0.2324137879252588
-0.31561447200758125
0.043932721594453376
-0.23055635624429036
0.0054163786842620753
-0.26872792415544261
-0.17611779141928363
-0.18262056444607278
-0.41880137761812802
-0.13307651669236031
-0.046851619400295273
0.023254282252319278
-0.037502763986531101
0.049322134184950163
-0.24530739469255353
-0.038379966241461561
-0.007422327251221203
-0.50659413031260347
-0.00092297940542211145
-0.35910521328436318
-0.29803432202170882
-0.018838332562850457
-0.18623786849981891
-0.28076080407931553
0.042881707468215659
-0.41053615353182538
0.31625261461711057
0.053886966992532322
-0.14187012656038961
0.037920647523395239
-0.17893070306253028
0.085865746293437475
-0.058018681116980782
-0.091428393734363678
-0.70469094595273152
0.014655015458304454
0.083685583879523767
-0.32085964176082488
-0.51341188757434508
-0.20791832870856397
-0.43823109180428799
-0.175726007880111
-0.29949957208121836
-0.44539821258831197
0.14413029943953215
-0.021826554195171401
-0.18056066459493281
0.25884549389349448
-0.16891547313338637
0.068224224304440945
0.076818304891616535
0.02580669023619258
0.045833091248392202
0.14245749149593437
-0.10575056016104768
-0.18971856497969516
-0.073292825338162143
0.24604533209090779
-0.12259735656942629
0.12978876378713131
0.15890660459382397
-0.085211140511023437
0.0048134132130638252
0.10967189919238203
-0.26891793200913239
-0.17579791405555911
-0.094301573157683963
-0.23185078645639595
-0.30688557293175917
-0.37391420430112449
0.18091917793614212
-0.064941179867503959
0.12006672116680185
0.15528939918186802
-0.157937846825533
0.29606000407604405
-0.12956208254060744
-0.23502101719544619
-0.058995517002386838
0.31311380490133417
0.10286255331616259
-0.3231644330498642
0.046878899562296149
-0.027817477423959722
0.16232624079093666
-0.2288959702150315
0.13225860642135995
-0.18010927678751698
-0.051586054409689087
-0.19095217166754472
-0.0075100874169669769
-0.41397952426745144
-0.44257043296005061
0.27916839355432171
-0.085521250238267635
0.057502312317905174
0.24424942356797624
0.065650593475716695
0.042393436416704747
0.19207133088055639
-0.22964531598071397
-0.29388093217805672
-0.37018849133484977
-0.1732538257124098
0.094870472004321596
-0.37634057490577294
-0.44436990318409175
-0.04267491485938988
-0.021554063637285906
-0.065859421878663144
0.20796225264955751
-0.21324748008489958
-0.18732314999704622
-0.22726333847402125
0.089012740420166644
0.10171109686203968
-0.11342114087696134
0.013357708527520058
0.091989115414722281
0.062282253092139993
0.099011625390703989
0.15177763680925405
-0.4840890133512748
0.086805347181428252
-0.14554052930500735
0.20976026527408331
0.084810856015992767
0.09119884486298592
0.20605304731079926
-0.24502236609649256
-0.00950540495281978
0.37626704993145221
0.017034210327493964
0.050601265839586608
0.22680614537123328
-0.23661232296184756
-0.054747514551135253
0.030063588289291985
0.15638819920882222
-0.1061351209509999
-0.075374523825683881
-0.066850740077120135
0.055966914921707189
0.26402189804249637
0.36893513164961511
0.30979724294152072
-0.13206426052898282
-0.075763910189091163
-0.26167306880100721
-0.1608558143458419
0.30891294918824413
0.10861560091752034
0.35292309753209866
-0.1940920834724201
-0.31095174049987434
0.12370760100824735
-0.0009955457960536449
0.11747024149816071
0.059534790282437959
-0.01878983933146542
0.17378357287590301
-0.041185915964610388
0.39578879778418308
0.28757490659467205
0.065228798238514837
0.054872228012817374
0.34502357088948421
-0.092464747493868404
-0.051859436464137175
0.10960587331132988
0.10397874261623125
0.29683724450308596
0.18772225256012909
-0.016558670535353311
0.17373637528960886
0.32457262567842687
0.21227031636697477
-0.013328091160779126
0.45277050171550959
0.074184829825140075
0.16729371950458241
0.32826613658134962
0.33782409112951617
0.37458420383892593
0.28407053102861013
0.16282295504567229
0.22459562307113587
0.3391770145422256
0.19247164381732307
0.11812797136125293
0.30977980431629876
-0.068946314385328708
0.081972942180501093
0.081658134012279879
0.56951030447643292
-0.15158527229366381
0.45588211858830879
0.25634014124858034
0.32927942306417535
0.18685139365654677
0.24032967389002818
0.25766708988475906
0.18085436243465927
0.000435117113611777
0.23415505942696896
0.055346822428985941
-0.12394038209289546
-0.068773034411886355
0.20318860441340733
0.36972880693281318
-0.079389185778566712
0.31723621841972471
0.14584780572861286
0.30681146386526026
0.07952610093602655
0.08625263710741099
0.34074919516322394
0.031078137799296503
0.1155291830069078
0.53122171244494953
0.45440665521276907
0.31717072956550696
0.10423590583698616
-0.11383859357366509
0.099387361753525139
0.35687636192061578
0.14156408460100206
0.33926082457342915
-0.040538866418126977
0.24080760067743881
0.44891984999485596
0.48925288665279199
0.21353464201779962
0.24846623270056423
0.39553257346457926
0.43024218953286109
0.41318650389740402
0.052839140607636531
0.46609615317086622
0.15815661699650771
0.26990961891729648
0.066152564708633732
0.13433320889140529
0.22679882571557378
0.28122981571799682
0.59215960414518443
0.31282155025677261
0.33775131880335657
0.51674920504853505
0.21602690653553053
0.11458412055589635
0.029028318638198426
0.20057669298035524
0.42718702478342058
0.16222114042088059
0.3798966850170693
0.36094792590836267
0.48875715603536374
0.15865727396120233
0.1695684022064462
0.15558936304373358
0.0070472580005400904
0.33239162072108391
0.17082859711630868
0.38519894874487731
-0.19715129314445493
0.67341191281868973
0.70967754487513079
0.22608735412787984
0.42870644393067647
0.36395833708303682
0.28669884479722951
0.28958043037940456
0.52743650750072502
0.26960253447894017
0.40352408803780948
-0.064292324884814719
0.10023719956803322
0.45926002137662558
0.35531695368562122
0.27294157094169597
0.38141267947369195
0.66459014562642316
0.40277633876332503
0.70650878516191429
0.22286076675575575
0.29786253877915742
0.50803156818104478
0.74521761170460876
0.26726184229973848
0.39575427074044306
0.35723807674467872
0.33168214135646834
0.30547159418937742
0.58517421867694352
0.13166291024558607
0.6161277312041421
0.47990059691812326
0.43333949950739276
0.56759898519223595
0.27300280653572284
0.23787177720521024
0.45858611097101382
0.54406550190747516
0.27670420060395073
0.50721194815131565
0.33108255574275569
0.53550515403724275
0.46626258342785298
0.61052109215112738
0.28395087055265555
0.5746287964049438
0.28095959963072697
0.25672959665157419
0.40171821897427912
0.15375184219274479
0.75872854205152829
0.36388692601335143
0.13274927330473194
0.66257748250704918
0.45791078479253078
0.2950080258586113
0.3097644739338164
0.56121328460051423
0.50975459634389897
0.43008113640544826
0.63203013502746253
0.60913843455128613
0.58085838556160796
0.44615459948484415
0.084355528795185944
0.30197594025146396
0.69075595423735103
0.25633650197073365
0.31906895460658713
0.50343325732468314
0.28328688070490615
0.4410955717691773
0.62064892504392333
0.21207632349901476
0.55703067456979183
0.61359901301068587
0.58441088410827102
0.55216625542557973
0.52059721116202828
0.30100963802013048
0.52036821287474955
0.6286118547459022
0.31861868199270565
0.39420942637448936
0.75634335696867672
0.45977892632017103
0.63697718293770189
0.59887960788119621
0.80055501349367875
0.7592466578415239
0.55614514121199676
0.3042751072746166
0.71812866802273823
0.37189137228473779
0.37289347685759344
0.62592755439762426
0.23251742314610943
0.4230174370445795
0.22712261564101782
0.40690929305239804
0.44590351231981445
0.49840312359963213
0.39163323006071982
0.71267380351568532
0.43948133911717768
0.42948256576628185
0.37219207631573464
0.14322532480113104
0.43091565453031494
0.78429571364044648
0.75128460557523724
0.54024385394692476
0.49247831445052898
0.83975719914362856
0.85664151134251842
0.35054394729346822
0.47729603504309159
0.67700358093312651
0.30234336534154482
0.44266587547533331
1.0512161432454676
0.7512775721751076
0.79542571429318498
0.65408600127635697
0.40652727883467488
0.56470810750651557
0.47726793418488112
0.73826437170644588
0.78569200354499247
0.35907807776473061
0.68011167292169827
0.3526506924216013
0.40654797258133535
0.51321589600253681
1.0590265175211342
0.79705392652328466
0.27847201618257672
0.941517696997203
0.8583606279456325
0.70319925349377466
0.52876659467917386
0.48121847849521904
0.65017278823684777
0.69424375365803637
0.45333286046762034
0.28917612309906471
0.45250984817980011
0.88300345071930786
0.66059761099059344
0.81060429891191077
0.74676288129416979
0.6400662660717632
0.36786722207912792
0.89023524757172545
0.27731096052649623
0.60367918222759853
0.51483880849591424
0.61909930018166359
0.81357818972141593
0.6206707217716384
0.81878989167453387
0.81585742903188008
1.0616774343620428
0.74577476633285711
0.62814745422621288
0.25489776466676639
0.8248727469475724
0.76796798663919563
0.63826950440840324
0.64200175703470597
0.52561769086360877
0.79740636512123897
0.68851934000424553
0.85498992263223905
0.98052192346898892
0.58195489945873424
0.63774493529158416
0.69148383528112944
0.64433502464551184
0.75263695523055552
0.62821982836304513
0.64570120889342375
0.64060552946404925
0.66564978918497086
0.67662910305962842
0.53319925858145567
0.68256312744261505
0.78061254680541947
0.65414348641553832
0.51547928690912115
0.81591622259319152
0.81604800562145052
1.0116748461446949
0.62226049501967728
0.40993943772636443
0.47633647753901448
0.59853913535641623
0.59815359139765933
0.70024540822441184
0.18449288208823406
0.83592012961115569
0.59225781630731988
0.74762090753578547
0.56573342072563659
0.99377273890533735
0.79948919874924629
0.53593270221613931
0.48989912241773342
0.64413147707168372
0.64949987768475048
0.71240087341401637
0.58592734260209589
0.49637117375789513
0.88850778491017035
0.99469957412355148
0.84620912429017747
0.90306216771257353
0.56364790107847718
0.89548377035044036
0.78832511455875542
0.87239447245705271
0.7351503559795558
0.87510111090392628
0.85275045278014028
0.97418046089335597
0.6645804173099753
0.93118799467661018
0.72808155540567088
0.99349875164008072
0.39976025637009183
0.72504835176145699
0.48672174834916221
0.53192868480303557
0.79299554265804439
0.80397673649849866
0.99149204559493498
0.92672331801533747
1.0439331052970036
0.92392777426679151
0.61734719256370574
0.62314578877107119
0.6452609333034397
1.0788990045461049
0.968279906950689
1.0575121845446254
0.43667229295532084
0.93765887445650853
0.9321931657746142
0.80326261933213694
1.0594293187010597
0.92992950440995115
0.69161738550353813
0.68771941914691126
0.88579969361960409
1.2403619675586517
0.70188268502433027
0.71417233664167856
0.73896498422072876
0.81298241672626881
0.6787100840283341
0.66337756500265543
0.8992102776611488
0.44213369463933927
0.71823716327566767
0.63316117088592216
0.9612204359626404
0.81214845196901553
0.82554824927406112
0.79537913399356541
0.47756591846582153
0.84940044249298263
0.98234249565527409
1.0207170266112038
1.1553973240980735
0.83176246739403092
1.1311428834895096
0.92455658213122849
0.4827808492680018
0.98516506127129855
1.0264454375308478
1.0398186348196288
0.74256245965480761
0.89046187525450515
0.93095730604480231
0.75924495504966394
0.76119423826152932
0.6507083300783334
0.78639857174541872
1.2603193877812149
0.79266238255436183
0.75095469151065108
0.72641464965557245
0.96766396264688437
0.49825153603666289
0.97416451784834179
1.3833210969807261
1.0094564861791866
0.9377997523628463
1.1730692397066269
0.92507469028040734
0.70397177692329382
0.64012061928008013
0.97899642194844527
1.1449142181233134
1.2993739909320743
0.77935456076904697
0.71682543559471279
0.70492735915009352
1.0248144712683702
0.6908527734813894
0.87678806319467073
0.73833873366855252
0.64431386863900642
0.84480417750731518
0.91948423949343239
0.93909828508682081
0.93050289069827397
0.9981852894515385
0.9883288383789679
0.80164105144807007
1.0746027925246597
0.8173885573253683
1.2330168497030047
0.74907943961645429
1.0862337339338866
0.67563532130331749
0.96381621850561949
0.97338961094983378
0.68201406140902443
1.076369122989365
0.8157502232905457
0.87158468041272041
1.1094469752579654
0.85198206464027637
1.2333006649014804
0.89148489411838905
0.60658558998651013
