-1.1834394805183459
-1.16613548688807
-1.2689620433756701
-1.1198272876260349
-0.83922144195647752
-1.0356781074003165
-0.83422471729991354
-1.1434202643295304
-1.2454314688049544
-1.3715744088603239
-1.2166425429186862
-1.0363225859789222
-0.88156641755848308
-1.2765312953473911
-0.95698285968658692
-0.93202869611470229
-1.1845535721198137
-0.94437521069364183
-0.83667834523708273
-1.0245733716291592
-0.92341624742885919
-1.3762244850480005
-1.0267120591338721
-0.76992276821821948
-1.0939911467429857
-0.89371470460226987
-1.068420277129748
-0.8211156996429575
-0.7121521937760259
-0.89971359202989376
-0.90915031765481158
-1.0297155526924147
-0.92640464903087227
-1.0005864251705228
-1.0375628882597203
-1.1108115713288109
-1.1504324053575246
-0.96391845234262497
-0.99282630403348371
-0.75308488306527532
-0.96559357477459629
-1.029326588719321
-1.1216532146738736
-0.97570041249869044
-0.80227054689667876
-1.0076280514293281
-0.82410199375293935
-0.69934159192173473
-1.1811448749014837
-0.9119637239892423
-1.0267718689473619
-1.1251642828555921
-0.69878362462349508
-0.97028970626830069
-0.69223614287893098
-0.49864631670010057
-0.92441958917518896
-0.96122557658087204
-0.71700716904411654
-0.75303897152299137
-0.93018092976796329
-0.91443243992839485
-0.81587232562838774
-1.1863493479391833
-0.84934745087157726
-0.78324067318658697
-0.87444126861543425
-0.86976559367514217
-1.0745058019407971
-0.91233898171153371
-0.82945105347937009
-0.64141741591184953
-0.92182175883212725
-1.0714227157930816
-1.1838305232164028
-0.95649676525923888
-0.92952557892617593
-0.93698398781324899
-0.78654611229383131
-0.85234267818571263
-0.80347057841535252
-0.41841219462987417
-0.69143608549078195
-0.52637387507824451
-0.91795232782236302
-0.78794567704480256
-0.81876017948875845
-0.91707540168905577
-1.0566521736496637
-1.1369116303896769
-0.7820572623579104
-1.0201346117983807
-0.71555535427581507
-0.73826547238519935
-0.83594671741501281
-0.70725285787417969
-0.95217257166570513
-0.7839679734895636
-0.86431701867126975
-0.54125412468781575
-0.69037224843161993
-0.73737455960723486
-0.96230364077153774
-0.79909036807929779
-0.55105385717132727
-0.85338715034276147
-1.1101631163384842
-0.75208961430107624
-1.0271482494519992
-0.76503882028949133
-0.92935648977241581
-0.88786680161996867
-1.1991877128019668
-0.50713024311848809
-0.50478659454376618
-1.0601843800713204
-0.84269640216150377
-0.68666027194166879
-1.1469002103891626
-0.40944950400443059
-0.9125228006248387
-0.85570913197473542
-0.897019676737556
-0.83301144852345077
-0.61007395289659438
-0.83999413144325263
-0.86473789270022128
-1.0691612187763879
-0.84464634214235779
-0.5015478727769872
-0.54160803629012844
-0.80216363000984259
-0.84451804744101289
-0.71331928791906574
-0.60794524716884901
-0.73214693467908376
-0.50040456329449012
-0.75655781425211077
-0.88922855072124762
-0.76182081413077007
-0.80133048608423629
-0.48590237472671682
-0.84206261013399664
-0.77288644623897018
-0.78151942651403761
-0.97241400291330071
-0.93508031021092197
-0.73409021272208019
-0.57133016714149687
-0.56377989151051877
-0.89284686886942954
-0.64778345808152771
-0.78043770289715431
-0.66547164503378908
-0.41268649444763322
-0.61403959312688927
-0.41839553127806234
-0.29510441499771445
-0.6934250313528767
-0.47170205472832827
-0.53079278946497621
-0.82353321587406447
-0.64743923849507179
-0.82695868349023582
-0.64786855964458856
-0.66923610753578056
-0.51409988705016596
-0.7555822061440205
-0.60745160819468991
-0.66350558986679675
-0.74489294229853265
-0.72083775818932339
-0.46037510654749902
-0.72150776623062574
-0.90268887956178423
-0.69774523366795937
-0.68177997866932361
-0.62426203034564887
-0.49258174468365806
-0.76150075328202338
-0.44887446456200825
-0.421177523343228
-0.49426173781254695
-0.72382151034371389
-0.63801644441586425
-0.60227021843083495
-0.6649707444271028
-0.69937457233681066
-1.0588750457283627
-0.58294784961787383
-0.52209102627597614
-0.39171260695213278
-0.86617980923069504
-0.78274749258740728
-0.46461732084073321
-0.64969509513232038
-0.54638609144275274
-0.86608691348831623
-0.47730416966172567
-1.0033642910970213
-0.61460526762386603
-0.46172697740128199
-0.80001248083310927
-0.58366635928123178
-0.8841627110633743
-0.48410596019316737
-0.68284395047116642
-0.55885128093214453
-0.68717831542454388
-0.73026660370226537
-0.37126777354019397
-0.62605831042238835
-0.67212910345740162
-0.83417501260412252
-0.61136331797344479
-0.39042536699362351
-0.59713894638780363
-0.64471115233057763
-0.78415108498599939
-0.88584011670093432
-0.54449578683230115
-0.55855617091554211
-0.93203418236231605
-0.59075392394965176
-0.48236685599362006
-0.37701970869490803
-0.60267555790158212
-0.45935983817449921
-0.76362123543417704
-0.52351776570910424
-0.8196942521313435
-0.66922847822105025
-0.46610575232096535
-0.52020055313714697
-0.48583984571056121
-0.70401224190545542
-0.68968191020533742
-0.66632634408824098
-0.68626379629722223
-0.65782086429969489
-0.57467841554378407
-0.21140992770333589
-0.56986562159108356
-0.57433787053046703
-0.52023634281403019
-0.58770836631712209
-0.42325275969724491
-0.51614256379905843
-0.67915575723882937
-0.45662254248960649
-0.65906071559406065
-0.3601564398828449
-0.62413902473883554
-0.59059914005042891
-0.66035687079725425
-0.48847077410429496
-0.60880343706417017
-0.56181082608663102
-0.49553119005946572
-0.67992556448679542
-0.31042967886013906
-0.49998613702039391
-0.70191881592875272
-0.41863314320137524
-0.74556154533852126
-0.53688407269487082
-0.48332646791794343
-0.27847203175878954
-0.49478974089710021
-0.40837629142677107
-0.57519577249280063
-0.65606551420225223
-0.26831642239980696
-0.38304249880752733
-0.55644964445561351
-0.56931519330240332
-0.70350744140745858
-0.56390423031157211
-0.48252444960380236
-0.62894546556476716
-0.68160520747494935
-0.3476071423138643
-0.10140034973565365
-0.45299066155428513
-0.40985768739219047
-0.33807319267103308
-0.47016783805068391
-0.54502447226460493
0.051980860842510607
-0.46225043961365903
-0.34093530418777368
-0.52521299746976879
-0.61440533794047447
-0.34084932873890583
-0.34117199438179074
-0.21774122619331704
-0.50089916985063121
-0.38337745003080997
-0.79303532133869215
-0.22998245422688943
-0.24239324018998754
-0.61229630069941632
-0.5879039644165075
-0.64395541985280558
0.020095992766367931
-0.35750991639796309
-0.22611321737452258
-0.13663714420507131
-0.24738011448496552
-0.3945491349650459
-0.49902154661037906
-0.63777170458392307
-0.47970969196300373
-0.4666137892508283
-0.17313616941195789
-0.59605994876575985
-0.4375124412667703
-0.23005081480568887
-0.44466163162695055
-0.48469333813362181
-0.38906250080675842
-0.12279287617317426
-0.74391117823579056
-0.47840154390354978
-0.53315209347616788
-0.10781264347442045
-0.61718680366449574
-0.48006031545407113
-0.34726512738851351
-0.26101488270729606
-0.2037136689672536
-0.19556673427069377
-0.31763046126644129
-0.32638000294219399
-0.3554829499989946
-0.49446439862209074
-0.34196300534118651
-0.55198461327494497
-0.47394073232280981
-0.55903954356762664
-0.41939640375722587
-0.51965848664320091
-0.58751179707075152
-0.40719412833700908
-0.11545984143857431
-0.2417769708872603
-0.38187808998129885
-0.3629453387656924
-0.23116395813085361
-0.33633578965865829
-0.42378334059690798
-0.15360555543133292
-0.24442632823441524
-0.15088453135679472
-0.1239957806803344
-0.301727527677153
-0.36313614827409013
-0.2838460199891763
-0.25671418436448973
-0.008406360763131367
-0.57536996417367947
-0.21463076957158148
-0.18534012334908548
-0.47073345607945366
-0.36739104256993749
-0.31151261193851937
-0.31177327545638039
-0.34927143189312565
-0.41504107971039517
-0.0064994552082678425
-0.38711767980535189
-0.32568742433049147
-0.31972457511511942
-0.36050076002747194
-0.30971374675638258
-0.34050579199922049
-0.31941564028345226
-0.31133801138872202
-0.20382504534871537
-0.0042859072917494218
-0.23591123157799151
-0.46276530445244579
-0.40609127274371221
0.16478581585328134
-0.44109441296284185
-0.027937243391562248
-0.2730285142116442
-0.15926605674406863
-0.43463517795782231
-0.27840189108939201
-0.26390776143122263
-0.33209423404076144
-0.35213373470596626
0.092231093973894424
0.18523561999489091
-0.10563262899263132
-0.32113507473793074
-0.0015383550008936037
-0.27266030747679998
-0.47219225325629716
0.030957968334423918
-0.095192937963164317
-0.026446276084547742
-0.26742613516361674
-0.38996327458325997
-0.19882571107379549
-0.23537885968236599
-0.077059819690219744
-0.19583804513993347
-0.099319021131400564
-0.43631408591776627
-0.072767345662731728
-0.01852548302102739
-0.093855883124531941
0.02275122477429246
-0.47627340690856035
0.05358391401458025
-0.050367179610678783
-0.46712517962467653
0.080403058012585973
0.092804298581647862
0.081755514602410262
-0.15519634032289936
-0.090641295851227946
-0.54281709207876205
-0.61459504954494648
-0.12119169958388361
-0.10287475641426568
-0.18565796872607318
-0.016368218465154512
-0.22060549023930376
-0.072794742548166785
-0.34742390990094724
-0.38512350813154622
-0.14770468180344246
0.023007554599872252
-0.080603873611174742
0.040437796505665008
-0.13684711004564146
0.10170105215749341
0.12058173886702855
-0.24755150140362173
-0.038788600696106061
-0.063874547476818422
-0.226948869754663
-0.31489250519605738
-0.06025449959635968
-0.13565786792108769
-0.089095946653726041
0.088746164028304916
-0.14610577638210767
-0.014227830318686909
0.19547806166210813
-0.14524554679369725
-0.17738820741365399
-0.22070017819207249
-0.0091584795869388523
-0.15797476253041126
-0.0051247028670151394
0.055718810754573182
-0.11257184374887116
0.22627098670178494
0.2923257550317197
-0.44869597802344485
-0.0015468048653024843
0.073124403693862125
-0.29441683595253249
-0.25009742536908247
-0.22995070857156441
-0.074885842271624495
0.076069581410939544
-0.30297260979322133
-0.27269769038495756
-0.0581169392650282
-0.39382503800791824
0.06147478655923836
0.18496012835456394
0.035672134234045735
-0.023198989854806753
0.25873220050316847
-0.24889076976586738
0.025710155989022303
-0.076012208593761885
0.11348047559365845
-0.15482326936061938
-0.16953142781362024
0.015651858628719355
0.029889578576130622
-0.17719792553528957
-0.10828846584406027
-0.084336401962698718
0.092997084456791543
0.0016812936794976569
0.051174376790039812
0.13852439333312558
-0.23307557552384109
-0.18543063891630654
-0.33501798347042583
-0.014059135571248368
-0.15786748361040395
0.1206856928390022
0.12891265711040137
-0.098072680035524981
-0.01808040198936111
-0.13599620650192021
0.12695651988454212
-0.066616753072045787
-0.051526382559643945
-0.1917390341257646
0.27042873158861197
-0.081555921176111643
0.14732161771128616
-0.16734222420702557
0.080635256774941669
0.22973145459495461
-0.11357215364398994
0.18963750135195945
0.22445662059656596
0.12993770865273521
0.0091710365108608558
0.015675244274966135
-0.030562214928155047
0.19972481193856961
-0.086384447963879799
0.19234390716627661
0.17118524123155276
0.14737337105745485
0.17843926547348121
0.29433993121378577
-0.047196935616254557
0.038506438246889194
-0.15190121351042482
-0.080152077522454096
0.33182876665031963
0.28792666606378997
-0.33712432378658458
0.25486335357148304
-0.25658796857454286
0.14691364699323384
0.014464724634367612
0.014102598795261706
0.21679430037094316
0.0026575286603049953
-0.09998772428120882
-0.11776642005076068
-0.036623116386926155
0.12823246877365546
0.25662738099867605
0.18865815038899661
0.068425539382347161
0.16292450726167571
0.33641786386073547
-0.2550481203963646
0.24585730740181602
0.48074368905274201
0.086100865418382078
0.17831772927951525
0.53411533420885993
0.066649031902218894
0.17140208892323069
0.23330053169304504
-0.12719374015013249
0.10139836887335292
0.09884126517561781
0.30827025116344875
-0.13804926218369257
0.043243030829813248
0.20851893347259001
0.30459985412440577
0.46084002039307814
-0.13989493434943956
-0.038779754404082108
0.017610118084210771
-0.11097956958751337
0.15071973235041175
0.17633583659626323
0.58285277826467929
0.25701331885243167
0.11225850706788665
0.2135369938745755
0.39028069995395753
0.2597063942468702
-0.096639869087031399
0.37237204300099214
0.25849140507989438
0.16834086737135473
-0.18463089106891897
0.4076357012887275
0.11191711086998818
0.34639525274840161
0.50133627730150243
0.17156376480323296
0.20938110683452868
0.2458072688027719
0.46900715641671953
0.15357242272017441
0.29943137907536516
0.15477093585570237
0.2761574072605199
0.34835460766596027
0.29025622287039227
0.20739471480495195
0.49900013485494521
0.23234192320519498
-0.047536032506197548
0.12586980379154178
0.13747735082932405
0.31698417361734099
0.42665390054870289
0.31739808980889217
0.18788056302738854
0.11477982691782916
0.31696360312264854
0.48051417091493182
-0.07734133013332764
0.58431247377556483
-0.0025295206616679205
0.33377716600097657
0.37962653704499766
0.33687818654516372
0.45886711958993454
0.33670438031836392
0.043532783655726395
0.3561598424542794
0.26700067992576459
0.47445013174023865
0.34363786728431878
0.18943494618497941
0.27443118225261187
0.18988168671221495
0.27007544146653001
0.3789620719572519
0.32762474993256702
0.52117848065427475
0.37021087837732797
0.22541591632573241
0.44034880545683414
0.44579870954908479
0.099893738011119504
0.40403572746621674
-0.04409532290012521
0.22411322330562183
0.2803534753806497
0.069944472433272259
0.4830765467111201
0.22754499122964175
0.15604684266304761
0.39381879934679115
0.3092938377233565
0.28000902384429988
0.10996426683241224
0.37537742244272754
0.68639607956503823
0.2504683548324288
0.091814102199942585
0.25524076317879452
0.25983279623698741
0.3186607262895198
0.5257781538553904
0.18518754521091743
0.53180585444654627
0.18683861133054047
0.51707967072899441
0.60108260038220962
0.4192454859508839
0.38087088037938732
0.35142483802515034
0.33587750960567542
0.38746554058867827
0.32600644317745281
0.21226720432548665
0.37837354528784667
0.2966897396863919
0.36851572162142654
0.34744625546804897
0.175653528911907
0.31624688990022476
0.42377588179850023
0.038776659045215288
0.44327607661788926
-0.038263581461694632
0.020893093862062919
0.45580573092035803
-0.025249012750390046
0.29380503203940056
0.4906463892648934
0.42100569313785358
0.66993892726400417
0.70140718110948674
0.47986442572387095
0.327194904402761
0.63394971278431245
0.57513483650659314
0.53921779563640326
0.19705429144921824
0.17194507106860274
0.271573185415939
0.25630488898632015
0.3858225267001531
0.27778111953613865
0.22499555601511931
0.503733888424714
0.20801288911367852
0.40560801978566385
0.31655730772139107
0.62071381823925431
0.18677796043186959
0.33014861728806677
0.35305679542430057
0.33377740079272139
0.26097127034795892
-0.041129059670737086
0.41571637227790625
0.43048960754788229
0.2016550443148781
0.078077683751569427
0.31137519004920111
0.4243209257685952
0.49390457449322667
0.43058535723857605
0.5307356094710568
0.54946733056419517
0.1382831988104716
0.29383572552319331
0.11337247357866641
0.41164435243069003
0.29677440153651374
0.67830368331410829
0.44056167926768458
0.68731292104152597
0.42242543437919877
0.55054822523923475
0.31730708162403498
0.13756464299839102
0.70483675627692854
0.73210442507040852
0.38240587560715794
0.56978686391457456
0.38035487662357748
0.54058312908538642
0.20422219468269759
0.68917288029924517
0.89964055950720168
0.63222483394199525
0.63024187600349202
0.35147943103011431
0.48741249724249003
0.58767935298847285
0.38943220863841604
0.52306926624045991
0.61041055034896874
0.63990683492392153
0.57104164591351891
0.57802077844681488
0.61370031084404353
0.34198581326313937
0.53090792782178287
0.64367656276085394
0.19465411282778344
0.5060378585994969
0.89646732270674168
0.66840057718127477
0.54756097815061711
0.7347335646551022
0.58198911126415576
0.74413903365326151
0.48614022160636111
0.39236631826574098
0.69344396816764886
0.84578473816389554
0.44809612435035207
0.83554640281003056
0.60198053625562964
0.64434114335085879
0.5609608208911907
0.66848129359420294
0.73976726830285766
0.54712575801239671
0.67194737737826848
0.527860029051885
0.4622857380441403
0.52555130758572444
0.49097236821801854
0.61336874400922825
0.54248207615194355
0.53431377298608695
0.61009471944214233
0.82594951149240758
0.54912233206913885
0.68581897798503588
0.50763781922416418
0.51282332181374313
0.50887852562021385
0.8102689230526523
0.64052611347825894
0.63276227351757774
0.72544650766407204
0.64064593596089581
0.22325798504840308
0.77718223151892063
0.8380440389581767
0.61928131113272356
0.97999440459872755
0.43778049921623785
0.64338340160778451
0.57556205991138187
0.67730393099117414
0.56535795078711493
0.55453005749401652
0.45595127908054972
0.80356232858352872
0.80462181615262029
0.527366183474963
0.84370841506664529
0.59746833656403864
0.80840236613705663
0.62772017209145925
0.63942443752229983
0.64238424125841542
0.60194350587936951
0.78638911919650845
0.97096137328125098
0.60672321141438257
0.60653244001727991
0.54947332828154549
0.6979617042883739
0.80775831704900791
0.81989421779243554
0.60409154955657141
0.57825121467744245
0.33733860763064816
0.9058369937105083
0.41638140138048452
0.63819231355882311
0.75397768081471916
1.1282277409332335
0.68032508202970887
0.74206716701775088
0.91793678328840889
0.66382922858456894
0.78786867853161036
0.74754147535614068
0.87240714962526411
0.83011956042393487
0.25811728219184005
0.41445518194972492
0.74135785022951184
0.92073294636049963
0.81188279487952997
0.7086033487002994
0.54258816702897628
0.86893024179169653
0.53308917036679038
1.0285432313695886
0.37555502675155378
0.87420240588838349
0.81590070624996902
0.71763386237935156
0.58968341723073547
0.64410630571314065
0.39253695179068615
0.64166515742121688
0.94329597440633872
0.66896401822791707
0.50603401643071511
0.78962305972043001
1.1096360972185044
0.7562423784847585
0.57033859956544386
0.68062392839519703
0.52444739116353467
0.81343081706896514
0.80536294374086481
0.84373197450166693
0.82596161837473281
0.75352202443043403
0.30398942002782842
0.79335192012946831
1.0733127792056258
0.53799479210089174
0.67985721623675388
0.88983015362623674
0.4016250913432195
0.92920609849477787
0.61569684314440487
0.68604992128023279
0.80889295644283532
1.0553284869655442
1.1053631388564924
0.84177234180021321
0.78240588576604175
0.93244789937938455
0.78219293149449864
1.1419304256435023
0.7592367793367617
0.7811903302446761
0.90518991041853814
0.82298900293468635
0.27541778242805798
0.74177416090861537
0.86118371477918443
0.59370349080251783
0.8647274510647347
0.61144539065356462
1.0046733416586
0.96792713272117803
0.78585517733327104
0.65706063616035149
0.60616406984067606
1.0882490541024974
1.0106701617114933
0.92260033541525899
0.72555892438327374
0.55871698350110544
1.0428653132497723
0.74364545578418983
0.93298761966478594
0.98551494024981789
0.59463340771555806
1.033994114280947
1.002644147755037
0.82178144163124089
0.82037858846544087
0.6724294898717651
0.82474901371415321
0.9048991476918985
0.86765765874171341
0.9663623881901181
0.93346127319645611
0.6433306166191245
0.63025545493880053
0.57440293544317345
0.89333597948855747
0.86763049777257129
1.0419263968381547
0.70390515996502112
0.97294899967312987
1.0697629814774212
0.88552972617855985
1.019581507571734
1.184458832162812
0.84315291097898193
0.9524178453558434
1.217767148058122
0.95456492376843038
0.77664668355799404
0.88344495262528844
0.74110609285403439
0.98329795270153331
0.7520790902724972
0.94292451557168999
1.0266600911825323
1.0126224467151881
0.95089324166858424
0.87353884377669266
0.92175363948120892
1.0636461478961226
1.1176567032257374
0.78903417718604407
0.84398282112385847
0.44076205837773502
0.68971590730496468
0.93102822913951144
1.0501267758244512
0.67363895188124556
1.0307617215352427
0.91847295976446852
1.0459745720244036
0.8596248362327773
0.79998336458863728
0.99167838150633658
1.0462908459253906
0.90726365836077505
0.78979629441999122
0.74226915950508499
1.0046766632393822
0.91802400517596427
1.1763266657927969
1.2688401296733234
0.90496770128817949
0.9095226081161748
0.73528493573084031
0.90148073823611141
0.64834466426547188
1.0410100875511845
1.1007157238578849
1.015642239242571
1.0060718324895779
0.88985181718329476
1.2490167258109599
0.88736758404759752
0.77169775294530274
1.1340945211529827
0.91375826568938689
1.017611341967835
0.9200070200402154
0.87977069863215662
1.0721320443355475
1.0545754882823632
0.70675155009512003
