-1.1982289334874172
-1.1451761240183866
-1.2930627311620195
-1.1155429411273352
-0.83274338787503799
-1.0439421092220433
-0.83811789614713128
-1.1335830393718458
-1.2526843600279376
-1.3504232905267088
-1.1950492984988845
-1.0623247458623006
-0.8902094519573005
-1.2714458218960756
-0.93981065891659832
-0.93527001360629947
-1.1942648853805218
-0.95965210322862637
-0.83204164014565585
-1.0191357958082661
-0.90388218436036583
-1.3765153055818606
-1.0429810911158595
-0.80149651667411836
-1.112014481987224
-0.88086530191017254
-1.0575164529524039
-0.82637253850675929
-0.70355679411643379
-0.9369187245607894
-0.90977224676507673
-1.0133575699419088
-0.90269136439148601
-1.0188343179818327
-0.99612942941490656
-1.1104053087118857
-1.1522332654776053
-0.94472688236468016
-0.9747682086222057
-0.754745424273358
-0.94565196856654887
-1.0303519754462978
-1.1469262187976499
-0.97572832819880895
-0.77534027553970353
-1.003383761647608
-0.82721133398081881
-0.70025297267976705
-1.1883865516468894
-0.90033435173242127
-1.040809887805874
-1.1393446146428425
-0.70815473604496404
-0.98083121144031804
-0.68877538541161798
-0.52734241163401752
-0.93787954556625597
-0.95197036675422908
-0.71044670017644052
-0.73864097038885757
-0.9446051268347111
-0.91483093885568545
-0.8235102932631807
-1.2024409540083405
-0.86857219397773022
-0.79079846176810631
-0.86567572816212701
-0.87631873609555566
-1.0670879532852218
-0.90271298119214749
-0.8088034461737853
-0.6358623559965686
-0.91007462386300808
-1.051069967013613
-1.1955701228806517
-0.94775085905887801
-0.94373170376476878
-0.930567410102348
-0.76136047417937602
-0.86409114734506831
-0.79657936880196645
-0.42669867664861111
-0.70406972502766552
-0.54288055589658057
-0.87994426946118387
-0.79712281120928252
-0.84629372456151775
-0.91300718975994311
-1.062149262034533
-1.1638511190152458
-0.76418123597677901
-1.0206138785205854
-0.70580308099740008
-0.70625973913573781
-0.83056933507030062
-0.70469439477909757
-0.95684517395002244
-0.79739234628966849
-0.86594296269364279
-0.55282172471377411
-0.66658591289781199
-0.75267724427652494
-0.95814414731239861
-0.78503492214101545
-0.54689503353877578
-0.82042489059882406
-1.1141739251940757
-0.75900637579854457
-1.0419973589830422
-0.77598130524266073
-0.92092004622009516
-0.88992118381973628
-1.209296084255755
-0.51372272648726591
-0.50978267424520918
-1.0812660227516533
-0.84917996978939969
-0.69715496052534887
-1.1443960789452599
-0.42377757145763356
-0.90731479793128944
-0.87105259539634872
-0.90864442663626488
-0.82202672899847462
-0.60306577667678907
-0.83255578810931274
-0.86905368378329195
-1.0941294374661445
-0.83451785819068958
-0.5155667066391636
-0.56835121706926639
-0.81949942430073386
-0.85040809973427267
-0.74262032617556584
-0.60839215339158914
-0.72548607767781248
-0.50903710712841288
-0.75403739727595731
-0.88512268437586439
-0.76643133340767144
-0.81329484653530915
-0.51463986358650804
-0.8504918046110278
-0.79212470086001163
-0.79035644435234742
-0.95865689846353619
-0.92768002406162164
-0.72066486635024063
-0.58497186925156952
-0.55835524192861552
-0.88322699083044087
-0.63095330802584426
-0.78291486374172092
-0.68913085556151354
-0.41038852250005142
-0.63485573103055126
-0.40374307498503548
-0.27978833313839224
-0.68436335286891714
-0.45509320177758045
-0.53442704822066855
-0.81293540890437066
-0.63567070793638625
-0.82458387418911705
-0.64532824468014438
-0.67433098079969511
-0.5155844054458566
-0.71987972111523413
-0.60367680317811789
-0.66800329817752424
-0.75101774572617552
-0.71534634218527071
-0.40280008671891437
-0.73809322282225831
-0.8936012102636659
-0.7051838272468538
-0.65707851023492014
-0.62221277601470759
-0.48622078698768045
-0.75703829332402872
-0.43945503927392815
-0.42055464501451262
-0.46986288480944005
-0.72630362747438215
-0.6363949158250608
-0.60486390629611408
-0.67499470141298079
-0.70603030366322728
-1.0516506100882699
-0.58127038991464486
-0.5360078619766363
-0.39376374660170793
-0.88053233804650766
-0.80202760146304564
-0.46498702180557749
-0.64833641685920063
-0.55529411236805204
-0.87525973401908341
-0.48686796533193039
-0.98432511092943131
-0.62785598537983633
-0.47298149501924919
-0.78321330954930579
-0.59665478702044539
-0.88065394957749321
-0.5075080808617447
-0.68950442644790322
-0.54792073597784097
-0.68832111814207053
-0.74375474027593846
-0.37678268337987703
-0.64002632128240411
-0.66279596217564296
-0.8084705816860156
-0.60951177415246904
-0.40539438274992862
-0.61577394386941353
-0.65453725218206416
-0.79171676859353224
-0.86296724835886007
-0.54621352614327245
-0.58713357730983218
-0.94578993188509008
-0.58396833610246301
-0.48569474465869983
-0.3665716751347976
-0.59901497638278856
-0.43925980200347597
-0.75580644722449652
-0.50668066351745789
-0.81543983303899981
-0.68355467079039101
-0.4326614937082644
-0.52638518885065855
-0.46197071207746659
-0.71921251674350739
-0.69669225086309183
-0.68117493863838841
-0.67728845527936132
-0.66230867085701517
-0.58548948038760729
-0.20088440769113514
-0.55136206065093785
-0.5756752000283607
-0.48131285504981014
-0.58380184653387435
-0.41454964249779813
-0.5244753201166803
-0.6810663434675569
-0.43577459425594001
-0.67258222964901337
-0.3606289163016449
-0.62931462947982175
-0.61123458058786884
-0.66880281307079781
-0.49637391143419046
-0.59980999454871642
-0.53599057411913764
-0.47091527590463311
-0.67239715686327151
-0.31240538241070986
-0.51845130236945447
-0.72799736136641569
-0.407861543053611
-0.75886356780403952
-0.53083605584070259
-0.48980851212823356
-0.27613304296540658
-0.4944492356146345
-0.42404239094114188
-0.56648070906637293
-0.65122687142378799
-0.26573984078079382
-0.39425534466498058
-0.5631966202839227
-0.56415709140644288
-0.71788855882351177
-0.57892159643998198
-0.49744453709311354
-0.60910997034354641
-0.68063412956182168
-0.37899253230098634
-0.093839265388186877
-0.44272955720682122
-0.41103941413708767
-0.36605957784332077
-0.47490490321427842
-0.57796600211214388
0.036869870860931138
-0.44608854132296816
-0.37181751852428768
-0.4997324857425024
-0.61218568202316404
-0.363441433537596
-0.33021756766782434
-0.20598570451177042
-0.48018262569338771
-0.3904337903584052
-0.79230721387628744
-0.21310996733551585
-0.26490241903277317
-0.59449417369891666
-0.58106083049506352
-0.63232915550277513
0.035282419155069418
-0.37439732392139907
-0.23536512714913591
-0.1543776384275049
-0.24000694646463919
-0.39970789344169461
-0.49330209347235215
-0.64159898430705486
-0.47446253658731069
-0.46768574935529972
-0.16412296225267725
-0.59326016461172604
-0.44535040789784558
-0.25104355805377659
-0.44957293387056274
-0.46989418056590571
-0.39509508125669895
-0.12447087561429825
-0.73383114664885174
-0.46206344088358681
-0.53585338684575268
-0.10275966243868775
-0.60110119109342064
-0.49103702238191621
-0.34346599728004129
-0.25821222856031278
-0.21591362910410558
-0.20349893465408311
-0.3085137038479302
-0.34278356685775985
-0.35744993269085096
-0.48844629944743478
-0.34468105771529872
-0.55693250907564917
-0.46730940000911619
-0.57821201694362456
-0.43201069990871582
-0.52497012336960125
-0.57765466917285957
-0.41029937144302364
-0.14543890060605352
-0.27450981603657959
-0.38872384097718415
-0.36921063335955767
-0.20621018975248601
-0.3273942836957271
-0.42234974971097528
-0.14557273649752892
-0.26488888803125049
-0.15741254401564508
-0.1304306946032798
-0.28993168326798002
-0.3715561468622271
-0.26456181789574734
-0.23761858682110659
-0.0078721451866516894
-0.57132575478809267
-0.17562914238161367
-0.1959747132332246
-0.45970851813571872
-0.36333298677786124
-0.30166159986727348
-0.31354392503967615
-0.35597610727577589
-0.41119769101694614
0.0048602319482404389
-0.3823061338191735
-0.32630356326232107
-0.32387932683917753
-0.37511701410061704
-0.32764893273552637
-0.33593751684316464
-0.29369543142550636
-0.29820449651734343
-0.19891651511200653
-0.033897819413230564
-0.23822136497404356
-0.45607819678753675
-0.40423107431795102
0.16294224561008241
-0.44944368588044781
-0.030091859578735683
-0.26154096800044213
-0.15439472057636991
-0.42639024908423989
-0.25891720776590127
-0.26795147042288897
-0.36326616457545324
-0.36037284824472604
0.090226390322834429
0.20031181905415207
-0.14378132936885821
-0.29024240561451969
0.00051362868067585793
-0.2685301211631394
-0.49754646507291089
0.016755708573742749
-0.086708206678490538
-0.0078379867261196574
-0.27589719251218819
-0.37128599544721214
-0.1963012457798001
-0.22763369827405036
-0.056445761135458551
-0.19105539133532004
-0.089999062259793039
-0.47198540958916274
-0.089993287552481746
-0.035422669166084574
-0.085218734885420366
0.0054931157402548936
-0.47369279765723887
0.067517583350187538
-0.047832590839455826
-0.4736013921591295
0.065120856363726401
0.089436403284953114
0.058653871401256143
-0.15343405022186327
-0.12009950529780891
-0.52446720615505349
-0.59841141284027632
-0.13088301730617621
-0.091588390858055771
-0.17461539407245616
-0.026963701108384332
-0.2264406466181608
-0.094622229678656231
-0.35717633133412136
-0.39683426245885201
-0.16154413953079783
-0.0017874244191888806
-0.089446164121436134
0.046273059138012752
-0.14764993892850053
0.11252998696561128
0.11815774396357909
-0.23479322201729486
-0.013848470842317946
-0.070964721433481412
-0.21638574867480279
-0.31983571166940722
-0.065235046753450154
-0.15319453265544777
-0.11692483004141022
0.088526758535647898
-0.15519912605564806
-0.034304050886088774
0.18273206987525245
-0.145096726118804
-0.18252469492262627
-0.23008350378894177
-0.011828258123386524
-0.15231309771995594
-0.030212680731605535
0.066407804511007848
-0.10015700891413987
0.20491748753783245
0.27671771740298984
-0.43489268357124639
-0.024516623806525747
0.062285322145122307
-0.26141443278257587
-0.26292032752943828
-0.22616036524035907
-0.074921524093856912
0.063985815134363883
-0.3179413418959206
-0.26926779844637522
-0.072724774297702091
-0.36822260293571424
0.060333519427465482
0.17064352971018318
0.024106056349941389
-0.040662852958696351
0.23519875890485301
-0.2366399723530358
0.024509757450894735
-0.08538331374667113
0.10428869747410292
-0.15307924429296971
-0.1808017556222786
0.017976870092225924
0.025151083594350476
-0.18019399115549753
-0.11505873445243101
-0.06772585245287624
0.12113581951150441
0.027276666236039582
0.060101267039460227
0.14482342531512912
-0.23373521997925265
-0.19109017795675406
-0.32561484226632026
-0.016777893795383352
-0.17886167928514679
0.12317757290394157
0.14532176056618265
-0.07246832773126087
-0.02616331893691275
-0.1200868546870926
0.10621328956337577
-0.048679811886342503
-0.064777221790825582
-0.17732190491190755
0.29126232860668072
-0.098474164970449751
0.12054656878122783
-0.15723920401344949
0.081021375213636962
0.22986374655500735
-0.11204860232811704
0.1769938350973535
0.22433336560162881
0.13380280298083261
-0.0041597833769438939
0.02357854882585058
-0.014072998761103545
0.21345933849929327
-0.076618045570999604
0.1934602900693034
0.18049255049270443
0.13631105954849745
0.16103270562072569
0.30505748544046335
-0.05848602100642921
0.039374320319501645
-0.1555491681849924
-0.083151612521916871
0.36064195727547599
0.27675142067282205
-0.32725722922557726
0.27027245156050833
-0.24580241170284228
0.16678608845360235
0.026539387519260597
0.010820879150908753
0.21421660109320076
-0.0052867492336087559
-0.08563021666760634
-0.14344021108223612
-0.050193715179446791
0.14064249075685611
0.26983811132562657
0.20482256415356259
0.043082147249231352
0.16972867934118235
0.3288359276361465
-0.26210355110464462
0.2600081743855594
0.46458766714221317
0.095737966022759732
0.17788037635723475
0.51988230730437501
0.067957343136005863
0.17288402555274326
0.22286987119418045
-0.10160777992624218
0.11252326943917876
0.1015779444947788
0.29267253107815211
-0.14565242870206099
0.03727288882352401
0.19695227861520673
0.33228413156801634
0.4533180566932476
-0.14562914505868427
-0.037281918737195441
-0.0048559605789017645
-0.1201549447322299
0.15011626226626484
0.18528593829565859
0.5848623560745575
0.27864574324740882
0.12104358038211524
0.2450557618089021
0.38646507175220185
0.25554026614336506
-0.09201110655354125
0.37339446379138169
0.25731191516013519
0.18345804635348076
-0.16411866786521151
0.39643838179206342
0.11489645530336427
0.36949674078132222
0.50416631260945755
0.19585946344463587
0.21471252518654363
0.23906651543119045
0.46263193696462435
0.13948889396011907
0.30379263236122994
0.16655771728536367
0.26488070104342731
0.36313428473221399
0.28637051003589709
0.23574037789433247
0.49214787249206238
0.24403994950686997
-0.052716414602267905
0.11279349166616467
0.17783031173260028
0.3375992965667805
0.42497879772577413
0.33131436087604454
0.17302378209624913
0.12984793691823734
0.30438448374472876
0.49819384756226531
-0.0936665816551282
0.56470863254681458
0.006490145264459431
0.32845287571340198
0.39230189869925092
0.31275866748446474
0.46178102617111494
0.35486441254104556
0.041655933929327427
0.3546363903190467
0.28784121507980981
0.49489649286024806
0.33849405491063134
0.17094277420069642
0.26536750590843727
0.19031088954188954
0.27280618014262564
0.3922699372330653
0.31765701053531481
0.53272267556154851
0.39312621143791276
0.23364283024036006
0.45247732617367892
0.43856379688881547
0.11046411540375932
0.42541996939342197
-0.03318871958848351
0.22337984925650736
0.29533327737554493
0.062138655728085981
0.45809844097277241
0.22394059598136695
0.15230656004630977
0.40339461672880333
0.3186393154068205
0.26380917549202537
0.12607141250158779
0.37917967802316771
0.70376484063362899
0.25060432514988917
0.09834485237900821
0.25774554302078867
0.27453682870846569
0.30470499025991432
0.54842704415016208
0.19334726684354389
0.54125836381097892
0.17677550205295631
0.51753676440194873
0.59270557648089306
0.43959006175317478
0.38148582999758568
0.33539339058231193
0.33319283510774783
0.37744025158778061
0.33143680389168823
0.2191367267569147
0.36888763649428902
0.30200688215035953
0.3524374720794734
0.34103132749107584
0.1577682384888669
0.32626819234650534
0.4215540233485765
0.035472214922951197
0.47209669683105454
-0.05149519198970462
0.024571713303602583
0.4745147334217909
-0.015389618064901946
0.29912119983557273
0.49744061717244387
0.43728797943267506
0.67727830576216275
0.71426512420024491
0.5107040874209885
0.32675829147178004
0.60311759833062262
0.56823922419701645
0.53822647099824039
0.19778513937839304
0.17003105022705484
0.2496310600025731
0.24955499518484114
0.37338837587547896
0.27894003529545119
0.23892342081729606
0.51322884638171662
0.20114199036368022
0.38110643181045345
0.31789368089459502
0.60824578312433886
0.17235496001481374
0.32719061689556705
0.35701183911786505
0.33134681967997132
0.26688048563265043
-0.046671872707596505
0.39112914389854103
0.44227203698042811
0.19325302333381006
0.079715382489808667
0.31604413579050122
0.42235455714157083
0.48937425598860185
0.40974182239347401
0.54066686890048143
0.56298481651521437
0.15313340042351542
0.306591074584806
0.092721816918587344
0.40212173044306176
0.30564920943364504
0.68593776758707492
0.44673843319965417
0.68512571714873871
0.40712748890456463
0.54960164010094792
0.31311737230465336
0.15516837961200811
0.70783740669638029
0.74230050266397474
0.36571218866086641
0.58646951965521144
0.37491901867006572
0.55932411386091896
0.19019872601969467
0.65850612804892839
0.90398338561664537
0.63551504425635974
0.65356309984854244
0.33759029370163984
0.49210677387328189
0.5482267065829175
0.40772621510835744
0.51872078583777326
0.62444901462514668
0.64410103989530776
0.57316567903949356
0.58005276397931338
0.60010859371611502
0.32643181732216903
0.55685453474627489
0.66636556069542641
0.18653931740240162
0.49619886036998501
0.91958767136487973
0.66344667987066319
0.54261824396042457
0.74296877601830891
0.5805721666780792
0.72666258161075059
0.49949180443795832
0.403454295954913
0.67708341042119269
0.85655283521140591
0.46191168307585145
0.82751325393814734
0.60337776976474289
0.63861226234238677
0.55894551323831931
0.68334005267495945
0.75213821256498226
0.55691883885956106
0.68001674002290557
0.52747588869832618
0.46622466476872243
0.50888807275257253
0.49122553277110464
0.60934941513757646
0.54764319439606512
0.51912584715041876
0.61207058752937016
0.81631103244360093
0.5305037494085233
0.69715841458693728
0.50474388075215626
0.5207112061792889
0.50739797460278846
0.79120564169748608
0.61849430108204317
0.62716902474953051
0.72500162906048482
0.62350290800244024
0.21393433269910328
0.75555161660255465
0.83517961024493792
0.62651994457179305
1.0001716947428709
0.43775789650615127
0.63630719055915841
0.58390648172099702
0.67539126228550295
0.56970995461478124
0.55740170820960255
0.44719117362115218
0.75368175088126921
0.80126403202320395
0.53205987413059874
0.84533235990111921
0.60341834947602435
0.82212676928472561
0.61650647763270905
0.64104551935217091
0.6174337158010238
0.59067097148439929
0.79764727234892352
0.96248999618201447
0.61427628369113696
0.62308186715695546
0.53817787648411008
0.73021830892780559
0.81760069208577812
0.82206828461301962
0.61383523421796615
0.57178769356421177
0.34546104292826546
0.89868809861846721
0.40171050992801544
0.64309172915305635
0.74243528654848723
1.1146332685055957
0.70341436950052116
0.7320486638732101
0.91519685591916733
0.64521232169039755
0.80009684267731085
0.72628928261076786
0.85545211019824285
0.83652304989831405
0.26729547304681295
0.39068806087197389
0.74231514413251831
0.91353604440950353
0.81481975695539566
0.72579734966416665
0.56136369459541002
0.87969048925228543
0.52763653846450709
1.0442948378569172
0.38247713007121598
0.86435900210952177
0.83044439014277049
0.72217915836842295
0.58970957453653039
0.66131307840117126
0.39504317632818264
0.65363101776370636
0.92890996681826365
0.6730666035981433
0.52426675660973354
0.80628099120918884
1.0969042998901637
0.78576557887925025
0.57923395286523949
0.66213539992902581
0.51289193039142189
0.79930293438943489
0.78243982139443391
0.83688014198147465
0.84480194662762764
0.73712047731080688
0.33743927195243467
0.78979013909119145
1.0786883522589126
0.54221571520048373
0.68050853485790141
0.89292168415955542
0.39699714257705776
0.95106291835926493
0.58773580498920353
0.71810640354728639
0.82152254336985797
1.0733338544595863
1.1075044262489919
0.83367874877592996
0.7875301059142521
0.91345760009549892
0.76842298308029333
1.1581051229206576
0.74569291166411145
0.76631805826950328
0.91369020456620686
0.84803941803880656
0.27522293507468176
0.73246387561446402
0.86375657240945047
0.58576926594245304
0.87563791098045241
0.61290797712903344
1.0190570975812341
0.97688008999166009
0.79525907589346201
0.64972446917236848
0.61432484287712508
1.0779685535944279
1.0100034308454107
0.93011773331318814
0.71927127552790981
0.55734061895802778
1.0715140472233251
0.73917099132408259
0.95092360315004376
0.97794681922913429
0.580205512904585
1.0393218921567622
0.99450916190679739
0.84290292760703056
0.83074700179108918
0.68855248846554673
0.83597652128083533
0.91024811659980176
0.88840315715059093
0.97527697154672
0.91572421578147789
0.64366733061757642
0.63070903483430707
0.56848885214007661
0.87356652239592592
0.87544880507016787
1.0351655651800444
0.72177180323548562
0.95782412782224191
1.0703810866976025
0.90462076411388304
1.0447566925999654
1.1723063780173808
0.82708498279862419
0.9767477895001937
1.2268888926789407
0.95611746881001769
0.77991674247210274
0.87017404069048765
0.75061022562830904
0.99414289626932273
0.77040658825624198
0.93226102886642426
1.0416321342724426
1.0222405228419396
0.93360824679784193
0.89981936482192204
0.92087224910871712
1.0727918273901762
1.1225571172670015
0.76950978033568374
0.8501511295308769
0.43756632382029537
0.68988817652979217
0.95773193266677981
1.0735600925385442
0.6816141949801261
1.0482958198521608
0.89961352625431257
1.0413716773154853
0.8473162697344323
0.80903303969685691
1.0217582246563308
1.0240705891066306
0.92076506463294183
0.80081651729149572
0.75663832839960243
1.0252844879298497
0.93268218958262461
1.1966723896864369
1.2769393442138843
0.88949126685600033
0.90017737733595127
0.72775134485518278
0.90625043237278535
0.65367115632068384
1.0584896211577632
1.1016591735539643
1.0141506771699962
1.0015249796334031
0.91054431836420835
1.2397008136133731
0.89843102777383133
0.76064178478205713
1.1299563797302377
0.90505885008794429
1.0201743043214455
0.93950821163005283
0.87753388196513704
1.064640410711714
1.0646131342618876
0.71366420777140938
