-1.216109365057902
-1.1568048043390058
-1.2887437609562606
-1.1153356333864282
-0.83675520515855706
-1.0361452819197357
-0.83888606983444869
-1.148234826197851
-1.2400096259721236
-1.3676445986323558
-1.2164543158293282
-1.0454781037136847
-0.87511220147130275
-1.2780232062931887
-0.95480746916409676
-0.9197311091816861
-1.1974484323923518
-0.92922106018752537
-0.84832371435845388
-1.0259260350014352
-0.93135400027609538
-1.3817756461548016
-1.0488486955772902
-0.79673171575633539
-1.0899881263286861
-0.89564887972624307
-1.0564428262882632
-0.8068725401878154
-0.70517572830823083
-0.92260846229269222
-0.90951698512943979
-1.0169817602808728
-0.89831800517346561
-1.005527821310044
-1.0360213349432277
-1.0977740094197819
-1.1314872237624067
-0.96478427014718948
-0.98029522448269857
-0.78286102743708763
-0.9527321890654461
-1.0358197488025549
-1.1256097852254072
-0.97659412251786515
-0.7998966711411668
-1.0056635619650323
-0.84743936474932779
-0.71242143358400845
-1.183741419754883
-0.87608922283928792
-1.0316050370105925
-1.1095730914622846
-0.70744599498467475
-0.96862287909735501
-0.69791269417776525
-0.51511404629466429
-0.96181355544467217
-0.94203886577094331
-0.7276570542350298
-0.76968480447046828
-0.95586454862296255
-0.92155496283043781
-0.80801189158658915
-1.190133990906389
-0.87036777241453567
-0.77359601206408435
-0.87276922852524996
-0.86853550914249544
-1.0570951162302982
-0.91531649823187644
-0.84227341424544555
-0.62753939984596463
-0.92243471701986346
-1.0949812107999377
-1.1797058296563612
-0.93393931863714019
-0.93915825079073556
-0.92549111889253177
-0.7638340277250063
-0.84348061448119305
-0.8181810335726144
-0.41878444039451684
-0.69877790300214926
-0.53482852228631572
-0.91511046746459157
-0.78577313557953543
-0.81889627061919745
-0.90625229108152794
-1.0583417175742476
-1.1306125710181532
-0.78725062960744352
-1.0292074541371741
-0.70338578175684574
-0.73835567858326068
-0.84428011386530133
-0.66883188068453803
-0.96836452555342722
-0.7831191632892972
-0.86995962444751507
-0.55650786085812443
-0.68346295149568281
-0.7559229054028952
-0.96077749424637737
-0.77023415467788003
-0.55724450014298654
-0.85372118034885114
-1.1118207162140874
-0.74732236824804699
-1.0402840143619123
-0.7847063853227767
-0.92823765598129526
-0.88175263320096497
-1.2242774717601481
-0.52102188427605578
-0.52392267103477752
-1.0761864017199274
-0.84047146706522424
-0.70516280234891415
-1.1399305632795784
-0.4119927691898802
-0.91788881346269069
-0.87221206556904274
-0.90384956082845846
-0.83635373906599286
-0.60820272596600133
-0.83357572552528347
-0.86519539771960385
-1.0983816831857247
-0.83014694398087641
-0.51585634225931043
-0.55973246974953761
-0.82636267753831227
-0.85602674701128523
-0.74195238881142422
-0.62003184751153773
-0.71888725678399912
-0.49642078413763935
-0.76234377051232249
-0.88818890370622294
-0.75704941827260674
-0.78775768743833285
-0.49269753943558653
-0.84409803663027594
-0.75052060821057931
-0.7581986004876663
-0.97855596809824552
-0.93648767659546495
-0.73067040364607616
-0.57530620359469165
-0.54566415259066425
-0.87399538893059592
-0.64344979422631454
-0.78565455275173801
-0.66188535194415055
-0.42000070708422388
-0.61324946221604804
-0.41039626131935331
-0.2918480453334924
-0.67329712389306351
-0.44676398897048247
-0.53589515198656235
-0.83483838426838319
-0.63127271591314493
-0.81192352928977529
-0.64062968403005205
-0.67510951435145305
-0.51649976296184208
-0.73723746563188497
-0.60000405502838328
-0.67713911555843154
-0.71425782457109832
-0.71499684668942287
-0.43561257900005129
-0.7485451133579013
-0.8819272133040359
-0.70928475389226076
-0.66142090585244429
-0.61336889066320643
-0.49061467311578755
-0.75712562137059491
-0.44950176062530972
-0.41758939202468287
-0.48442858965753938
-0.72157745536517814
-0.6463224413298414
-0.6094927339495948
-0.64879721665705348
-0.71341074510068248
-1.0816636882671087
-0.60702948680011026
-0.52098104734214601
-0.39661169279933289
-0.87679468665092852
-0.79092113992081314
-0.45377791271953261
-0.64887557692957698
-0.55679346264634622
-0.89241561869824937
-0.50807538836960164
-0.98375068069909377
-0.62448540853826318
-0.44778803596384842
-0.77928447902371301
-0.58555884632345223
-0.88254772263776815
-0.49429839017158989
-0.68254021469032844
-0.540445437139632
-0.70943506222449249
-0.73067291890499331
-0.38048381183794167
-0.61381554601918131
-0.65987970397465934
-0.81887670107855481
-0.62935319895038766
-0.40393714281705145
-0.60802829749553466
-0.65963089987637991
-0.77992947537686363
-0.88542793537943332
-0.54272370331986286
-0.55998047767196701
-0.9514424143610255
-0.59053429399413715
-0.48299087360020898
-0.39451846802378771
-0.59290420657328791
-0.45285331217633201
-0.77864963924673047
-0.50150609235913779
-0.82473058338505423
-0.69625103122239096
-0.45192189718063086
-0.519109193205046
-0.5028766169782356
-0.70426311817837883
-0.70946002387247764
-0.65669537415394119
-0.67890154809919789
-0.65922499595023343
-0.58771057106964808
-0.17786380147447431
-0.53164527519716098
-0.559204903134218
-0.48793502307347059
-0.59799885963864208
-0.39995610157435635
-0.53502644448458603
-0.66105780369454414
-0.44393253691901546
-0.67605889976514466
-0.33711917517223394
-0.6307154963087469
-0.60978959637463559
-0.65624327531077797
-0.50720331837029786
-0.59548905462845547
-0.53820501342924332
-0.47900762678706105
-0.66866353288191305
-0.31146433546829372
-0.49966952559639083
-0.73997449159877859
-0.40421881489815764
-0.77848008926637446
-0.53806165376215587
-0.49208922927079324
-0.29830511750791749
-0.463586978097143
-0.42778665748162181
-0.59098791916145299
-0.66461678094314602
-0.28346468704067596
-0.40653014180052427
-0.55792895689218658
-0.58701536178811053
-0.70182217830028848
-0.58185930110721495
-0.49974333740909982
-0.60669274095278036
-0.67286821035516731
-0.36716477356982086
-0.11715127321346397
-0.45846495180472707
-0.38699455178544745
-0.34588604148280805
-0.49253714825535438
-0.57176673458823057
0.038323457189671464
-0.43529306545272572
-0.32142633312346752
-0.51225678237155214
-0.63689438225938466
-0.33601236286178393
-0.34110210359994997
-0.18989868357270251
-0.48468491682322545
-0.36673343266698399
-0.79285535836618692
-0.22199700780706541
-0.25265513239950538
-0.6032641707153279
-0.58587535970644944
-0.64048750937584098
0.044351533521529943
-0.35076920657790278
-0.23352731386860376
-0.12781008221467388
-0.22373771449797722
-0.37071074574740009
-0.50619493459331211
-0.63032533776716204
-0.48232152106922888
-0.47533476320203649
-0.15550350932083404
-0.58326454334599209
-0.44331225852211614
-0.22987502304480265
-0.43527952306669088
-0.4853224130762927
-0.39437943431706796
-0.1689410358472711
-0.73603755382089531
-0.47123539344471671
-0.52442541353891858
-0.10175017506468396
-0.59376916761788479
-0.47832743263083144
-0.36411100256361906
-0.2632612693862143
-0.21597404937266929
-0.21688890945272071
-0.2769933647425199
-0.32561291472924864
-0.35773606078902442
-0.48565192004048863
-0.33853152330591868
-0.5664485858687639
-0.46478666183365802
-0.57341906760474837
-0.43026793833826099
-0.51979501785483462
-0.57944591651380262
-0.40339473605248738
-0.12805808291746071
-0.26514139833824646
-0.38318117283318803
-0.37000927532694522
-0.2408829810577196
-0.35123414406431641
-0.41488959874133935
-0.14669461607552461
-0.24922863421485209
-0.15879923313688443
-0.15505980411675338
-0.30554494741048338
-0.34517446836196075
-0.27977319720752125
-0.24123000560266217
-0.0058162449800036303
-0.58410427777934371
-0.20092776549629762
-0.20652540334350178
-0.43544049452246208
-0.37183842904594772
-0.29742297496997622
-0.3132329501366567
-0.33918021057509617
-0.38255095313932602
0.0041555465277867054
-0.38787913074368929
-0.32472160533645233
-0.3328685134765087
-0.36802689258380178
-0.33208700306062544
-0.34286473043952154
-0.29113283082673347
-0.31059976821465524
-0.19641429422496207
-0.018737581885289026
-0.23919304376969749
-0.44796026653768417
-0.40976472715509499
0.16515851474934654
-0.4452283320219434
-0.042962138497611366
-0.26072368683426628
-0.16680913811194825
-0.44237009261178689
-0.25217806838039802
-0.24570472112999345
-0.35413721691996358
-0.35890675546289497
0.087723860948141066
0.17752650550250049
-0.10321517030309334
-0.30275036737211469
-0.0087981952125839487
-0.28463301116322653
-0.47256292397180932
0.01920607670741455
-0.076313442003607457
-0.0058648352567887601
-0.28738819725179626
-0.39168442865076908
-0.17638304668047453
-0.25861261341483743
-0.084602590406470723
-0.18828762722965994
-0.095904028132305363
-0.43417988741646329
-0.088202593111765315
-0.029116372766395643
-0.076804093213377542
0.018705993602920197
-0.46604607463111331
0.063261414524947296
-0.058530158869660655
-0.4939125535229118
0.074193998476262318
0.081880993130187749
0.057026329052567465
-0.13952232758394903
-0.10423732235573137
-0.53601550546774068
-0.62410787476036944
-0.11208257192412745
-0.081823228889369146
-0.21438438379596106
-0.018661062757862515
-0.22028487193446894
-0.058847974397940588
-0.35749115157136979
-0.38230223158359861
-0.17802703558637761
0.024429412264893549
-0.090431590701360073
0.027215590704895404
-0.14771732484001304
0.11027379064589443
0.11325601631346438
-0.23605428306139001
-0.032569028887599064
-0.071749675388415465
-0.23167398098179209
-0.31731707529500314
-0.066154866839710821
-0.13852083122065817
-0.12610426477544878
0.1008833939841508
-0.14339399499304162
-0.022916858293515394
0.18181567491115572
-0.13426050981251955
-0.20786271338840551
-0.22051072177987255
-0.013954823304578387
-0.1746092696176931
-0.022944713288810755
0.051898804182391955
-0.10747895583143641
0.23341995608544311
0.24452531334924951
-0.42100789007985029
-0.01104812400207103
0.04472213895064335
-0.2789469005068011
-0.24196428140410159
-0.21602474408996722
-0.072926706939080363
0.083430013940179321
-0.32893476644053526
-0.26136828205548235
-0.058279463068142932
-0.37292018089161089
0.030042776893581154
0.17872645406883947
0.043999742635684048
-0.035828086908181109
0.25974442532550124
-0.24728752264096832
0.011140684712355549
-0.095134994992964364
0.10549232550954189
-0.16121461637802406
-0.1661365723945378
0.013680896639982487
0.028501636812198184
-0.20369248830151304
-0.12901714068005982
-0.085006683287207688
0.12854750120995423
0.015499581504541645
0.073242074077531388
0.1134561370215582
-0.2393192133755053
-0.19809636694583996
-0.33982256010491413
-0.01524627258848882
-0.16474671551893399
0.13188776199882218
0.12406964579935981
-0.095398951332018422
-0.020471746759325695
-0.12508032733992525
0.10762414127054333
-0.062566088667916339
-0.045936950677153511
-0.15466706307517389
0.26566546285307036
-0.09898794164151635
0.12953047057286926
-0.14619137010852185
0.070415370970492844
0.24643462833870475
-0.11297366185395284
0.17378153739727384
0.20539153963840101
0.12698635565603533
0.0071859985550518342
0.017109278887462765
-0.011394614999524322
0.21549504829382596
-0.10413741934576963
0.20778780031113264
0.18376399124454249
0.12942136496934309
0.18642250879623068
0.30634633010728413
-0.055303894157546565
0.036524936202330438
-0.1495579224340963
-0.084702119029980802
0.35332369426592208
0.26928504442602214
-0.33831408815867875
0.27288567443612721
-0.22952638783559987
0.1643686292729403
0.036809254689167487
-0.0022490086649911999
0.20291487684360845
-0.011423963596156264
-0.091240332901799268
-0.12200153456315818
-0.040697765763043625
0.13682645151014008
0.28490445252792768
0.19095065278842005
0.02423268432171153
0.15766893067125937
0.30878843945227025
-0.26449218735365704
0.23867294900575001
0.47691879418244493
0.11769290801253215
0.1859705131173558
0.51980270676111384
0.047213115633817554
0.16671220202353301
0.2394351366640968
-0.12673190849203425
0.084528454970174707
0.1226727616377277
0.30513169125678008
-0.12916531667923742
0.047930360448590233
0.21119533779404293
0.31929229223929173
0.47402912746053466
-0.16326595476493697
-0.024209303686519267
0.011904078764174413
-0.09828895635788959
0.12986200877230458
0.20466216203520907
0.5825575169707049
0.27703749520807924
0.11839827722422619
0.236101953110292
0.3887146005317984
0.23713005870759488
-0.098802899681309037
0.37398921164386817
0.24868391399147163
0.16855676692225763
-0.17238497064875874
0.40350125257195679
0.088588922702784068
0.36798190141542125
0.50404358016125772
0.18276214410135594
0.2096334180050341
0.24006430262579156
0.4703668627438462
0.12995798812180887
0.29543625929415113
0.15808201550019052
0.2860544061622104
0.3416847306709011
0.30633582533399545
0.21367550124634563
0.48119159319533311
0.25231997917988042
-0.053785668830013983
0.10880176288198885
0.16737336862021299
0.32136734530488664
0.40926613287726576
0.3315995583444698
0.17275695373069874
0.10585601519607381
0.3237493946537735
0.47444436599318218
-0.079633960447694788
0.56788999164988241
-0.0054930762633359923
0.33820880879933463
0.4040748414356734
0.31501408881391058
0.4795633620924592
0.35569008369892063
0.035002878499257012
0.34019118168641099
0.30296902524199137
0.51737036488425303
0.36337425366608289
0.17892187689546601
0.26211416286403133
0.20147512709084553
0.27361989152958893
0.38551174241828723
0.33694650267781651
0.52378419824013256
0.39218580300735029
0.22416161496007964
0.43934738259332912
0.43856886109061427
0.10432127334532579
0.39952934071917207
-0.043935245269167124
0.23307094381575433
0.28596949328682686
0.061036318553423979
0.47649074496372945
0.21630984050654434
0.16922268138660609
0.40035399164425167
0.30883027633825533
0.25949705956078151
0.09627627368365424
0.38536214453497009
0.68956503742854014
0.24253915429475756
0.08098058625439615
0.24913087091635405
0.24821015722275072
0.32432944648711187
0.515453426267098
0.17660656932880348
0.51805350754129176
0.17506897938802471
0.5204246179009222
0.60616723494256752
0.44110703945322494
0.38692111092354942
0.36094653938266058
0.31240061124280694
0.3732882481603183
0.33049363140066612
0.23623835717876918
0.37359807750867374
0.28611845487278265
0.37552576229336543
0.33748144551271714
0.13238537340889028
0.30069583865987176
0.42215697251661721
0.012691010523528903
0.44902112370918612
-0.065665606616727629
0.009085669545110784
0.46311963023885516
-0.013705629748052483
0.27115349640248504
0.50766201486933826
0.42279478108985646
0.67406204625436028
0.69696159706311711
0.48140941390428188
0.33587126598680733
0.62537185490231695
0.55341394047742298
0.53533312161754543
0.2197921556453927
0.18218393497697535
0.27031163290273869
0.26502373308948601
0.38904681674358182
0.25139186682139114
0.23496122085055063
0.49792530460028933
0.20424500345576926
0.3852528445335287
0.313039070113731
0.63237813489834671
0.1761803695657253
0.32272038118848634
0.33272722427632101
0.33052914295854968
0.25210845420901573
-0.05798076443247023
0.41222143938232347
0.45111857520451215
0.19862846854935379
0.072136318742030539
0.31469147976719714
0.42164175969576195
0.51464640232065273
0.42953683611437354
0.53917582900360794
0.55382015685481056
0.15261669998932145
0.29412361628625167
0.11803641078235348
0.42800523724405398
0.30909902758089264
0.67822818037948551
0.45517874897489613
0.67690274173500253
0.42784859314923812
0.54976965484439255
0.30472453328687615
0.1363572540847898
0.69950672744269027
0.74347939877761071
0.3899921011775182
0.59020363747510951
0.37082554892551989
0.53173195665608797
0.18747189797224809
0.67114767956891985
0.87794821033078629
0.64176473943080714
0.636174843100066
0.33555724558444883
0.49410719285197102
0.56060238420977349
0.42423902311789397
0.52070535430282716
0.59753708696818653
0.63019804888657505
0.56492397044832987
0.58764709443739982
0.61591779424220228
0.33786557446138243
0.55407382007579598
0.66002184475452397
0.19709511137640101
0.51305087176514008
0.92591071164144201
0.66721678718230637
0.53159535808047054
0.75704641540944984
0.58882973838738284
0.70942199457968536
0.49436263024991911
0.40902755953125047
0.66449035885840846
0.864372177791075
0.45825903376555904
0.84704107979700671
0.58959391554122609
0.63606139994200928
0.55900163080620358
0.68047940681389407
0.72700965241141324
0.54308602466781231
0.69315848334563923
0.51399584014016952
0.46652034368546552
0.53282699311182924
0.49010358012048089
0.61269633165737125
0.53955478340597107
0.53655997286315371
0.61908771842481225
0.80806758190921368
0.54933118036141437
0.70581666609995486
0.52338335686927928
0.53801420502566466
0.49413590629993898
0.80248732362889874
0.64301324801290705
0.62613918574359462
0.71907858164001048
0.65544241767377143
0.21553651330601581
0.78104005515118247
0.84866550612839109
0.63819848973232651
0.9951318408047749
0.470953314085925
0.63550320999459242
0.57845371832795967
0.67489041081322343
0.57139474537606438
0.54618573259253311
0.46462077840722332
0.76909500218312188
0.81314118718500539
0.55087882139547772
0.85457519747361554
0.58852980210732064
0.80659625199477392
0.64794460868878456
0.63732864082194296
0.64030189178809505
0.58951808194716104
0.7926963374083309
0.97975156942570696
0.59420440328190938
0.63397131922811523
0.55246730119040288
0.72857399186634686
0.80648092308813057
0.82839541924505533
0.5909828561507332
0.56339558629809516
0.3296753900225648
0.90208917466923455
0.42154493782385422
0.64270726516058618
0.75771310542984227
1.1467639853631282
0.68647310181858867
0.70970352778025769
0.9334814075608967
0.65683024309758431
0.78843262527710056
0.70081899673607329
0.85624211264720884
0.82263370941556513
0.27738418315433405
0.40261520048808941
0.76363757004593746
0.90513259279213121
0.8247251982404542
0.71236392733920628
0.56289374747064935
0.89314936884601814
0.54890002262734805
1.040857490599949
0.35862056568248674
0.89533299294716562
0.81810189516988352
0.71513064823990768
0.59104736564889704
0.66824856690394541
0.40044655595486445
0.65633586094777374
0.95022367893035264
0.67892942640951437
0.51633131240971208
0.76852042325804326
1.0828719448136201
0.7637081161455298
0.57555911529546
0.67216054479629328
0.50688662669499451
0.7988681581948941
0.80353425291871072
0.85825605804406291
0.85684212196084353
0.76317998999020742
0.33673917517783014
0.79458154678856774
1.0813341833108612
0.56131296998359659
0.6842892799501652
0.90901455256276487
0.39377146096101318
0.94375319986874373
0.60474641662079176
0.70603813302893026
0.81407347579515665
1.060700526239325
1.1243028794207102
0.80689810686196961
0.79422520352382975
0.93395020523065431
0.79112075572395679
1.1329457500272182
0.73045160615592641
0.76070807449443434
0.91539075438503659
0.84154436449495706
0.28838001950877334
0.73985807689965333
0.86730159782062755
0.57918018577451758
0.86884630238218064
0.62809219429404983
1.0031513974773054
0.9703202006598679
0.77869129754334265
0.65793462309632134
0.61241633387344729
1.0795280116242929
1.0186100242369127
0.90647019937217166
0.71527634499782955
0.55218140999268195
1.0683626116334974
0.7315694081643489
0.96390304588421072
0.96866157325334112
0.59301967075176609
1.0431757255388963
1.0166722481570394
0.82042521197296603
0.80619294338984504
0.69321434654508007
0.827871901091358
0.90208270693611869
0.86547008627546951
0.97977437008029999
0.93562589522238016
0.6387099666968401
0.62292235519331229
0.56359447547870112
0.88286843414386973
0.86947879599668676
1.0226411719267123
0.70011386135645448
0.96480079443790612
1.0556497692618623
0.89000057439033087
1.0310579828065574
1.1573308557988571
0.81700607241861745
0.95284863564641842
1.2354875957068301
0.95044936212771647
0.80031911300397784
0.88885777292965951
0.74463487575530951
0.96273380651355422
0.78676389412086634
0.93683732696163069
1.021755032914788
1.010899744345795
0.91907026736135111
0.89710202590893728
0.93547929665862661
1.0378457278628399
1.111902112447172
0.7813019416315522
0.84181334644315198
0.43517665474308703
0.69301812749948799
0.93602980257745327
1.0749644244396661
0.68633033111535913
1.0612790883750951
0.91832833359253019
1.0398468216005168
0.86242023049449446
0.80302633363676068
0.99937724051402532
1.0419111634482463
0.91255125259843695
0.77736775166625549
0.73695898531332416
0.99703736632563633
0.95600000115964856
1.1785766308005652
1.2569320528935206
0.8821492719783901
0.91012674516640102
0.71427355186015695
0.91567408000318695
0.64814814176309776
1.0484906239560079
1.100071595280683
1.0042794263685093
0.99797452789127594
0.92123716180620496
1.2589193013186895
0.89601363974300796
0.75039589720768129
1.1226215092628373
0.9077513437872069
1.0127963178138055
0.93292503355338319
0.86938487256185348
1.0722844349846241
1.0748573572619275
0.72826802876757746
