-0.89399982204108241
-1.0051308708782221
-0.8583175914749962
-1.2733434729692343
-1.1946241626769944
-1.2324857596037022
-0.94312897449255206
-0.75825482437020886
-1.1737551133313826
-1.1478274778793038
-0.99037420745577387
-0.81736222053942875
-0.96392038458527052
-0.96868315278413797
-1.1665185338239976
-1.1580439400913352
-1.1539117312964631
-1.0450188300256502
-1.001967840562715
-0.97905011918687668
-0.78675349406675199
-0.7738336548602982
-0.70533911259956139
-0.86236482230060107
-1.1138436149167608
-1.0326531016194607
-0.81544375885851805
-0.92510829812572626
-0.87096030609927633
-0.6199288279847226
-0.88407786788466725
-0.93110353406491242
-0.81064055850835637
-0.97807214036827073
-0.70806066948620505
-0.84189491041375208
-0.63429341115055693
-0.9402843246847894
-0.8477108757752515
-0.91507271093461107
-0.81533321847712847
-0.76383764446974889
-0.76346162431548936
-1.0132531338608777
-0.60716893167271613
-0.93819508502937132
-0.61628245019946981
-0.92486650235582679
-0.82978872161608763
-1.0656099454426977
-0.66596795948759391
-0.83127006614223453
-0.96222615095347863
-0.61851843700346254
-1.0003186219847864
-0.78890893549589902
-1.0757893698601144
-1.0417249209509798
-0.72708912165500672
-0.93351553947518806
-0.70231546264853162
-0.65568134409584256
-0.78903201590339656
-1.1449463386579231
-1.0084032763811719
-0.77980011154905049
-0.77117775020249391
-0.67616085632464151
-0.80382002562715194
-0.81270446097933091
-0.74181923585790321
-0.65414386930139168
-0.90747537978231529
-0.62298391801526531
-0.67647103757596572
-0.87074752502681108
-0.81234410403997381
-0.81404892725433853
-0.886383743183627
-1.2645685826291788
-0.66095016080633906
-0.52846970772776269
-1.1446099923514328
-0.82683880773391483
-0.89600087777020554
-0.56752240858995107
-0.66785363680389165
-0.74529658470169646
-0.735981189703518
-0.53503766113744666
-0.59958747762539411
-0.83628895432691597
-0.94852246663498929
-0.51987464427873953
-1.0775684967186951
-0.91408342285360422
-0.71657063524559772
-0.95067470104471752
-1.0756263460086655
-0.76459827626539378
-0.83791513228207148
-0.81583442104580495
-0.49762145009832609
-0.92463270073801218
-0.77534315681812294
-0.68397500902343022
-1.0554339308284169
-0.7734955171499811
-0.5385624255456688
-0.60529459797503782
-1.047823239054823
-0.77883212462755647
-0.80490368148963509
-0.69720721726366497
-0.67636562503030284
-0.53610402943335767
-0.83866862371531914
-0.90592564061488501
-0.87381850966356822
-0.99453996921847709
-0.93736873970388668
-1.194779726369384
-0.45743216677057463
-0.8928416225758975
-0.41685847936967574
-0.56224190942072538
-0.81298852025670809
-0.45473109635670911
-0.84835573819812704
-0.66572905667638949
-0.79657358988842719
-0.35378919404165532
-0.59962920843966061
-0.51945866467511481
-1.0762393952480427
-1.0177247313119375
-0.67676276524333401
-0.9091776912872328
-0.97341881030225397
-0.69681642051014459
-0.89482839551372839
-0.84697471411057801
-0.86700893476745688
-0.41384772673255082
-0.86746924021001059
-0.60947553525797116
-0.71458129550481286
-0.80570754504196374
-0.75566930368969865
-0.73415475196136937
-0.96092390465073974
-0.52727103576927459
-0.74570663054695741
-0.65174883504443448
-0.92685332992614267
-0.34056162306845356
-0.71959844412592533
-0.7504435341149206
-0.67602053505047321
-0.38038926223076369
-0.45841282381797255
-0.51822278215723294
-0.70085377684484884
-0.67003972685521362
-0.6775150620900362
-0.62569990631988071
-0.59994360367633892
-0.6059394628853817
-0.6761388105588273
-0.56087867131968883
-0.43013101839970541
-0.49118571411319206
-0.71365580286496633
-0.76377230886878389
-0.88462436631995023
-0.28252248461921281
-0.97960812341879933
-0.8631979185846349
-0.41569002357770851
-0.67196631866882628
-0.57445490126127163
-0.79939321879041492
-0.67340498104603208
-0.81892495007652943
-0.90185694175156939
-0.70328736814964532
-0.52269482080510288
-0.34314923025536626
-0.67083457671748203
-0.78632226402111038
-0.290344885422882
-0.48842395482708223
-0.58074828419836855
-0.3694246137692887
-0.66996211177868759
-0.52425005014704962
-0.60517142032517912
-0.67498122984952058
-0.90739904805111438
-0.45531553256927437
-0.54735275144901951
-0.60201928134532245
-0.41186128561332869
-0.44772709090921237
-0.37022604308934182
-0.54534156684859003
-0.80039761901310047
-0.4421544570478691
-1.0031904204391993
-0.55003532603789085
-0.63989057163566088
-0.4081441408916987
-0.55168881677955806
-0.5890009276015894
-0.6698946319722956
-0.68188159282409722
-0.42209407775754348
-0.89550230451013446
-0.74722154887324888
-0.18067048232129229
-0.55016955995620564
-0.80582926682282108
-0.48301138258492765
-0.85038164774125768
-0.51530769413605715
-0.83314860938663926
-0.93265725396889065
-0.4201716342538831
-1.0118904984115182
-0.34044112809257965
-0.51016205501428102
-0.71010591722806871
-0.20389078728000043
-0.55025976132480015
-0.85746225951286803
-0.87576045003109415
-0.58117131560364899
-0.60436480356148636
-0.38213292505539304
-0.35213545739781621
-0.61064413104024273
-0.51921616043501939
-0.39734159428171018
-0.52986087830344575
-0.54383367860780085
-0.22400887736490252
-0.67768064283827389
-0.19699456944466054
-0.48194790263281234
-0.1112666309801308
-0.21301365440855655
-0.360433387506919
-0.7302535092686927
-0.86029251500644799
-0.71473684127157777
-0.23445952481009061
-0.58093913592311164
-0.53742524712114281
-0.25734925377284779
-0.41183623030102079
-0.75341613405712882
-0.52744185374919794
-0.51126758943811479
-0.28148075157144714
-0.82122322724779073
-0.35114125276476804
-0.46531762072781641
-0.50704161641106782
-0.41923230979534293
-0.46731090300248568
-0.43850909571128555
-0.36616754659979917
-0.20960937464887078
-0.5044661686217391
-0.26833066499035346
-0.24131474282812224
-0.63749082984288463
-0.3909531099456186
-0.46483233056472417
-0.63083931743016342
-0.64180183845972039
-0.56935200216118875
-0.081828723622947644
-0.26298395636651711
-0.53472984426378667
-0.5627954336941231
-0.11407756047180666
-0.4572643471840071
-0.52406464598894065
-0.2995750494736738
-0.6232745655608104
-0.38955597320647262
-0.13885492432103719
-0.33166619586900187
-0.51539553836176422
-0.36152151614068401
-0.57174033434383198
-0.32434495780873063
-0.24360350003254444
-0.68304243351010885
-0.54300204360570858
-0.049971963500837352
-0.50908463065913978
-0.10248939100081125
-0.48666533730278133
-0.5374658197284039
-0.24603070613791866
-0.52640600508867541
-0.37003798323191589
-0.24315021693887207
-0.16553949349470432
-0.39099600935751133
-0.64320031381621756
-0.64301056756738872
-0.44700550335702138
-0.0092702899371134989
-0.04782810838413163
-0.097555761305399988
-0.62307756100362788
-0.419217662771942
-0.68258828536329119
-0.17681318679096236
-0.56843418921414657
-0.17712965197352129
-0.2239029324508737
-0.33667344259067544
-0.49920715099747509
-0.44907489583679899
-0.043938832593898858
-0.38897815287200699
-0.29709870290981638
-0.37976919310926188
-0.20524300892747394
-0.40444161811712781
-0.31714809753207257
-0.65742098456616249
-0.3927942474336043
-0.023344688576682076
-0.16807032138525477
-0.43121310206161728
-0.081429354413208449
-0.26243856055357329
0.056637899711911126
-0.066071088803077813
-0.3401986439557545
-0.61209918193569413
-0.32902138309685963
-0.099146457000395732
-0.45306666480703822
-0.25898018072640616
-0.50486485949489601
-0.398862074623205
-0.60135466315152875
-0.44181153085994596
-0.036434580073269912
-0.29846875125645894
-0.24722666330077542
-0.20810998303091907
-0.36482158869076664
-0.22800932426925014
-0.19750904943647432
-0.050932845085741481
-0.48928023438183738
-0.5423438798274961
-0.22246077765819272
-0.32651392823779324
-0.48876322431849384
-0.62430230016095267
-0.077518598323229243
-0.2734739675882828
-0.14635516122409739
-0.3841880017327744
-0.20860579323162365
-0.18095389982799928
-0.25644961932165317
-0.25117577846221922
-0.34589374466213724
-0.089269580216308042
-0.54931245171974796
-0.42743178858622288
-0.32765901142533327
-0.40337404810674737
-0.48162086025222778
-0.34329285209616411
-0.36740191771533443
-0.26568888712616273
-0.31788470568216393
-0.19524238038398695
-0.56883092877086161
-0.45796640604071204
0.19345802076089266
-0.057800609525021515
0.055865580841853016
-0.34833185081657286
-0.0004360097310694231
-0.19792810724479473
-0.22822618722587124
-0.11432531648425001
-0.24278594265605805
-0.3612361608037874
-0.17658326813542197
-0.17035342048472443
-0.077653409893406994
-0.33905622420029696
-0.24605002339118076
0.21144141418016063
-0.31594481498738314
-0.079203550849485382
-0.42071128714165573
0.14432802500506076
-0.14015094967328817
-0.39089997692784756
-0.091236739220513466
-0.0020416695029499984
-0.020248978707203446
-0.13175671649644463
-0.20777253204752424
-0.13940187342760771
-0.28010375053616721
-0.15520273770473114
-0.2965325199837664
0.18868309030044358
-0.18581152576927695
-0.14100153353753428
-0.049673007590723524
0.20508467634649635
-0.065327607175005367
-0.32230145746282174
-0.18364255742322941
0.044206324039239832
-0.38831287717964258
-0.59539573641834187
-0.10363994817659236
0.16632741891358366
-0.53519739180519099
-0.23634056821178198
-0.23863090009687282
-0.091279120702830563
-0.32935910954508435
-0.31788280678952285
-0.27752332913113237
-0.29547809558582405
-0.26208737770669849
0.011780923595367376
0.10284371283125124
-0.34150275194417301
-0.056015561820672501
-0.24533439265304902
0.039098119712314597
-0.24632413407397061
-0.23589935304013981
-0.19052147087482985
-0.27689840329693843
0.44295340638592667
-0.17920744212181297
-0.29789764280942094
0.017822657996899048
-0.20518741468352475
0.12673997350571195
0.034239626568099091
-0.033305265703562695
-0.1336585483228987
-0.086512091057549589
0.072731544842796883
-0.20517857978188841
-0.054031126997124312
-0.2362278568932254
0.21333689876698153
-0.072961879815392247
-0.19193882784255364
-0.10252999849234762
0.026595448527677038
-0.050787048323346108
0.04307498352857568
-0.21264019004654922
-0.27802862359453467
-0.29109758167116773
-0.56512155133469355
0.12572761360071588
-0.072683332784969482
-0.18576265033542014
-0.080234539365463112
-0.17080074807230181
-0.099917905203585081
-0.15056600766233594
-0.1410337319412186
0.11582284514731017
-0.013120740496274316
-0.36616065824975624
-0.55216242297102391
-0.026444196060052494
-0.2853383055115295
-0.24682982849686835
-0.044140839453221829
-0.042170129937959773
0.098710823840146136
-0.089265186940405403
-0.37230925483470451
0.10060029695936396
-0.40446748065068522
0.19844997533791786
-0.31732360844313073
-0.084440878738336653
-0.18476376399602032
-0.30594652034702086
0.14806541645162249
0.055230715156553326
0.032989045863379224
0.16897942305948854
0.076384864411711245
-0.087957540681550692
0.1281593860323903
0.19806544116899702
0.060521417047882359
-0.14919525725840335
0.18139571621552167
0.28665781392555584
0.34708180097244518
-0.033513303686966187
0.014189940149650136
-0.13445578674129541
0.25071119870399278
0.010524528580940771
0.15080248636154497
-0.14748750158999699
-0.045361836240781751
0.2288440817857581
0.47761130439328053
-0.1354265382138175
-0.029743538432706544
-0.065472204120753455
0.27816267160511915
0.24128885305990092
0.11514626939530813
-0.00021008092688005315
0.15461570609633826
-0.074354592766892907
0.092863520251062467
0.028111791546660478
-0.052402253051679941
0.019253783172419194
0.31383732258198488
0.024649406207937482
0.17256643116758391
0.17762123965993531
-0.018290009412699614
0.34123521338446827
0.03996260805171778
0.21410000372284266
0.11762190334398745
-0.039460818997172777
0.1377986295486795
0.41053042851744936
0.050812183107282374
0.19235096021759765
-0.090445782196199809
0.048440621094040195
0.14313308372746822
-0.025396562695576587
0.12209974853103039
0.27447562146845267
0.071486514683652261
0.061170390086915882
-0.029275463045927801
0.45923792296999644
0.075006089726171066
0.15142386473632186
0.4042553816926262
0.05651772542672661
0.2234235784936015
0.29850758606106281
0.2982456628484963
0.17684608124722445
0.096880756687851857
0.34136718605729444
0.03034938968080993
0.14378867402294249
0.086006618057470161
0.24510160665771319
0.24633596491744852
0.11150420529855083
0.14806944824120674
-0.010458713190396769
0.0616529709298572
0.37037151803375928
0.42582959335075615
0.045302399643226826
0.014007725875749505
0.47411388431885509
0.35683259994905753
0.50531943912613009
0.471103535405274
0.23397751861509639
0.34376555003635645
0.081195261052949178
0.27606425892720388
0.20653313656710379
0.34089868894714098
0.063833283926416906
0.10867636522447476
0.26913524794481741
0.16739074387989536
0.14043134348264918
0.20518902716771992
-0.0097531649579729613
0.31037998630142133
0.16031802470134948
0.60398093877836589
0.23209253226041437
0.29404235871137036
0.35113088657313796
-0.055645102124384047
0.015677377423729728
0.1986311467690455
0.13889366866157357
0.31992358794460157
0.42147027751846061
0.31983880755011301
-0.045617277194670354
0.09237262601172179
-0.079955823629134587
0.23265440643086721
0.08148057618653895
0.20971856523250845
0.089380984171090125
0.2377840925022302
0.049960120728404583
0.6800932204214033
0.63517257091463297
0.12639505251414387
0.087878154222496924
0.37536535935682286
0.19572064617299342
0.28241690587368645
0.58570338255012144
0.40165342060909021
0.2937129563648444
0.23609114743110582
0.48805239418092627
0.3937874389744434
0.39033288941811212
0.43410182472431175
0.70006984699026553
0.49530897205018803
-0.11689487548786774
0.12288036158760179
0.3023154138396148
0.063210155136248738
-0.061451437455996558
0.16194281196661039
0.50670571249425811
0.30507442142264063
-0.10084627949906134
0.26691035732756768
0.28575748008101198
0.094848600008357681
0.31068631615577375
0.27517838098612918
0.30835278250913772
0.25372940323639676
0.4562697740606716
0.36460451858632703
0.36625796836007163
0.2988966167542681
0.33615451082721604
0.56251186280279475
0.10099799090243765
0.08699057921676448
0.22484097562987093
0.55096190693341696
0.4921747802370795
0.43330125704877259
-0.1554897144478132
0.29236085876457268
0.56132629284727642
0.21229600034580165
0.33771501951724514
0.49177956233261355
0.34350654535191127
0.42790709307803781
0.49730478794263633
0.45150529997557454
0.44368196801314014
0.22803345769033612
0.40316559326043527
0.47457388294575031
0.26304074975661362
0.031102352636391401
0.24316868076361009
0.098410573657411585
0.59217771294328669
0.5372090734825441
0.012830683324606637
0.21252126550817471
0.44543936486086005
0.42057615794353009
0.39997155354107183
0.58634503503552549
0.29145451706870473
0.22184328062609046
0.38457137738325986
0.11124096150192254
0.76080269459711425
0.13673545513894567
0.57147387531876226
0.36215719201087143
0.1476604755569923
0.28871104480496151
0.12725998430151386
0.49605024996576791
0.43647100269080868
0.33664975688803306
0.429186071318859
0.36874060078997645
0.48071938598097858
0.22685417404140157
0.39158355496474312
0.21092140428881681
0.13992995113927648
0.043164985711310562
0.48392360182945204
0.6032657560960929
0.52717700626790032
0.49125034486635893
0.37888064116396364
0.22251634334316175
0.43022095423555728
0.34614190214616353
0.22693152903567801
0.3525149685115001
0.72124715275517992
0.56539790823702152
0.68135728454770161
0.35549716628365247
0.555589380772466
0.50591506268401942
0.489561155325199
0.57154446183795238
0.24278967354588929
0.81657917054014928
0.41522759848312646
0.56458526302738032
0.67128071956800939
0.36894268391931151
0.67348425636671816
0.63144779832139852
0.64046513209346356
0.64888988089362842
0.34327703162471407
0.30347233128087597
0.5712631373658682
0.58558501278278574
0.67272961938567466
0.56159307092642707
0.069642842001241295
0.75498040376772702
0.63760475573708686
0.8653701883989009
0.5241987167546861
0.25257424250248678
0.63684907455642481
0.51533615160788471
0.59129689132910201
0.85974220976126792
0.88003001426677363
0.38411804825475143
0.24931575835722658
0.34396421790000953
0.15370181652449968
0.28892566229007027
0.48246216963171018
0.65138303014087795
0.22622242367401318
0.73722384304629696
0.39115282229989973
0.51651762982981408
0.93367893512161959
0.7092090610559586
0.67438737541222149
0.23705736435994379
0.63567742268393768
0.49367522288065252
0.39335067096608151
0.64260873143252584
0.10211994556829045
0.64400121255895271
0.5378945417219172
0.36065629959739304
0.52292824775811486
0.087653770635959333
0.53105415419203506
0.65893341369640135
0.38856650634462148
0.56285236410403605
0.75516506091631153
0.33506101726681015
0.41150413366589328
0.51892531482681792
0.53265496008521229
0.55916275179107544
0.36167389929342231
0.75457419128510028
0.73545549016414835
0.31596964828213564
0.49024172282222284
0.67249798106414183
0.73018815140709048
0.65687001335683926
0.98376815193264733
0.79733344530954164
1.0919399012920805
0.26490277897400488
0.61631695578140966
0.75003632112737539
0.92135004825490485
1.0110031012767611
0.57694588446746664
0.35219751544959599
1.0878915498166328
0.53386036112718172
0.50934124072396492
0.63453023083732407
0.56619942615217356
1.1184989689095814
0.66212730904883177
0.81804805321120178
0.54862418074635344
0.95666198897684696
0.66382069020580259
0.65735118854648555
0.62506840472989866
0.68501749856086791
0.63577343549901744
0.3685369366373431
0.60653003361842794
0.80802117465569168
0.53773772443148571
0.36175096090558317
0.74711349134981653
0.49662711029396317
0.6227830655580201
0.60520754565645951
0.53409482018349896
0.46036012666539206
0.56990827408487077
0.37422202140928618
0.78031880458293623
0.67177190847147539
0.57776719527421883
0.79393450733732596
0.93858627300288411
0.54875812324129458
0.6909102220532013
0.33546358676574983
0.70724441289504969
0.78096806336193936
0.73752985155604411
0.85716336702810969
0.86542695407050085
0.56161400601307176
0.7696492292480982
0.72917988874376405
0.78005733161555157
0.77139177162560602
0.72200499349863023
0.70289719592649835
0.65317555047245734
0.87121842505650782
0.99548989454393744
0.68830430205515891
0.64868021528236541
0.58063051299598378
1.0550563064036687
0.68258891659468335
0.72015926037992717
0.811501829091545
0.95516696961490788
0.8150749500320863
0.9415814125601798
0.55912134967453453
0.48901544707875705
0.72983901999194534
0.88423874657555623
0.90359354357335608
0.6383128728703068
0.87309350047907608
0.60522263471916704
0.80917328428599034
0.80763192297772057
1.1833504083538671
0.65788520757754232
0.80670173503656495
0.67708480375954205
1.0114132442491566
0.3732938152136363
0.9323445320777467
0.99365553019918129
1.2668837940345303
0.78485954723582718
0.96634493647929809
0.6403308342317503
0.88416207401458458
0.92586732733560484
0.64614202133341947
0.80981160591423185
0.91453816387584819
0.72337432146353042
0.60752275193044714
0.60337211810332902
1.0711906516629666
0.83232784349629674
0.69255312807039848
1.0123965833246373
0.66540219935879519
0.83880640699087339
1.014309717933837
0.90490923593324235
0.97308778480688818
1.0844519903485308
0.82003513576923437
0.76201993717060434
0.66419739057113403
0.73934134309805477
0.51391437797201522
1.1848496462484044
0.65673194690659686
0.90486111898699328
1.1295506070231986
0.81013817392095644
0.60289664917059616
0.68112425040728442
1.1200546712524657
0.74237249036761732
0.91088861141548327
0.90431356602195145
0.51265199563391239
0.63784819097154966
0.88304487938955867
0.8070632442104676
1.1028530414322857
0.86194600794787635
0.76920643542568823
0.79575132311455443
0.6490489076148579
0.77130000284210853
0.85121953766321989
0.73851716501309128
0.69457847328806244
0.96012403734520702
0.74405175287263925
1.0096871692531946
0.77831453878123369
0.74240384412118199
0.88813795523229599
0.83094024315403658
1.069918057944047
0.77581321458195385
0.90458946711266619
0.95536663435077018
0.78329150902584677
0.94484012871593892
0.85699740615816167
0.95636452879421197
1.0524419135241614
0.42328528272250493
0.87862299712831193
0.76773434139344721
0.81761154557205307
0.92545161940191711
1.0938316144156308
1.1256229132119702
0.91360615479441065
0.70594509133548844
0.80947356618888644
0.98249182323394568
0.76801440398336063
0.92851842741237711
1.1432664683425964
0.94431917346765915
1.2655993832787089
1.1394754770425506
0.71716911647376769
0.60847611207434671
1.1098500843039796
0.82609939592073611
0.75502626674092321
0.4038338567863306
0.84564936234176935
0.87839955137510239
1.2559148779115425
0.82007160338913676
1.1258609728058691
0.98596216622256305
1.1749228955460091
1.0794518420663002
0.96307333651543192
0.86113965233274425
1.2251307711700001
0.89397500603641855
1.0637823179179342
