-0.8933837702569033
-0.97765758517683121
-0.86533096380395269
-1.2645142683359176
-1.1925012847100045
-1.22721506444498
-0.92764806350478868
-0.77091893446732973
-1.1789854673770457
-1.1482084471456875
-0.99658244874852886
-0.82812755119556225
-0.96740328439934731
-0.98563476310227627
-1.1450303807110169
-1.1625666514685136
-1.1442813138806205
-1.0421383429838673
-1.0247343296734028
-0.96552488800958602
-0.78808445192077214
-0.78975835092540891
-0.6837703447077107
-0.86468396721445218
-1.1326293986443956
-1.0228619973399153
-0.83698396323427715
-0.91609088007218009
-0.90127730153177643
-0.61240130069941223
-0.87861813813989109
-0.94756984399769983
-0.808233995320076
-0.9848698447625861
-0.69731504195069882
-0.84736489483891853
-0.64148863837119741
-0.94060900457192276
-0.84765599433628813
-0.90228037686201368
-0.84067758940479209
-0.76953652392794292
-0.75894834530526722
-1.0071235211697371
-0.59465546124378188
-0.93378917960733276
-0.62055756804410001
-0.92044965290017089
-0.7896079259499631
-1.1083190199411994
-0.68030093462448382
-0.82534776334602711
-0.96210056243269948
-0.59740313663898525
-0.99858152237639952
-0.78220802355708052
-1.0678665365373414
-1.0315100349265081
-0.71311980500017758
-0.92915581371241462
-0.69542397232373787
-0.66427581834692051
-0.80040904506141042
-1.1422990412658256
-1.0216692598932553
-0.76311219211880221
-0.76281242546450712
-0.6894765522399694
-0.7810161808730659
-0.80141885199251095
-0.74300082685832958
-0.62510709664128139
-0.89423784685452479
-0.60014103702152588
-0.67732771264639391
-0.88544780319752625
-0.83203166540219364
-0.80547597749064315
-0.90223325926765441
-1.2617793128007107
-0.69054929147973421
-0.53476310182405484
-1.1587222694122581
-0.80971321668258833
-0.90712520824081522
-0.59352297813361388
-0.66450954774153925
-0.74506367676463303
-0.72635825872744531
-0.52985229174527293
-0.61267130240294621
-0.82249987608535513
-0.94738397138480013
-0.50722241801320678
-1.0999018265690079
-0.93065557518048114
-0.74185605817177391
-0.93955670647135503
-1.0545336603601114
-0.76272918366746512
-0.84006500695361808
-0.80965277972117944
-0.50775224933081242
-0.91436053125838468
-0.75343151033336975
-0.68844974739517018
-1.0346049735175029
-0.77468560526701846
-0.54491833958820979
-0.58365676278113554
-1.0443970403391096
-0.76597747010586981
-0.83375164542699753
-0.69669083825867795
-0.69923247431578994
-0.56801052326031609
-0.85207303014969948
-0.8846357506247392
-0.8497795313262172
-0.98843775137752032
-0.95147291003571666
-1.1606394635554713
-0.46095967084970751
-0.90967867372531286
-0.41280660205050229
-0.57196847404028728
-0.83978405506348897
-0.48084530779242568
-0.8606246964731904
-0.63801178275350423
-0.78597351672022331
-0.3457750087063633
-0.61054875165731393
-0.52147746722660815
-1.0617291515175771
-1.0328460063433795
-0.67844844366545976
-0.89932111251471347
-0.97060604644539816
-0.71446759457509057
-0.93736977937105115
-0.8492230958377639
-0.88541767022245954
-0.43832656784350277
-0.87963774149221996
-0.60990430467532075
-0.70222826689729245
-0.80986461976273005
-0.77494470749685984
-0.74020398558343503
-0.95275094863166243
-0.51944895389680434
-0.74118721605411353
-0.64523750792980006
-0.9471075571302654
-0.33321720880652256
-0.72563348899931146
-0.72478408901886648
-0.6604339998409845
-0.37618944633012708
-0.45436012679119542
-0.529669929833538
-0.69060073253283139
-0.65549602569642862
-0.68749801249424092
-0.65941533761249915
-0.57604674667339062
-0.60445885214933581
-0.7178483801710458
-0.53274301874094865
-0.40260362193548588
-0.47634976644955834
-0.71640698684740345
-0.76545837042366194
-0.87956544520644286
-0.28277938439656175
-0.97267372659760887
-0.86307136301027476
-0.40200560262903151
-0.66628298504142591
-0.56040209064972801
-0.81369987464215143
-0.67929677685436574
-0.81890076201912632
-0.92715755432567415
-0.70704820608976771
-0.50365895508587055
-0.3488773156800582
-0.66636485080992458
-0.79467153375456068
-0.30367732899689942
-0.49735773517408899
-0.58164142659557061
-0.36740038269977576
-0.65624407721423472
-0.53054850019952426
-0.5955368670386153
-0.67212036649384266
-0.89572653071658503
-0.4629275189423242
-0.53795067387947815
-0.58735792531230524
-0.4167606919411484
-0.42570334180450725
-0.39305706070749685
-0.54514123610731202
-0.80809503645633207
-0.42334401553383572
-1.0079135728105781
-0.56177406045093636
-0.64914498896368222
-0.41184199696912865
-0.54630831470411423
-0.58155088968439683
-0.66151530708981243
-0.71551993761420418
-0.43098890368027704
-0.88317229385555396
-0.740661999911438
-0.17879257052973124
-0.52743467420377832
-0.82905321730211057
-0.48006132819608643
-0.83473609822928307
-0.50361042528133049
-0.8324227987462689
-0.91801303212884688
-0.42181806188006316
-0.99633596395159707
-0.35016504659760478
-0.5274065885459186
-0.70768603194101509
-0.23690291911858652
-0.56824788439587182
-0.88502162165968123
-0.88003640799614669
-0.56730323911751379
-0.60280091351767506
-0.38448605641848915
-0.34672563214645513
-0.61271770593907215
-0.50138775931742741
-0.39644055439572501
-0.51668797938548527
-0.56084580535743045
-0.24020361882096725
-0.68784985701212653
-0.20696599182483252
-0.47556579163621637
-0.080063398809913491
-0.20069473242588776
-0.36131490560999158
-0.73627117661174435
-0.87752126309791545
-0.72186358527503547
-0.23904397511929087
-0.58334502086203965
-0.54787714791137676
-0.26659901196990426
-0.40667784249441669
-0.76232520270985016
-0.51811134493848399
-0.50346974808575284
-0.28956764714825389
-0.80039419897191433
-0.34668700611978531
-0.46870781501573794
-0.50186637214947061
-0.42759773916337673
-0.47476483032170674
-0.42857914279469156
-0.35197430115001771
-0.2207808296633027
-0.52132507603302836
-0.26180316750489407
-0.22972240909327263
-0.63187190451828856
-0.37963130586705901
-0.48070201104632304
-0.64201115579611212
-0.64115181182408043
-0.57855336208390318
-0.066090467081208484
-0.2788064131013388
-0.5394280288225064
-0.59694483257427267
-0.11536828897846903
-0.45631300051964524
-0.52273239844354535
-0.29951596611631714
-0.60827334776680886
-0.40738554415534145
-0.15616471043313543
-0.35004533095703061
-0.50644354465442287
-0.3561537459279856
-0.57813414388411777
-0.2972494218938691
-0.24376249781446194
-0.67453653001591152
-0.53970001067567319
-0.044627054087055994
-0.49193975477180529
-0.081047464980179965
-0.49045557640085974
-0.54377302528035942
-0.25605184071769871
-0.54879903047275702
-0.36180039824774013
-0.21378954291353064
-0.14732195436542295
-0.41753206861799536
-0.64302718960700378
-0.64505131631797186
-0.43482055171228651
-0.0023359260562993869
-0.054133603087471158
-0.10347096365283606
-0.63346593024813158
-0.41487132158058776
-0.69009738526944353
-0.16423017776657314
-0.61029394290255334
-0.15920061013221401
-0.23035518996383697
-0.36680993105428406
-0.49929357681235431
-0.48901516078459745
-0.039911151959685455
-0.39985797627450215
-0.30943380633943823
-0.37838351600685705
-0.21034559810025918
-0.40403868650405189
-0.30196491258813357
-0.67244428071698881
-0.40759842723146811
-0.0066663708328807796
-0.19136327338445636
-0.4699300461209252
-0.071045375554173465
-0.26974222532765696
0.031537653185209874
-0.058872840581856163
-0.34297084727803856
-0.60922239328286898
-0.30623699812554617
-0.11057298261122898
-0.47431576904266304
-0.24758478480253668
-0.51465842065386569
-0.40172402634883397
-0.60514988939785008
-0.41522068915614957
-0.020743123161789223
-0.28626918101256493
-0.25685225167269576
-0.22194922358863098
-0.37083766097061155
-0.20495283389083357
-0.19668126893970125
-0.062237869348319416
-0.4971388051482728
-0.5284878512788167
-0.21187554667649525
-0.29857150706068458
-0.46030764469042484
-0.59314415017588296
-0.060703720761033475
-0.26635730726735857
-0.10800683987662299
-0.40764113604414925
-0.2169839776664827
-0.18174559289011735
-0.27083401845715344
-0.26633046919991221
-0.33006257761978403
-0.073501062826639235
-0.53602105450509252
-0.43064695724032853
-0.32822495061529883
-0.38713527419334187
-0.47898268152969675
-0.33720729032722263
-0.34505939367458893
-0.27705559757456644
-0.33084220774370465
-0.18950833719975463
-0.53985810956546043
-0.45490948970542566
0.21544418854586159
-0.076433433503761264
0.046784339026529842
-0.35482254358598275
-0.0052894444774194615
-0.19273319226187777
-0.21732669475420985
-0.12334376167209335
-0.25191401539865593
-0.39779497741756153
-0.15868269043740948
-0.15511709944278618
-0.073889542868729605
-0.34869780065833894
-0.24527530932285907
0.20351871451484782
-0.32790057821809421
-0.075880108576973568
-0.44286799697194373
0.13693674929540353
-0.13057607410520211
-0.43864969600109116
-0.1094121823292336
0.0062991251337533036
-0.030895223298527029
-0.13250371991135951
-0.17831970190412183
-0.13525028413888235
-0.28289560890228838
-0.14418124557294276
-0.29329668138626958
0.20752964850720027
-0.17917511393650454
-0.17399565497655123
-0.054490423514276742
0.1911608996004539
-0.070120787525222744
-0.32315202456910591
-0.18237018519370193
0.039454501187799397
-0.37678504837864712
-0.59151809343834627
-0.11893823968522994
0.151585906941512
-0.52138297280257384
-0.24071282398939695
-0.24957107435804524
-0.098228265104245913
-0.33614525631218972
-0.30082676016771914
-0.29851340253796926
-0.29958795067536037
-0.24554107116561627
0.01666695412803865
0.089933982214734517
-0.36079867152508999
-0.045766000495316345
-0.25592736466053906
0.026817774232856448
-0.23559445308169855
-0.23761325903406241
-0.20276249175278369
-0.29248871437391355
0.43684689682429984
-0.15571157006492756
-0.31942681103992271
-0.02766993763146967
-0.20966520676193579
0.12970967287774821
0.035696796307470198
-0.026789929967979392
-0.14693386663305244
-0.077126332004904347
0.067176227932028973
-0.18719906554378946
-0.041483938362189887
-0.26509561564880668
0.23145327220507647
-0.062951451595140928
-0.19585798025984938
-0.094358479439800094
0.010914605960154705
-0.058681491049148257
0.032588655813870208
-0.21103461151015357
-0.26035759431194516
-0.30053089210604128
-0.56269735780227803
0.12865890261353666
-0.075437738126033493
-0.16436232056116001
-0.092747663383970294
-0.17855113337820713
-0.093534894261754639
-0.1603686480288348
-0.14211343255067288
0.1153796122696127
0.0098558635944489461
-0.36303121590833337
-0.55804781626135869
-0.013420965326812277
-0.27605827215332213
-0.25213891579862646
-0.033117538017683718
-0.034201935279660568
0.09865049650303144
-0.082930914760170629
-0.39074355447485465
0.11511075718624061
-0.39529360078631437
0.20168046775330686
-0.31983330183722386
-0.070485261476121996
-0.19458224410994607
-0.2932223391166644
0.13510682948620828
0.076875599374624917
0.021865858621036943
0.16760418290128373
0.086310423300975825
-0.066336305834855822
0.11977646634642669
0.17877783083389709
0.044130105137795694
-0.1419432938470786
0.18673243945202281
0.27612293419241624
0.3560604771691529
-0.028667841480444815
0.015499053884509317
-0.11624860093481716
0.2567433474366505
0.020692094709519389
0.15332587584120153
-0.13348831485817544
-0.061918471062488892
0.21869408881788224
0.49079849201311271
-0.12183197509259616
-0.018881346643563023
-0.059452676605582962
0.27746974412494807
0.23101984934619252
0.10800076634715386
-0.020431879264677016
0.15478198664494799
-0.078370160006001457
0.10026838878311199
0.018456291593442874
-0.061334966122941127
0.028656071587083585
0.29321322341721867
0.035401081260220582
0.17425218414828667
0.17427252391606982
-0.032898948335311456
0.33411670791335341
0.045747762708813755
0.19309350446604831
0.11938495923123389
-0.054803295799049301
0.14487398247530711
0.42399481253090487
0.041599009004483052
0.18686216004593403
-0.082821722623991678
0.040073686511171859
0.1414890621490901
-0.026831625721827991
0.12367117825199415
0.27583347669593361
0.076396699001430299
0.063330194802536668
-0.0095487883689301407
0.46063069772197873
0.078395846708077421
0.13567087817253104
0.36814042300251637
0.033514889466436451
0.22283810291684938
0.2632463375716273
0.27404249151761989
0.17974845921804056
0.10830359844668243
0.33313404984672135
0.032314032017493874
0.17703595800616456
0.088610795653044638
0.23779804220628878
0.24611779058924538
0.12285328691200384
0.13533156600037544
-0.015817487436341909
0.067474293748709849
0.36796752028975666
0.41216106986842205
0.056826250031313967
0.032951706707118548
0.47643318417581587
0.35487762132694933
0.53331198496545096
0.48508105641844124
0.20758915485630469
0.3639448830501163
0.070886733095826229
0.28456325968730084
0.17741247760409634
0.31715701028073989
0.052432007807978194
0.10841089632721784
0.27741118201458626
0.15032576224722688
0.18186958358185071
0.1939348925748576
-0.0094915270390381907
0.29569387138518655
0.16850907065311876
0.60659372425241576
0.23207528372557987
0.29576574347262602
0.35159000597140738
-0.072564931512061212
0.0060577296877259877
0.21162203789293424
0.12471032964234567
0.34787685162476267
0.41198176385490931
0.30469563526281235
-0.021094642408990869
0.092380770864667547
-0.063379263123610072
0.23483867809510914
0.077004673553038222
0.18868626693355398
0.089903977150240122
0.2571935596531329
0.030956800679130991
0.6629248410486196
0.65777851182926472
0.10012779980757604
0.08009558442524313
0.36918615242140657
0.21252497403321272
0.30007234211988559
0.6038415461276353
0.40884610375761138
0.29385065059371446
0.23681620496697162
0.49162094002024398
0.39443789216222264
0.40453519180200215
0.43422768046886712
0.68557441475003267
0.4957062568431494
-0.12292213034772168
0.1227231162037549
0.27684687089188431
0.066823014906071523
-0.053797700787684852
0.15464647973984713
0.51131922226601856
0.31677377380897981
-0.080829370891985969
0.25207795188624332
0.29735806593178893
0.080022606583140948
0.31996462180610125
0.25106787166210148
0.3021701407936857
0.26223275057949996
0.44799786236901024
0.35249663214412047
0.3579621592903679
0.30098988099052421
0.33973418757297597
0.58007609133466731
0.1034815579427943
0.077171270445105272
0.2072005155901275
0.54227957854920261
0.50261230660482825
0.43004761526257068
-0.14933511632242399
0.31806797551326893
0.56372816349065669
0.23332584404615991
0.34234959506623869
0.48656196000428226
0.32883552998014848
0.42919081233832618
0.52435018896694208
0.4306433136888837
0.4225962692821999
0.24080451097678199
0.3895275652971143
0.47462827446462569
0.2716715267910495
0.033047632596106671
0.23351671986800757
0.07826096788342933
0.542112701498217
0.54862267939524478
0.036903486828427749
0.21714113226123649
0.44266539458482929
0.444714842671177
0.39404034826196105
0.59509510281366407
0.28646819243659566
0.22425733139555534
0.37532517286887712
0.1330599677240735
0.79043519838343135
0.12772224453683848
0.5712001147867487
0.33842579672714385
0.14084169036865676
0.27838247534210581
0.10626842557851011
0.50273328488816693
0.41403260358970267
0.36435145767004884
0.39867580915383466
0.35985585382244417
0.46771527514518085
0.25261490354355576
0.3936726209733048
0.20560661447055564
0.15587728357333758
0.05579711615423711
0.48677448480558849
0.60316761599585933
0.53237738746173802
0.5067629635293498
0.37856485526550898
0.228703527072287
0.42915781204580716
0.36563313528669983
0.27642997629375299
0.3644214822747604
0.71872432226231087
0.56095005050521018
0.6488331712081411
0.3648974481882859
0.57208147355925842
0.49405798567094489
0.475112764249639
0.60565847203733258
0.25007828957162215
0.81324907910381339
0.41509599305485095
0.59268335493632429
0.64758609587308835
0.38767269534714055
0.69759743006500863
0.63581435940707398
0.64549753443431179
0.66347558366473003
0.36458498245498855
0.31093439406298873
0.57119401353287091
0.56459665550318139
0.68804146284458645
0.57780941846878675
0.084952588904664825
0.78361971479770265
0.66129657299132061
0.87978077979138547
0.5358595774755488
0.27202567276141576
0.62976570082381012
0.51672965226610568
0.57852201561810723
0.83619669664537633
0.88222119167906654
0.38846285799228375
0.28048621991555683
0.31788764899324679
0.17873456969838714
0.30307297478519418
0.50412876075838542
0.63595566881947885
0.2374835742367517
0.73347947984892259
0.41364340440653652
0.50346665330334994
0.94103398466586441
0.70359240612559482
0.66758572150342799
0.23693882322447027
0.61946039789211615
0.48473568618281593
0.4186565285891265
0.65301908352812388
0.10218319028502588
0.64878757044955393
0.53397065611858663
0.34580469995234603
0.51758070163128289
0.094233014973557572
0.53093864936064372
0.67162506690499757
0.36729673179360572
0.55681259983827902
0.76383316522736622
0.33779648674874224
0.39254865064888028
0.51246853864459951
0.5310255996993577
0.54053946789587959
0.34909720191459759
0.77761036554718788
0.72551124223481245
0.32044130699633933
0.50748499479644915
0.64696509569627081
0.76581454956804385
0.64668340118694589
0.9657820039562105
0.81681513157859154
1.0935004816634271
0.27209815752450411
0.61710237735054829
0.73098770816456093
0.90270805608672633
0.97896432087058793
0.57470853841927561
0.3675031431601089
1.0802154309628516
0.52570078350485394
0.53682713317465025
0.62759404631186233
0.56797819947758099
1.1301588476636009
0.64938628553402666
0.83024377744661004
0.54327449564894925
0.93911525230736315
0.64773485773254225
0.65729982818765753
0.6256125081653533
0.69122904632744764
0.6267917866847269
0.35500813390122155
0.59870477228467112
0.81803303191571786
0.53693321464857369
0.38691928699918887
0.7329364410421022
0.52079384266483819
0.61241510842799318
0.62284850133426517
0.54809687022069586
0.45761854117412343
0.56928405030194584
0.38328224446808745
0.79780344170269313
0.66802262392782208
0.57155943587477021
0.80357548819524038
0.93547742529721345
0.56599479698064925
0.71139239529356102
0.34716395452754722
0.70081689722431106
0.77318655479213094
0.74640244711726333
0.85058766834366917
0.86615290392373867
0.55245934526569163
0.74582351245137479
0.73061437703013732
0.75046005595116705
0.79779771999518967
0.72622051363807738
0.7125656850706934
0.65421801261110835
0.88018783230146957
1.0006423845701595
0.70454987491719945
0.63765912848307249
0.57393429191588996
1.0431389137366149
0.67055852735064381
0.72539624526066449
0.81911951268214767
0.91087753618698941
0.79301607350523218
0.93360673490478752
0.54705775477292684
0.51555868445282638
0.73427558114355129
0.93187097257466367
0.9110910668375074
0.62644873060619055
0.87547374938547629
0.60334026938481911
0.80349157681678851
0.82040206276540595
1.1851621561292087
0.65722979586289532
0.80765165789872828
0.66834443074607053
1.0219764115771637
0.34540597824897301
0.90501114923287784
0.99640705531373719
1.2750771617969683
0.76571881073269521
0.94907515284952071
0.65608442677477585
0.86232601918523943
0.93764167811849253
0.65161799905031725
0.82554992115046855
0.90698687942860712
0.70984319308741173
0.60193915282046129
0.63144664628501379
1.0656757625823399
0.84677918994258106
0.69935568437447515
1.0119961119524752
0.66406521242338501
0.82204773828889799
1.0222975121944764
0.90948899161380592
0.99765379924783115
1.0808499600181125
0.83278266959473279
0.75457816033715031
0.67572669156646659
0.7368876828093982
0.50449634203266069
1.1958162889011996
0.63928798771096806
0.89295292203527987
1.1355595123864537
0.82972246121669857
0.5924430851372775
0.67466541939493951
1.1260474682819019
0.7511963895942495
0.92156628266608509
0.89069444899077854
0.49605174703623189
0.63950547487582243
0.89892485565831337
0.81580005289009716
1.1156863821167757
0.89436080240185345
0.76635542294014491
0.81812963954273321
0.65583116221459425
0.78592429819771303
0.86144651125101857
0.74393230885064998
0.69969888842552397
0.96557119519692292
0.72019308541156402
1.0163580764446665
0.78408913922927848
0.72542337457471895
0.87260824289159011
0.8436755755370261
1.069865993394181
0.78542669977412727
0.92927558961009848
0.95276666467680027
0.79220596467922622
0.9441331629033114
0.83898422222685454
0.96010816537193566
1.0630508906747436
0.42165253531232622
0.84967434270395903
0.76881558394050098
0.81126992287594479
0.91362962856125463
1.1162314634000816
1.1360044372523375
0.91483706093224537
0.69841056847411509
0.8122515252622845
1.0127036118563901
0.79460969837724105
0.91955411171053802
1.1461867568582711
0.94037196766826681
1.2604840100626098
1.1127914790114959
0.71456318803641938
0.61320449300772284
1.088328771201694
0.84302390618509182
0.73167453347284428
0.40452547975844999
0.85673481236920457
0.89727623606346985
1.2354174041638255
0.80862122194750796
1.1363213643318313
1.0050132311087427
1.1604614425686057
1.0916032239460765
0.97361761940376357
0.87199815740659659
1.2362584245727395
0.89084377536222581
1.0691506106295106
