-0.54087079111189196
-0.8963860963869964
-1.2522519572931201
-1.2086957132824327
-0.94204837088216575
-1.4317126463011438
-0.96361484852861146
-0.77546412343529869
-1.0616514629370406
-1.0727460832914757
-1.0265991871093703
-1.1602842035251784
-1.0821811113784159
-1.0308333710497997
-1.2216283344334007
-1.0068388869925127
-1.0621595021867609
-0.90846756884271951
-0.84770909785001058
-0.58702940267456893
-0.80547771475905194
-1.0585535839186069
-0.79926002161921461
-0.74177863807671696
-0.94497711410806728
-0.93202550347435631
-1.0569844296591497
-1.1949474364854227
-0.75418118147872171
-0.60148170487048314
-0.66690526650088211
-0.90760500511282638
-1.2095615910007655
-0.99191691340869359
-1.3240017358466647
-1.2087453476599774
-1.0492539868682422
-0.77421453479985869
-0.81864324069250993
-0.83129676974253242
-0.93424425940067157
-0.731674213544945
-0.76963864679771743
-1.0209009023959694
-1.1698586119911349
-0.6165531114634949
-0.63030515824386779
-1.0226288452596795
-1.02079087856777
-0.93944174199579744
-0.86870964860441191
-1.0104362524046642
-0.73287973762193825
-0.84404512204402549
-0.84748781417449193
-0.70925231188203308
-1.0331151785212118
-1.0303153942736893
-1.0243156132652689
-0.67698117208198805
-0.8723234073420163
-0.94135361387756211
-1.0812973592669459
-0.99320688384694522
-1.1094793422790807
-1.047941998747723
-0.75521899605577703
-1.1230621693810976
-1.1099586489670921
-0.70948683427591264
-0.64703500173663764
-0.67551264111660769
-0.79179788368872639
-0.98451183006852216
-0.92173741792211028
-0.81457291307426827
-1.0562099425131595
-0.84939433430269606
-0.51687342056326213
-0.83230516777851238
-0.92148964432893743
-0.72574996532477098
-1.1036454737864225
-0.87305426281709275
-0.98159999114735441
-1.2281051365680464
-0.74881222941337866
-0.61288706633126633
-0.69397997624985153
-0.91550320603381141
-1.1661254094470399
-1.05427718781179
-1.1025486387031245
-0.59142361182105818
-0.69488850742647823
-0.8861294815034787
-0.91411483839593699
-1.1220349545905568
-0.61685828840710388
-0.63862175906901275
-0.85650818376771276
-0.48353524452173197
-1.0952082276658566
-0.74318447890165884
-0.79336218523800406
-0.70646275736803688
-0.70130667146668502
-0.78600830629352059
-0.49859585679784107
-0.73452631379241584
-1.0276068932087392
-0.76275921158931126
-0.83709303466390739
-1.0230311905067409
-0.75659183619395665
-0.92467226091568588
-0.6186031150910809
-0.50092102517682002
-0.68709392757444288
-0.58764321213813053
-0.70185082751528582
-0.71643990433811044
-0.7734029921097999
-0.67740144945719649
-0.81245097421562296
-0.84294137918274736
-0.6838923851623564
-0.7791017528311982
-0.98155897218008059
-0.60494533889615698
-0.56517613396211952
-0.49771987525327044
-0.63972899995430776
-0.72122665989473866
-0.93033021133033833
-0.78574233413811712
-0.61585374485009903
-0.17556129209770896
-0.65921600654595225
-0.77112631838314361
-0.67143246276971358
-0.53520939552394908
-0.49144527059549648
-0.47086608063800567
-0.46035955366813086
-0.52533133094100237
-0.60203356285279686
-0.90522807597348642
-0.86323713031030025
-0.53211673556059957
-0.89315995252769176
-0.99799290519523154
-0.62137636804387797
-0.3313157232908292
-0.57018299782222182
-0.59897740314144132
-0.47007047041878114
-0.39833345012299687
-0.48540180263821064
-0.76133548615454893
-0.72369425438447132
-1.1182180257944239
-0.8232289394422514
-0.88866363213267741
-0.65293361373685965
-0.79562041206529355
-0.59468947806289985
-0.97998175596095338
-0.88039063220332514
-0.50364561187443246
-0.61208386824322225
-0.61276255691100245
-0.58742455522779136
-0.50318776479014282
-0.54311076743564612
-0.70742908993987808
-0.70031468778508821
-0.49827099517335027
-0.82761367393153018
-0.41953966560281125
-0.38621051389381256
-0.76812800616658938
-0.50525192309319389
-0.82030243596924535
-0.38570871161558218
-0.40693024738795652
-0.83287972394822762
-0.33477594843485436
-0.38501117958955561
-0.56138742626607652
-0.72782832723387225
-0.61216335406869493
-0.81637425436386901
-0.43864406576583087
-0.67784721648297352
-0.52339356841203533
-0.56844597506961392
-0.83138047665451553
-0.91465929891642339
-0.69749050873586604
-0.79142287467545891
-0.61775804220410679
-0.73912320260849729
-0.46961799121896031
-0.44096551841877557
-0.53881481560248123
-0.79878593880714599
-0.80259863016397659
-0.45146877661347007
-0.61641633406941632
-0.49558041774354439
-1.1854036443280724
-0.41079028658942313
-0.83754935387009666
-0.3262885125550759
-0.48603774842971015
-0.74276019514938241
-0.36843951120041601
-0.27152570548937494
-0.40805990065369224
-0.62127666389003222
-0.61680838745857791
-0.54881302294678058
-0.50502493908146451
-0.5725370831185046
-0.6323933801831465
-0.35276060164299528
-0.5371093959665374
-0.65815826266740862
-0.47223166827369722
0.03028840586883657
-0.50924526352668631
-0.29727810892444911
-0.72532766614101185
-0.5217260609081944
-0.41898342620494405
-0.45655535983553464
-0.86159793741066026
-0.48365886269438574
-0.54094155185691839
-0.38244554507433925
-0.3876667530696743
-0.72137849235596585
-0.87297386130071275
-0.54974474069349022
-0.63643784866188691
-0.6634386055697673
-1.126200283274744
-0.46099639077240961
-0.5756592196678435
-0.37233399048088656
-0.53583068337787043
-0.79194370523279545
-0.57190285859334766
-0.45425964250068401
-0.45229781438866923
-0.78181135708323513
-0.54378283838005981
-0.9110693695944031
-0.66074592280925681
-0.51085098487827163
-0.42234026160910526
-0.19459855854653735
-0.57527477117610804
-0.73422894456782684
-0.38908148113395385
-0.65353424565093343
-1.1381091951111539
-0.5274594355516049
-0.42357673542551766
-0.5933963323630338
-0.39414102398259138
-0.53882588900461637
-0.3287939849206703
-0.5680392381692827
-0.53382812227491394
-0.15268299735057428
-0.69637310908328731
-0.51782577027581911
-0.37591581345622377
-0.55090622360856167
-0.034010921091636122
-0.19604537587235726
-0.42644209967020313
-0.20303808454545078
-0.37511626561898059
-0.12500972706473978
-0.080943212562078912
-0.29185259639368533
-0.22264754139538123
-0.22372299322212039
-0.14428548746775591
-0.16449552384782762
-0.21465135411569156
-0.37915788788730281
0.062666193814380544
-0.69346514751914845
-0.1165439033328555
-0.40011952351904545
-0.17410266665054558
-0.48824371500949876
-0.29539184665008106
-0.28345129042893202
-0.5858225025268391
-0.51385948741291276
-0.063770523505612173
-0.50106231305079751
-0.14864053144823414
-0.51451259239459446
-0.19862747335502332
-0.11909439099630537
-0.41918234225233941
-0.29929619192462381
0.046236749080531804
-0.25414325767228924
-0.3735684527870361
-0.48760136963690198
-0.235703057582935
-0.49623781854670151
-0.20752417028655801
-0.1066569237483473
-0.13193686046086367
-0.41518506642280412
-0.55005709502060007
-0.34095332886570989
-0.32064970377924579
-0.13629339026937506
-0.40560832675991981
-0.15640507159527214
-0.24938363440690059
-0.29162285754663481
-0.24036467179678772
-0.3872584735825802
-0.39612117256912938
-0.34658666516036074
-0.34991996813864462
-0.45449505651247168
-0.17860791757463304
-0.4169517657763645
-0.54532862583697106
-0.29536046143097433
-0.32361855685137852
-0.15528407146798054
-0.47931817134087767
-0.67734193512976482
-0.30380707551308689
-0.36744016762833609
-0.18912462780755188
-0.29025171348819112
-0.3506095785632628
-0.38747912193673223
-0.43650710110547636
-0.57931167404544459
-0.3533265559035158
-0.091352646577889662
-0.33431267100031348
-0.075228860674466491
-0.43274610748578496
-0.50324547315922907
-0.4733931578907859
-0.488150537557138
-0.39269833623477279
-0.38410199746396517
-0.60306952465250752
-0.15621103797456606
-0.90340961130027631
-0.24529370729701566
-0.29743225775726623
-0.45224925192678056
-0.063082784393650559
-0.48779784149483596
-0.20975004344613493
0.046951924662043988
-0.039292030437977382
-0.36043686818927773
0.087667430713304004
-0.41364387732428143
0.16526578493079805
-0.086805570028424012
-0.30869511014633577
-0.43010493810574663
-0.37275095339535724
0.0089231628895449031
-0.26773758858160324
-0.49962455198572198
-0.018962539085732963
-0.24073855060040095
-0.33748558523730987
0.071832959447731645
0.016563238056507671
0.137295322133069
-0.17005443650608096
-0.29195571390417507
-0.72430193544445187
-0.14300663667819843
-0.083339866461221712
-0.3571837526431963
-0.21220238296678948
-0.41427349241821643
-0.01546036419028575
-0.17889755984839051
-0.12665758884133305
-0.35399119916763155
-0.14662761816184161
0.18657330497224331
-0.30720392994342555
-0.3223376439726135
-0.26266943987287777
-0.40874844344175643
-0.12256920583716202
0.074584684505767371
-0.66328251018006179
-0.27160067434840401
0.19917521586113418
-0.41656772986285368
-0.33102094101294982
-0.034630945255053169
-0.030406508910597329
-0.2515151417762731
-0.29086797285232879
0.3600864967695141
-0.43625516669400438
-0.28836477937682919
0.092714823082593767
-0.20768783086919693
-0.18248147496803499
-0.12805960689795787
-0.54323428441100441
0.036361003062266653
-0.11511208356700366
-0.0030355252412878806
-0.26817111164862267
-0.37451089014976929
-0.16925756916605869
0.40527843179815404
-0.057955576689652136
-0.1264238269283848
-0.46993836714480625
-0.23375314459017404
-0.16166776883934811
-0.30991923823243589
-0.028594244172892233
-0.12321972993420793
-0.3826775296334442
-0.066567755784952193
-0.073771015056750253
-0.28792842578734046
-0.38894658269644666
-0.10055035712872053
-0.41698954250720766
0.049269098819092069
-0.080054249662773636
0.1145699127552078
-0.31721709857068353
-0.10031317214766935
-0.049670446050763366
-0.28747019465614915
-0.36819475511588851
-0.24314948791422256
0.11602229821679449
-0.18668331638587535
0.10691031596072188
-0.15371447033501517
-0.34547975566232542
0.1489711601142778
-0.16379479780051223
-0.21416775027990811
-0.066771208913450453
0.019840556863506068
-0.037384617798305111
-0.1587482442550566
-0.081244722278303691
0.14600668920542142
-0.40603152306953388
-0.23812161620608058
-0.29557529535412541
-0.15031680196796537
-0.33194050138882891
-0.031139614832906976
-0.079873902429312887
-0.15448981359176495
-0.0044701137614705632
0.079729358013317195
0.26513689742362456
-0.060595888104662259
-0.25000866545770439
-0.28480639473549463
-0.1291507064094462
0.010147117702707271
0.022720303204047165
0.12090940091253133
-0.2276032740039432
0.10931841185108364
0.027506019670285108
0.25827536447092719
-0.15870061692849738
-0.015172292720735473
-0.011102176406169213
0.20825125838644787
-0.27729587010107931
0.093621561535545156
0.37929484401576086
-0.26559085843447766
-0.20768217894835056
-0.03360418748362367
-0.30356258516101642
-0.2145082117629307
0.17965619301762822
0.30271814623451165
0.080909061915191288
-0.0047071515087089765
0.31339504176213706
-0.24257494984853797
-0.17905276868042183
0.2031017437917628
-0.12178438569283387
0.079487694049961241
-0.043863802789919241
0.10836368430218386
-0.13924719386779452
0.085940348599126595
0.26663735391587945
-0.12952373394839117
0.2705213484713791
0.048645644229189329
-0.17334487946409233
0.024918957633225075
0.19326404108969053
-0.0048221616781107561
-0.15015523903695085
-0.097935009804137496
0.2590185561379123
-0.19751412469738361
-0.15006264922223536
0.01913450791777015
0.2475935912915033
0.21428108196453294
-0.15775900544093427
0.22073497159708452
0.061188581197887483
0.0027073554684631808
0.2625075224286858
0.12403433119443291
-0.060206320047572981
-0.22237056054028537
0.25686520884286151
0.15281562568697885
0.39213352260079004
-0.21859318125651855
0.082201796291390947
0.20180806646745239
0.22313250479379845
0.11329687825042312
0.085368497822341169
0.39275567586275989
0.16974240366168314
0.39262822848789303
0.001597340198702327
0.11864627269214098
0.24459558004133086
0.099396740787762505
0.056429310145112668
0.085113563134972134
0.211165956173305
-0.020934366544745526
0.19043990119693482
-0.10156917049457473
0.064612629646297493
0.086143671474637917
0.46103693759885445
0.41841323101072703
-0.22997951297873623
0.098874541129852014
0.031995083312992063
0.10576974029071008
-0.23654295374475282
0.1902444655533668
-0.064771101332551803
0.13942888881524843
0.23604226778079421
0.31290535582289009
-0.087939346825787038
0.33135798657662102
0.40405716086022125
0.11145514434678191
0.12695797235619824
0.10920777641568206
0.077788383578889383
0.36180666962492608
0.37946005939157412
0.28970675747588187
0.38933250587443169
0.19491637145548352
0.088831938843266831
0.38103351697885207
-0.32074827444209958
0.15305365504702534
0.2312994151696455
-0.21845421523994396
0.012951925731125443
0.55635451390102553
0.37326932850490829
-0.064974070958705485
0.55426156175008678
0.08814054204231693
-0.19387133812648369
-0.023711642580476706
-0.015694356511535518
0.024344394207967038
0.23158267568098934
0.54554439377681307
0.11091476897266588
0.29101668120276092
0.27445388717446495
-0.12688205219527726
0.40881727446132982
0.0031798315765283534
0.21241208050672664
0.27015603450854686
0.53140490579301936
0.27824094001729538
0.22752458132742398
0.48752029795788943
0.37637528218307592
0.57844172038231878
0.26192546594213473
0.17565088290252798
0.23404324674674909
0.037961295830264842
-0.00092601743631116765
0.70696484961303474
0.14317328966642889
0.37913574938189937
0.57643466904433471
0.2630880246391063
0.5373575091742202
0.42589024197568071
0.20998977747249342
0.49639406910737049
0.35300731672254337
0.41623286749661581
0.12067690154535185
0.51470551591391034
0.62703290495620301
0.50585282107762719
0.43192466057555368
0.28955883195097126
0.27033539745314877
0.55142653649217732
0.44401981972296145
0.63398886612077809
0.34181328240497727
0.33099113577448941
0.32120064672475668
0.15923592855313634
0.21901858827619208
0.17092554343959065
0.15865881622034533
-0.065990798052278879
0.5251965036799362
0.55136295402393731
0.42050093358126783
0.51064930850752666
0.41957008242945071
0.48241597974421169
0.44445783577602649
0.36393932934950851
0.21980999109551641
0.48298321788204868
0.28382639573113772
0.21560291202496537
0.77558027097094218
0.59505278098883552
0.68459469512061744
0.29181890197507754
0.45037145533014855
-0.026016730359691206
0.21057147274253671
0.33503942116503743
0.2321061976605788
0.10181282058127639
0.39223370984278577
0.34327460302959456
0.35060830339656451
0.40209565617772008
0.65302172643499823
0.26649707614797974
0.10090638447696509
0.14090188091553096
0.30992112559362062
0.30153508712907673
0.28272030522542668
0.15111860810086783
0.25420294075507605
0.50304359806331367
0.023551264334213041
0.23135557030888318
0.50038943073467013
0.50530900035950932
0.17949647559595205
0.38961539254601352
0.31423299028202639
0.088147802418302446
0.46563754921806721
0.45825013273709364
0.57711500248801995
0.46061053913601252
0.2313362512628655
0.49272964581380257
0.068919506397814675
0.29118975280750059
0.49272629033688881
0.30000298432097838
0.56316716292772528
0.32349104510869758
0.43087521749102331
0.46585279125057405
0.46152942527511065
0.53121984395186639
0.45119937725672454
0.79218464238088038
0.54593147243861362
0.71919774725694208
0.59091249441748894
0.35205542938119538
0.21887275256924077
0.53159422177829418
0.39495111424612633
0.64885072695378632
0.36008025536237814
0.37050990163121511
0.40576231281263009
0.47611844050518526
0.36451441335097717
0.37708262038242502
0.5981402727545222
0.49999283492987756
0.44614128543595022
0.26416581390713123
0.61268360288971369
0.54793883687990752
0.19960169958364399
0.51707055154645176
0.22202795044149554
0.53204601706727106
0.18244536557581223
0.59066059814051608
0.71200134096747447
0.47390347264231292
0.8856245671180335
0.4017035424399219
0.26442045881180481
0.5060560167493221
0.41652928269885137
0.11112023048238819
1.0460037031471869
0.54123736938937983
0.55054756590253029
0.83266277857707638
0.94768632783821949
0.5075984447837586
0.23853843098973787
0.59479208798733074
0.60232626816225998
0.22950683204995651
0.54709943573857256
0.8259496868823879
0.29355884049409769
0.5589738501691659
0.49188632582184016
0.56506132758340699
0.68952948571379524
0.2039671287728457
0.64447678374299522
0.72815383408108958
0.16466832078860788
0.57995327219237303
0.48513239773597661
0.66644072215482808
0.45719262604764765
0.43676129155768451
0.28638237195196692
0.2913517829053161
0.7681307429137002
0.9294992319016594
0.52695939531704961
0.8117836822729354
0.12462717638248863
0.61826393876581631
0.60066999144455957
0.40162730048036355
0.59956959452161995
0.51467056491736218
0.65734942565687171
0.64846808369390274
0.67199580006978954
0.52997853783495352
0.91405880633272019
0.90087658369942591
0.67254433470708119
0.54938450291076257
0.5579339112995414
0.92767020074010598
0.58082399815312968
0.82979812436223499
0.84718520270543529
0.49017521040418333
0.69343598779733251
0.12335824514113841
0.70598231530055777
0.64958758036015141
0.87132986821911917
0.90187594975494068
0.58886191157050816
0.90448949104676479
0.52504727389875949
0.53643444653967254
0.57448914110526228
0.65046586198902268
1.035992797799641
0.62498715673127825
0.73628441300443725
0.69785418889665662
0.72963059209168579
0.59968867356259103
0.53274706296752017
0.41329615742147119
0.62405956224089576
0.87727602393048953
0.77261094322232438
0.31455333686035092
0.31399926585826488
0.81888939284233142
0.70545731329672512
1.0975351766905812
0.59285390459269549
0.75082430530625011
0.79682684218655164
0.83875383941714265
0.44632637236956552
0.79084002118072771
0.76602715248373454
0.45566176606443592
0.96633541012243873
0.82906999656943814
0.56697254749454229
0.59831376681705928
0.99072164022984111
0.73141075934161892
0.58205550855557764
0.75815726175269971
0.9036988783166735
0.9584512421978888
0.54578041169496172
0.52310829892376642
0.60707911116235169
0.72287719257306104
0.64009081879576712
0.97199378297635675
0.86550418495780246
0.8392682997572285
0.91118442500524455
0.67964482904359691
0.9594129520587924
0.9480257382634949
0.66722195618095204
0.78042031885286844
1.076067340709024
0.77032390716560595
0.73408239469066905
0.85029573553226534
0.60223170563175077
0.84097533985754813
0.68337410049631087
0.72353678357776596
0.82383232914153415
0.70387385726162299
0.6682698768691725
0.9176562493249143
0.92086140385264814
0.64557414034852556
1.0043417970192661
0.85628697726511194
0.5206276790071056
0.56857142279821515
0.68715119519284296
0.48105444275268011
0.8587411670894487
0.71400678525387506
0.59932900312071447
0.66859100025773022
0.88717952852531523
0.68251804794333837
0.684739653570551
0.44819770897670846
0.80642819423959444
0.84829757347388279
0.7538292572506885
0.88152567568594797
0.74658510151086466
1.0185277670912998
1.099655723083381
0.96736827479647414
0.77169164269190349
0.76117911671773375
0.92938930446993595
0.55478025913502516
0.72634976699567466
0.99386639868084392
0.74130127148368974
1.0107025785462458
0.95759757541546819
0.88965984385538655
1.0870908865219087
0.82079580366163274
1.0879322020604045
0.93759741611123104
0.85888531394060863
1.2138622465986875
0.77725870521830942
0.89547143531464712
0.67929744201901787
0.66585292513808703
1.3106669768070411
0.72590857569938161
0.49000258860325452
0.32159719789179209
0.80235564886079902
0.97577484034232087
0.81667476460877697
0.71944013136885332
0.91144162970924958
0.93985502424639544
0.78503161707439117
0.98629961250631848
0.81774282924964059
0.67187787142847277
1.04383264840334
0.8927726245786598
1.090442421126679
1.1662317963600828
0.9531629568963772
0.92749896515969998
0.77196586159904534
0.9920626952068371
0.73562497997220289
0.921756765202288
1.0651674971741008
0.86031988916791646
1.2001022474002037
0.93599499979600898
0.8932440269770372
0.65757942445345485
0.77223283906028317
0.95817499581601961
0.59071475179482269
1.000585456529768
0.84836002698917956
0.86591686057543049
0.77570341870731196
0.87529075081539331
0.85626788255740538
0.98041818885835552
0.89958690607388525
0.90198355410060604
0.87496985574469988
0.92506634772987861
0.87011096987941583
0.95557831613291799
0.80980488175346099
1.0698489493346639
0.9512846654221897
0.76070364028598125
0.88598407993809769
0.97353087274417971
1.2645923477814374
0.96830252077470358
1.1797368991118566
0.90560662929096514
0.97910572893786219
0.93376993088025984
0.89676137666830313
0.79221787388173759
0.95357824415688164
0.60515395415752704
0.60926343966502206
1.1848993234591783
0.93041418717123581
1.147118298131139
0.62283834473936961
0.70741752422375326
0.84211891633464009
0.93604516448747754
1.1743660543557191
1.1131453428009164
0.95293062697188013
1.1457921710237386
1.1138820237616682
1.4620242488644402
0.69841924617527629
