-0.52688899610934903
-0.87882510537934955
-1.2718527507978903
-1.202171071470949
-0.90197167383474341
-1.4252349641535105
-0.96920068970458895
-0.78097245337813326
-1.0452730023764532
-1.1020461314097916
-1.0413531439297601
-1.1837190272556575
-1.0939177659692028
-1.0496423732426625
-1.2325631296382897
-1.0095604931974995
-1.073722651369287
-0.90486723701109828
-0.85133737486681449
-0.56405992894399914
-0.81506071862587737
-1.0398347728889721
-0.8068804345517171
-0.75058444969781435
-0.94826382330653702
-0.92859400731158193
-1.0536283200861316
-1.195606255470995
-0.76329342015039436
-0.59520397615732457
-0.66615443655509154
-0.90752251839361009
-1.1954678096085842
-1.0033028535967639
-1.3339618773444473
-1.1976243019493116
-1.056033611871336
-0.75133747354450764
-0.81772520829785056
-0.81906302263640807
-0.95152578116015685
-0.72119449392037871
-0.77668020489102318
-1.0121051719839553
-1.1624568754302447
-0.60085585519253693
-0.62404078218054237
-1.0419218301788593
-1.0542337132075035
-0.94288542924293883
-0.85981265200465218
-1.0293935710947975
-0.74210721735252816
-0.84582341622846069
-0.840860594032104
-0.69279345500242262
-1.0172901835920489
-1.0179485717922887
-0.99807465457556233
-0.69274113521195324
-0.87203027063084215
-0.91613374441786477
-1.1000226247689908
-0.99762099320528652
-1.0806219041720828
-1.0553213486577342
-0.73828785861458512
-1.1345926687958028
-1.0846412809682362
-0.69950178238101013
-0.69037350188059388
-0.67855907061351917
-0.79317310120540419
-0.95733488149698343
-0.93578033196569876
-0.81565354746102559
-1.0639428090437297
-0.85366726517914604
-0.50855580902543496
-0.82886949267424104
-0.92473765087136683
-0.72271336911711748
-1.0866775717712425
-0.86752762145956375
-0.95929085701876182
-1.2323020492578722
-0.74773877591521665
-0.61241289180737002
-0.71002376586983551
-0.90910133758492506
-1.1527415730157657
-1.0423270038996326
-1.0864553254403979
-0.59421677813730089
-0.68878200864509742
-0.85889602345639182
-0.86218585598336361
-1.1240788653603371
-0.60268407443411853
-0.63097143921766985
-0.8536570774154516
-0.47377438327431315
-1.0792142485668472
-0.74684225036489027
-0.80348911361350728
-0.6994305478736258
-0.71677324683495347
-0.81032318949530924
-0.51897385067812707
-0.72493581197496437
-1.0396830091604745
-0.76621813689985108
-0.85844030191228826
-1.0394723847461904
-0.75434620649252238
-0.93872366812210972
-0.61064670171426494
-0.49330073495260141
-0.65575362895697209
-0.58525465936063992
-0.72016914305378144
-0.72600763961375447
-0.77200167843264667
-0.67080303248137008
-0.83234614287300257
-0.81359231044452607
-0.65338451157784205
-0.79650324103653636
-0.97117390166498285
-0.59864297570009573
-0.53596053453976633
-0.48904581021927401
-0.63103084400766252
-0.7235577192742686
-0.94653826952863429
-0.80790683641906913
-0.60715702175360409
-0.19071247842156014
-0.66055693577755958
-0.75285209048994073
-0.65247357497823444
-0.56453332013461011
-0.4907633187494187
-0.46229425985007661
-0.47697066425845369
-0.52072679694883428
-0.58847274439258368
-0.88550592453434374
-0.85853074305500476
-0.51746212682262738
-0.88560048138628256
-1.0053549058758071
-0.60323818894064674
-0.33739586616171618
-0.57493644198906224
-0.57020723748927193
-0.46210978356381388
-0.38386941372295041
-0.48726403827556297
-0.73998526513536578
-0.72617285166677203
-1.1317411781815834
-0.81003982233279803
-0.87152511274139077
-0.65720386945619269
-0.80599680045583943
-0.6331890139745181
-0.94206335409994835
-0.85750720444553097
-0.48288925587690701
-0.62429804300401515
-0.60313274058478228
-0.57553112759556668
-0.50018643436649268
-0.5309362237995322
-0.74284467952107147
-0.68833411638254727
-0.50010133711604543
-0.85580565489434091
-0.4361182698991814
-0.36789100399082936
-0.77571555275817949
-0.48103071471937342
-0.81883090230298938
-0.37666673459315786
-0.38794431503669385
-0.84198740609140121
-0.33553370690037621
-0.37866367234867593
-0.57542729534482051
-0.75199691212391817
-0.60998972953292552
-0.81261343204110825
-0.42397345982968199
-0.68554625073966502
-0.50458699698765208
-0.57394044106624387
-0.84726242624499737
-0.91267474528999704
-0.69689656147325207
-0.79119017815365467
-0.63717394228658464
-0.75821863396468669
-0.4653200565762482
-0.45215856562464884
-0.51116842840259791
-0.8153156725694144
-0.81412333760251543
-0.46552532409598651
-0.61584026191779473
-0.51076207540759189
-1.1755785817647224
-0.39942418450782313
-0.8146794493081666
-0.32913773284908582
-0.48181959502997918
-0.75639523615486037
-0.35753758507268335
-0.26197753021043102
-0.39804795567266604
-0.63419536302029078
-0.6018271028660741
-0.56595049779280315
-0.51725292000995826
-0.55719430913324286
-0.61552301461479952
-0.36619173071519312
-0.54623241685935153
-0.65845150703759248
-0.4756623147917563
0.041610499483243184
-0.50671536946036366
-0.31568925040657853
-0.73817316563969892
-0.51425346575717834
-0.43165521547807439
-0.4481540431837242
-0.85086785755634131
-0.49287109153381486
-0.55849358631893375
-0.3911091709135151
-0.34153442394292888
-0.71996011193348963
-0.84466082113356133
-0.53293677594075717
-0.63295082710411854
-0.66143664325585538
-1.1159676373654912
-0.45705508791385047
-0.57635893548559991
-0.38436804951531928
-0.54886909120329797
-0.77777715660211588
-0.57617083160027704
-0.46586784566949963
-0.41308857648164959
-0.7705724109986265
-0.53270324571493732
-0.88618099425768571
-0.64950884801359832
-0.51521018351490266
-0.42247265890918434
-0.21903325474378865
-0.57490222685689785
-0.73358921741562966
-0.38984551396154227
-0.64243864893135383
-1.1478198809024294
-0.51773673093639649
-0.42451182732969456
-0.60764926763754257
-0.41335467654972419
-0.54838288190114637
-0.33821970641158239
-0.55973844512896187
-0.54434812917105313
-0.14989556690681316
-0.67238364307604181
-0.54601554493374505
-0.39417012676745561
-0.56142418089171653
-0.01588962340491256
-0.20512384171397266
-0.42441366288033422
-0.19348790602511559
-0.3816189249720201
-0.10926732413518131
-0.088266025549690139
-0.32740528678905678
-0.24820689425010944
-0.2134724423768142
-0.1433002334201072
-0.15324946491002192
-0.22512686887379277
-0.37145656633945195
0.055263638246236702
-0.68898665405161552
-0.11608812002015551
-0.39243354297330735
-0.18412299254497841
-0.49084979965782088
-0.25641793943007174
-0.27160459451177787
-0.57040126674456637
-0.501043107030405
-0.056107333818064153
-0.48185060818119685
-0.14262025553275565
-0.51576001137461414
-0.18437707367839953
-0.095919153253633149
-0.40067010212542981
-0.30067021024137475
0.055004534957918634
-0.2403158775260702
-0.39126760661292198
-0.50391819542430505
-0.24048799324431455
-0.51696319755999953
-0.20188656522546891
-0.1220535999546184
-0.14697959341695818
-0.39080994250719847
-0.54115410264183672
-0.34298708785324283
-0.32598852831882025
-0.14496207446829459
-0.43334646714955344
-0.13674645063838556
-0.25070624945990805
-0.3016012102191078
-0.23736739529413681
-0.3641788850061316
-0.41196656583679486
-0.3295970958130276
-0.36392973494536979
-0.46135094381284508
-0.16498682057728672
-0.4175120204620173
-0.53723325624933327
-0.29627697956663934
-0.32996516917541657
-0.16193588021494842
-0.4888949923974974
-0.66198828720556058
-0.31717879373848712
-0.37065326417878047
-0.19693051065326872
-0.27164942078124416
-0.33502472589982357
-0.37069696811225139
-0.45057378864633324
-0.5934058756315751
-0.36403583514189641
-0.078584976554747013
-0.32528887172282861
-0.076057574272038547
-0.43363683861246477
-0.52140787191702631
-0.48970716924969521
-0.50402296588907936
-0.39743344366540279
-0.39001091828094536
-0.63233767620604164
-0.16884449041228547
-0.88848602220891382
-0.25485279053309018
-0.29356150834212186
-0.45416416862557762
-0.041361064694330166
-0.48945619361482295
-0.2190145333639732
0.044647627076958553
-0.051109990559784969
-0.33126128719633452
0.090622386184912737
-0.41431128950457363
0.15244287499943834
-0.097367638693881778
-0.31373155579995637
-0.46645319028919452
-0.35952178582137811
0.0056990486009425093
-0.28653278488316336
-0.51950374181449488
-0.011801273932984501
-0.22354403196685949
-0.35390984239552259
0.061189665186048167
0.020062924400749717
0.14860392676267756
-0.1778495866848869
-0.26540884196328651
-0.72106928631472456
-0.17202292360216068
-0.06156337322378895
-0.37195424921513054
-0.20611499060683916
-0.3845341898255985
-0.0037083518963595434
-0.17558774700218568
-0.12521403703001135
-0.33918782023149996
-0.13718252986565846
0.1824875819828761
-0.30819498287199865
-0.2964925446524822
-0.25212659383711716
-0.40155148444670319
-0.1090164193123835
0.0897154414191004
-0.67039145453690507
-0.25687742069808167
0.21971602898058246
-0.41185792001991656
-0.32931564301852423
-0.023952790026132442
-0.031270457638051669
-0.24296572056669907
-0.30133475492006767
0.35378552872750429
-0.44926400168325203
-0.30810193462603558
0.096830055789443897
-0.23859121238621711
-0.17655403341663867
-0.13188449720560175
-0.55032741887004188
0.035550170350565909
-0.13957991926485586
0.021731439202925695
-0.25309224327782753
-0.41389146201405075
-0.15368574610291869
0.40316809429526712
-0.044516165246183341
-0.10728138934862919
-0.46889247099046599
-0.24192597307194236
-0.1566049396041439
-0.3158319432502838
-0.026818364147819952
-0.1140961070846129
-0.41539543737943196
-0.062166070560939063
-0.072273430561140967
-0.2995372145540684
-0.3978097669915861
-0.082454709726550959
-0.44091092434419643
0.059818198339608837
-0.073009142404176539
0.11358305681367481
-0.34803335610993508
-0.082788096172095371
-0.045597979619629948
-0.27446064057951358
-0.3537747689037623
-0.21937771971187175
0.12303170017112509
-0.19164331495198514
0.10036526531765637
-0.14958179016827802
-0.35648640099076145
0.12872961809985808
-0.17336805613977976
-0.20637405612970874
-0.078421395976594435
0.032540639690471954
-0.022022408238284216
-0.15564874841012527
-0.085588225016037217
0.16095739915199531
-0.41032608796704489
-0.23709188260724776
-0.29998968622110483
-0.15575991446801846
-0.33990882943799466
-0.0044534484815274937
-0.092777018046212384
-0.1385656233678747
0.0034734702979285063
0.078217379534459744
0.27849048929207992
-0.048807355269358914
-0.2442911696723809
-0.28067101762174518
-0.12253776860762584
0.021471831451517008
0.030603061859153142
0.10883857933745597
-0.21322837314961487
0.083703225353931363
0.014905094134643098
0.27532794439462532
-0.15599867766157044
-0.0109187334216546
-0.0079279588424468004
0.17822236702365785
-0.29914575032410112
0.090757678407444267
0.36478167444627013
-0.25435050703648421
-0.21121748330471932
-0.024727039699066856
-0.31541748188243474
-0.21380230367943956
0.18079235440082128
0.30186724942655385
0.0828872367635477
-0.034908670986259993
0.29419072244747307
-0.26105981971680081
-0.17254708070988958
0.19441224884464756
-0.13971969201094267
0.080508553839298308
-0.054264485768101042
0.11078656135521144
-0.13617665838834575
0.10935929230331212
0.25810335458362071
-0.14246368363559397
0.23974508956040541
0.06218157952007896
-0.19208178268029483
0.031701086295068591
0.20686810468141797
-0.0038806870217520536
-0.15070771991885287
-0.10125067843875225
0.26487628714053713
-0.18286750544523842
-0.15553925642754438
0.021093349549730515
0.25155911534628728
0.21771003912077058
-0.16035294923994736
0.2406206249932609
0.069735983851631808
-0.019413171875051084
0.25114854614772608
0.12380563910472019
-0.085015941869341374
-0.2163452106917727
0.24053878564112
0.15530190551589163
0.38554471746992641
-0.2208505602519974
0.080350014960670027
0.22447807548807003
0.21879736741377406
0.10188316042393572
0.10129700999905411
0.38088300107335882
0.16984459765713528
0.3801865139098814
-0.021064884887125251
0.13439442289241221
0.22319391849020159
0.10959771797626061
0.053799127260050872
0.10174624861218523
0.21386049592151174
-0.01844509312281906
0.18830212031370719
-0.091879294569869249
0.065675832680102755
0.07180131779326715
0.45780992542123045
0.43032179480064403
-0.22537372210620005
0.092697667739568335
0.045881662857091207
0.1159847797573593
-0.23419110747878213
0.18021124872283409
-0.047935187150957334
0.14623091071366784
0.22535943099111955
0.3188972043357905
-0.081330973114426552
0.32751788247071778
0.43010342155195325
0.11710711891142134
0.12873814664050801
0.10069229378147115
0.069454388282496851
0.38639172096652669
0.39273976330899069
0.28825368710997717
0.37859395049912403
0.20969570367769672
0.10421876249788978
0.39034712016609446
-0.32674745013946133
0.15460598299519537
0.22717441244754602
-0.1976707047765332
0.02866861573073598
0.59179205328760032
0.38431422932004577
-0.068715057976561578
0.57421023625232237
0.06943831004603962
-0.16836488616967601
-0.021776349162108841
-0.018901452963354031
0.041909132167683834
0.22222736957989067
0.55252435838698843
0.1071928486776655
0.27213086137371134
0.25846048763600082
-0.11810733445129394
0.40691137290796908
0.019346521706136072
0.22381069359034167
0.27690979923425169
0.55170975393807931
0.29364711746377292
0.22392232020317543
0.48224734208400177
0.39028335772694306
0.58031738911148723
0.27231922187195468
0.16987832009059331
0.24647491834486884
0.043559450987736947
0.00057359346332765951
0.70074443113012663
0.14111581674663187
0.37928802209706197
0.56689389912650034
0.28647628461074887
0.52585906716077291
0.44332025767653921
0.24176130933660386
0.49117558352212021
0.32185823895597909
0.41356357605254024
0.14375352262937685
0.50527626496214384
0.62207676036937387
0.50442143087257474
0.4042293681947009
0.27905336136413267
0.26012048127149995
0.55592056239204657
0.43573170043734488
0.65879683071590056
0.32969395379976391
0.34709849893792183
0.31745188794129731
0.17401221447065074
0.21340496995272992
0.17410622104399115
0.16047140115384231
-0.075781774314204034
0.52483457475112616
0.53431863326500062
0.44523206115329278
0.50239218781668737
0.42607580972485748
0.46438484292517135
0.41984155738058987
0.35123155931122563
0.21856727082993246
0.47739715671378802
0.27046404234200222
0.21886426264091155
0.78682920030350423
0.60866869937858625
0.69596904024816919
0.28939588738107103
0.46238167235370431
-0.020002736280192703
0.23326790586378743
0.32821925842703009
0.23722165425444836
0.11254833607812995
0.39992152493385486
0.36349670017627173
0.35751032675971611
0.40690985147137404
0.67941019492872612
0.26982527982389792
0.089491816964980361
0.15333100354046292
0.32439999532561353
0.2848302377028355
0.28091266176145496
0.17258548543518976
0.21405016974666433
0.48678899425978067
0.023071480479455116
0.22695314953114051
0.48204437099678371
0.49587319388089551
0.2000128481863441
0.38971742552139255
0.28822562751257591
0.092627223072974246
0.44701936482948579
0.45749193499814639
0.5423531899365408
0.45875000293804635
0.22757715644442952
0.50791099670268658
0.066477566918616379
0.30349631633632002
0.49523958559796638
0.30691740929471961
0.54230404358888151
0.2981956736342477
0.42466572475519582
0.4747709584385052
0.47159601277330765
0.53875739958615487
0.46067792145785846
0.79998093720031627
0.54430003595684451
0.72886419540005631
0.5766932460045866
0.3681487404792253
0.21232717241680654
0.52830148333517568
0.40737554419873589
0.64185905840472446
0.36859225920947758
0.37482518502634937
0.41931778600536546
0.49910572638463252
0.35424347802050082
0.38219407880945477
0.61397019947490084
0.48787674035940293
0.46419224609857818
0.25745242359555343
0.62204669455764949
0.58104723078719589
0.18890999903259856
0.53251668878016534
0.22946098018965008
0.54065920569066139
0.1756158284563496
0.60230106445101106
0.70566356087988835
0.47655180777881856
0.86660933179529742
0.3985405816303989
0.25368327606475771
0.50730316862724734
0.41065294712842793
0.12998510394675064
1.0300851060434775
0.53537296525004197
0.55599791705040635
0.84541865797701765
0.93344861135231805
0.49983798342642544
0.24329602332523653
0.60745942308734102
0.60874720090456602
0.24721735366965084
0.55839798534981488
0.8321087991756928
0.27698059264166186
0.55533136416495199
0.49077086634682676
0.58383219012500154
0.69559694869442035
0.1849055003655744
0.6442595745347619
0.71971386117878855
0.14771812146299149
0.56215724862476968
0.47138305787077517
0.71285304414544615
0.46667990172816476
0.44968102965849088
0.29897023518610089
0.29180585645133245
0.76880838342557722
0.91934203679248017
0.51960927410647573
0.80501691001575326
0.10936228919509666
0.61807081828314248
0.59697583993057202
0.41396886718411374
0.59365158189703759
0.53140106633430118
0.65515932588497616
0.64638091710116241
0.67115764238698172
0.55097730086793029
0.92387561592461742
0.91722127243567708
0.64839657383230309
0.54325685698451964
0.55268105949734991
0.92363471106374406
0.58831318866591709
0.82521383864208186
0.84684806078144992
0.48212594881858811
0.71552572997865838
0.14401045326617254
0.71964241620689473
0.63453421539397914
0.85698049019585731
0.90607748449819092
0.60977662042236591
0.92779464748578355
0.52012472546403843
0.50970823525850073
0.56152932493682106
0.63411592850027165
1.0449803458431726
0.6087949240404863
0.73033505657908571
0.6920547224575142
0.75582114456191873
0.57894757123857521
0.50876034198287845
0.40689726643666213
0.6334635479844356
0.87079201306175424
0.77049692850369411
0.3062228660961922
0.29026984411335233
0.82482208053740969
0.70019929351140164
1.1147486170120702
0.58341409868682181
0.76028442482462932
0.81927779044479254
0.84568299963262361
0.45890156568421558
0.79534387917717797
0.75986296345427184
0.44651747980404144
0.96042144038626664
0.79826403681292291
0.56283566705129984
0.60123890883027031
0.98228834159892642
0.72629204645089551
0.57502410758539835
0.74511900297386446
0.91867291589163713
0.93862832580160116
0.52109299589909419
0.52329342240375731
0.61582377446412384
0.72389295808036058
0.62754824810889709
0.96635355305491799
0.85879887875779393
0.85017881049966115
0.9218530284458375
0.67232071532580284
0.95074031842165208
0.93334095879045942
0.66069512376298056
0.79934746133120627
1.0812015990968291
0.77205961304270787
0.71667653896246541
0.86352323472454917
0.58085051778763908
0.82363500029805392
0.67869225493441476
0.72920242205372066
0.84184098261791762
0.70315811482618018
0.67031370374996468
0.91709870921425818
0.92744731371706068
0.64519503950869095
1.0049536710558649
0.87554722190710133
0.52419423436896528
0.57010564569152544
0.67924357649350608
0.49462600056424944
0.86225034191286543
0.72306947143634182
0.59751963671181285
0.68014533096277852
0.88192776549335528
0.67249734270033701
0.65531277387222353
0.44369754859624994
0.82540171069818979
0.84431081155226728
0.73952940864676875
0.86575817101237451
0.76066411172706594
1.01590302279876
1.0572426025935413
0.96864331750313992
0.7550949646981806
0.77838335721342988
0.9218734932303535
0.57200694497617288
0.74130226385093878
1.0073854411820962
0.74145526926244454
1.0293291665082216
0.97069491617413106
0.88144100010508097
1.103836316339412
0.84191880032000921
1.0857661340976383
0.91595672100524994
0.853057592528223
1.2193052631578027
0.78026289748129329
0.88287631875786909
0.67682101899488933
0.67188238858566007
1.331318890012001
0.75531275116521035
0.51547624963837357
0.32745266825870928
0.81705523303646133
0.97294105402205933
0.80337969042562773
0.72361329277412278
0.91124540660401343
0.95658376658387556
0.78648274760055004
0.99873499592745119
0.81627036865318958
0.66489923460173017
1.0518380033562582
0.88231417107031329
1.0907819812390986
1.1608553409142925
0.95849955259851061
0.94086729644720879
0.73453868911937648
1.0253707030389896
0.72506064998109399
0.91508653757947234
1.0933035637673978
0.85693090090871193
1.2036221761829105
0.95970379855792209
0.90422842964308603
0.67817092206940555
0.80037478249334459
0.95550315775030548
0.5870189299391616
0.99247241634035688
0.81781240087383922
0.86224813702443626
0.7749390268773434
0.8849017219335702
0.87401108387891391
0.96851332214376629
0.90941951811946731
0.89285751058292429
0.88848756865942435
0.9284316604614089
0.86212345299535442
0.96445510852322081
0.78984781435087248
1.0790872634812447
0.95405544231716899
0.76070556727164962
0.87787224798483432
0.97860118732574208
1.262115992091339
0.95950594094498054
1.1786242932532371
0.92396100362717448
0.98965233757375637
0.93705252950803231
0.91726051980155765
0.80424397325282648
0.96228686222962256
0.63805192341787842
0.62670323347867052
1.1827796122478711
0.93877306224980495
1.1510932512905465
0.60257194857642105
0.68237096316358548
0.83617856942965785
0.9431865405322839
1.1449363288752377
1.1395250878564205
0.92602185398218173
1.1390021164896031
1.0991446480656304
1.4927772389348595
0.68378989750210395
