-1.1978452759031171
-1.148558445905647
-1.2734228721352816
-1.1140937405660913
-0.83044047339358973
-1.029982262466983
-0.82920245011960292
-1.1399280843904009
-1.2478632913606906
-1.3463868816786542
-1.212674648567406
-1.0518045755583449
-0.86169442804686958
-1.2575827332461191
-0.93798549440779821
-0.94238906639983167
-1.1847588800671538
-0.92979916338224189
-0.83321243293886815
-1.0358792068776357
-0.91525018018949456
-1.3779654074697814
-1.0434625123743244
-0.77924030217894447
-1.0979748354903109
-0.8918284191897663
-1.061487319071271
-0.81984345073237619
-0.72494482997518372
-0.91553312504415274
-0.89888388129491503
-1.0262318083080542
-0.90902993202805216
-1.0084735797052427
-0.99156270635085864
-1.1078973538151837
-1.1351712095091557
-0.97838189732314063
-0.97276636435009489
-0.7569530350623257
-0.95475306168436092
-1.0289897452899324
-1.1123160041076914
-0.96644610566733846
-0.80463852560528382
-1.0108200156829683
-0.84253772020636064
-0.7128140364885921
-1.1706869389664334
-0.89800107793173833
-1.0467830800489819
-1.1268684982978088
-0.71777815461182792
-0.95974864469396981
-0.71537019911520494
-0.52030071693032587
-0.9567753188514575
-0.95444947110379219
-0.71953396499604794
-0.76435618195211352
-0.9509587985408684
-0.914350897422881
-0.82392957237845077
-1.172920688495114
-0.86512558243511717
-0.78604832634278354
-0.86445043806253152
-0.88493636271258258
-1.0670450784079377
-0.90920312904272327
-0.84420448748960419
-0.66081369290270331
-0.93778659489582161
-1.0555816709703616
-1.1775277853888964
-0.95878731597583777
-0.92217169088200268
-0.93319137648447736
-0.76013466340566371
-0.86220206878882655
-0.80927196616497132
-0.42442297588558786
-0.70366076331107741
-0.53672230263204135
-0.91929540460937254
-0.77401178335445275
-0.83540414921778372
-0.90050582054655792
-1.0642437669897853
-1.1475298647193122
-0.79275332138721943
-1.0267593104495005
-0.73078771516911145
-0.71280671301932486
-0.83091519234373223
-0.70054263421419971
-0.95840810396498599
-0.78979293234666903
-0.86551526809793622
-0.5661789452982241
-0.67192241614251735
-0.75097238997095173
-0.95956963683403396
-0.78958157810282259
-0.52906116614898913
-0.84027729544171637
-1.1251027568728087
-0.7424019008101862
-1.0291031310072369
-0.79373348454633952
-0.93649780704360697
-0.87784756604189773
-1.1970278172185347
-0.52294501332426169
-0.4873004720999996
-1.0822887108851051
-0.83860604134485905
-0.70246594357122905
-1.1403525446002034
-0.41355279063311612
-0.91977857456185719
-0.86194103490434004
-0.91549434591229417
-0.83558566296198689
-0.5915562712774054
-0.84408212395403504
-0.87395133925883617
-1.1076634872823186
-0.83673907731148911
-0.50474891493564755
-0.57764904998542921
-0.81671160790059472
-0.8520430998719708
-0.70975705256102284
-0.61143313995955528
-0.72394332502017067
-0.51133051398220153
-0.76033135677381625
-0.89115983652746933
-0.731003657648577
-0.80770325873724025
-0.51235445301789373
-0.84579559619372824
-0.78094598597458176
-0.77772517275108666
-0.95321555698339966
-0.93394967683640973
-0.73310738633443295
-0.58300025827156177
-0.56291857351279206
-0.8874145255505268
-0.6283749328658631
-0.77947198327654355
-0.69277411704846381
-0.41353760619577845
-0.63237393395130603
-0.41849351733425522
-0.27854464074712354
-0.66487094126209922
-0.46393189327925632
-0.53869601236368247
-0.82102582419390813
-0.62965384301754657
-0.84282934554851086
-0.6406675460609913
-0.68117096094936269
-0.51346043191649926
-0.735811899453098
-0.61369816494506146
-0.66927476180379064
-0.72782171708054322
-0.71601451008679373
-0.41566828548630219
-0.74259621379338903
-0.89888418192910335
-0.69876819999419049
-0.67974580143898589
-0.60589828829260739
-0.48630494949804121
-0.77593002370198272
-0.42934653622880142
-0.39528723370339969
-0.4807009390152498
-0.71065970283750279
-0.64007397279833911
-0.62522902328391872
-0.65316086902295944
-0.69078984604333882
-1.0829645617252044
-0.58854083598890294
-0.51697790787889752
-0.40917054277396325
-0.85658736066496732
-0.80672988225893294
-0.47153139941932637
-0.65819874383200949
-0.56147760076749909
-0.87868454961734155
-0.51731190121937953
-1.0170804411129906
-0.64265156487541331
-0.46454273507654176
-0.7822666482350733
-0.58693876688978519
-0.88885544989530119
-0.49896868264223454
-0.67553949000262259
-0.55651558567844628
-0.68278853567320974
-0.74569996616282674
-0.38019236497247255
-0.63432377527055162
-0.67021009580933411
-0.84613844926130055
-0.62707984930036886
-0.39639166149750049
-0.60279705850327014
-0.64589850537858762
-0.76495754378539182
-0.89066445763242885
-0.53343874514187062
-0.57172153787779845
-0.9382354324677582
-0.61140475878055311
-0.47353164334257181
-0.37312129307583047
-0.60853414129832606
-0.46599239836409811
-0.76169565167739306
-0.51360979031322296
-0.81944863536992429
-0.66090523268543022
-0.45049399931711565
-0.51566579452071448
-0.5089681020625314
-0.70266611530103451
-0.68770027342987117
-0.68218507361725766
-0.71253853876058137
-0.65443305210901703
-0.56217114308301741
-0.1830151807081852
-0.56937943086605491
-0.56129298249111315
-0.51271263005387657
-0.59040985141598246
-0.39659934764923921
-0.52602638979566951
-0.68215327076088184
-0.42416201776744011
-0.67468646432219348
-0.34156154486259616
-0.61881827183464433
-0.60339876262482828
-0.66299363535406197
-0.51221250949604147
-0.59046707202915572
-0.53811853442746582
-0.49511583396566972
-0.69415101712987659
-0.29303663214133818
-0.4990181152108924
-0.72123276168821437
-0.41194364379910331
-0.75286934864976229
-0.52940302761369251
-0.48724449695897465
-0.29480642473502633
-0.48907604521480236
-0.40686070399620022
-0.56769480042195342
-0.67163209825714087
-0.27170996317412294
-0.40297336794812066
-0.54629000211429746
-0.59112097582111345
-0.72275557558471948
-0.56477224081410571
-0.50354079857987954
-0.60932333965921703
-0.67597233351626562
-0.38662423920135686
-0.12285642730085916
-0.45417756365081735
-0.37664726708399709
-0.34830682405621644
-0.4705611500836287
-0.57807935079346839
0.042284586940751843
-0.45560397967597749
-0.31144699012743099
-0.50475658483639352
-0.60639356246405896
-0.35307203131352211
-0.32236950133551784
-0.20019525329478988
-0.50059937728922144
-0.39062205588606069
-0.80337358287096305
-0.22661549905599057
-0.2405650274708549
-0.60920958938203806
-0.58354037483465204
-0.64612080807768957
0.051447125692935802
-0.38348300405629815
-0.22966450229005364
-0.13778006508368962
-0.26552728127987252
-0.39157499367686016
-0.50830824683697096
-0.6484155400952315
-0.46639617308697562
-0.4831376183893506
-0.15692849205866541
-0.5977552336847044
-0.45490919907842264
-0.22611182296740365
-0.45915991018519625
-0.48589637487979553
-0.39061198854855111
-0.14463702817054913
-0.74805264339119004
-0.46066739861232692
-0.53111656920674721
-0.10194265784565866
-0.59583634119840712
-0.45712697817889092
-0.35973967729677736
-0.25460408103740773
-0.21067303140956178
-0.20148740768779985
-0.30674546501377681
-0.32172525433497151
-0.37606551280315498
-0.48074726864785028
-0.33490516790968122
-0.56918445797423711
-0.46636499738641574
-0.56313566670681359
-0.43165914969284669
-0.52608442501910824
-0.58033066708609493
-0.41327022375559047
-0.12748405955605246
-0.2648566674252632
-0.39737164103928113
-0.37785849369905117
-0.22315976267533275
-0.33305763410255096
-0.43113952578273856
-0.15441749115052097
-0.23318508313826225
-0.14860606324810802
-0.12701133288830327
-0.31223225035659613
-0.34113204309845446
-0.27936234219232031
-0.24399882215231561
-0.017789528137145908
-0.58653059330030488
-0.21254514826666659
-0.18773104215127448
-0.44884915540424064
-0.36445038789360085
-0.30780091759498845
-0.32509005711109618
-0.34391570373927421
-0.4207057349792534
0.0047546322824007599
-0.37786920686776027
-0.33175536175899856
-0.33973997351148993
-0.37610464181133269
-0.33247082541143441
-0.34843020814122982
-0.28962525945627116
-0.31157347287210624
-0.2093245759706121
-0.025985145471042487
-0.2516118714425864
-0.45207287120867351
-0.40487511065964499
0.15581617505366716
-0.45076429610378105
-0.020882621946801745
-0.2931927903367948
-0.14933182291685074
-0.42596764172144569
-0.25725583170108851
-0.26994705772867833
-0.35722981601197373
-0.34473784137432395
0.11463910090288809
0.19402989590556488
-0.14475576717739921
-0.31153342054988953
-0.024508944167924457
-0.28104216446387581
-0.4931351637157973
0.01924171832594929
-0.10382900975724159
-0.022490832234785957
-0.2637691911516668
-0.40638258707364872
-0.18548756336271471
-0.24283636413283283
-0.097785337682266979
-0.20669837072122324
-0.07752192250982079
-0.43803605087890884
-0.082118265698296347
-0.012072041379139255
-0.091022704812883201
0.020949115955555764
-0.48942100875454675
0.054819094239536875
-0.056358363530031937
-0.47449367895490546
0.093539553332090686
0.10511121525179812
0.069891343549736792
-0.15072059846719457
-0.074226367765514181
-0.52953640671076441
-0.60961783992906771
-0.094086800619711058
-0.079098844802374862
-0.19540896627751753
0.0027792200287228104
-0.20649046080543329
-0.081511184273428183
-0.34327381328846895
-0.39006487070929396
-0.16649802307330241
0.015379730953417971
-0.10095774392640731
0.052123724537726616
-0.12816291569953214
0.11352071982127306
0.094476470308453728
-0.23213173005893675
-0.02653551408436464
-0.085819673606734731
-0.23822784029572716
-0.31667399494993359
-0.06299408130663442
-0.14802359842264873
-0.10756394430688083
0.086634485330610703
-0.14635674004329363
-0.030785415497055896
0.18196458998444029
-0.15052026949186065
-0.19640423950325434
-0.22365459867230467
8.9303426792742053e-05
-0.16499412753435511
-0.0053927493379157202
0.055513724395883472
-0.098803998298387596
0.2032756601467757
0.26930464174339708
-0.45023599123140406
-0.024942739422327258
0.073375443729166573
-0.27562151737593449
-0.25193011230955625
-0.24421107139009599
-0.066805585228795941
0.080027167699911653
-0.29838940121949559
-0.28722696052492924
-0.056949887150224275
-0.37389778382922667
0.03284514897147256
0.16997117166623477
0.032452758717273489
-0.039447160374798076
0.24907058985619956
-0.2439711846432574
0.013199088920765004
-0.10587103357143487
0.10676765829827807
-0.16214650136515343
-0.18699240394991001
0.011818085887064419
0.037015208063131182
-0.16507102232720569
-0.12640374751975952
-0.10336869394293287
0.12128380797800292
0.023177500303190254
0.039748243727746928
0.11291747290351932
-0.23294077419432699
-0.21221560673074105
-0.32329884130760289
-0.0060481155453831785
-0.16460238281872303
0.12892372859614765
0.14989597249232706
-0.076539851251491958
-0.019725234275248991
-0.11853463635255383
0.095390109325442202
-0.062747761378444386
-0.055492005141411734
-0.17413761835867239
0.2576037216725261
-0.088577052046427115
0.11760026087863219
-0.16005917668134761
0.085057693552615027
0.23780773529956048
-0.11124451699415193
0.1727625556898163
0.20218735012709504
0.14852792651733707
0.017046224092648356
0.0084021962777461445
-0.0043398574191299442
0.21846724835223777
-0.08723129521712561
0.18035245231235311
0.17384951380109864
0.14025973778784639
0.17702913877823476
0.3134195945318406
-0.039561307952507507
0.045800100567961147
-0.17456023734419499
-0.055233043170209058
0.33840832604764681
0.26729782051819473
-0.31616964282910776
0.27243323369657824
-0.24153973797568204
0.16205911559431974
0.02350271716823573
-0.012373540546076065
0.21587183066808327
-0.0037535807821269581
-0.080783086811157478
-0.12595789880135075
-0.046747728751719751
0.12835783292920311
0.25703745279256796
0.18219631892392271
0.026852585852330781
0.17613097989529075
0.32176745838088139
-0.24829342319295367
0.24281728084895127
0.47762556175712356
0.086731254131128838
0.17736507577556393
0.51329270562202756
0.058636421022013913
0.18793504158062951
0.22268867752234869
-0.12466322017518612
0.10619333662644224
0.11736717366045051
0.29152130010703597
-0.13041672875594301
0.050749218548045705
0.21750905664222009
0.34631452132774548
0.457495329834753
-0.15288439259703732
-0.029316358339018876
0.027290311824174733
-0.11081410859501113
0.16213373029362291
0.21202654599144177
0.57765837227093797
0.28402670762673998
0.11247201213295019
0.21254826443237784
0.39707231792632836
0.23919990643184358
-0.11591949381997395
0.3629559103544836
0.23479790135650372
0.16632744335211649
-0.17824765534630665
0.41655357457222181
0.090726681752741137
0.35354181768634468
0.48952075196264389
0.17578794750208093
0.21056158983062265
0.23681831095265329
0.45815859587026259
0.14340584691099639
0.29376617778814873
0.17035425494794842
0.29435439644487943
0.34466737525100682
0.28437359506773108
0.21973156614885592
0.51049952864615666
0.23859432963179056
-0.039714271710334904
0.1106743942570565
0.16676605557932206
0.3051926800756315
0.44574204184266031
0.33440055145183534
0.1838172896182621
0.10067175226656354
0.30794822778251807
0.47729926586458504
-0.077443210544938704
0.570290929164745
-0.012037157726409609
0.35534691269397106
0.37538423082340583
0.33269971413184873
0.46761538797993751
0.36399668217901288
0.030114425432754447
0.33820381567921282
0.3003414297835465
0.49054506107584012
0.3583575722152107
0.1809604721159391
0.27731312033132516
0.19168221622119838
0.26012335914578955
0.38100633717349036
0.32501263442264799
0.54184398034907244
0.38177856743665556
0.21471238227924719
0.42859591166932043
0.43778509991806036
0.10267435853562951
0.42218842409030455
-0.073174258864285621
0.24147363843080269
0.29207723147675729
0.090310796448201724
0.48875133120029318
0.21528084901063321
0.17508380779839647
0.41187267950349643
0.3063618209295359
0.24871060449023114
0.10108574504033557
0.400178837691957
0.69785951673131974
0.24514594932584768
0.098452427318983432
0.26418923474778694
0.27466808296469664
0.30370854275310538
0.51272275963865666
0.1824225579551923
0.5354121844320705
0.18276423259218758
0.52021584603502191
0.5859044782118098
0.41557856411550731
0.39171060096498539
0.33967650559623164
0.34147850284796266
0.3867573872442675
0.35034596200152807
0.21550290620727167
0.37128010438564407
0.29792765675709809
0.36434701490409294
0.33066060045854501
0.16208441473193308
0.30500206920958145
0.40466175190441356
0.030159001646690504
0.48092374137195804
-0.039649738247840002
0.015331164928194585
0.46430282706221943
-0.026009723796600562
0.27660730342838852
0.49361558968913283
0.4194844756118658
0.66728077785790529
0.66068841134570777
0.48517060815840268
0.31188580403181509
0.6305329249235011
0.55856569642721143
0.5355007868449847
0.21335184564159768
0.17991290022884238
0.27090285504565825
0.25445309967127261
0.38422856132144273
0.27252381771755541
0.21250772931492543
0.50669910537157903
0.1997301528668276
0.37336064329887048
0.3130388622107243
0.61328961391000214
0.16974428087755369
0.32121706471234124
0.32745431728036412
0.34365827463968912
0.26131507092164175
-0.039713209567391335
0.40192057529436925
0.43639230352940961
0.19004297896575892
0.067167067715728918
0.3217826442059552
0.42688199584802117
0.4825019018657894
0.41303092872342906
0.53849273488577287
0.53361886743401599
0.13823392806995249
0.31275877427158039
0.10512628238848708
0.42188009672500748
0.30858103435279471
0.69163793283231767
0.45449765881299231
0.68737482853761822
0.41828003675405234
0.55671556667035471
0.30036496426876108
0.13495108888154739
0.69840903096035023
0.73854651305627039
0.37989183362929302
0.59562456462452851
0.35447451122485907
0.53414495537994777
0.19222824839770156
0.66544609570923985
0.88083266042356323
0.65708151362934319
0.64882543531930614
0.33071714744298869
0.47886007654609747
0.56714940290887428
0.38815448971036859
0.54006367745333739
0.60865895422302907
0.63448991632443485
0.58704688560610041
0.57873361136966595
0.62054043573553075
0.3348402040968067
0.52456407925125526
0.64969350449508689
0.2125070753386443
0.49816114235303316
0.92445105714712916
0.65796411643541863
0.5448915049436317
0.73847285842511923
0.60147819197954977
0.72696308257959252
0.48238538465510877
0.41277096096334354
0.68174977846870799
0.85522405370714405
0.46660091814797133
0.81733678749133398
0.58150208141578219
0.64224193160236454
0.58512436988411209
0.68025050619271366
0.7524786034630121
0.55713296051540395
0.68769703583179109
0.52947048034979394
0.46771771703186782
0.52769546107648158
0.50205595765132882
0.60829544553966119
0.55497501265307814
0.53934900475622238
0.63733877132657968
0.83680103772313574
0.5384225312568709
0.71697362586851165
0.53410384616386786
0.53464636721483194
0.51458517883085475
0.79320822254144863
0.62954850057837386
0.61945730598212567
0.7258067402643259
0.63505626254316327
0.21084929063751298
0.76789329992403443
0.81715355001733425
0.61210312865976557
0.98429024615291394
0.45516062901802512
0.66263954222134147
0.58407358672122256
0.68080455800859929
0.5639216836448645
0.56483236004881199
0.43688314410058782
0.76969080751085439
0.79968792118581955
0.52680018728626687
0.84924558714789822
0.57744374798898668
0.79448206268508992
0.63571240324620493
0.63177960926751897
0.61607139330966099
0.59842102743213421
0.79095503741692275
0.96764759043787862
0.62060386828867009
0.61270074894922266
0.55908533599738663
0.73041278162709056
0.80871557414679829
0.81095229007146197
0.61625323445974001
0.56660097081108329
0.34350590611979953
0.91699430312305596
0.43495967103571875
0.64890294421100703
0.77626566016569365
1.1318508142921722
0.68508917429393268
0.75231920464212065
0.93894958772400561
0.66995350856718816
0.78792714076321813
0.74410183853774636
0.85818350449065561
0.84273445728810881
0.24889621828072045
0.40117321464102801
0.73649343197676531
0.92927663463781041
0.81572363898763367
0.71367524903853952
0.56861217209658066
0.88158719865975677
0.52159962151486949
1.0476269740247059
0.3955984063279615
0.90405434502572668
0.83570442800262201
0.71532979246880235
0.57720519556146788
0.63840524976370394
0.37493738457211861
0.65348100711377644
0.95499239665658664
0.66673867214444638
0.51543537761224933
0.80544487456245784
1.0762409316355661
0.76816316890163394
0.60305577479879868
0.67678229366871201
0.50575874807316012
0.80130778861591989
0.80628626303322148
0.84305594576590981
0.84712384376968408
0.74966306338755473
0.33172905232877709
0.79600732637264437
1.061039633653958
0.5657470214973308
0.68073612191962607
0.90690227787875888
0.40377995137991657
0.94904297141848548
0.60163242926660609
0.70577140561671203
0.83601766406077171
1.0531174358414495
1.1125346919656018
0.82796705738630272
0.79385216717418083
0.91548978462671227
0.77637117181261295
1.139581769626171
0.74639527692306162
0.76620567688653907
0.91905641002271521
0.82773783811238855
0.28740312093801984
0.72024232228935248
0.83805152168888819
0.57560086031602864
0.87552746197503639
0.63422961382701792
1.0097946761443717
0.95029756883906158
0.78511274809254017
0.6543659707322067
0.60520198459188423
1.0787402234238188
0.98531029934291492
0.90890040663183158
0.70962333644227238
0.54362119391850239
1.0500684840661136
0.74003246630102693
0.9294495329128668
0.96046699496489607
0.60137221486393821
1.0471913312057912
1.0135751488026881
0.83444666742131801
0.81729803316553262
0.6838504430070943
0.84366656668932194
0.90160423405415169
0.87411682821564607
0.97840589290279778
0.92071676337082564
0.60936401515233163
0.65397594511131718
0.56308484193947683
0.87382523924717481
0.86999502520460614
1.026693828634615
0.69821831694865222
0.96198424261598814
1.0545049038243379
0.89459650838937765
1.031345083328699
1.1872578708133605
0.82614712326812945
0.95236013193430691
1.2409057322336787
0.95596027300498876
0.79563206929978103
0.88249255764533274
0.76103187101443803
0.98264225202336863
0.77477958094394594
0.93277855906058327
1.0442998875909515
1.0178659444301523
0.92602445962976587
0.8946704071107946
0.92812715759160136
1.0589527075913634
1.087171520557316
0.78491046914229046
0.86186211330034046
0.43198845180788475
0.68516937711547454
0.94154444055958875
1.0480072021365789
0.67839426166346029
1.0552705553682553
0.9285219129150849
1.0269565178000841
0.87101590836531528
0.81390755750995225
1.0085313033358563
1.0222240836658849
0.88931010850030101
0.79691151745900124
0.76224950939489744
1.0163075342644907
0.93165364523960048
1.1833287595120676
1.2716485777606044
0.88428864716285405
0.88707698462122675
0.73502042105151844
0.93183004883466702
0.6389756903185061
1.0368199833434448
1.08133126413182
0.99707472791099749
1.0077484186132306
0.93440037390425834
1.2507788401430431
0.8717658544453788
0.76207015022470048
1.1160167325542736
0.90455893245608365
1.0090601416210525
0.9050613638103332
0.86616504082854706
1.0699186995611305
1.0805687668902575
0.74569955301646895
