-0.90207261491104207
-0.99622041435581099
-0.83975464192875005
-1.2707449508534367
-1.1968222308009657
-1.2321609339329038
-0.93136855462156032
-0.77498624086304668
-1.2032909325073815
-1.1501502114407147
-0.99573899665738408
-0.83723541394722223
-0.94959799499486908
-0.97766226152242242
-1.1517000780543523
-1.1729244047398202
-1.1489255867507659
-1.0602090975347069
-1.0115746812495841
-0.96752976983487249
-0.76288101934119223
-0.79990633320551452
-0.7053065792961416
-0.87516363039217848
-1.137422238884136
-1.0104028006827264
-0.83648994002360855
-0.92502816834455337
-0.871652384379759
-0.61568006405768616
-0.87897080390623827
-0.94087072583809306
-0.82035336702591644
-0.99971671491430991
-0.71756560355471066
-0.84387291405458364
-0.63547053050950053
-0.93886425901384229
-0.86338783827900645
-0.92701723039024519
-0.81942415764273546
-0.77929452182275083
-0.76586342707596933
-0.98900840545244084
-0.64105607330200254
-0.92798634009999659
-0.64197002574085171
-0.90926500111196384
-0.81236780307070511
-1.10328106711611
-0.65411165492488366
-0.8314189170178351
-0.93982042104784314
-0.60639270555107549
-0.9905247060032174
-0.77993656145468082
-1.066114762570719
-1.0274107642355981
-0.71739081766235047
-0.93546675694429715
-0.69658053897368166
-0.65971653004026465
-0.78199994549973917
-1.1530917229142637
-1.0136795447128903
-0.76566847618824019
-0.78623315491615053
-0.66222162131427342
-0.79655318747149728
-0.78366315180281398
-0.71945313996113602
-0.64063595505434723
-0.9035044897338852
-0.62324541023822133
-0.67672308913441159
-0.8832930620988424
-0.80408307479820262
-0.81528452309550947
-0.88473042306832694
-1.2439589303868481
-0.63648159812254568
-0.51584316568686628
-1.151783047908626
-0.80966265380057156
-0.90408393006245313
-0.57779764609631556
-0.65338224898584429
-0.76575489602036995
-0.73996299084607886
-0.54237924763585088
-0.60749198724990405
-0.81423686455781363
-0.95857311227210695
-0.52744582755257707
-1.083512068999261
-0.9216360004494617
-0.72418451838190268
-0.95974508324606878
-1.0398488015808554
-0.75043934507301602
-0.85030422347564816
-0.80264849176678821
-0.49727847644842782
-0.92704060687326839
-0.77166065573870457
-0.68956753143037053
-1.0640045688814304
-0.7801329897891951
-0.55030553172127139
-0.59314452407332074
-1.032874539177834
-0.7599407671442947
-0.81797411600573078
-0.71110626857434411
-0.67828054535989202
-0.566825456080148
-0.81517358621807434
-0.88365103989250926
-0.85244471208877004
-0.98464236689471463
-0.92374899206680283
-1.1732185165859643
-0.45652462551324607
-0.91715627053332138
-0.39408766902856884
-0.55594972932921038
-0.81461099523535907
-0.49093241448618641
-0.86202900193346943
-0.64608308061928865
-0.80538865762523493
-0.3544473301587398
-0.61172608274621909
-0.51792977954593744
-1.0800280607226935
-1.0014907864578284
-0.67514217639060625
-0.90176125674701368
-0.96625666625547801
-0.70438500151367778
-0.92406574680287512
-0.85284716414138906
-0.8976341637409555
-0.42557104296780923
-0.85487880832449847
-0.62398274308191559
-0.71771814950701618
-0.80585012398618594
-0.78592142735325266
-0.74477335970068148
-0.95959177962559472
-0.54508418950906434
-0.74188185791106187
-0.64192875019368401
-0.9325305999593223
-0.30127728124441916
-0.72243905768413275
-0.72982714609819199
-0.6708080577399389
-0.38682348412415785
-0.45480985262176898
-0.53142949661876671
-0.70566203984680398
-0.64434601678601111
-0.68098488321677075
-0.64229766156476542
-0.58163527929969139
-0.61115640215689793
-0.7110010624190688
-0.51967018341813453
-0.41813913686825305
-0.48433203183887447
-0.70969492625399633
-0.77668375789896282
-0.89013419101353231
-0.26244279698217227
-0.98776322384903226
-0.89616938672479662
-0.41122291088059088
-0.67651012513012054
-0.55167331829450061
-0.81057333214532834
-0.66890738252281623
-0.81739931836363444
-0.90084280945495399
-0.69796305030420092
-0.51083967262563557
-0.36701668915455093
-0.66316950670798802
-0.79611085220415156
-0.29564920110926818
-0.4959607970032941
-0.58345701067080491
-0.35975278501212982
-0.64973295677924003
-0.52012517833905791
-0.58521241662943013
-0.67457688271442484
-0.90212291029230729
-0.46874498599810172
-0.5416893961498328
-0.59874652095915526
-0.4120073808326945
-0.43497344067719385
-0.38953857538369391
-0.55911456924950331
-0.80741423230443254
-0.42388734264766004
-1.0111414900786413
-0.55422787810562391
-0.64124040492159884
-0.4040814146070405
-0.53568322810183167
-0.6080933399975319
-0.65019537598542276
-0.69459608351386193
-0.42009999150120775
-0.89762015558793773
-0.73142489193661175
-0.18962680111930402
-0.55925014509195226
-0.82456072120752699
-0.48203707896203885
-0.82756557425056643
-0.52978205695009994
-0.8164999696279085
-0.93474014991577536
-0.4317206044841102
-1.0061107798129021
-0.34413293424341285
-0.51053124958965457
-0.70448466587115832
-0.20258696975306587
-0.55096232611286944
-0.88134830045686641
-0.89505272228590615
-0.56257700583317305
-0.5921219622426831
-0.38740548141299158
-0.35681195356222789
-0.61064674352173276
-0.50692699703202382
-0.40196083416641637
-0.53458248087562021
-0.56263167156572347
-0.23926186385229384
-0.66350643444900348
-0.20479065882226963
-0.49028500028163657
-0.099819887873321814
-0.21377851367468934
-0.38466603779974823
-0.73186307213950508
-0.89048996698262117
-0.72262576792412547
-0.23602620435416358
-0.60584739153490563
-0.57631738698861013
-0.26348080999941736
-0.41008153115343027
-0.74796771713862964
-0.50537130485745685
-0.51601608769060681
-0.30055881017501551
-0.8011015380557569
-0.37049946993105631
-0.47893866860290968
-0.52247135705805958
-0.41750583476009995
-0.46045300762187169
-0.45752751213839549
-0.34588155630674572
-0.2099316072090775
-0.50297367508114887
-0.26880165841574094
-0.26103596047022687
-0.63493877629076867
-0.40820740562460411
-0.4841556074505553
-0.63958287789554413
-0.6284079201276912
-0.58689986608866551
-0.074152514776856776
-0.28004859651186781
-0.51174907341745668
-0.57892064444740921
-0.14483681245180777
-0.46246892650202642
-0.50739141812140465
-0.28203977874438352
-0.62357795641459368
-0.39894810923130219
-0.14946938511151364
-0.34797267568361534
-0.5110016418797888
-0.36327316816622529
-0.5853035459936573
-0.29500330776354861
-0.26438744792294422
-0.67183076066065051
-0.54763483976941396
-0.041297443927733053
-0.51352292810783429
-0.1018055820475843
-0.48530923401686327
-0.56127348405356359
-0.23601919400557289
-0.5360037450459858
-0.37600552857296887
-0.23619997051559039
-0.16246454117076922
-0.39448891946599252
-0.63399584698241929
-0.64091584404712021
-0.44917259892373712
0.017038113442180279
-0.054818745872365869
-0.10071748008193829
-0.63055115438785148
-0.42726958938254628
-0.69148026461705003
-0.17723307531294583
-0.58830466273988857
-0.17477341377413791
-0.20888753925824213
-0.3469789982821469
-0.49662954556188382
-0.47379704469617456
-0.065926513368444142
-0.38622087794044563
-0.30765125541184352
-0.40111179456207313
-0.20528821364642633
-0.40160342398729459
-0.30041426181298181
-0.64897241512978232
-0.390059809215622
-0.02689163851745012
-0.17995780457077179
-0.46050605325866778
-0.053742867523275534
-0.28067683911306285
0.044124592657834895
-0.066271292256172745
-0.339023854057944
-0.59414503651583572
-0.30641958269289188
-0.11398426788627616
-0.45658212238225299
-0.24761061203384965
-0.51508658769586402
-0.39242000579807074
-0.58852261358305713
-0.425160484400742
-0.029331541249521705
-0.28808072077888458
-0.26723896202639225
-0.20392698213064633
-0.35616632780760538
-0.21118348802637205
-0.21878310403149095
-0.067475883299720762
-0.48820945984396474
-0.53674956830692677
-0.20217095778589031
-0.31921043350536465
-0.45856296510690148
-0.59703730882863892
-0.062530345929882089
-0.28086975683562165
-0.12791656120486014
-0.4000872589030055
-0.18551422675489948
-0.17084260475797747
-0.25059126591557457
-0.25161904580060124
-0.3391872800265695
-0.062685783982814769
-0.55356297876630278
-0.42577679444204702
-0.35233711069238
-0.37874741517338156
-0.49579945010278337
-0.32668573329301581
-0.35817790769801894
-0.25893594803872538
-0.31663164547448552
-0.2054357873102147
-0.55401398861420181
-0.44820786156873521
0.20466227265921091
-0.065611948966924932
0.035921316638183362
-0.36128458872682906
-0.013766230287451359
-0.1947967382108898
-0.21759826880108293
-0.12376121596903825
-0.25084218699578265
-0.38647330179938116
-0.14927294758950954
-0.15778767898056101
-0.044473659559943111
-0.35575989196905605
-0.23395461378326848
0.18810227158058646
-0.31310349390736958
-0.087107528192724923
-0.4393921148047274
0.13857053499988925
-0.1370957972879073
-0.43368358162743098
-0.10152043191258391
-0.0038273498559251579
-0.022418025294585312
-0.13801547504618927
-0.16937869018601417
-0.13541080318140788
-0.27336393639747114
-0.12985951004621038
-0.28710339283473668
0.1981846051895545
-0.1807766271443528
-0.17701700908998616
-0.03526723877573263
0.20195549676821353
-0.064061439568665404
-0.31834716173008293
-0.18400265247966049
0.056419960299729378
-0.39430386815595525
-0.59148465791288451
-0.11322866705284909
0.13362964921125906
-0.55714137207056114
-0.25839434289175828
-0.23040283585872917
-0.090738911918994705
-0.34502147603207522
-0.3112616117779205
-0.28281607816649496
-0.28467146989421216
-0.23887051709708762
0.010811857796427165
0.095524988675103437
-0.34201995017922848
-0.021048979638977148
-0.27163529751802501
0.033705870802567546
-0.25172712995480756
-0.24883700149150317
-0.20578391005625341
-0.2896081975149335
0.44844924411774667
-0.16631476399024647
-0.31679324527550745
-0.014984597114206313
-0.20727586966934253
0.13790351092058126
0.030450968768432025
-0.022168060091004867
-0.14614393018791352
-0.065825712494255756
0.088006315343038974
-0.2091609482442999
-0.030114120490179874
-0.25720145532099026
0.23432551477445263
-0.049216167626908523
-0.19477876863331528
-0.12002302829891243
0.030085370544992409
-0.055606139417390905
0.029704125085003419
-0.22675043696324867
-0.27797413577551855
-0.28192215980392898
-0.56724911798279809
0.12585442326518603
-0.087910158594902171
-0.18435169934285328
-0.10408870659584597
-0.18202640746534052
-0.097033947412459048
-0.14283527121516876
-0.12586532765064826
0.10755737812533502
0.012530609669647245
-0.3573640809321269
-0.54764668619101531
-0.052223595795163162
-0.28715050758000249
-0.25398527000297072
-0.010634253523565642
-0.024808626128791946
0.11554518586197769
-0.089907264032573708
-0.37991466311915778
0.088342882843192444
-0.38437669998191326
0.19357104363999367
-0.3307776229467449
-0.07145544726510436
-0.19955311396085626
-0.28372274831024641
0.13249314365425816
0.068356344258177784
0.031535424079480498
0.17461189524221735
0.08294999031486508
-0.077415646983377329
0.14498436413881724
0.19600866122837135
0.05884965627670425
-0.1491216345601078
0.165293956624535
0.28475231446767463
0.35306394274857172
-0.020229470047579974
0.028171157251949783
-0.14243565151955137
0.2345466455494663
-0.00017747034018968593
0.15347149376732772
-0.14611809708570989
-0.057679196994425891
0.24240063894330485
0.462292009057516
-0.12196839434821136
-0.024636651070865118
-0.062381169056050741
0.28552917799648314
0.23864431879292025
0.10497542694808625
0.010316865405549909
0.13883402836580405
-0.068623699797586549
0.097552175885138565
0.016292381003217522
-0.065756883932877333
0.033307082269582018
0.31674393257470707
0.030449844500438139
0.1754051261364783
0.18231378724915298
-0.0045684064805076967
0.33139974542248662
0.033104866538236626
0.23013613476890607
0.14407420466121476
-0.02434661879333112
0.14258393402052494
0.42930686181987565
0.046128784113261156
0.19865470147719766
-0.10466420621623013
0.029166758591641528
0.1541114401860216
-0.036726959795759753
0.12862161682929407
0.2744911742026519
0.064678332121568011
0.070112347861399082
-0.01265668613675666
0.45999058097102263
0.082331607427950246
0.14275312251832262
0.39387884914396049
0.07379664186735424
0.22034034792442245
0.29205177387407927
0.29434760547305772
0.18401576715957427
0.11064013925810803
0.3257482398298463
0.049293559810893547
0.16295854376989244
0.10115414219974526
0.26187882000754481
0.25063689890815327
0.10227707763843241
0.1538698321897807
-0.024056924394887231
0.085848984496604067
0.38105740801836557
0.40080026995352114
0.060126846417576929
0.036351531839853464
0.48248323660388259
0.37150292646112221
0.5116426178971385
0.48759095390158003
0.20550485725561629
0.35946019943088725
0.085466188921626801
0.28079880352242176
0.18427999253077079
0.31866395930202196
0.050946732926377129
0.091543291772890154
0.27114544503651672
0.15489144435328595
0.15050649463433688
0.19413590086538846
0.006551535270013272
0.29170740421084318
0.16997465527927041
0.61682738482752786
0.24299178925599677
0.29182841654314601
0.35537730072373958
-0.082639282284598728
0.034780769665915541
0.20233202044061033
0.1327341670980248
0.34198718210771845
0.42731543669714894
0.33003282425415664
-0.021818530204451441
0.10932917365424408
-0.080163194479333469
0.24184963011386348
0.085795023710012561
0.18978188942155214
0.090027988385462124
0.2253136864554289
0.039246823192366657
0.67595334979792465
0.63972394454237702
0.11528156849492216
0.073277825276674216
0.35790108881094501
0.19461254512200091
0.31371918796760484
0.60206807406711493
0.37849787299937132
0.28472525323291725
0.21634578785415101
0.50109263857554576
0.39775249975419641
0.39651998027388052
0.42257958465049711
0.69312142807706689
0.48846750630499158
-0.10463368411816365
0.11833118826240994
0.28031916686215613
0.082457147116445945
-0.077067005811582392
0.15688151492655572
0.49630416923016119
0.28481733907206397
-0.090795129633121072
0.27179952033738364
0.2792819262745177
0.080584446951290731
0.32956130644687059
0.27680398270354417
0.31592472172126401
0.23323791272700781
0.46619917711860481
0.38824389050323066
0.37191523134754034
0.31108346564780759
0.35614134479640486
0.56756349469123135
0.091382545591975742
0.075048611509897042
0.19263077858536765
0.57342140837933986
0.49040555286381599
0.42436705388953283
-0.14802510339183411
0.3217005038889636
0.56799689268508025
0.23775653037753169
0.32471856942004573
0.4739789080367891
0.31386807464332273
0.43066847170781708
0.50318534745682797
0.44716402880753392
0.44328554492314015
0.24430144410430052
0.41049151571577691
0.47237739456154859
0.25541460583850306
0.028189709667481549
0.24512854970673986
0.087632876998778642
0.57167352242138059
0.54295093100261627
0.034330055217118939
0.20708220426026952
0.4453310470948999
0.42783271550579055
0.39665204996288528
0.5679997857118424
0.28969507082781543
0.22784842685264467
0.38071363369258066
0.12210364905730368
0.77426185342698051
0.12291156349443909
0.56280817467487299
0.35290770301221358
0.14488705480117997
0.2882983057564325
0.11268274849255808
0.48908255559337915
0.42338946809592221
0.33643843131980611
0.41670441164845134
0.36021614993505924
0.48668066825755207
0.24173204610107599
0.41703448625133055
0.20578640606166182
0.14497139815887089
0.064979590683327523
0.49001673277655111
0.61306773718890595
0.53674857605169668
0.49292851426616346
0.38717282695438698
0.26457609589268766
0.43595831997385892
0.35329600394873434
0.24348007842499486
0.38626046029203048
0.70357650133347238
0.56401139810556988
0.66804049146629951
0.35722285302576845
0.55756619271691132
0.48636731534704142
0.47644286472971481
0.58546326931733683
0.25639542666250731
0.80953018040252533
0.42741506906332283
0.5731197919866281
0.65399191866516893
0.3806886521369488
0.69342445572068279
0.61745982390825571
0.64780796406329766
0.6686013789820171
0.34773266608751813
0.31569302645130382
0.57420171202800618
0.58048808531947638
0.69039713084320398
0.57421671007323971
0.092001957227232201
0.75628413225880042
0.64990158596383873
0.88120173916046052
0.52263996080866992
0.24892384971033688
0.65424722757665366
0.52004362475709009
0.58821425975721653
0.85024754230233657
0.88748997618520398
0.39810616127205589
0.27566626632342078
0.33443907754335372
0.14285653829157635
0.30103592725840911
0.52132031899859854
0.66703889773237912
0.22755031693301705
0.72833510478414765
0.40466229920802527
0.50762652733402547
0.92477173867873064
0.70896603626815713
0.6695088917487465
0.25259246463238538
0.59926928720615025
0.47863981735535394
0.40003985757784111
0.64367427153956958
0.091320773532692689
0.65685027256499773
0.53511059755373636
0.35176469621481704
0.54149916178612945
0.10984470118674505
0.54058239042104261
0.65675260263966662
0.36925897494129484
0.56120723203284839
0.78539494461977388
0.32272101198666425
0.40097880099236066
0.53977897230216987
0.50943030363910946
0.55615793294097593
0.37075732934592337
0.76196409034773138
0.7558588533326952
0.3007391126126982
0.49264835747691677
0.67390730606195437
0.72910794036682469
0.65552177112749277
0.99166933959856951
0.79228764338407609
1.091982641955958
0.26761663902033556
0.61040703100014637
0.73979295448312743
0.93047602211452185
1.0045969404042354
0.58358123900661174
0.36282362016607428
1.075689379572812
0.50579512123239478
0.49063756592147667
0.62208011317770073
0.5796997134583749
1.1342882014964253
0.66685523006863379
0.82787584443968565
0.55856914561260207
0.93924527685415038
0.65059540066596488
0.64436653147193135
0.63609163799978752
0.67590813555007789
0.63264951403910885
0.3834835734717848
0.60619447866465659
0.79551131527163277
0.54671668650558058
0.3832200607083342
0.74266169949131633
0.49902384958581886
0.62804120661870821
0.60938873423263973
0.55013834891889313
0.47739464526224767
0.58246574116532779
0.36975069028336183
0.79452924526216329
0.67733299556079574
0.56189152431591027
0.79888363872659951
0.9262998883291077
0.53798688399858041
0.70714870047104161
0.35699982341181385
0.68496919991561511
0.76705415081745842
0.74893823551849703
0.86044113922922283
0.87087357855462033
0.54545430512208981
0.74951142059118048
0.74156516134842665
0.7628935530489015
0.7900139873304266
0.7190207635639857
0.71026278400662934
0.64938036790493925
0.85923678210797572
0.99465386810757961
0.70726609570694143
0.62793096174545637
0.57401964617580459
1.0552668584249638
0.69867683913029244
0.7309542850308306
0.82051603705945797
0.92489904077459739
0.78686323482527354
0.91975100677538713
0.54606206969054316
0.50168690425253093
0.73653757943185894
0.9104740322341488
0.90439922056283428
0.64095699665340078
0.87828401131869271
0.58488341285657364
0.81166149363887485
0.80856508044624142
1.182511190889441
0.65975273340074536
0.83217923291184548
0.66431433340500623
0.99757463375579314
0.34520940233505704
0.93316499523068031
1.004606401687191
1.2695026660957869
0.76344422116805977
0.9558422092060409
0.6665731059793083
0.90055758516037621
0.9146727042835664
0.66844161272951508
0.82461703350350923
0.90846153883090075
0.70883719694401814
0.58776498635760643
0.629921157474432
1.0584602768339484
0.84526989713259071
0.70587502590053897
0.99852938610837161
0.65641455957445405
0.82960641431728155
1.0182059698945038
0.9054597035776174
1.0089079085430541
1.0877532459070443
0.82451533158661805
0.75593632889191875
0.68059727303814488
0.73010234591330414
0.51483341720421372
1.1661185912227567
0.644659645981153
0.88408452925117431
1.1171067933655268
0.82199362536160703
0.5844566883114759
0.66641437266357462
1.1235166986282985
0.74538557477619038
0.93480389026470723
0.89792871389847395
0.52532752141992756
0.63216537900071768
0.86349043240991852
0.80742060357408962
1.1070131654767164
0.85424187759959336
0.79857235344640354
0.80301884185981731
0.6705269816605488
0.77427385949707384
0.86701306505960796
0.73405148167502277
0.68294447524206991
0.96652054676682841
0.71796019935427591
1.0032181673486831
0.778037165044838
0.73284694360966685
0.87248771305041217
0.82331047445950334
1.0782032087251199
0.78786373629749495
0.92317045502620909
0.96910274914478067
0.79143063295237015
0.95254558110560639
0.84103124925825268
0.94755506901750541
1.0638037034748102
0.40667010145863913
0.87647335820724681
0.7872421508960914
0.8238237826767536
0.90415940614942936
1.1085804357579501
1.1579512052338465
0.90434821108108732
0.6876666578620042
0.81178734805005104
1.0015114443464754
0.79222279295652309
0.91240091608764828
1.1285530775850632
0.95759190549312956
1.2606848254734697
1.1174676816250997
0.72180725629490561
0.59858504958719438
1.112070098966391
0.87514085476772774
0.72745016642885574
0.3994446978133151
0.87244631182335253
0.8910254772492896
1.2329445278751354
0.80646105705083848
1.1210424229624258
0.97727032997744223
1.1508498593639271
1.0756746581843182
0.93937584106201655
0.86735624613398266
1.2362586741564416
0.89647265532445808
1.0549146460274714
