-0.76434596910008101
-0.78125650116466716
-1.0874465436902188
-0.78391319124595993
-1.2036052913795872
-1.0473949523478745
-0.74411312808909646
-1.1298036072481032
-0.94003296436731276
-1.1159200802807752
-0.97185055161899825
-1.2110885502101663
-0.98673338411309686
-1.1743241440070638
-0.76421113867607093
-1.0472484501590638
-0.93267640056611956
-0.8919821481638095
-0.84500691518423687
-0.73591700368815138
-0.94902250127816279
-1.0993294204261839
-0.94549478007824195
-0.80205473735473398
-0.70874341240621219
-1.120858511787034
-0.61615228501350527
-1.0432023321076913
-1.0017427960274339
-0.87161137043780568
-1.2470624031092008
-0.55615990953750372
-0.91194569045040064
-0.96503279309338563
-1.0018950264976649
-0.95247947740216921
-1.1003211399421331
-0.8703712679888449
-1.2314976463590177
-1.2230133249717197
-1.0181621458054411
-0.88484459639627
-0.8094420704684071
-0.87641114694207278
-0.99769958571062989
-1.0491204978361208
-1.0163469954496867
-0.59233086050747663
-0.86209158727632829
-1.1952172544310189
-1.1470691721264101
-0.58713937190796772
-0.72010119138280326
-0.93471104591847665
-0.70257648004662621
-0.72418575614877612
-1.2617978337314659
-0.70651508835941235
-0.8923895363548906
-1.0136600583613322
-0.9201848997593538
-0.96426842504004329
-0.84299722833978241
-0.75178940002941075
-0.82933509618758094
-1.0680038160451999
-0.85281217848023361
-1.0155397681745211
-0.64638901010932703
-0.70074479266092538
-0.79287985122979354
-0.6241216351869735
-0.55773616157505446
-0.87726459801264511
-1.0252042526708702
-0.82967518845604604
-0.52021343685125965
-0.79318922501798661
-1.1263571563664856
-0.6711566051702853
-0.79346556536702617
-0.8067576194038143
-1.0325928527910933
-0.8248922128046775
-0.4208399184100195
-1.0267987972847989
-1.0347490406596873
-1.0024511374788263
-0.76748048878125197
-0.7044544159788918
-0.74340981305342413
-0.66632721072203349
-0.99427728420162498
-0.56619553666778843
-0.33855930747702806
-0.85630851485773973
-0.93659672454543397
-0.64409643033564778
-0.69386693556049017
-1.0592234230564654
-0.71795944175622739
-0.77991071791824229
-0.9222636098966559
-0.81440836706626762
-1.0105515804578982
-0.75200782438894387
-0.72407800870065964
-0.88165632824505868
-0.78756243270191439
-0.73210674926246322
-0.69387048896187853
-0.75184463596325835
-0.62801702675530657
-0.66256133697101893
-0.85183149709686889
-0.8214625999841263
-1.1057684960673078
-0.49365963924885137
-0.51850362826904184
-0.85733419898665753
-0.81025908959454662
-0.8670464079139435
-1.0950319177080658
-0.61131445950280661
-1.1063922276926033
-0.84439222300691053
-0.9270088014586032
-0.5615436332439846
-0.57143540700849504
-0.64062534108732316
-0.70316174248149577
-1.212957871167877
-0.77151719795131857
-0.57200254058238409
-0.88572306228221287
-0.8425309008675983
-0.91216935698162693
-0.88448809082276858
-1.2334143828611823
-0.43639947626147924
-0.5534671142094858
-0.66732051494555311
-0.68042310895500224
-0.68258822024212917
-0.73655491428121966
-0.92483107983624069
-0.90979312810878421
-0.84071120417400758
-0.31401083046416056
-0.43531413664440155
-0.37367054251403969
-0.51255745368102945
-0.83892116496531532
-0.85487201106863786
-0.81488087881993587
-0.64239704256205654
-0.82944488312076703
-0.71606866251660428
-0.63815713724043033
-0.54643690157996971
-0.6236769660939524
-0.90531557323772482
-0.60795331302362887
-0.8738306151580767
-0.76130943126623529
-0.52336617169664168
-0.52699695461942186
-0.89129749791913759
-0.68264047657478089
-0.39881412853430653
-0.69592990475652483
-0.7567901944900679
-0.74801212657652749
-0.59615913667783471
-0.47134647573996774
-0.61235539607987222
-0.88365234042502538
-0.57867737619269732
-0.91714475534494011
-0.091692378395577728
-0.56924614061827972
-0.83340046733917117
-0.14071701358236927
-0.85529571179753039
-0.84490591080331146
-0.83745032128216601
-0.4340359856497657
-0.60774669420434968
-0.25308930594763218
-0.66375886692568986
-0.711214417863135
-0.26228084240381572
-0.4292314789326877
-0.55773897090932334
-0.90479606917039312
-0.40017083531239195
-0.80043331836953369
-0.60039685626024086
-0.33466059225509603
-0.65582255473076445
-0.82515761939338417
-0.88821202849382996
-0.4571337848789262
-0.45839137929145274
-0.82592357780753167
-0.74517076021882844
-0.27846736978028908
-0.58004227810596842
-0.8086268160548058
-0.64879461121720283
-0.6079431764678942
-0.55581329987427575
-0.38355732586607705
-0.0034480130918464113
-0.4134665870298988
-0.44148700014611791
-0.26463770656684937
-0.61028256980103956
-0.28422811933176267
-0.67061890682605929
-0.35634233585162362
-0.48780043590642314
-0.63395412679355367
-0.43732441053360288
-0.47927088997767742
-0.61988118730397934
-0.33660976035874102
-0.78331696459032363
-0.53580724188007389
-0.32116575760325755
-0.7482644871077283
-0.99616648329761515
-0.57774875455774333
-0.41935287400649796
-0.62986313061131438
-0.55473039864402707
-0.59194867796978379
-0.73644684258879245
-0.44822746232401467
-0.50262659249947683
-0.81034714962626586
-0.31397405028964176
-0.31097525817675564
-0.25752403242028826
-0.81046662390631174
-0.56468009097640826
-0.23703858357833976
-0.35329466642818796
-0.77799640848169316
-0.57262616668719923
-0.32343962856337594
-0.400638802029323
0.063385657496546066
-0.25863688703222815
-0.024823484542745713
-0.51579715756039612
-0.74729048749104532
-0.20535924376056666
-0.16277349702694358
-0.42886810827377891
-0.15882267237939107
-0.28308857946277444
-0.58956488131648999
-0.50246140545574725
-0.28124988264201889
-0.39561135793898033
-0.42814275055563855
-0.90740914049462473
-0.84447599733682155
-0.65940601701145263
-0.14048794644576004
-1.0529523823012881
-0.12565306588393174
-0.43796534605325382
-0.48834678721516733
-0.34907349491934653
-0.55039640825972691
-0.43378693116812456
-0.21683613106938457
-0.44564074224034811
-0.61188154560447872
-0.30015758711203189
-0.32973265579786265
-0.36591520980564074
-0.44305875927096794
-0.40428385735536732
-0.64391057686659403
-0.3612013419239769
-0.32478231079361231
-0.00022672382233065151
-0.45816227312735508
-0.59433274059238361
-0.65403659018942018
-0.20352004810599986
-0.089043295127147787
-0.53090820447107068
-0.3198994746987901
-0.39283072448584855
-0.5546200421010069
-0.52061564670869953
-0.35841602027131758
-0.54406717173929309
-0.37592557458076431
-0.51873513438800378
-0.13735105377131435
-0.2974657828550431
-0.74444726582488885
-0.53187625454378329
-0.37091757781993961
-0.35768427638102845
-0.76127382180578151
-0.67438258572290943
-0.0087441794299638366
-0.40353755609632463
-0.091764260485193386
-0.36215332834106573
-0.19652732652846444
-0.44627031435937481
-0.38382357923779492
-0.30451064947353113
-0.053546659258847322
-0.17050646875158762
-0.066325975715392435
-0.026845930419402843
-0.38747783012189929
-0.37591614710582111
-0.28310239892914363
-0.25025271229544788
-0.60571583820273356
-0.7743611793184888
-0.40406284516987218
-0.25687442448378262
-0.45393975536439812
-0.28374375924917322
-0.41288573547869672
-0.19797387329686131
-0.3046077563494064
-0.28465619870570091
-0.51262127366343713
-0.53171610642148348
-0.4500877598139959
-0.7378295786316742
-0.27440457975920357
-0.56254882707898424
-0.46001788890113687
-0.5853411058428557
-0.49827698988821534
-0.23583180077856397
-0.13807075582093786
-0.38136233910946793
-0.68019406066621524
-0.35693762939933821
-0.24745831757916861
-0.16163719401479201
-0.1246825023184709
-0.34957427575876265
-0.096674749947455049
-0.40681553383799934
-0.3018541038326108
-0.38926825376017543
-0.34023037245963117
-0.36520446101620513
0.046194747405566873
-0.22378211652914404
-0.51779343700221825
-0.25077710550299137
-0.32241337685711197
-0.43408359824161996
-0.18882696100166857
-0.49036569527301915
-0.40718349907094326
-0.23602430756329479
-0.19279240434387576
-0.11115681301657611
-0.23485102932985286
-0.24274039668485192
-0.18921579244706843
-0.1360937322917376
-0.25630282372843899
-0.16171960124277374
-0.033737262859765346
-0.58467875030197169
-0.27819424031167689
-0.16283010423052097
-0.2533744155962751
-0.10011967452805366
-0.22551082960634186
0.0091781428770854063
-0.20714989600252723
-0.43021784280387626
-0.0040272925066795829
-0.15370473929860179
-0.3839908773653844
-0.23873091038305949
-0.11660657468879121
-0.20562398769135598
-0.1527748990983506
-0.2188587563844083
-0.30096060297728072
0.045387917592321851
-0.21263549961273426
0.023972070360559344
-0.23758631103018632
-0.15650366213193412
-0.16909087371442658
-0.41830793923905218
-0.14522642113684198
-0.047989063034211459
0.016809193687803977
-0.054754822508179396
0.039664463362902504
-0.2322053057015529
-0.042371062767907537
-0.011554925402128734
-0.49595905830247972
0.014747386750891831
-0.34957737246759868
-0.30249395786334471
-0.01329025896629564
-0.21945450970049865
-0.28640542520072049
0.048754882711718378
-0.3812985843058353
0.30189404186790164
0.069639952445252326
-0.13628913133663817
0.010229795479792251
-0.20028011119110004
0.071967368331970843
-0.032398863779271966
-0.080946730912028836
-0.69315810993894356
0.026477944754353739
0.07784035157534476
-0.32427344665097885
-0.47671637490687035
-0.19790041463743513
-0.4424430135214768
-0.18703452153545702
-0.29483951282033188
-0.4372206771234311
0.15854212245951549
-0.014088585114712693
-0.17259917220331036
0.2660009462559263
-0.16284488234291497
0.079690362221156649
0.05671320795204484
0.023147078301992318
0.053788553434558899
0.16150758484501959
-0.093513592562562281
-0.17940681354740914
-0.073001321435070377
0.26839495116801554
-0.10945165023060366
0.13456302455966532
0.16240765531395399
-0.10081351664652277
-0.0053940394881949799
0.10821906324578559
-0.26188009421720848
-0.16155061670446372
-0.1270768577553221
-0.22232832496199287
-0.31237624509571571
-0.37053613619656378
0.18431617002325246
-0.051414227974665209
0.12823897816022434
0.12900007321841178
-0.1478889913696215
0.27169272931416943
-0.16275375697110556
-0.23079122595704601
-0.037906439659990271
0.29551231901077324
0.10995923900501071
-0.30993546371558556
0.056576656358519876
-0.027280295980549884
0.14489480125534271
-0.2246845583144971
0.13111174561456629
-0.18664241016468194
-0.042734019894817482
-0.21650680279937826
-0.035579372531906746
-0.40946980596934679
-0.4338889593119899
0.28436452340349527
-0.08459774373125456
0.053604317056981744
0.2210980284060354
0.050432888481528222
0.035219662371089346
0.16806208453836038
-0.23072512161815198
-0.29098717780363703
-0.37114019961902822
-0.1552746265628214
0.086940531511624675
-0.37809080852027649
-0.41712708702301893
-0.068980386910964614
-0.053536873404672267
-0.050355853347662037
0.20991900914593914
-0.20495837678043002
-0.18767766180656034
-0.21868825433923461
0.084612128313199753
0.11418200525907335
-0.10864457557592112
0.019719887570027652
0.07381563984962905
0.068936346350539385
0.091006320858618997
0.14658678549368628
-0.47948467134464079
0.066224419233000653
-0.14511530210218199
0.21491445881923207
0.088537228758027026
0.11498813529054941
0.21043051037079549
-0.25296718759173675
-0.016866277816259847
0.40399893953618587
0.039461114553270067
0.027586092708157407
0.24126053043319312
-0.22717033364840458
-0.063899912315803969
0.040598758620270757
0.13309976059538381
-0.10328225828770772
-0.086925824000515448
-0.061321903427785554
0.071503972703825108
0.29921596588735622
0.37526923180245697
0.32074237409348566
-0.1241441066940749
-0.068180477866987291
-0.28067911804254447
-0.1594679971128285
0.30738620594181837
0.12686731778873905
0.35076928123700163
-0.1898107844629435
-0.33100915682837712
0.14676658928387856
-0.013836078027345025
0.1263845126524725
0.046275281666745813
-0.018543389185764019
0.17070963906580064
-0.050882873636722753
0.42204244880486963
0.26351091762526074
0.06689963009118137
0.057258053458409897
0.34054062578201238
-0.065485260493977682
-0.049087213571866531
0.10506459906687068
0.10636469143080179
0.31037278815773223
0.19838215043171614
-0.0083160137684803806
0.18805476627091197
0.31670632210143806
0.23523491755434153
-0.0081817591179981046
0.45420777255799444
0.064498720043262542
0.16950248445241628
0.32850879782857995
0.32887575211249359
0.38443925285367475
0.27643784730735677
0.17782385081296867
0.2252195564105734
0.32151595613290607
0.2032178959625115
0.11530282817267193
0.31558299312525512
-0.06882328549571709
0.081452202686899344
0.068103826303502563
0.57031262365632907
-0.15468440328958855
0.45645512600804045
0.27911198559679862
0.32228686390234396
0.186461375680468
0.24376925702329125
0.2506159737129563
0.16743213473972079
0.0026603288337464009
0.25802724132678229
0.045964677529207722
-0.12924555869767682
-0.07715720654205814
0.18209075418284945
0.37026612339468362
-0.077845905773135035
0.31011846714016861
0.15524473104560305
0.32198229647655308
0.059608764444903456
0.10529823726588979
0.32847311497312748
0.046208164758467264
0.12222982444207944
0.51365904556237152
0.47039896012702431
0.32129140103122611
0.087105464481068318
-0.13588874873566484
0.1300533076896625
0.35975815544104595
0.12870356796423796
0.31837500874635644
-0.036079818094186304
0.23011561569517031
0.43729524461228442
0.47920355329869718
0.22891835177189784
0.23476119518809885
0.38975467137230435
0.43253977162836599
0.39091017473431361
0.05783860481105077
0.45135051196065012
0.13681974223500329
0.26425805357044996
0.061204425826421306
0.11898493725422041
0.23505256278189718
0.25661516335104911
0.60879990203044076
0.33911679471479445
0.34635493299153902
0.5241024296524438
0.20834442359796956
0.10372342747756835
0.029887186577032571
0.21549501081317235
0.42213556420745002
0.17864314464677081
0.38140482086967908
0.34924888724328917
0.48516319364983257
0.14700837602827066
0.14818514769680188
0.14406254536997612
0.0096132248191223776
0.33905025509047165
0.18600190598318569
0.3734202056212263
-0.18611346676597004
0.69533946603090246
0.70194840063507569
0.23718137824884619
0.45959838489497262
0.35910205471417062
0.27121916898639797
0.29550649540555979
0.52716313937386572
0.29806435545362281
0.41758297817377088
-0.068238485640629093
0.10870072717146631
0.44637596561458565
0.36544836730010721
0.26146666481758862
0.38726561512993291
0.65747575559867166
0.40552100647627126
0.70616974018593404
0.20979758163867454
0.30722131262086888
0.50265909843409418
0.76184465042935523
0.27378236677107126
0.41616035808763208
0.36895248707515776
0.32754922403588144
0.30401724428488686
0.6007366245540352
0.1498812523200076
0.6216720097355154
0.4847335547110424
0.40404697337105333
0.56399612556641443
0.28534922900315046
0.26869019766022245
0.47408874329979683
0.5558950412825755
0.29265502033377855
0.51236701573806842
0.33716926974148526
0.55509851347027528
0.43389969385296895
0.60741164642544099
0.31316624416843714
0.57334339669647905
0.26875243406825244
0.25980746466918792
0.42150181666905695
0.14819696351467562
0.75063775833974422
0.36336958731445734
0.12751524407874068
0.65484805948204805
0.41282040626008343
0.30611182075884275
0.30852604464313083
0.54773067909441653
0.52084428143943884
0.42599587372934256
0.64244379728794121
0.6186401928639913
0.59790043847419461
0.46041993338984244
0.092481294719487253
0.3155306489646697
0.69165192840390588
0.29005694202938248
0.33065802570117891
0.49854224881252845
0.29876200866552466
0.40598986978930551
0.62395422869115069
0.22492302199324329
0.57002394495899045
0.59818999552059682
0.55192412202916552
0.5608210243276297
0.50420823068006948
0.28080451526837369
0.52136974692044125
0.64894132348288203
0.32861381236621084
0.38104929014124067
0.73973637285332361
0.46561150555818398
0.62986639814148826
0.58743251172556366
0.77692107754952178
0.76205238326526115
0.57699935288332538
0.2844923339755458
0.70823099629406483
0.3710006396771075
0.37393603534550601
0.61317205562929455
0.21333485780166966
0.41737244428141673
0.23607405223858208
0.41060035883976759
0.42813859574419694
0.49634566822454584
0.41280290097947564
0.69710124348580138
0.45014453590130649
0.44370981930448899
0.3998299678528961
0.13251166617119356
0.4221440220580634
0.78419556091838849
0.74829569306093002
0.52246987805661949
0.50873439417927435
0.82456214474949341
0.85831347489262466
0.34613842708741382
0.47238701307083653
0.68170357055559749
0.31663802373870892
0.41622705835750973
1.0546109330279794
0.73665175114501735
0.79811979283712864
0.63396513964163737
0.41551007680188579
0.56194801557017471
0.48379653669561001
0.73949752682842929
0.77510967675056652
0.34056907506119438
0.67427746597787608
0.35519004312160835
0.39336551979205925
0.51370843377894149
1.0676116502147346
0.76200637198461751
0.27674264731768999
0.93827898323091496
0.83626579772866672
0.71228342351046603
0.53028948539332799
0.47937897682599123
0.66646203003393789
0.68868455737456302
0.43254351003667812
0.26468945451039155
0.46190149837702277
0.89431204854026858
0.68068183562365736
0.80747396172364316
0.74717561384896869
0.64216209954855952
0.39259030361047281
0.8884919604299647
0.25341454678266961
0.60638952280325087
0.50029227684683686
0.61735227234758383
0.80579822316648941
0.62844162731483233
0.81366415048675689
0.82123548434373839
1.0482717968870487
0.75854412871842181
0.61100781929416903
0.25343669682081127
0.81041044535939499
0.76651570913315048
0.64658935760831504
0.62285731143351963
0.54487011575159106
0.79065587611220745
0.65884645822756482
0.84386429029693588
0.9738145162936096
0.58057775796312683
0.64814195020578036
0.70625131790151752
0.65222664352656901
0.76773120825518493
0.66282182284999913
0.66399185678195616
0.63269977208991979
0.65952748809346695
0.64510982824987617
0.53302184678732412
0.69600314160651577
0.7840322263289593
0.6407193425770995
0.54698285011260006
0.81711750552493423
0.83404951342231626
0.99158924003522997
0.63396764901616709
0.41525580898450504
0.48320527074887271
0.58798399395732726
0.60449844853496837
0.71110151291746304
0.16552867204316646
0.84158898373577051
0.60237466115948946
0.75314399700327694
0.59555131014701845
0.97223787523803795
0.82516857091890472
0.5390655341024726
0.48446359923706139
0.66781411984376282
0.6607002705552506
0.74965303962904317
0.56029721941644228
0.50038633156749357
0.87537892500166659
0.99524179408943225
0.82186336139619742
0.90773646523151219
0.54602005741535842
0.89381160695860218
0.78625897666216205
0.85013895915430837
0.74399086062035769
0.84810093384497198
0.86351912731859704
0.94713039286470013
0.67268416845871737
0.9138936694451002
0.73133605894096243
0.99406602385920961
0.39614937613915768
0.7029489289684292
0.46367165684632095
0.51046525672727805
0.80293326137133125
0.80015193617388858
0.99320614715219824
0.89519125006976252
1.0362128245812534
0.92171254116924206
0.6143827178164134
0.63908718962161115
0.66534801852066705
1.097485496242343
0.95579649410480272
1.0389022574535389
0.43861125423970732
0.94361876464562033
0.93385336710889044
0.82553321508145239
1.0799329495468815
0.94477399635876247
0.70591159200565945
0.70311259441688456
0.87406955635193717
1.2380323338592962
0.68904583036024825
0.69369025515315996
0.73924363744821975
0.82552302059796223
0.68199011053999958
0.66827869211945456
0.87433969877083295
0.4413789123371718
0.69925672255277349
0.6469553887193894
0.98172195815418839
0.8101284409049242
0.82336461812349593
0.8005599328302917
0.45749649828588929
0.82786508285950233
0.98304817128828426
1.0103446806770506
1.1495481222404558
0.82184302464362802
1.1233323489096179
0.94163553801169086
0.4822634291006081
0.97901711983533601
1.0157999703085485
1.0532367972470653
0.72938319322812384
0.90715971249106864
0.92379442158987057
0.75510051385848209
0.78241709905228607
0.66473955543555274
0.81864030489894801
1.2731776836451347
0.78434411044342034
0.75122734551499215
0.72740190901430801
0.96553518503135116
0.4994207447259198
0.96708257816901355
1.4180837865031366
0.99132961637254657
0.92587101026531848
1.1811672275734224
0.95169735659412313
0.68756340877272248
0.62736437582680415
0.96231386528839968
1.1422268130104118
1.2746513397344554
0.78424177221821589
0.71669098859049851
0.71269319871105308
1.0215612376520351
0.69438893135973256
0.88266682016894205
0.76241316990865171
0.65897579929378214
0.85439990646333563
0.91056142940144935
0.94383382639506797
0.9078837111401945
1.0197461047511527
0.97353222095014558
0.81038703946749835
1.0929613696899183
0.82481517667370652
1.2328328648807776
0.76846444725059471
1.0857512567881316
0.67336579509949201
0.9941733928586447
0.97156157663545217
0.70058071007330969
1.0692214557207107
0.80997092548306882
0.86206349847795816
1.0858783194467503
0.84203392282153966
1.2289224576189111
0.88033692217386283
0.60670369202696772
