-0.9010161448295515
-0.98585379468731771
-0.84439788130428162
-1.2616151109896803
-1.1851268201393677
-1.2299058869534456
-0.94404559601103266
-0.75356834235296721
-1.2062468718613957
-1.1655037557518322
-1.0124875729196747
-0.82886254604940313
-0.95264053088751877
-0.98179047256098595
-1.1437080821757215
-1.1717097254572499
-1.1568262996224075
-1.0427104619510061
-1.003702804634387
-0.99699088693270843
-0.78878993982305612
-0.79109761203654372
-0.71586312197132496
-0.85137099380715009
-1.124376898836579
-1.0305717399576082
-0.84099319314301046
-0.92892722932441329
-0.88147740025290988
-0.62037456750573028
-0.87744339781687308
-0.94866895188447808
-0.80679223922865684
-0.9884506869956633
-0.71646132776812099
-0.85213769433105757
-0.64611989042884332
-0.93806842741651331
-0.85164118691078927
-0.91701520277998272
-0.83462658456721517
-0.78156928185734309
-0.75830203344717251
-1.0141880891599109
-0.60133677874550173
-0.93544296719346143
-0.62573715727614121
-0.90986717527951122
-0.80680151025797531
-1.0869295519729107
-0.66318692888935715
-0.83757932992750139
-0.96130354350097391
-0.62302147880214565
-1.0011698946264291
-0.7823170867736553
-1.0723756667336819
-1.0478849724292276
-0.74839112600326685
-0.91313966505902511
-0.68177351693364685
-0.65011890260477989
-0.80662031345507423
-1.1526228033828656
-1.0245225658956163
-0.76692071766017456
-0.76744140430056251
-0.69107319887013163
-0.78508079523037999
-0.80198181145432823
-0.74213308909364539
-0.62967466176465714
-0.91598567235015904
-0.61488004794333673
-0.6783121695904496
-0.87167996191421337
-0.82492568625115481
-0.82220411224979228
-0.88283734560615745
-1.2576355606183973
-0.65621630798389707
-0.53937759414709374
-1.1728091613070371
-0.80893128883930676
-0.89607787384718673
-0.57657318914978017
-0.66030018796764844
-0.75702184858267951
-0.71408096875304472
-0.53730180755647539
-0.60613322239148459
-0.83328336499630928
-0.93894305103299025
-0.52406104650072227
-1.0802161297583373
-0.91491722822815025
-0.75131349006001369
-0.93405199896012958
-1.0706626725476125
-0.75319190154092741
-0.83248597026814841
-0.82275125830933349
-0.50224404357299068
-0.93767574481733362
-0.77004478774578589
-0.67675566533195552
-1.0393733980087396
-0.7832349527950524
-0.53331367974020749
-0.61892894734618553
-1.0429475369116585
-0.75369057996502409
-0.82956958961806448
-0.71503692449989797
-0.68466577281386631
-0.56869705504525714
-0.83067327388180368
-0.89869094348175749
-0.83749927644386757
-0.99667178616300955
-0.94121082933358713
-1.1703029570113155
-0.46698755166136713
-0.90957796994862694
-0.398740428797008
-0.58076165152900006
-0.82337315330145366
-0.48959150437049526
-0.83922033558141917
-0.65589358103173179
-0.790337749825339
-0.36704920067682811
-0.61603789260892217
-0.52076767494798337
-1.074959090946797
-1.0132382295156988
-0.68131852786409131
-0.90010923566542134
-0.98280828623859262
-0.70430752830772037
-0.9048781368582548
-0.83452894653651088
-0.88308785355606245
-0.4277348493423293
-0.89393466158794588
-0.62041976236604857
-0.69320720930735424
-0.79302788219931031
-0.75610503080965974
-0.75198808646865134
-0.95182956188195877
-0.52377970625412307
-0.7553942221730291
-0.65162301188035576
-0.92996598070638392
-0.32591217495005559
-0.69288154045624384
-0.72612858955930404
-0.65503152029690448
-0.39105027406451415
-0.45777404484834355
-0.5177173300579142
-0.71217679435025205
-0.65826841587932994
-0.69208355494672746
-0.63575567437055147
-0.58244136418576598
-0.60771413332196789
-0.70880180298247086
-0.53916003760877307
-0.42426701425960506
-0.47081340308429193
-0.70783550222375924
-0.76684690105437658
-0.88514794546165676
-0.26280527250293662
-0.98364339104520637
-0.89664911471801456
-0.41770053130991669
-0.68612907904446874
-0.56192307551173937
-0.80368754049217184
-0.67070494054384266
-0.8115628408659098
-0.90502954763496368
-0.69602494987645025
-0.51075062592319664
-0.37148395704370868
-0.67911703631320897
-0.80087266837706383
-0.30065242081044941
-0.49757115161993415
-0.59307404054795942
-0.36926335940230737
-0.65722239032113217
-0.52651521597225737
-0.59045888038354055
-0.65933068707636955
-0.90097655608330618
-0.46893018352309024
-0.55005024059287022
-0.61109042457821461
-0.41492733116864661
-0.45840516266545012
-0.38976018697020126
-0.56051734260857655
-0.7942640984965913
-0.42826266033413779
-1.0146240574699841
-0.57597338181845936
-0.64260069833299827
-0.43134104165521875
-0.53306107459927921
-0.582834258936751
-0.65959013580925985
-0.71845898822052867
-0.4223913506087299
-0.88674965509692272
-0.71975953665046921
-0.18073765449505905
-0.53688259394508875
-0.82436476363946432
-0.47487208723994134
-0.83977580990242717
-0.49074085774712989
-0.82260911041991192
-0.92133484171804947
-0.40522962031342358
-1.0264543391705627
-0.35193582246329447
-0.50791688920590772
-0.70329488560750397
-0.20064565732622189
-0.57869591560278288
-0.88789187682772075
-0.87207736684127501
-0.59549108524449479
-0.59861750266067604
-0.38363306904401445
-0.37805305904270864
-0.63696115877544446
-0.49896656905129627
-0.38799032442304854
-0.5361179427548477
-0.55918167171125388
-0.2487388202880513
-0.67796693386691786
-0.21821421700134835
-0.48454570643050304
-0.10211038806503125
-0.22478901795538966
-0.38095394149439515
-0.74784949350046859
-0.8880996414499337
-0.72796532598085351
-0.26600410794148122
-0.58447581760775413
-0.57582078724468144
-0.26210349814574374
-0.41411715940646587
-0.74956739761042956
-0.52407692636458603
-0.49931723995143762
-0.27408093810254608
-0.81731922441382954
-0.33631253279184997
-0.45851536560651168
-0.49191014822979512
-0.42302169085539648
-0.46394610217446774
-0.44478611397455592
-0.36288483255498288
-0.20130072811261349
-0.49803105590480529
-0.2479752791131673
-0.24109076707462193
-0.63149599880079299
-0.40690386452225136
-0.47664520983770714
-0.6430740168868595
-0.64233958766088006
-0.57789620160521449
-0.082833901187584824
-0.26855447712497782
-0.52911419007053528
-0.60099818004607575
-0.12269170144544089
-0.46887229413066683
-0.5319786358834695
-0.29567516433339797
-0.62276009440309166
-0.38673413359147918
-0.15254962726403182
-0.31677708557323436
-0.50846432084191873
-0.36577990835715979
-0.58900519843585208
-0.305951990403802
-0.26748222004740951
-0.68012234113537329
-0.5482019941319729
-0.049820233093633502
-0.50378008365488991
-0.096837043803061892
-0.46860617702091883
-0.5630930890900061
-0.26110511950017129
-0.54673021349275963
-0.36429774606620136
-0.24194251285948992
-0.18457402635796991
-0.38738620068960372
-0.62896180718632688
-0.65795650701393815
-0.44943379843232195
0.01000238495547367
-0.067898176315662875
-0.088109656772704853
-0.6095176827472677
-0.43725969444317575
-0.68212929171912784
-0.18062222575257655
-0.58344131110084385
-0.14508249595429251
-0.2374448439823203
-0.35982349455255197
-0.50363966933691207
-0.47786391133509482
-0.072779370887715661
-0.391541478359273
-0.30891471260511472
-0.39717759301451722
-0.20085816620708841
-0.39876178131532641
-0.31937486359739969
-0.65673878317576129
-0.41351579644046133
-0.031787116507780662
-0.18810623317864988
-0.44675306901883838
-0.054128309694397497
-0.25159101919975752
0.042421070382027082
-0.074148031062913913
-0.33489540818003105
-0.63050248919836271
-0.32786355186950134
-0.11352330199859322
-0.44289737281971997
-0.22426116848412195
-0.49902237251230885
-0.40639928290365313
-0.60556208584582594
-0.4238481087801011
-0.016729875648467944
-0.30123193755434274
-0.2681836450561888
-0.21719258560200733
-0.38008954457846461
-0.23549905649344316
-0.19358533690743429
-0.059067067008231403
-0.49629831742210123
-0.5360080728098241
-0.20830927493150186
-0.3027632577813022
-0.46727063427520749
-0.60175992060898331
-0.060141052051874776
-0.27061739273313734
-0.11512678797242845
-0.39071777885292186
-0.218861663301117
-0.1705496201547502
-0.24704945240550788
-0.26178042446072897
-0.33348526012709717
-0.082407220750431484
-0.52657595769166143
-0.40259733255983571
-0.33680565878313812
-0.37831803826262367
-0.48320187583602292
-0.31834213126355754
-0.34764214353498873
-0.27332225611995387
-0.33699901635511298
-0.19325246515325081
-0.5504459347689129
-0.46356842871720422
0.19795696513711239
-0.069245042926180417
0.045675918630787279
-0.35103786750512894
-0.0061776760686925716
-0.19924775558662269
-0.24832602796947761
-0.11041051319580025
-0.24325683155636543
-0.38561566771358968
-0.16618008199498333
-0.14444085027699496
-0.055691055763943481
-0.35685214714754676
-0.23826252126808123
0.18380369773052332
-0.32880140791491863
-0.077304889361661855
-0.44597497994472324
0.15099296964392567
-0.13677567507112606
-0.43164052798852098
-0.10104508948754123
0.0075243877228539282
-0.018232201834221296
-0.11743769605412145
-0.19576532871421451
-0.13952425509447997
-0.28031536824901204
-0.16117651209138426
-0.29066240036082835
0.21073802978540379
-0.1687673823311473
-0.16546779671032399
-0.055008183768908023
0.21168870267602116
-0.081969779580348262
-0.32282173229336225
-0.18758773032998727
0.042124711821470318
-0.39071212472386757
-0.58944628536791555
-0.11967790792311422
0.14655077313482096
-0.53159149658371563
-0.26237625803650522
-0.25039146399661943
-0.079047929159130892
-0.35395550133969061
-0.30502431163374638
-0.28344750857906875
-0.28343113308836448
-0.24087410972012077
0.024741359749626789
0.10013788716051059
-0.35027210530660829
-0.068924604512103846
-0.24616613078473204
0.026934782645580399
-0.2564657672014683
-0.23950553002187547
-0.2109537272115363
-0.28439229825521373
0.44547302006183404
-0.15962436477582898
-0.29416041364812867
-0.0022697534087635402
-0.19570351773634281
0.14084230348175381
0.045309804575330341
-0.047462425835022269
-0.14283836014676854
-0.083128118087760411
0.07844715306279261
-0.1853905081318333
-0.053552323150965656
-0.26166325381762423
0.22704440979607507
-0.062643996601783061
-0.18789984081404745
-0.10626736698097258
0.033865383412384667
-0.065462707606852563
0.036158081052003327
-0.23051485037889496
-0.27091079413837066
-0.3100356153699661
-0.57843966157517002
0.14982319320325466
-0.071202465475953228
-0.1649525484058923
-0.080092164164861895
-0.17876136151740774
-0.083884044652099601
-0.13421305917761317
-0.1213453723995473
0.096400140373247747
-0.00050318060780372813
-0.35100342047831989
-0.56039652079038549
-0.025144080192264558
-0.30615531848773508
-0.23835807067914438
-0.030117524075385524
-0.035356834120889316
0.10589895739706268
-0.084118578785641662
-0.39553124715171817
0.11602238716587457
-0.40479028470544887
0.21394519783608026
-0.32961708992740152
-0.078716253568770281
-0.2005959922795591
-0.29314892113406921
0.14564258729376198
0.056013991768098639
0.036310268970825003
0.17518995702948972
0.076249756681564404
-0.088755654061453276
0.11086583292786775
0.18140416623869618
0.045270670696960516
-0.14273326682884385
0.16184597448994065
0.27857939193492409
0.34310234221536184
-0.025759984050121837
0.011916661426594369
-0.13306512586972311
0.25232037837663207
0.017520673051458935
0.15874174710133304
-0.13231041628154977
-0.044603485847820999
0.22678305657224102
0.46395058481687368
-0.11612231591854601
-0.026571771776628322
-0.066252725113998448
0.27734675187928776
0.22188642729455446
0.094849896418291613
-0.014308299684606037
0.16007004233978922
-0.083384646539668997
0.080083776979834029
0.034265203402000344
-0.083772551751775032
0.021640050676842645
0.33288795544799316
0.044864187337482861
0.16410069275719943
0.17262864035485073
-0.031977996206488314
0.3177309776814024
0.031381443265846791
0.20952268288649548
0.11669981942215753
-0.042510966065950201
0.12728540406626665
0.39067135515876661
0.040583620001246469
0.21301948399678905
-0.085586807604702747
0.044591570275447037
0.14362376723001094
-0.048339347749552883
0.1298101179108804
0.281380064342372
0.079865909112713088
0.058574151004758698
-0.016533394911700333
0.48121829245577996
0.086469009341393982
0.13836186866386369
0.38431364690735581
0.070143961228586266
0.21641149959301609
0.27378716371104844
0.30116789635484603
0.16909855181183275
0.11343319024816956
0.33282914862589763
0.030857652968075498
0.15950967845399475
0.085588916465003176
0.25078868447788794
0.24153797509654318
0.10244850271380629
0.13506668342168021
-0.015810942971755455
0.082636541632976249
0.37699747562510155
0.41217669044108346
0.049314132595366857
0.04871506836695947
0.48110552057053829
0.34589896427664613
0.51494545391756708
0.48020578803624009
0.2029319582228559
0.37227228392572553
0.089005604870164332
0.28850581336400627
0.20188172763960993
0.32146280091277185
0.055617177711841478
0.092576970012004239
0.29047674858157452
0.13466266296177787
0.14717269965290503
0.19175032396528541
0.0003027745916366229
0.29862886942426997
0.12375338356799832
0.61986442109450712
0.23494276638134962
0.27795385119038268
0.35806386184111405
-0.068817643743009194
0.024390192559308688
0.21782871246199989
0.14341415306429012
0.32894232413044955
0.43320905442589708
0.33417832483059495
-0.015483886595437268
0.10007150025954913
-0.087909705053126549
0.23285442864313349
0.093296796606242668
0.17964761385791322
0.088377974331841969
0.23672101509050486
0.0439659881192817
0.67107739397499921
0.64916837310692044
0.11386513419994886
0.069760288543740612
0.36027574973982701
0.21028907518958212
0.30777836184990554
0.597800930561316
0.40299539403122892
0.29577171877268077
0.23435836239195168
0.49090457904515533
0.3946696962708941
0.41722514493236451
0.4102023139693512
0.67503006810542798
0.48051041271812833
-0.12177714547670669
0.1089784345158423
0.2747259412153471
0.055610303799385606
-0.061802654103815524
0.17541065577629367
0.4852484571032632
0.31708872050654574
-0.09273837120268992
0.26739238121964548
0.27424199011498673
0.068500204797181649
0.33125654957648132
0.27641202365122819
0.30614608648232422
0.26898376704324484
0.44784511648934228
0.36096689637061907
0.35845534752731051
0.30964480384829751
0.34020634088953849
0.56237081144760259
0.11102103053253372
0.076747013292245175
0.19482909790387881
0.55048840738261617
0.49251572511177927
0.43425024638871274
-0.15532992810357182
0.32603767525236593
0.57833129468071309
0.22991790901544745
0.31838076127142645
0.48596323110381262
0.34012125403188492
0.4282792491485376
0.49996383489370411
0.41548778408402087
0.41154397758660738
0.22174870159301679
0.39329831047308522
0.47226651718944451
0.26546571251805229
0.035347887767798077
0.24751961146631296
0.07861989339549004
0.55998388788316444
0.56204526859780701
0.055862396068294032
0.2056078651891462
0.44097933032051284
0.41362158296096729
0.40360137865365175
0.58182300518048891
0.30506303016560782
0.2351041626144309
0.3790307104305608
0.11100011879357535
0.78279072705359332
0.1273990353383494
0.55733266094130285
0.35557760033083735
0.13284803606164999
0.28855036966299774
0.10681881371545178
0.49636241169239897
0.42696028506125128
0.34302391781397373
0.44206694487791814
0.35541495563276776
0.48221697700228888
0.2440795308048202
0.3931387069671694
0.20964643231544666
0.13080032619352952
0.057642665149920544
0.47293012408980772
0.60760765639089176
0.54480165174886153
0.50597753292940595
0.36974545633077366
0.2418480193059529
0.42505673121733739
0.35539293445692272
0.26551229990275416
0.37749180132353927
0.72733082293025075
0.54713541077173544
0.66375127714854509
0.36552125776610994
0.55854477472480846
0.48976875313613805
0.49223106777114223
0.58703785363384231
0.25102824800190027
0.83321809090842791
0.42295757263545164
0.57545571565895226
0.66819113040619549
0.37152123829092831
0.6863884189815358
0.63362462506839878
0.6428593140718728
0.67375297522849931
0.35020927813730807
0.31565879745249481
0.60114555310717566
0.57234182542299483
0.70401372271684026
0.58314172514161089
0.07771524956450851
0.77258960202113025
0.66241666694573664
0.88175443408233245
0.52013177806546407
0.25913760296675675
0.60078127140706394
0.53602342312731588
0.58353128308868685
0.8453025958023932
0.89364526486315254
0.38565076430868489
0.29118235011460131
0.34273178198984372
0.14906747364809775
0.30075386060120407
0.48886081692742916
0.67087139268337792
0.24552168595283191
0.73253609110020779
0.40465475129210077
0.53037019456323786
0.93269170311876626
0.70256776158126433
0.67659239001031779
0.25459781457367237
0.62398269888370772
0.49803933117117444
0.41035925722285105
0.64682463232496756
0.11225546690604336
0.6414802788375622
0.52762349413223708
0.3543281007334862
0.54541774199056492
0.075359699267722027
0.52329265971008276
0.67200741032071898
0.36933521742780001
0.56872074509417292
0.76282333996414042
0.31981598707060988
0.41251935566216208
0.51714649566941884
0.51613361028989457
0.55244633202010129
0.35614148847662608
0.75952807395245492
0.74323610793661243
0.31079399226579713
0.49790746853928114
0.65989086374979156
0.73860617635217829
0.62926380477251354
0.95937020204674806
0.8267570575979637
1.0814096919327021
0.26962767629087087
0.62236792060895152
0.73193955884594597
0.93664114961767386
0.99698207601279976
0.56939257868329596
0.37052832096021748
1.0859900400027913
0.50803389288088996
0.51506514635990064
0.62739870529791963
0.55743310457877016
1.1206482167447065
0.65854426736597826
0.82365325229038733
0.55956406704660144
0.93057530180556935
0.62680708671544305
0.65210053487606501
0.62044880753449583
0.67821550599562974
0.64457079970393116
0.36597165839422757
0.61211546148700435
0.81449927877681105
0.53369314874074425
0.3642436864194728
0.73803896879874975
0.50027758440196568
0.64035977588648818
0.61904379712120849
0.53602761110892261
0.49420147532131897
0.57917967134595127
0.38583824287588886
0.79837880885320311
0.65278047052153421
0.57483218138901859
0.81689504590489981
0.93709835594359758
0.56044068241079659
0.66989864013736122
0.339266839517884
0.69193244326529246
0.75970096737718906
0.72877518826876053
0.85071340941605711
0.87168247085193973
0.5653749628005299
0.73832950872530356
0.71479110511705746
0.76813135357194862
0.77005590319695016
0.71243323866640651
0.66886063727050549
0.64655147697148097
0.87124012763193304
1.0059943624131742
0.69407133554437939
0.65510622459602852
0.58243255495950308
1.0546655873870336
0.69717652761517879
0.74143107984168244
0.81482908491260975
0.9301372212876754
0.80578436146056787
0.91223553325596773
0.54754997037090525
0.51740241047937674
0.7249286862416664
0.88855539978551967
0.8834878254791404
0.64679106177837931
0.87610347357026019
0.6195856794122796
0.79723929280733319
0.81726801415954808
1.1835159167884748
0.65124950436331541
0.82785691006924511
0.66173729258604397
1.0060306400290899
0.35712365522281786
0.89641259406140061
0.99497867818687891
1.2580957384127844
0.76202147338813742
0.95560361945270256
0.65587258461514308
0.87298405464055806
0.93391769357168752
0.65415753422745149
0.82724730821106163
0.92278506630724144
0.74656873711472416
0.59534704617424783
0.61141575691295824
1.0536407399510606
0.82650574361003082
0.70909911926075053
1.0082601178147084
0.65493946045738904
0.80805873726139665
1.017179216607796
0.91253763484285877
0.99759640067803368
1.085381974507476
0.82755137350531038
0.76035672160129186
0.679009765107077
0.73544710793111923
0.51793813870157857
1.1772849672774659
0.63145011343987312
0.89153736246816817
1.1093910020358664
0.81405669205564846
0.60710152508840176
0.68501690068298438
1.1189881145975076
0.75149321359592003
0.93457925123368257
0.90381976659146246
0.52337617712072237
0.64100255811881746
0.8859476015802541
0.80284899687416644
1.1193837453198685
0.85007999340193074
0.80163550367142711
0.8246692295976894
0.66124555383278993
0.79019653104095988
0.86497835256019417
0.72753556541611875
0.68606114990548406
0.96356755348512024
0.72417182437851169
1.0111570019863481
0.79206619094846442
0.74789021688067636
0.87521975563381538
0.81814528189026003
1.0877699009369397
0.79096427142421177
0.92063745701329591
0.95756367792726171
0.76996231253527292
0.94205183427448369
0.83368305290652545
0.95322264178904226
1.0432343058770615
0.4284968726099368
0.86621810757210982
0.77362820683435329
0.79144391949681514
0.91236486307291798
1.0972513320810482
1.1477148057366522
0.91942332300093965
0.70229471311442493
0.80680551343643359
0.99870313880255535
0.79300758755263046
0.90325425635570844
1.1374611187727883
0.93210116096022855
1.2663526297956047
1.0987535893217522
0.70585475770699813
0.61267058738608959
1.0908636924960502
0.83610550944043993
0.73667159424913753
0.39017451437875961
0.84664603650705328
0.90603311347644455
1.2384213739708456
0.80336291361408585
1.1270045762305325
0.97885295583410403
1.1431448100476782
1.0647425728348232
0.97060878263343042
0.85985897406120682
1.2219817866344593
0.88072647530327675
1.0763552044174414
