-0.53211725094837081
-0.90196476662412461
-1.2532677802358312
-1.2279268263020389
-0.9143992181854329
-1.42416451808754
-0.97328271610321082
-0.78929881208428132
-1.0584105240505375
-1.0660557601688809
-1.0232908679906174
-1.1684296310063487
-1.0933826755438922
-1.0174020393034595
-1.2345015781728288
-1.0064858311431362
-1.0842821533822411
-0.90682965691863449
-0.84654560149218172
-0.58057827264110384
-0.79284786599370582
-1.0486238892627173
-0.8032996900406828
-0.75469529036937
-0.95121482884606845
-0.93558593913016519
-1.0813175215693565
-1.2098352280163347
-0.77111950946797869
-0.61135226680892951
-0.66525385982294682
-0.90137982623096347
-1.2296087170270995
-0.99498542342190044
-1.3343401747119719
-1.2003360785890078
-1.0664713456588109
-0.75670392885408755
-0.82349235359533823
-0.83473145990377651
-0.94948067949542159
-0.75112689283203882
-0.76765082344459812
-1.0162415244924816
-1.1749575104346746
-0.60511246740474511
-0.61667861863693108
-1.0306728483474106
-1.0427063174533173
-0.95441751458327362
-0.85990398498499132
-1.0184516931316911
-0.75481648642572363
-0.84752101589236084
-0.8299420190896607
-0.71525249790933076
-1.0170883524975201
-1.0141244186558787
-1.023572616711151
-0.68805105160454649
-0.87496919852965316
-0.91823047091018128
-1.0616238368174706
-0.99950086741561128
-1.09755863647263
-1.0534743353878879
-0.72739870378904403
-1.1503451098825452
-1.0835343409203331
-0.71981332419071742
-0.68897082121991193
-0.67742359404340269
-0.79426727329363589
-0.97824004866568559
-0.92479178582322796
-0.79893351581181937
-1.045281464190835
-0.87176987774571968
-0.49512419374467137
-0.84880764628633332
-0.92111108062709113
-0.7222094215695285
-1.0797686310390773
-0.87063627956531975
-0.96377960399911344
-1.2521337475896002
-0.75666625699942358
-0.6422914281785862
-0.71938954574814629
-0.91317959929917603
-1.1737010749187959
-1.0466757695091875
-1.076983948577364
-0.61487336831862138
-0.68850431559482139
-0.90669436347623922
-0.87473603116857701
-1.1168636002202315
-0.61772328457363013
-0.64253357841682213
-0.87267831378215877
-0.49572551784008662
-1.0812236096611301
-0.74760698139133863
-0.79797270552403232
-0.69900410754207598
-0.72588275283442716
-0.79571143621571117
-0.51348209958110558
-0.74779622230131571
-1.0431071586408251
-0.78387085840043491
-0.86692075719078932
-1.022526646429071
-0.75538336933032868
-0.92339383395995456
-0.61108514022782179
-0.51226236191526198
-0.6894244705633461
-0.57075667013762643
-0.7014594649782997
-0.70601587174831537
-0.76238159918197079
-0.67528305134431965
-0.82875709439760492
-0.82321986552574822
-0.67060492499193169
-0.77776714704133787
-0.95551000580271639
-0.60947585665118331
-0.5278786289574704
-0.48374991334329198
-0.6370352256739682
-0.73456255508255563
-0.94035489541756812
-0.78776322945976873
-0.62499407174892307
-0.20455827589124856
-0.64650515638908423
-0.76538875290483177
-0.68740258239804297
-0.53545704615220191
-0.48563095774826132
-0.48961116181295888
-0.48136149321368832
-0.52620667026627987
-0.59353742309461877
-0.90212988224646307
-0.87144740200354798
-0.51385551701283816
-0.87894558152204072
-0.9880944552596137
-0.61373486398892696
-0.33388165043112977
-0.57507977271952215
-0.57338898593709864
-0.46698528620492613
-0.38370257879119657
-0.49112508883000994
-0.75381612325775216
-0.73522329239597195
-1.1468436848898316
-0.81685388323923169
-0.88938198900093768
-0.65736244641789132
-0.80087055849039523
-0.6229191794224328
-0.96602565291757825
-0.8850069126083161
-0.50890799334306669
-0.61150758049341403
-0.5965793695256052
-0.56764937794777082
-0.4900238899859673
-0.55476246054043687
-0.73796743506736173
-0.69648480460663098
-0.49761665983059866
-0.81691707875024167
-0.43951295688534631
-0.38949076921366799
-0.74846834635516324
-0.49146732461801501
-0.80869444846325
-0.36020840121294528
-0.38178549678344209
-0.85135086610569699
-0.32344353598930814
-0.3896181264851758
-0.56955088495869366
-0.7233735891895795
-0.61402803657022575
-0.80911693483594549
-0.43090131958593708
-0.67470456016315761
-0.48896091556782872
-0.57469903250197063
-0.85110462098447215
-0.88200210885589536
-0.72508097090947687
-0.77096223832960276
-0.6288379385567735
-0.73282890294758951
-0.47841690827545735
-0.43460620695824709
-0.52581940186111509
-0.81620551501181715
-0.80530116355266035
-0.45466812994471284
-0.62139729854668346
-0.50211355476502118
-1.1784705055583515
-0.39990396675879036
-0.81103562483062686
-0.33178853796209951
-0.48412337737496186
-0.74766703261886902
-0.35210596760912127
-0.25333263677488682
-0.4014161620049102
-0.61618634814576989
-0.61611047847393297
-0.55722961933448034
-0.49812222447081478
-0.57567803526744876
-0.619691230602464
-0.37284369600895267
-0.53166870206273542
-0.65535722178593614
-0.4876205778090576
0.039697399155666287
-0.51675280557795034
-0.30694531654762164
-0.7311112871805685
-0.53341187694106162
-0.41664389721927875
-0.43967285333932615
-0.85676039470953758
-0.49746481178636376
-0.55143572204119751
-0.39561465692632636
-0.37728279234965634
-0.71363562164308858
-0.84329433658613384
-0.55602142864513171
-0.6444437284149902
-0.66165232454305034
-1.1329922427793719
-0.45733598070484893
-0.57225776775876969
-0.38064422921924851
-0.55295355954748948
-0.79235640977961019
-0.58305387124897579
-0.43729290866683346
-0.43875417632840263
-0.77681757807085783
-0.53334562631279436
-0.897223162807682
-0.65794880971123348
-0.50396000210146552
-0.40475107802378757
-0.21252532035464961
-0.59115819581546647
-0.73747683264368635
-0.37869713275948641
-0.65391752121957214
-1.1567667302203499
-0.53803487409149864
-0.41023953736550467
-0.59487356690035931
-0.41369923695394639
-0.53903119185277415
-0.32510204259387437
-0.56713735119151276
-0.52500306280801423
-0.15492619582989209
-0.710204643737954
-0.54974629525037322
-0.39190218316266645
-0.56416544798472612
-0.013859034069642066
-0.20858434866375278
-0.40420292774320976
-0.19311908142771669
-0.37038985660200513
-0.11096325011553469
-0.083309985675176598
-0.30164200064435742
-0.25118941363448771
-0.22253188481277747
-0.15016528549130759
-0.1703326985377451
-0.24253506923691548
-0.38446397233368867
0.072217316516905661
-0.66399052019892968
-0.11093868528793685
-0.4089412499086052
-0.16999503918352427
-0.49485566968341604
-0.27850186981931946
-0.26748633452468695
-0.57006705528294033
-0.5269708024235128
-0.083478785321565135
-0.48840124208420854
-0.13191244421842924
-0.50955252270960572
-0.21301201927791316
-0.11446816470643111
-0.40824454513911657
-0.30732831429974639
0.061130020115046785
-0.23533681227831316
-0.37500548557586194
-0.49225436188277122
-0.20441514333892094
-0.48392413983607829
-0.19344097532020879
-0.096006468670785244
-0.13477570608813969
-0.41545800193770505
-0.54245762729463676
-0.34291312212501218
-0.3406096599579993
-0.16548948935190769
-0.43453654276603987
-0.14386222962674275
-0.25312944692662548
-0.29803018193155184
-0.24208318067167764
-0.39468582741825647
-0.40942520561879148
-0.35055802393098578
-0.34662553253835637
-0.43330830262692199
-0.14858343435906976
-0.40889865428553079
-0.56166921762411659
-0.29013602620944468
-0.32570762912244705
-0.15424450765042974
-0.49028107007867289
-0.6820866284691891
-0.31926113382839633
-0.34905351767518522
-0.18530312834589346
-0.27880874512780079
-0.35015311849003561
-0.37159342138365553
-0.46505837393963417
-0.59101270739769374
-0.35994577036260339
-0.10715085586337506
-0.29762943250145835
-0.078393796830668272
-0.41680634628043273
-0.51727098869403676
-0.47685729033512431
-0.48665771420760179
-0.38581900319462487
-0.40840431280197559
-0.60580654834739178
-0.16882598623870726
-0.89203803061410403
-0.27054756389765167
-0.30093160423536269
-0.46291664441972402
-0.054773301314602514
-0.49107702530211511
-0.21281129666190063
0.054690361268460802
-0.033716863764120836
-0.36083915267477651
0.075579471130881481
-0.42837566398733551
0.18862222837268061
-0.093062539477197725
-0.29583538680596649
-0.44584975949621575
-0.37238694363537655
0.027083600245273707
-0.29353051661827451
-0.50223175292209854
0.0023973509820121959
-0.23041289752589025
-0.35928486731267811
0.064225946365023046
0.029765703805647168
0.12452667565058584
-0.15937770598899939
-0.29079755433179916
-0.71284938048947388
-0.16170436821127171
-0.078114604099569676
-0.35663764730411862
-0.2134559054533825
-0.41408012811946832
-0.021569163533110766
-0.18413576332486326
-0.13727612702954525
-0.34211259529065896
-0.1530000584406413
0.18017627008591497
-0.29241382219632378
-0.31145008807724051
-0.24309912491682742
-0.40786938807690531
-0.12954364722656597
0.093933963407218685
-0.66771546665564285
-0.25632047922648932
0.22119583142926119
-0.41386905289364551
-0.32286951148645238
-0.021041914286853231
-0.042224424959111613
-0.22855997124298805
-0.2988312748246198
0.36729019411688274
-0.42302296189628097
-0.30018724482006742
0.086872102784924202
-0.22775148790592942
-0.17445183181635326
-0.12472422984774764
-0.53663749941276739
0.039122771970893963
-0.12735747871988354
0.0033970797533783592
-0.25268831492348892
-0.37886475343463522
-0.17837727897935557
0.39693112739532421
-0.061898457937894502
-0.12206526027089884
-0.46751918618345906
-0.23398173698141922
-0.17251662331342493
-0.30761876409046351
-0.037840320708613893
-0.11427505427279423
-0.38276915892021274
-0.068640351826591103
-0.084985857478407034
-0.29881703446539748
-0.40537126159366199
-0.071154266188808782
-0.42715406534906364
0.045438062280330462
-0.08171399002407452
0.1041007796384493
-0.34630913747393471
-0.10293642269092479
-0.032462003710584754
-0.29299675208243237
-0.350738570332642
-0.23552141341853303
0.12442304312752052
-0.17196297699395247
0.099537509757202824
-0.16408628032348838
-0.35563774713916529
0.16401742707124067
-0.16689974992074971
-0.20884166337379825
-0.077824348297516485
0.020191863123904714
-0.02418718324706309
-0.15799534993361947
-0.077883330706328344
0.16294053831491218
-0.41519562769116009
-0.24283096184279551
-0.29422048701695258
-0.14024642742439486
-0.33061424198694017
-0.025147726677348395
-0.069227900631650741
-0.16100710020216688
0.011991871355053894
0.093529807009994664
0.27047487148619981
-0.054562287231460282
-0.25500837379536828
-0.29842412664906953
-0.12886771945066355
0.017381731325735447
0.0078179125010898048
0.12755263031933081
-0.2154923912963802
0.10087973207997762
0.023591582773726978
0.2642213351795249
-0.18367014775145021
-0.013115250001891517
-0.026536857231790171
0.20264798265533784
-0.28537674254757717
0.077328461106216384
0.38010566577221644
-0.27722273387885638
-0.19670664958618594
-0.027082511519335734
-0.30753341541534823
-0.19578593292060889
0.18870791182999266
0.27916924235408719
0.08597861115502943
-0.025266705987461256
0.31488066772162687
-0.24829491209067986
-0.16936853255287518
0.19480384656249805
-0.1217819000494141
0.073373524237323226
-0.040923030386417647
0.10780744671683164
-0.1338426892200183
0.10947233866384989
0.23657128609935796
-0.14024559091011682
0.27238053720305511
0.053582523380694039
-0.19029436647451681
0.025061833390755805
0.18736393250903685
-0.011126566717829953
-0.14126655883721295
-0.11084025365460702
0.25802851124761628
-0.17777043135411827
-0.14221710385549638
0.027792802588578445
0.24680489552683504
0.1922198439910924
-0.16890292303284138
0.22104362028429508
0.057404026758671706
-0.012974338783132928
0.27395854249229817
0.12593817800928936
-0.079479740086738832
-0.23411364428336986
0.21214080715075379
0.13646833975163478
0.38373448433579022
-0.20446750207673267
0.075255803524407541
0.19852095543909978
0.21341641181211887
0.10814260959674313
0.082359463012640022
0.38063581458865547
0.17877303177570109
0.37513697202575552
-0.018840553961608632
0.12517581152006749
0.2311480238882436
0.10923978296739395
0.054774115576519102
0.081648297182115873
0.2083421118791452
-0.017641635509418895
0.17190268282597185
-0.098175838976001281
0.058671309497011485
0.088421652366419939
0.44130585305991415
0.42496376481863274
-0.23464207787366692
0.094488231189379171
0.070503944840503097
0.11296987886984051
-0.24782676068210799
0.1953922078457577
-0.059987323292735477
0.15310923834254705
0.23198605385594431
0.31267468670745124
-0.088978386217769295
0.31018087289387197
0.41706323321906408
0.13360022300514163
0.13827963665435872
0.12253255013574388
0.058287799896448798
0.3736342703502108
0.39057339080807923
0.29860389060125958
0.40065284532895729
0.18774070539644105
0.10348875070107688
0.39734904400321541
-0.32337441766400454
0.14829495811039037
0.22776724512418403
-0.2226724746007139
0.014916434203452776
0.57100013495191571
0.38723387752293809
-0.077396138419287192
0.53445076431514926
0.077984669581057681
-0.17185220412364824
-0.032883513839318722
-0.032126216037978314
0.030381994823807608
0.2481138284642796
0.56209920773992939
0.11277879458013187
0.29608695531535295
0.259267519638614
-0.10345876440479589
0.41172974783063199
0.016297404535201919
0.20091228995371163
0.27827736485449556
0.53811523006384987
0.26805426840642838
0.22486775736011055
0.48257557112270705
0.37796543681873374
0.57666662662009283
0.28271731106058023
0.18550267840801282
0.20134172424205496
0.015338936123875876
-0.0085758258477534616
0.7122969132533209
0.12180839217312771
0.38071498876192639
0.59073121826547237
0.27418637719681982
0.5413998861480076
0.45496257206689172
0.23272605647026412
0.49076334117935205
0.36363247669964699
0.432092852188383
0.12193167960280606
0.53263513348979019
0.64365406260689551
0.49798706038249024
0.39923512245991444
0.29693704262965326
0.27152678921666001
0.56949663610508139
0.42498014186307326
0.63850006954602834
0.33371610244736799
0.36177902146764668
0.31535132975408908
0.17109808518618666
0.20941500208654837
0.17990374779591442
0.15669982261719245
-0.065305148239190716
0.52652104580764814
0.54607547172314264
0.44396953531749
0.50868764883395612
0.42448963880492013
0.48670454283653852
0.41073405263757828
0.38757476174503597
0.20836544803956486
0.4806915334929987
0.28056646157660953
0.21635038745593735
0.79997904200558412
0.58655271212395066
0.72166831699647604
0.2797791999557494
0.44979161500014114
-0.022561831127670486
0.23330472686432438
0.31329842757320764
0.23884916209238707
0.10393356407302107
0.39666982918965399
0.34902789019355257
0.34176445324677363
0.39479070797464155
0.65900713739115002
0.28006519381252704
0.1121199874151194
0.15791281065702262
0.31946899683643831
0.30490993087665175
0.29067924651420451
0.16109271777950679
0.24218338034637873
0.49104092213844863
0.020890046797444252
0.24336610272266604
0.49727084957637196
0.49728916665440986
0.20221670950413856
0.3947844369577001
0.27688522352270678
0.095938126824331477
0.46203464385343312
0.45110358473827927
0.58882266916802728
0.44864114848307224
0.24209291354771187
0.50713587355631773
0.068753148244138002
0.29478159037669177
0.50198117389828278
0.31466135291818137
0.5358440701927184
0.29847858391984322
0.42765124728144355
0.45574967143297085
0.46350119802405443
0.56569299576947552
0.45424093418667194
0.78154524439517004
0.53559011655182009
0.71386321264852681
0.58200540779636345
0.35865672412228394
0.20570230028887831
0.51659393842426071
0.39041751016700399
0.6383370797064265
0.35817861845794685
0.38491429377687164
0.39806405734883465
0.48878930429057577
0.35521909688149766
0.37568219205941511
0.60498583073100221
0.50049828089585946
0.47938668494028686
0.26204071523930772
0.61969319171395765
0.57020203741312869
0.18917077243154429
0.53099138543781532
0.22846453680941164
0.54187056226794572
0.16466358859943034
0.59477101949467515
0.69200096387066568
0.47545637474794328
0.87119445167106291
0.41127428121909532
0.27561522533711363
0.52616685965998877
0.43274154274722598
0.13057758191918487
1.0717627112924404
0.52723675592800556
0.54840488803477017
0.82850604013916751
0.93983143639081734
0.5043715538831689
0.24357546834895433
0.61663666809085593
0.612349221432543
0.25427154884469344
0.54718733959044519
0.82690359373468025
0.28354991734780738
0.55427148503426005
0.49429242180255994
0.58727832336725783
0.68160480031268633
0.19385194563935754
0.64350939731975421
0.70897366799056405
0.16441569291800864
0.57463325345690575
0.46744084412156561
0.72173563550746589
0.44430085787002538
0.4308595415123323
0.28681719879500556
0.32566709661393173
0.75669329096135818
0.90388285586941919
0.51654303382611955
0.80202710494744167
0.11567533604997207
0.61368482817460202
0.59723118282184073
0.40077918912168764
0.59608952939038895
0.52464773758173866
0.62744995178495022
0.62397837629289099
0.67060931598754192
0.54829166967696197
0.91739996549705372
0.9171418110351931
0.67817797523117351
0.5635493583012825
0.55262239573544503
0.92772124716280702
0.56100754467982317
0.83134769652520901
0.85194704401378918
0.46419195045266809
0.69769391642582657
0.11865660271821617
0.72386772233844476
0.63603145500761604
0.85464552208183053
0.90769587403674923
0.59484058194743084
0.90190996726309169
0.5101144017102851
0.53582183208071155
0.56493634646686475
0.64742760635706731
1.0357291290038686
0.59486383632198103
0.73900523635442472
0.6974601952559244
0.74325249417605543
0.60050400625402722
0.5098299863281861
0.40303392354375389
0.62326414783391826
0.87568254545764768
0.79660292273015265
0.3357138905208748
0.29637805545526674
0.82788340434939633
0.71024542185045958
1.1019061115413127
0.57096778370344192
0.76049271760921744
0.80729215340104366
0.83479071660944903
0.45936018959729474
0.79430695248687311
0.75499104179340171
0.47334225643765465
0.96394655367236404
0.82395221504434302
0.57126940689399108
0.60250231617272876
0.96816071457786634
0.71392194075273119
0.59426037838174972
0.76215758952459067
0.9123313598858479
0.94973630444908919
0.5213001786816519
0.51581495248789977
0.62031643298700956
0.71854557727034563
0.65613277961400907
0.96358358047040749
0.84085127361422862
0.84503604374867047
0.91390862947313589
0.67747487377050841
0.96723584087786918
0.91501279276757852
0.67588817868218709
0.79168641785153371
1.0680267136615467
0.75451763939609062
0.72437154482660959
0.85935744826644922
0.60023111094299908
0.84586309688632444
0.68839709879729138
0.72121732583472498
0.83320982599958726
0.69134802873159518
0.67395490273915803
0.89834022413718584
0.91985032188890248
0.62863954311628767
0.9900038925202288
0.86797967718918045
0.50452216428670382
0.55929164642011486
0.66032307892041142
0.50376476628419975
0.86142500211578654
0.70649108565606977
0.61582197021470086
0.67566169874705773
0.88883251159022147
0.67787804209420266
0.64501478593736006
0.43514075341530178
0.83990884252815778
0.84367988283447171
0.74536599245957036
0.86406200917801945
0.74996750426478709
1.0007323060111621
1.0830174419216136
0.96145660644766751
0.77818420872451555
0.76125618768365499
0.932509771619214
0.57118263919176737
0.74236006624941819
1.023448613719159
0.7380677928865762
1.0289391405129782
0.95417441624907662
0.90549332452006737
1.1031529876258765
0.84230110489190091
1.084094355342593
0.92199287403649066
0.85213112050536088
1.2037731152411553
0.76215211237433966
0.89155925960342164
0.67518484658912425
0.65435864233824859
1.3308542654386806
0.7395285187243763
0.50256739885737001
0.322105827278307
0.8141936681748041
0.98620618135572635
0.81517601626622394
0.70492544706493077
0.88859891470641517
0.93667344836352262
0.78079148051686209
0.99324755066793757
0.82986791911578273
0.67046301260998586
1.0467074368049285
0.88396395728851662
1.0827100110828161
1.1734395968730622
0.94083444749655265
0.91548607153098638
0.74056530645603902
1.0055145385198019
0.71586131307981793
0.90062993079325759
1.0667201492218543
0.86854999069190864
1.1930917896342219
0.92397510614225653
0.93158819743094867
0.67066444431316685
0.79963999090382276
0.96007733979652732
0.58073602748590669
1.0158397682298788
0.82983543990201247
0.85368594246612217
0.7939721203556368
0.88443405146990384
0.86347754637786256
0.99754905978706954
0.93249450213748697
0.89322057304166169
0.88921911423343425
0.9333695610769005
0.85150114447570258
0.94153783286411219
0.78742906826202486
1.0932142880087095
0.95651265735141566
0.75146764963365809
0.87905951569629681
0.98277883947157951
1.2560871180926154
0.9630508823015238
1.1718886174626097
0.88611574682740779
0.98513757896093623
0.94252114184571367
0.9130864180917766
0.80112233623142304
0.95422420970378707
0.61383036080251485
0.62697164811396999
1.179994792459738
0.91972200127634163
1.1746992649881405
0.62161378965658709
0.69157267381363752
0.83949128616509594
0.94631903266103379
1.1474966430870712
1.1162797798061537
0.91831988528931963
1.1490936981771083
1.116706522756528
1.4797271166516666
0.692090434543152
