-0.94970466449158053
-1.242050572784944
-1.022853610332193
-0.69560717022780783
-1.0812741416022935
-0.93816004013811416
-0.85166386380032499
-0.92123251795521965
-0.82914844915420849
-1.1947086746175217
-1.2271599094427306
-0.85960875570014605
-0.8850433873508412
-0.96358824885646266
-0.93116085918298863
-1.0593236461211406
-1.1505456827606302
-1.2216015607849005
-0.73858172474024186
-0.70152291174581671
-1.1675706554338547
-0.85967959865758736
-1.0145295142365354
-1.0169681794827503
-0.79186079491708738
-1.0657451428487912
-1.1138061873975615
-0.97260693219756478
-1.1472457797970921
-0.63932968180271665
-0.75488081228967663
-1.1508447277198322
-1.0592726503676266
-1.0157608619144669
-0.76555409226605564
-0.75676643847681646
-0.97236495784960641
-0.85772211187870862
-0.65886732057814934
-0.77515046397762466
-1.0205501328770321
-0.8683230612457532
-0.7560878301227254
-0.94527406966731731
-1.1794956787570927
-1.2728809019713005
-0.97629822736646099
-0.75275738704390571
-0.47513061803145962
-0.92720190512133105
-0.75910178938689388
-1.0089987517862233
-0.62269167077886045
-1.0307580879550604
-1.079563753129348
-0.94078169101994213
-0.97832151282317092
-1.1587995721802145
-0.78952182571842977
-0.65493247836333868
-1.0083429416126006
-0.60558621807442792
-0.80595630087344294
-1.0340709006782385
-0.81970223907893103
-1.3755754565977518
-1.016418847786587
-0.82214173682023173
-0.37750535026153947
-0.7721647632119597
-0.85809487580707156
-0.70159163093771482
-1.0073857053775204
-1.0427833393630828
-0.80369875227071674
-0.69899328943117867
-0.59384725814780615
-1.015997520181555
-0.73751239288577641
-0.82830369831279194
-0.87505666872910814
-0.71518624337920034
-0.78855153491922225
-1.0717873621419698
-0.96625772215075834
-0.74164259443543756
-0.82463494233912238
-0.81588247228586097
-0.56265547341041589
-0.77407453554938821
-0.83336398479189122
-0.72258828263673502
-0.98566275855088192
-0.81564150792644063
-1.0191752994604686
-0.86923864308478804
-0.45122683707089456
-0.8758345021075532
-0.98066692000990796
-0.51531773647095036
-0.58818320240392008
-0.61042652022695032
-1.073414948030994
-0.63666835321370685
-0.6662637247978721
-0.93857604472368705
-0.65936528046759291
-0.94615811583590725
-0.70828722046363568
-0.73628097716598007
-1.0983383412819432
-1.3196728029021072
-0.77830697318348607
-0.56211411239455611
-0.73309320517179299
-0.85749509761367382
-0.92503515305911399
-0.61416660398289546
-0.54806530622103977
-0.7474229177971059
-0.62297316452656215
-0.70555361262418137
-0.74645948282756569
-0.47050850707144515
-0.74186776054285908
-0.5168562096383994
-0.63557468255953897
-0.51755453791448347
-0.55089265258312414
-0.64516910881868017
-0.81469322384733533
-0.8557239787766292
-0.52260034857364135
-0.66570530464488653
-0.72491366199345042
-0.65795469550851726
-0.87451723256405733
-0.35691933912080165
-0.49848965032433246
-0.70051465487055242
-0.80137513494933221
-0.94221391867815318
-0.61677279439222343
-0.70825117465618159
-0.72780722734950565
-0.6963500251268111
-0.61178072949002893
-0.55536809413693611
-0.98996530875902922
-0.71929815456725088
-0.57876539384577053
-0.73622802162356538
-0.59167349840194916
-1.0119921680609623
-0.85668209761009895
-0.74471089904453647
-0.76418560103499422
-0.65670419720482698
-0.98044426923193928
-0.6182771683913888
-0.63884853317614188
-0.35602691690230276
-0.66635485709798237
-0.6985803862683283
-0.77755613048838201
-0.89374458958824288
-0.66020935127987934
-0.62491350139542279
-0.9835902144583204
-0.7062650554028802
-0.6089006898985434
-0.58588078340064476
-0.40637837622865031
-0.77910694365004007
-0.66022884916541891
-0.69708607626260755
-0.71616729701943604
-0.50988900728774089
-0.61159876469582342
-0.78015464493110231
-0.45984020884352028
-0.77016856081590435
-0.41640921689159766
-0.62072365796236417
-0.3119391443676765
-0.63042926672198363
-0.4664061773569122
-0.88068442224088772
-0.95898371915448699
-0.66100903318982551
-0.78151363856061673
-0.72862097658747149
-0.83035306581931467
-0.47023293349224871
-0.76753832711465819
-0.71284567755058992
-0.52442628044057915
-0.63800842571676852
-0.85368128474998684
-0.78406147059916376
-0.64886153662719082
-0.3286512549870757
-0.58691363966369348
-0.35535020695399178
-0.63630806409182628
-0.99713194297498731
-0.46255894277060161
-0.69021209847884657
-0.68569539724619155
-0.46146761271407111
-0.83719161894649563
-0.65176858321481679
-0.56847551522495476
-0.36333861963811254
-0.42956954487071181
-0.40908805295960698
-0.77888200000837571
-0.55513251859172785
-0.61100692269049439
-0.49105218606302209
-0.38526256826011052
-0.61036060254198943
-0.55915229200529182
-0.3741381653191978
-0.79346814598373627
-0.74118920959225543
-0.77905927627543081
-0.39278874568314237
-0.26805687216589252
-0.57824584966163928
-0.31962279812727745
-0.60881246630575037
-0.46706057670218631
-0.39823523922176268
-0.33443012342176032
-0.575843813394181
-0.39500604947717527
-0.70068759767978006
-0.82140184041568176
-0.43637119611662434
-0.38938952444813107
-0.83687703367053157
-0.54553924447160385
-0.15351095439925913
-0.57192068610763669
-0.42498292530173193
-0.60473775788450757
-0.42759429434502128
-0.16299315740940232
-0.609070884832287
-0.35921661871444827
-0.64625040642199738
-0.44891518344845305
-0.78283340744510566
-0.41033054931002022
-0.4737116101808414
-0.41096632328503202
-0.36388819799875749
-0.26940528862837571
-0.41084843448110325
-0.61262238590402285
-0.65292548976627252
-0.37087064818124349
-0.59524107622866518
-0.4674582113846914
-0.78744496055079638
-0.18210547873064162
-0.52291844823820466
-0.42068243839946445
-0.26436573552381182
-0.36084956401149842
-0.50270175792649496
-0.66753872087137378
-0.54364779421510445
-0.48233566142122342
-0.27742524309104599
-0.28462759378782071
-0.56306485608835433
-0.36341761657193378
-0.16115395239149496
-0.10747248045844626
-0.29356718249832031
-0.45331521787431167
-0.38158041950159055
-0.62479559161495624
-0.44486218690438822
-0.38961524547193871
-0.63274355958104267
-0.51315353679573816
-0.39326993428134499
-0.55422850668399171
-0.41847579840093208
-0.66243643306889011
-0.57125905954137535
-0.50560690960449473
-0.57754733564957794
-0.5178649058811845
-0.31924543405226702
-0.62043082981939679
-0.21550750106026886
-0.53996236103002904
-0.25264422691988325
-0.68734944871457271
-0.51201674937073727
-0.35888937129670323
-0.58276825293971868
-0.61487792153315712
-0.26548872646001209
-0.47520171741445127
-0.39295729189878559
-0.55220363694637609
-0.39646194700296056
-0.32218275408286567
0.0078440502688068622
-0.20999206274037649
-0.71959667046454356
-0.46962973274210279
-0.51336277725691304
-0.1069914610304967
-0.38925134466419797
-0.13223144324049804
-0.27852273285774115
-0.1586995800585263
-0.36344254481789928
0.094119882314972106
-0.32821661131089291
-0.30039522447901196
-0.30384042607460615
-0.37515594077012637
-0.70598174691148818
-0.40616930303243898
-0.25746836480269131
-0.23248945939711532
-0.53390150823437199
-0.40568588088529939
-0.43035277651848486
-0.50073214132076505
-0.48956832512932785
-0.075725574777555926
-0.28709738630075388
-0.17722734415360458
-0.35046221817905193
-0.50951411070763242
-0.3350048313790403
-0.34171871875099619
-0.1277659800944029
-0.36853706903255218
-0.17853145423230196
0.11204049820578299
-0.22580388164093193
-0.23180204557935039
-0.21070684294558834
-0.21077621148406489
-0.22656735318980895
-0.43312108022732088
0.19600266929426385
-0.52010834361331237
-0.030868666933106949
-0.079142504904073208
-0.45717687691027248
-0.28174765815386543
-0.37348260878607992
-0.4843560429377643
-0.2553534479064295
-0.11517731626999569
-0.13494674926064343
-0.29253278271430344
-0.455971671163238
-0.0044309174547553015
-0.3943153153263842
-0.023436682539860088
-0.16423403460750238
-0.087227899959449975
-0.24884095212832796
-0.35950482395110173
-0.49499698614579496
-0.30740996634000944
-0.56141344568956386
-0.38713705819204691
-0.49964206188163035
-0.20321600914474011
-0.61857451822466047
0.025419826422465562
-0.591655807374178
-0.40291614074276577
-0.20281731502714392
-0.19908258973641837
-0.087605343836812205
-0.18146572362394517
-0.21482018768008204
-0.18790512499218229
-0.41432451056883357
0.035034704810628946
-0.0143440273007014
-0.024483192484364268
-0.12878094403030674
-0.090342351491451187
-0.031908787201010973
-0.23921705851237182
-0.10486893200963424
-0.1403038073653454
-0.37528533518295559
0.049448454441087079
-0.13516251501819621
-0.32214602802592562
-0.25922018266254876
-0.13336081193081337
-0.067881624351077169
0.39859546387881867
-0.57221444635886265
-0.11566690065492047
-0.45722295997774803
-0.16016632953819945
-0.1536626569991639
0.0028506425088769614
-0.056460360972898561
-0.19557948212176332
-0.36727114990188009
-0.17764133874569402
-0.13211913058851385
-0.22295525821889417
-0.14062557537279591
-0.12557615948627482
-0.22059641337193311
-0.1950305149357876
-0.50118178648613654
-0.033023284122285446
0.29214503868986758
-0.0017023103058755157
-0.35073071683098461
-0.19298745674805198
0.082957897874552197
-0.26348486791596809
-0.036170605534399485
-0.27662940096014604
-0.12204396830402628
-0.19504434324640155
-0.21965298179373144
0.064040122788369694
-0.38076985057744256
-0.21879692128199837
-0.21812385168408446
-0.29324584049381069
-0.011197523170527234
-0.22730716026579351
-0.28012952128297752
-0.3237209026313585
-0.20996133611209628
-0.27070027388237206
-0.13859253935977892
-0.4322713029906961
-0.10483145518477577
-0.13049369121507032
-0.24756366441614044
-0.18370155935218754
-0.105417187008751
0.059538967301041794
-0.31329591803931078
-0.031799872287451299
0.31974696607964692
-0.41482567439199708
0.1670671679509968
-0.21302393104502748
-0.36660957190420451
-0.24848890509256755
0.0426629575839097
-0.15672785964133165
-0.3425059057424451
-0.075877439661663673
-0.18745978934595792
-0.18604373645464134
-0.055903787746192479
-0.17923018244487307
-0.12103814472646054
0.20047572199854341
-0.059184978842884109
-0.035956680628600676
-0.33281172486365068
-0.10388095044610798
0.046428020289492521
-0.30804051239119984
0.29321552070794082
-0.059651399840272651
-0.30151436358243089
0.23673018238689095
0.089828413321846781
-0.10391046086971772
0.32037118628640576
-0.074971385342670088
-0.14502434858513646
-0.16395778024768423
-0.1224139993570473
0.036274165036551467
0.10233249831659764
0.090184532107163623
0.0089064340452812158
-0.39083272220245685
0.052172452089363254
-0.038610253946458568
0.18368254563730566
0.19893984026578071
0.026175837337698116
-0.034244382378245612
-0.0043314321516701483
-0.09938296179218957
-0.32744243482367136
0.018377588429170057
0.32714299925919099
-0.057111274921141333
-0.025663268544435465
-0.1452388689625379
0.21856235121747677
-0.20048160379860924
0.16013380106258845
0.24617187569281027
-0.08285128161852838
-0.063709771670103554
0.07432757541178206
-0.056558491204995807
0.073289929374828658
0.26912055310392891
-0.04562879151243962
0.13504241272784656
0.1577011780957136
0.20842733164657071
0.28004929014341551
0.29482642069939108
-0.0076354821797941941
-0.026110663624235048
0.16709573235268096
0.061673684288588784
-0.19490340026047415
0.27735185248778038
-0.090109638719077109
0.25271286635758178
-0.12499249786171435
-0.057129561174160091
0.02672714984231947
0.21843964710396671
-0.01891001926125932
0.029387695680217128
0.088784014416567733
-0.24622540333569709
0.026253448464236155
0.17238699528233009
-0.17859010899292921
0.18629489408519756
0.091810181104199404
0.31864385150479996
0.5029468762691145
-0.11219855562720928
0.54999998780887582
0.24645273766439607
-0.0026036183322777711
0.36152921371864011
0.19095177580206746
0.066421807818553086
0.055781745851705831
0.10577835661427833
0.30255144219288177
0.1111021361926583
-0.090050323719186628
0.017981718909665288
0.31325186650148207
-0.017169717108505293
-0.12949885520562446
0.2149712151186994
0.24058207754467556
0.22317682226647015
0.13933307407128953
0.19940149482791633
0.11155915703706382
-0.0086561213904457254
0.14644618056061473
-0.068675391878398648
0.23744856495725938
-0.08454215650790832
0.30032414380296379
0.18250640919906982
0.1248872652462772
0.10495449425360878
0.27271589710673955
0.10227135136264329
0.20504055616886552
-0.0066726164910691898
0.33051469741789474
0.063700918631641415
0.64775554697534921
0.31735135674652942
-0.070152515038718874
0.11282969049258511
0.17983792621322439
-0.05031263849052052
0.38456006849634006
-0.0041171805420964361
0.11731090972830899
0.31105711446461226
0.057582074737749747
0.23223611402082217
0.42891634153458258
0.058782044750222334
0.021388309356061251
0.033915419862276287
0.1676276912464166
0.40293755308468038
0.30081947829028632
0.49616915353846253
0.38420915277037176
0.089008356369431996
0.13507428006018224
0.073267485477891664
0.45887548270928524
0.072968600337765088
0.1549619655497918
0.21209042088654192
0.18984996511672983
0.49560245379190015
0.32338841503340471
0.18883215871037023
0.25397250297416002
0.52160882011726517
0.40658464759344082
0.19909969330005273
0.35470349637821036
0.0095271167689734426
0.31647130104599763
0.17578439504956939
0.36029432100051945
0.4572100098864485
0.36851082341229968
0.50234296951414836
0.22659807140025165
0.07067093281277502
0.51567987318706066
0.2868443129205327
0.31717757848345546
0.11895152233091827
0.200215558674013
0.61803362646428883
0.38507892405602967
0.20139469491268877
0.22640332011590211
0.066188303019261319
0.53439641725074338
0.38181853757829981
0.4439955736111858
0.46209359745505368
0.22739215878609645
0.39932674098996374
0.55635446785201959
0.56508917293062011
0.51088498579053832
0.29172284177677582
0.56944300523090274
0.16998533656141943
0.1674680030629174
0.44010685204327338
0.41590139751403243
0.34542155070458203
0.3137164275226893
0.023465982698552431
0.39259999422904079
-0.00019595353776631166
0.17082912002497355
0.46235174163511955
0.53023957981693648
0.52262819543166372
0.31936645263321117
0.2596651683948068
0.42420687542413404
0.10767128396806354
0.18692981275650716
0.45852904407855533
0.2135020429696084
0.46250262697352951
0.25519018062100679
0.38130354816684325
0.42320002097397663
0.35470125326958485
0.17295329455052727
0.4486019372448064
0.300904474075604
0.21555883754768662
0.37692695665311338
0.17630985638260563
0.46987604377169184
0.32615239776811372
0.38932731326877396
0.58219705155795165
0.46561351907596338
0.15910492655886244
0.3072809860216773
0.55448383173944327
0.31457498060286121
0.087088106388559197
0.61754378100566221
0.1674759084568635
0.41131602905713782
0.48740393456990888
0.49673982527533966
0.35768252807573092
0.56959462553408147
0.7079457839353942
0.36015528295411781
0.23371369311715845
0.19662861480422192
0.67177929645531786
0.42155822042168728
0.25836360477984954
0.41666893916566222
0.8448475138043543
0.35101229321036376
0.7347817280373008
0.48312103632922071
0.58247311382722089
0.28499479086306712
0.52854534536482645
-0.078190976780500923
0.53059780366258691
0.37757355689643607
0.34006477840515631
0.37835903134964294
0.54291761242764103
0.48169522767943967
0.41557319034710116
0.16680032326622071
0.71446787561014424
0.47888244259503643
0.37289765405756031
0.57695850376794
0.59749156110931789
0.23852220936258076
0.39993442866077394
0.48854914313220227
0.61100429311749715
0.18345546446162347
0.11572812404055176
0.81794470652606444
0.56249058684298614
0.87832795978806155
0.44055670891029813
0.29326069810567945
0.25307645525259648
0.53914527677284796
0.42672818244336463
0.68930185021221946
0.85885524894655974
0.90068084892542766
0.75199960282901557
0.40497137864591048
0.6107000156645026
0.64316026023021289
0.47211270523715193
0.80424607102375067
0.44619287747793757
0.6503148476866466
0.91219038309687872
0.46590987733637357
0.24686365233036869
0.7674981036097327
0.28935353780402628
0.52793170072674567
0.084867272038656585
0.53794461145972228
0.75394270914330641
0.58865122088670641
0.61824736419165294
0.6357132571934847
0.60386220417884151
0.61292136643022443
0.78583160210345138
0.47373961279283239
0.44869529291697369
0.57502307608513736
0.43646764632714158
0.59519429100872645
0.46871889804166356
0.8947397740736438
0.57935000559030692
0.45335129609524671
0.44573340178426735
0.49136034577747012
0.64374429801968958
0.56184302080328574
0.89480196560848901
0.36622453404837141
0.49954088288209814
0.54346374069672365
0.39316602277497142
0.27846510778324801
0.4631890842402796
0.42759482464078019
0.36174195224078115
0.77014237479958725
0.67933932340641379
0.60808155552305598
0.67298639449279762
0.81094583653443575
0.39334656567887583
0.52130121860406464
0.23644626881483649
0.44923347645884248
0.78334482729029842
0.51937684961332953
0.5588422174948231
0.79055408425182949
0.57474830431493584
0.99971051280624001
0.50351445353682234
0.52533299101178721
0.69130941999868689
0.48661846469969489
0.665326381190676
0.53721419354813649
0.90337671184264923
0.53423349892550231
0.66775887306265658
0.58374755607418272
0.86867001196777505
0.69516224193235998
0.74137594300635024
0.27141507644001645
0.69850540745574052
0.83630316879113875
0.31528349220137603
1.0345804151232254
0.44716889501601315
1.0995055920945984
0.48697669969088825
0.64218267221421887
0.86713370510218246
0.65747513392082113
0.80466043345789851
0.60636540777713777
0.92678924054332135
0.831962979410516
0.61472857040571915
0.91069080768186106
0.93478701107086204
0.71767694995586906
0.54624686941234968
0.77541788448277804
0.5484423753401132
0.61003105997086182
0.63018485879149599
0.64126285784992754
0.5159689654331221
0.38491250553438083
0.64241950089489308
0.65314580938985911
1.0562769856225085
0.79531597968226531
0.43653584176001403
0.53785745306901078
0.68084230353243469
1.127066853160299
0.63551492573610147
0.78688480127041283
0.69352370351214165
0.71111125607442272
0.81906024996103799
0.51499565002723802
0.77031810434318293
0.71295390471644993
0.76084579640170691
0.70370647236823625
0.96337861245825629
0.48386405206938859
0.90996408748317315
0.31819773840854437
0.60100820521152831
0.76832949358108549
0.88535483787648683
0.44879527255961466
0.78284461269664807
0.68053244748547226
0.84373079914706317
0.66338442779398987
0.89539884378623358
0.77023917766869632
0.65012438061481015
0.81586805124866035
0.84698826424087692
1.0353551086437509
0.64536216859024398
0.54690561551739325
0.45734179664452401
0.75651725740674847
0.812021626115776
0.64186018686357449
0.62999958817014823
0.95023117661247691
1.054482784709935
0.67781481378335851
1.0108946749701297
0.89282640320826534
0.99885123091687023
1.1380088009614913
0.58252460355479596
0.79805547768014962
0.83742646093999773
0.46224540219965216
0.89899035845804165
0.85031565507791385
0.51811487646961607
1.0019874840465839
1.0344021702498587
0.78049212871216478
0.94787631838350739
1.0675802572629463
1.0746637928756555
0.78594683854181346
0.8945637712771749
0.95593942773900686
0.91427120613057078
0.55004156770207657
0.91915633583766498
0.78120240859658219
0.76813672556543244
0.90141183832751948
0.80786232664349855
0.97224013352470484
1.0074151105156428
0.78663743104323292
0.77542091465463903
1.1461042991857717
0.7256215933456216
0.89126078447442569
0.68711092683182839
0.65524308385076879
0.84760512994386172
0.88107280199289395
1.2443171463582767
1.1214440678392432
0.961280323170843
0.86290541880354599
0.58985458065223073
0.9850956133427281
0.97717678737306335
0.90646094002297795
1.0440139018526675
0.74911853688889973
0.93911035640477925
1.1954646651639185
0.92938530131401009
0.83977196690643174
0.64602105344456828
0.51040262061371089
0.67813342464991466
0.72837802512358463
0.84193095051299471
0.60317401161641271
0.68066819846219939
0.99538950382265556
1.0893696198237472
0.7299429647401815
1.1596073005683114
0.97054780945364649
0.7565772022415167
0.86837849091516373
0.89389415439499997
0.74706307021351592
0.52804317913257071
0.82167973138104811
0.99738325230024572
0.93409916315067987
0.54500863621530371
0.86875864485072474
0.99002274083756447
0.85848885080904269
0.85005564754691021
0.91856228598736345
0.9772870910095649
1.2621133411302077
0.79099093784952923
1.4048431186391384
0.75995138086150038
0.9859938432800226
1.0944345107015621
0.72041875133203748
0.89736233780924379
0.98493522763174113
1.0618286655541738
0.74341548338996954
1.0302741822082764
0.87862983126881933
1.0165622923977675
0.73517059522109929
1.2526239013395597
1.0244320349364036
1.3183874301143959
1.3253357995451331
0.89046864562960537
1.0458382473296448
0.82155678354492512
0.95394031270181345
1.1910436414485388
1.0562394036325193
1.3105088643901934
1.0241121386766434
