-0.7613211114765176
-0.77751621173696384
-1.0924922628526643
-0.75399603047810537
-1.1983400023727917
-1.057602789236155
-0.78339662269607702
-1.1316485639959148
-0.9350091781691251
-1.1205476648681245
-0.96803564882687021
-1.2494165723782078
-0.97718724109254451
-1.1542986416470113
-0.7857221482872393
-1.0254394995128144
-0.93053215212074425
-0.91302759389814536
-0.82757450785813269
-0.72795397455854982
-0.95292292753874652
-1.1046962709529389
-0.96444649788119508
-0.8154214870885661
-0.70853253316569076
-1.1255194442085863
-0.626049295531662
-1.0514718739186846
-0.98285111025179006
-0.86977282873354034
-1.2646456259885495
-0.56283849831529065
-0.93945370008713924
-0.94694334001137581
-1.0076352231327983
-0.92896952529025534
-1.1112731178015729
-0.89015328744512612
-1.2239725391769869
-1.2279501151979604
-1.0199037075079822
-0.891834291121537
-0.83275743577453099
-0.86186527595903639
-0.98805040213040674
-1.0661198329778554
-1.0286433518709668
-0.61444640255925831
-0.86692123275081745
-1.1871626559745088
-1.1461293796491372
-0.58793676487802715
-0.72928820055870247
-0.92005335292227775
-0.67491236658357778
-0.74924108200154294
-1.2455692680214099
-0.72436593936969285
-0.89403403194637088
-1.0080126661091855
-0.9006352234729349
-0.94703533320473066
-0.84380415717657287
-0.73947283363842553
-0.86145093277061036
-1.0863324549354956
-0.83336548037068647
-0.99969049095002327
-0.64559883020744158
-0.67470598561127504
-0.79035017570231081
-0.64379569073273069
-0.56027183423644744
-0.86958140222382352
-1.012828684909838
-0.83162923647761955
-0.52291629825115982
-0.80541088353279056
-1.1389736871955636
-0.67202909100073249
-0.82792397596192246
-0.80915140161349108
-1.0121150986930436
-0.82008394654132066
-0.40892424485381085
-1.0365886551237555
-1.0447393213357512
-1.0125067473135259
-0.75917773651343101
-0.72130307875483024
-0.75478997425003869
-0.65950543465782652
-0.99803302185963483
-0.58071288941326338
-0.35813814007316636
-0.86990183314145964
-0.94957399192873548
-0.65842063845424614
-0.69357100924868109
-1.0375022409608841
-0.73179515477683066
-0.75084439024966554
-0.92547445006029982
-0.82812941609652779
-1.0051516819901858
-0.76840741680895486
-0.7093166413634393
-0.87432987817334251
-0.77351325705697993
-0.73427403947851777
-0.695543908673808
-0.74699356278976281
-0.63925989716121379
-0.6545299482296586
-0.82033390941092632
-0.84399618890119299
-1.0957739067939247
-0.48500005580589373
-0.50989221375997318
-0.84767729636753431
-0.82669280763479691
-0.87706173357645412
-1.0795423517386065
-0.61088674776961649
-1.1375841439075947
-0.84575820918637634
-0.89211310541089084
-0.58778279979520953
-0.54237056313259968
-0.64268085186385138
-0.71787912354192951
-1.2320480695402387
-0.77459016817508564
-0.56576648926458362
-0.87837264978612795
-0.84635104320711396
-0.92024595899834127
-0.88995808575997826
-1.2147915886375902
-0.43416020327703858
-0.58355994849071346
-0.65617600614457883
-0.67610431914304459
-0.65141433344445909
-0.73509098989631938
-0.92561154425493053
-0.92991182549086537
-0.88142768532115634
-0.31838381352082029
-0.43843839540240881
-0.37450398998222506
-0.51715004559855526
-0.83571970397874384
-0.87161533584479534
-0.82172759353446301
-0.62836849448590115
-0.83215261805460816
-0.7381081696055698
-0.63124521634404429
-0.50929514594899172
-0.63015519487981342
-0.9152913749950129
-0.59918092935514955
-0.87867898497255004
-0.74983274865924887
-0.51030817602612966
-0.52199809934993846
-0.90197708327268467
-0.67963317482496721
-0.39839008952674915
-0.69585777709051566
-0.76579789302694401
-0.73635363522199482
-0.59366330671722534
-0.44757228100734231
-0.62365831087544377
-0.85177361249777439
-0.56861121752347132
-0.92768953541691079
-0.10101295257904827
-0.57205921638077972
-0.82769867053672497
-0.15180107587538502
-0.85152461740044272
-0.86130545834219174
-0.85729286810152494
-0.43745049911599498
-0.61796174539394433
-0.2517731163684282
-0.65008602170230534
-0.70751264644483991
-0.26226868721438257
-0.41437374004128658
-0.55139120084932713
-0.90578268529430905
-0.39007577344280436
-0.81196110903730168
-0.60178355381714876
-0.31940415779032455
-0.66896545309738886
-0.84608710690928768
-0.90121373667047144
-0.45272434255732147
-0.44456814579271053
-0.84406745800838023
-0.72823550873235565
-0.25873714816628696
-0.56392725787975362
-0.80329302395982971
-0.62860462140419293
-0.59807127755916978
-0.56001350768785241
-0.38009158536894649
0.018881083986711931
-0.41950882370766607
-0.4581936361231268
-0.26975777266066758
-0.5811709592546237
-0.2927919473823769
-0.65120481310031442
-0.3451904530093603
-0.50213947440739581
-0.66813023076096922
-0.44019021934697716
-0.51397405270537366
-0.60825352823035028
-0.32475740984361751
-0.80266428949039437
-0.54599046445395705
-0.32605225092531187
-0.75040565247456148
-1.0019087389052783
-0.58077811969923876
-0.42884582142578798
-0.6397822363032647
-0.52255358443874045
-0.59167364378959386
-0.75872918491180896
-0.44666242351291258
-0.51129884433543404
-0.80184339406092175
-0.31399348004496264
-0.32093683256592775
-0.2567267794880656
-0.81247582510455973
-0.54311161951310505
-0.21475059268974775
-0.35467426845456668
-0.76289452097533073
-0.57943725460644102
-0.30770831309512076
-0.39319290675051138
0.056166743559745415
-0.24346942340384731
-0.006584390167365747
-0.49498161276145131
-0.73127428543407347
-0.18877248535986837
-0.16748915287598815
-0.42324183310591412
-0.1866483259947036
-0.27865136718036149
-0.58544505327939922
-0.5009781639391756
-0.27494041547687476
-0.39086831113781972
-0.41847347181586286
-0.91892664027568516
-0.8359026810602419
-0.68367883153605224
-0.15547092912699506
-1.0460277097900497
-0.12367240441061327
-0.44119102911880687
-0.46624074655683101
-0.34037721039325181
-0.56297843823701366
-0.45130810270772487
-0.19064440035211139
-0.43851584205901739
-0.59279499718422413
-0.29310079766357933
-0.34003084337383488
-0.37872393585569974
-0.45644574962912476
-0.41343977123101949
-0.6311547979534724
-0.37168549257691141
-0.29603157137371522
0.0081639437029947196
-0.4656680650235841
-0.61258797096817275
-0.63378969582380695
-0.18481853394644313
-0.080386426105291314
-0.53897696849501375
-0.31763653233111655
-0.38518096914633615
-0.57311072915963868
-0.52620713281090037
-0.3357665560057323
-0.55429517188813637
-0.37255379423041707
-0.525810284191363
-0.12225268486715295
-0.2966539831751166
-0.72020663636297033
-0.55465283329547566
-0.36638808920167193
-0.35651776883323832
-0.77602805289122057
-0.6648697891535591
-0.0020628525700793075
-0.3998132984887135
-0.12201550857885574
-0.3721248041341465
-0.20941422716983826
-0.46494551183466004
-0.39975164659840956
-0.31464214399479074
-0.062240608858559796
-0.16051043046483007
-0.069726643259297727
-0.05696308649983408
-0.40357924498334052
-0.35652199833331516
-0.29698006924947057
-0.24783791625647841
-0.5929801892229779
-0.79882963422495767
-0.40075948459535377
-0.27406422396861663
-0.438335722506904
-0.30144687906502238
-0.42611607511644589
-0.17946492084754612
-0.32695022302706261
-0.30631249905242197
-0.50665245325760977
-0.54605791001121284
-0.46247847520672558
-0.71337246034536694
-0.26956027828240414
-0.55961854518428444
-0.45157885660262725
-0.59344443715911466
-0.47947208169024963
-0.22837908158438516
-0.12979434508736556
-0.3703869814917688
-0.71145389331902131
-0.34340475345736443
-0.24057328310054718
-0.1500395949920392
-0.11474567774938493
-0.33753933072705261
-0.081095470334093214
-0.42046222915435494
-0.26653820729121214
-0.38122307112652565
-0.35875461586655116
-0.36315040966479206
0.045440342011907546
-0.23158661832873051
-0.53118259328041628
-0.24832891215111949
-0.30298049319139103
-0.42970156912221147
-0.16612111137851027
-0.49403949950187437
-0.40777274584962103
-0.20850728352209499
-0.18998263155057191
-0.12667624540982522
-0.22740978634432266
-0.24422936731363096
-0.19293492089274095
-0.16008440143117361
-0.2562406930354883
-0.15767077332484766
-0.014447698657550837
-0.59852789941299045
-0.3046711372801601
-0.13786970418286432
-0.25738558241916909
-0.11053145272037181
-0.22529428756286779
0.028285056440125349
-0.21557648045010727
-0.41774915858857081
0.019123735868120304
-0.16128130062181295
-0.39156863062745884
-0.24891211255035331
-0.11408218323658743
-0.20009042636386698
-0.16080684814478127
-0.22771276738563287
-0.31954041217072165
0.041691607798822646
-0.21363566852120858
0.010470678517039657
-0.2482912144431999
-0.15843863653650136
-0.17988023930390343
-0.418065825881279
-0.1487756830924831
-0.063136536279452385
-0.0030775312475636008
-0.070886213999406616
0.070753253189067139
-0.25690604959528474
-0.054098196018307176
-0.00018940653896330574
-0.49787672481828565
-0.0070291721286898862
-0.35350510714268141
-0.2940311097458061
-0.0058148681667482384
-0.19118932370319308
-0.29328041375274988
0.044417534324020763
-0.40828440193571885
0.28481914949552795
0.056184423192200003
-0.13317971616225827
0.018429316191126206
-0.21220893565587937
0.086928868154137584
-0.067578185938781385
-0.071840636992864942
-0.67858446491217839
0.049952364201628921
0.079832927072075191
-0.33664221007802941
-0.51168403708946619
-0.22409108921647994
-0.456004669385982
-0.18812546245836936
-0.29398737325808638
-0.45467794451841786
0.14617762281827751
-0.025419338174997998
-0.17660342588837261
0.26099328203488914
-0.16190932876318484
0.058187960825299812
0.06976908882782859
0.02460244376305443
0.038886703365949155
0.15849814438934212
-0.094836197418123852
-0.17762766137315697
-0.083252423480361673
0.24410246751196177
-0.11579728840746173
0.13210968959530051
0.16292095681528304
-0.10283961379709648
-0.010394029035151133
0.12209704123465957
-0.25130239778256108
-0.17753300667026659
-0.094557190928522605
-0.24960295383409556
-0.32623801437681244
-0.35507042559542756
0.16171342808191316
-0.066435975125327951
0.11077228635648456
0.16478929334455764
-0.1241232831796603
0.2977972347482773
-0.11361756266614145
-0.2367898337146607
-0.061846466373286529
0.31080049352411265
0.098294430012073858
-0.30762853349999092
0.0322912522925645
-0.014948189473727497
0.14894953186897453
-0.24044627554867121
0.14369430130360727
-0.1760133265258145
-0.05062835741828077
-0.21822839451079534
-0.040619023506926533
-0.41584596443420996
-0.43139793951639449
0.29239696532640097
-0.087768507215597411
0.050409752137922273
0.22761120993480655
0.047996243517491932
0.028849691814127339
0.16899891201513462
-0.23096583815378632
-0.29101197393326766
-0.38244088399870879
-0.14741752470128922
0.096356100512743348
-0.38178587391106783
-0.42278538787867936
-0.061492379230446738
-0.035757173864711694
-0.058323262338182635
0.23654079413753207
-0.21883786496052093
-0.18514331848370635
-0.21602416616491241
0.083960413686657812
0.11759256113275014
-0.11028258100249851
0.033780504066194893
0.083324263343609081
0.050236694114483747
0.087927841318187788
0.14539825107855542
-0.46703542471700954
0.071362532815834351
-0.1451242795264468
0.23237780918259163
0.084462089176537733
0.095142522374490751
0.20480363070170546
-0.2689664639117581
-0.022175690676056025
0.37451822578242211
0.020760380976277922
0.031032478376450748
0.22558059803492617
-0.2355755280529564
-0.073571405794187653
0.025056338525693521
0.16358195127049313
-0.12149394819988256
-0.087695242854506139
-0.056192864566332351
0.080935007800810088
0.27220176796826645
0.39666438406688892
0.31362784311659908
-0.13953506584217673
-0.062802831721912075
-0.25788700930486691
-0.13484399779524137
0.31099281807541501
0.10881053800748558
0.35092738678976476
-0.18674318726914171
-0.33181353687779674
0.1380554542066276
0.0061102683259103606
0.11503826624308004
0.034168907176017449
0.0062524653588152757
0.20977750170152243
-0.064422844407561353
0.42472557324070648
0.25961305852816141
0.056494039237987792
0.025185372646168123
0.35071692357893564
-0.081574940438893337
-0.053409959105255062
0.092369633198766926
0.09833688100651046
0.2915268764598492
0.18313515474670153
-0.019017632004889491
0.17076911484693763
0.29046044453890968
0.2436871433869251
-0.0042921926058357021
0.4528089839453861
0.070613019737241406
0.16065443606306931
0.34568814383554919
0.30975905930158198
0.36079444480589545
0.28801945966750364
0.15976081117036939
0.21906378271571003
0.31898477154738081
0.21289708622685291
0.11719215976166451
0.34895644830399286
-0.053145905326679635
0.092074920954504882
0.075688571052678094
0.56669616533223244
-0.14515215559976308
0.45388926205522012
0.25787619676720508
0.35029803647852514
0.18787645759763766
0.24978222891170951
0.26507155358810147
0.1811682092709572
0.0061911410196637384
0.23216697629852989
0.044325745954697127
-0.12393593028999882
-0.080655511292494403
0.17830356918550552
0.38026577875383416
-0.08171167973443276
0.32311988164983346
0.15141071596559261
0.2870778313090504
0.076841080245644441
0.082310278282637317
0.33801168419455435
0.026751366094884939
0.1200927583547695
0.50673606503366009
0.49814648217962304
0.29783349321952135
0.090368299323580953
-0.11743394701858456
0.12413169119760403
0.33462928668818709
0.10938055454985317
0.33824503208545842
-0.019737421017374874
0.23287566488867895
0.44403931272521641
0.47367414735341723
0.2451373364591331
0.24765700056644818
0.38054577190379718
0.41431500415671185
0.39319944280319813
0.051152958901160561
0.48348508837033349
0.16072224041656144
0.29650451294562191
0.06372755644904847
0.11984026396955157
0.24795332535614001
0.27784408652603448
0.60233961931067037
0.33336899264029773
0.34453454032701747
0.48915555636898483
0.21422443197636584
0.13463894187815498
0.031202255202042169
0.20251982581900935
0.43327598159873132
0.1613999657122086
0.39295161433288445
0.35121576698836776
0.48078743054194317
0.16336082464292462
0.16350701625057115
0.15808821724819563
0.0067909919810159756
0.32508869151368025
0.18397776684042902
0.37218822569676419
-0.19892410199213345
0.66754378016138993
0.73548018718660901
0.22524954212125844
0.45065215035428835
0.35622513783484921
0.27123277005871932
0.29645075692957201
0.51547335228200508
0.27380205337328034
0.40999224744828111
-0.049170901533022303
0.09839320259278124
0.44841830654769793
0.35821333362021429
0.2779027244507879
0.37271331357807058
0.6656804377452451
0.413669653351253
0.71240729971482153
0.22992503698681616
0.31894114886370456
0.50511387932699892
0.76344650998652386
0.27725072259338945
0.39727612219059338
0.34687694921558615
0.31673355178688389
0.28721388728407449
0.57078999405223252
0.13199557303604709
0.6290500249419918
0.47376237645038077
0.41019520811466625
0.571360188386697
0.24609538464966971
0.26512364183542841
0.44980871783964665
0.54898598605289339
0.30297759716219402
0.52043069524087748
0.34105556613554361
0.54647993814727991
0.44536803949022391
0.60699436249901317
0.30351783178352193
0.5930885094628735
0.27484143554433604
0.2395344212568456
0.40989082323535247
0.13397691606882828
0.72929283617127172
0.36708224915819543
0.13880661103055977
0.67836122560111645
0.4265219827481655
0.2932704898897755
0.31916606739025438
0.57620193522573093
0.50657925932839476
0.42519160659563093
0.64201301736036409
0.60600705956326006
0.57645026874189109
0.43999586816220648
0.071796019831574812
0.31691705715034452
0.68835522330139598
0.28425474282041563
0.30108359876035551
0.48335445434711488
0.28251217990193589
0.40957087084947685
0.61259913071762206
0.22002930732336731
0.55326360037835765
0.60209759566676524
0.57032465715634217
0.56696766965061784
0.53171536288582599
0.27356591844523165
0.51861281127837733
0.64811314439688616
0.34811876835200406
0.38585775821821361
0.72804613310461419
0.47532692384781999
0.63009779094909679
0.58567618721207881
0.79815438284275486
0.73986082341762771
0.55836487158680637
0.28667832264252824
0.70740505485983174
0.3796641991805339
0.3453326103854093
0.60756034426466954
0.2274697011636585
0.42080573259490933
0.23696768669411469
0.42592237496045193
0.44341233171006522
0.49009690363517144
0.39374387719140541
0.70239965761107737
0.45354310409868609
0.42065714719937697
0.38036723670008621
0.15226389964047135
0.425165429869515
0.79073694550390716
0.75883061647385608
0.52627774630144852
0.50829037729293447
0.84162365430655017
0.86468708764353408
0.34343171263328109
0.46746289198602259
0.67473470448762352
0.30595379670809586
0.43924927812380893
1.0423108561440122
0.74632049735077277
0.78205377148759725
0.65238559564776522
0.38323197423824684
0.58632283469101709
0.47241112291821369
0.73543898438847721
0.76362693413002347
0.35667126472243343
0.6618366819034579
0.32671143484793397
0.39090967119949505
0.51689716879061676
1.0643063803478425
0.77542086674766508
0.2634576671736471
0.9299307958501104
0.84106306460572489
0.71206429389807879
0.52697716784638271
0.47892250574922085
0.67085500283482968
0.66628786064437262
0.45900502160916995
0.26267917730209728
0.45419502985463633
0.87908179070341697
0.67256413033580353
0.82372121878043669
0.73778417013148978
0.6206409148277876
0.41253801194479106
0.90685329244069024
0.25663208659184911
0.60140509252268803
0.51987744776170108
0.60937672217769268
0.79384672898905295
0.61324834594126221
0.8287487446190368
0.82649872050248419
1.0455873753301961
0.77780577723702793
0.61251395649795204
0.26004242428237367
0.83369308004310938
0.76500320356626661
0.64284236846027831
0.63385779145139665
0.54054443952235687
0.79749754278027141
0.68370335320673803
0.85302750025072893
0.965083775134712
0.57122003391953968
0.63339404464385829
0.68841625995112177
0.66018752424248861
0.7486474734379891
0.63184733024311834
0.64061070260246566
0.66759757344417636
0.65706400613360239
0.65984832705406626
0.53462548844164537
0.68059608085574952
0.7821701113218138
0.64822936318405533
0.54534808931118917
0.83514829033330207
0.81687342379892225
1.0126447786656074
0.61062702342125152
0.41419769632540104
0.50079348098088516
0.57943093989992867
0.59535687260995462
0.72081144290064991
0.18543817625692124
0.84914880981089813
0.5836269070520832
0.76586420076534234
0.57027067132698528
1.0018479170428496
0.80954573138052288
0.55906141454534564
0.49162737571961185
0.64083874909372429
0.64486326275271599
0.72787939053403938
0.58128140222652291
0.49427648679569497
0.88819762281575498
1.0150375940232352
0.84013347405669092
0.90074654730727877
0.54085505691335589
0.90048775803137016
0.77158622131269838
0.85645548983053021
0.7379041989870514
0.84035038512796612
0.8364006320995766
0.9551390753135296
0.66852647064738879
0.93007303036789946
0.7207192723996878
0.97804281656927061
0.4001811663100675
0.69498611731589977
0.47541636283713007
0.51479795968357578
0.81635815745687734
0.79874268698637885
1.0167067312897036
0.89846055886542453
1.0489499996996754
0.91593759216055404
0.6368133220248331
0.63966984413107986
0.64167863986650397
1.08023156248985
0.96059442581255128
1.0386459724973773
0.43869976442527742
0.92765556806144334
0.93243771032135025
0.80625517972846528
1.0685702563509287
0.9392589983269638
0.70134934263289761
0.68564520826954622
0.87158144883473021
1.2312581289068059
0.69456790023634696
0.71427892564016904
0.73955720103422218
0.83198581451806297
0.68825561763140886
0.66218366018029851
0.90269917168307912
0.45564318693424694
0.69487054919315128
0.6460903503109453
0.97033989615967653
0.81149848657512891
0.83533863609064674
0.79113467620618516
0.47763693979961636
0.8442396596606061
0.96794223391845335
1.0009201382777249
1.1521258341342147
0.8470908779841716
1.1255106003474897
0.93091533299347673
0.47806915826353297
1.0047134985396544
1.0291630592270093
1.0444655491294244
0.72795708793968184
0.91247755001200881
0.92928838479977094
0.77619923404908864
0.77619611265312138
0.64461196389727482
0.84275527171528253
1.2724225295394351
0.80856508460008591
0.76566049259227187
0.73409782191695283
0.96158420033189984
0.50392888055377472
0.97315623326226652
1.3898272938262115
0.97650205609329455
0.93680497734616253
1.1829896611976825
0.92331400659728435
0.69610904913652027
0.63722877206188588
0.9727693114610878
1.1619662948460805
1.2759565457045898
0.77911718195261703
0.72784061305653147
0.71015416830074329
0.99661906891454466
0.68811685725789229
0.89284248781053988
0.76263271694156554
0.64765803274442268
0.86831035608743534
0.90235892331120027
0.92545278159231048
0.90776321906593982
1.0198691021812583
0.97295350799231639
0.79776599258314507
1.0796748726058636
0.8295189376153953
1.2314044220437113
0.74135535358636939
1.1007647828153009
0.66849174411057477
0.98367000807433336
0.97163654002801481
0.69268608235937734
1.0667214830823164
0.79740925622610892
0.88236217122558225
1.0996056288662861
0.86572713122608536
1.2370221938434363
0.89525356215863183
0.60983611992986442
