-0.76683705038892935
-0.77158146708970443
-1.1020973865850676
-0.77968105684756017
-1.2218095398965769
-1.0603519497638387
-0.75008633143590953
-1.1227782240553692
-0.94913242110394846
-1.1137125107341341
-0.97109553609320221
-1.2468580883002014
-0.99370520226791037
-1.1626746028849135
-0.77563790337510374
-1.0409080346890021
-0.92582088687959541
-0.88312038702524598
-0.82903976742017649
-0.73209020595071195
-0.94023027024582329
-1.1082723115827438
-0.9514063258731229
-0.80058670713467628
-0.70530826511742695
-1.1319560544675153
-0.61271689391041717
-1.0558059310519705
-0.9961644008016094
-0.8590709537975102
-1.2771367367442674
-0.55634020461214828
-0.92729091675541919
-0.92778911901611738
-0.99044165227909386
-0.92465277904564802
-1.10312755605393
-0.87851379767552362
-1.2351788105676111
-1.2355107304744051
-1.0367878684750111
-0.88978460033647799
-0.80803965780937559
-0.89623422001413444
-0.99579747738045066
-1.0411813962722323
-1.0281436281169387
-0.61228186497792225
-0.84774663485089197
-1.2020663538155618
-1.1354722883310173
-0.58602295523988435
-0.71297142810456338
-0.93184408861567136
-0.68222567717519322
-0.75359479663720386
-1.2515952149132155
-0.70322676889053781
-0.88527901604661041
-1.023867952835404
-0.92497445957644775
-0.96017435251591066
-0.86972546757336755
-0.74955121729803553
-0.84016196993691028
-1.0733645651867989
-0.81662940213307511
-0.99121091901993341
-0.64598950433124824
-0.69693434787912578
-0.76307504084465561
-0.63922150717359916
-0.55943074660790759
-0.86568662714885503
-1.0322042058689034
-0.82251079557891293
-0.52360243600963963
-0.80074019885729197
-1.1369569111670672
-0.69026227881433788
-0.81108973283867714
-0.82299673886082381
-1.0274393096019052
-0.83801580611201332
-0.41763203198872328
-1.0168510178293348
-1.0170449063426323
-1.009376356886472
-0.74579369665560813
-0.7253883338981254
-0.72573387941198098
-0.66150947939796234
-0.9990583726912855
-0.55919052157778137
-0.35546968607958324
-0.85182097043676397
-0.94071211609873262
-0.66960155626247331
-0.71739082539452637
-1.0572615550333837
-0.73184508522430114
-0.75107332662490056
-0.91611103012750783
-0.80937850636326769
-1.0268325985476729
-0.76407117672464042
-0.713293895876012
-0.88184406614463973
-0.81068085573913307
-0.72158675589518784
-0.67581425089422131
-0.75473292043249252
-0.64251390770712047
-0.66099210673350428
-0.83594173076386469
-0.83421438701447392
-1.0957935664400229
-0.5030949399322967
-0.51134610688845661
-0.85602063844687437
-0.82271749021543528
-0.84539375525930605
-1.094199867371656
-0.59991777758746156
-1.115175262386068
-0.85330919611282774
-0.90974753035758948
-0.59087027429418504
-0.56208509869178414
-0.64122475120098055
-0.72404951066841761
-1.2383435755850312
-0.77028681292532253
-0.56782142978644212
-0.86927189053928999
-0.85914232915633881
-0.93042867561784959
-0.89468154162663038
-1.2099419785846877
-0.4303458429056935
-0.57151729395780659
-0.64512658907061582
-0.69256029746004977
-0.66044682193610604
-0.70482992217162155
-0.92945087464369636
-0.92686709100996578
-0.86336927040259903
-0.31143836789747031
-0.45431590302027752
-0.37269464233174321
-0.51891706990519282
-0.85240718648966907
-0.87612042438868187
-0.79179983528053854
-0.6322046126264933
-0.83641782990947799
-0.71812867693709614
-0.63950792565551684
-0.52071793916008369
-0.60562340094770284
-0.90429843901828
-0.60390506812066558
-0.85905015278199415
-0.76272764514923541
-0.49934184873304521
-0.5294618766468715
-0.90823135239156294
-0.66047814062500676
-0.38273922508962832
-0.7038012920180603
-0.75011132481753118
-0.73327978313727016
-0.59277524891101463
-0.45975915426141689
-0.61535820999470714
-0.86919024242131737
-0.57624980772509982
-0.93909229168846342
-0.091662273643198122
-0.55657447422460626
-0.84173613734984098
-0.13999129524557116
-0.84357108760203858
-0.83711886546141312
-0.83910891641757734
-0.45417269147937911
-0.61110076747228959
-0.26750282989814156
-0.67215456075780888
-0.67643563940357576
-0.25224502677595945
-0.40814175468293823
-0.56230373719556315
-0.89909558535092604
-0.38635647590752548
-0.79525725235084499
-0.58810586839821621
-0.32977400110783889
-0.67029374263640917
-0.83541961969749834
-0.92296002691073831
-0.46886307321241905
-0.45499867208030292
-0.83299234162548075
-0.726631986398662
-0.24979592234921894
-0.56722360879466638
-0.79482190337962788
-0.63341709445844119
-0.60887708158476306
-0.56441311505839997
-0.39931328854550741
0.0069621972796614241
-0.41068401090655626
-0.43832109306690159
-0.26865022772146718
-0.61711980657523335
-0.28714947484099207
-0.65429254438895879
-0.32749634052306781
-0.49587506474967247
-0.64857371587859947
-0.45239035496787766
-0.48625909220046221
-0.6166320852031526
-0.33068852602989818
-0.79210874684164889
-0.53476382281912671
-0.32423736330361624
-0.75079040351672199
-0.98964850638221424
-0.56208113043527053
-0.43376103607406319
-0.64299640766020372
-0.54696853976135817
-0.59285918337586885
-0.75689698881187706
-0.42910835839084366
-0.49450898309888558
-0.78675377475892627
-0.29803687941647933
-0.2861596875038625
-0.25701960178087002
-0.80384321494815614
-0.52903449703430838
-0.19520419352928414
-0.35893077675728291
-0.75812333160309087
-0.56924619307547286
-0.2979140226389842
-0.42699545154377788
0.067597132170512345
-0.24088874626159457
-0.0094852188515221949
-0.48986239102070628
-0.72589466595204666
-0.19936145672841168
-0.17831620713987137
-0.44735373984085952
-0.18260160374928167
-0.29073197354632924
-0.61136835839453296
-0.48220857632367847
-0.2931673586667134
-0.40041834004889743
-0.42880109439068775
-0.90204485089514741
-0.82619989340186006
-0.66541557609302227
-0.16562802085732403
-1.0426396329643084
-0.13250388325004747
-0.44547773441953409
-0.49768243909582516
-0.32149284225236829
-0.53923596631551651
-0.43012239460258223
-0.19872491130322881
-0.43088862515629844
-0.63071562681977522
-0.29206956430220382
-0.3419242555043252
-0.39001961291528864
-0.45437832180462479
-0.40900390297602035
-0.63246077704220804
-0.37099680721997885
-0.32522996068575577
-0.0071355910142169776
-0.48103153488830369
-0.60165285435924953
-0.6250995867628486
-0.18435018243292281
-0.092723365071232022
-0.53957860073841457
-0.31521152090489252
-0.39109826909572737
-0.55049316837001849
-0.52553475709009434
-0.33644467433849989
-0.56669893246049641
-0.36009351048463956
-0.52295768538255694
-0.13342871669143522
-0.28158985661047314
-0.7542958448843029
-0.53704038396763054
-0.37517084633456999
-0.35112580658247833
-0.75128964283566324
-0.66893191421240983
-0.054540756465291329
-0.41232749422298598
-0.11031442340538439
-0.36679211559517516
-0.22159199853208253
-0.4882436801646558
-0.3933698081399426
-0.31015849741282991
-0.088673103910300033
-0.15734957555984921
-0.078419077624630129
-0.051940872143463351
-0.38945638832129365
-0.36739489821979093
-0.27634319342417041
-0.26057194875473305
-0.59380573925672397
-0.77933369493277904
-0.38226341497761734
-0.25125371947375669
-0.43093759242328766
-0.30671206215808094
-0.4272365544900214
-0.18019085952832301
-0.31182451725842103
-0.31820604599117086
-0.50264121120171112
-0.52214022089323098
-0.44537452304516173
-0.71635377282081503
-0.26257877643014005
-0.58463372364103383
-0.47420974682615025
-0.59005307609190383
-0.48807643318627258
-0.24685672363199121
-0.13933964558915113
-0.37642786977815279
-0.69962468741003569
-0.35590752395109887
-0.23308093361084484
-0.16918946509514671
-0.11443087092353209
-0.32287636745171072
-0.076351631435877726
-0.42975931793524513
-0.29607843417928975
-0.38847074960757083
-0.3420803992436639
-0.34859311748293703
0.055035399069606146
-0.24956843159132466
-0.51356371462161232
-0.24467967063300811
-0.3029647943112494
-0.43790676149792851
-0.18178956609517097
-0.49857046116652498
-0.40760090926717463
-0.22585238953592718
-0.1885120139132381
-0.12132569037150986
-0.23145126196696394
-0.23417655745103585
-0.1817804531253169
-0.16503642965609555
-0.25987815032484113
-0.14921974158062598
-0.01921437332024194
-0.59253781325489052
-0.31039540218585304
-0.12779942637065603
-0.24535964999351514
-0.1197475081626603
-0.23318909266792159
0.026816896062305293
-0.20382633823402918
-0.43088302669454503
0.019434560336108631
-0.15755609758555769
-0.38724236855164024
-0.25562542374859859
-0.11860427726891201
-0.1992517042849779
-0.15912604134184588
-0.23418778946992491
-0.32435436448741833
0.057634891273708133
-0.22427054291598442
0.019637270159354472
-0.23780494456375137
-0.15677627034978495
-0.18035109430219845
-0.40374527844638697
-0.15341574957036097
-0.052052531970977076
0.01416828568825379
-0.039765648944145186
0.049779238579218885
-0.26317824438873266
-0.042222103982473363
-0.0085463702891321672
-0.50180852038704682
-0.00081471534521984352
-0.33715077997648346
-0.30696472502713945
0.0072956047045672932
-0.20005321402169426
-0.30428740433736867
0.046809907488626741
-0.39550314024003297
0.3163547255484116
0.065819577763296888
-0.14512721198666764
0.028988580703670934
-0.18687585398885118
0.093190705004972549
-0.075340381138502804
-0.081256255628152196
-0.70807693462250776
0.023820325972991729
0.074062708660920407
-0.3267801642701269
-0.50736671456016535
-0.22605188136160545
-0.44910480386651924
-0.19717653787355127
-0.27818604176770911
-0.44919195289325381
0.12884769484749123
-0.018470661998500434
-0.1789738383362301
0.25741362890489977
-0.17183086269020181
0.061179584645516941
0.054797621803751292
0.033101630286147661
0.05454636158949721
0.16029723556179942
-0.089857836786477463
-0.20185121424928598
-0.10496445815692006
0.26333109544835859
-0.091748509215902926
0.11099527755291411
0.15523622624978811
-0.097176342685138167
0.0034717096546712603
0.10526903735178922
-0.2697368687300189
-0.15375973346263919
-0.13374810570189635
-0.21776491812700899
-0.32979305408813325
-0.36189824823785499
0.1853213040541056
-0.06490432351785784
0.10070008558610689
0.13982585652457322
-0.14511957784646154
0.30606429859641776
-0.12322447417423639
-0.23676470649471512
-0.058333415568728619
0.30645889042954294
0.10533042427084982
-0.319005193102748
0.041009552710354197
-0.056477084369552427
0.15407825349815243
-0.22011498144524697
0.12027793574275915
-0.18607313442533052
-0.055644694758878122
-0.22517702791860345
-0.026483057160989677
-0.40732633534554841
-0.44555846207323779
0.28453975069161752
-0.094246571981538976
0.048086044379019546
0.24286601795612864
0.060353081886720519
0.048458339889464498
0.18536672027151851
-0.22617551840934805
-0.2949135602932289
-0.37821009695336977
-0.12379810756541609
0.090554221654825323
-0.37932279281284204
-0.41776348364077209
-0.037735851798527315
-0.04278839904549582
-0.067305054334806116
0.23124295324167982
-0.21750363124438724
-0.19164300368049556
-0.20016115308662161
0.056391625552351304
0.10427911314948704
-0.09931327314801415
0.02690659736280766
0.096277114542642372
0.059477042268146645
0.088471682373186145
0.12842280818220328
-0.47976402393461504
0.0715599790086235
-0.14210289651521563
0.22563162770245709
0.093059290162124525
0.097655134781748809
0.20578172216628218
-0.27070481690319109
-0.017340195459140031
0.36277188784000075
0.042770212137475241
0.023641333537822926
0.23908450415366769
-0.23278174992660408
-0.060290330909850205
0.024099294824033057
0.14853798393632442
-0.099675629341860084
-0.085149399544153195
-0.062228199482124207
0.074883900167636214
0.28127168808895231
0.35243750793397072
0.31612265592672667
-0.14217515110882983
-0.070928189542710518
-0.25806762574287845
-0.16327436863622125
0.30535059077632454
0.11715409828082858
0.37466757928873912
-0.1978584305527262
-0.31238631654465016
0.14870022863591512
-0.012306844465535286
0.13849502669469169
0.03749193976557752
-0.0014453415175837705
0.17511165060782977
-0.040523722464755267
0.42027871986844401
0.26630532194602935
0.080266867728086111
0.013160452153124634
0.35729171046636243
-0.068467174845809484
-0.038624746054622454
0.10823436918963686
0.079228962539669281
0.30108123646788393
0.18696495797934606
-0.027800760623493542
0.19675311086880151
0.32491880315359201
0.22716370237417732
0.011343153053454767
0.44035573290215158
0.064247200377514441
0.16182327253005507
0.32761395667331039
0.32612262787283458
0.35612288110840967
0.28347915804899398
0.17802627782540809
0.24573329557392978
0.31092716116744723
0.19265194585326531
0.12046215304845831
0.33266915869015651
-0.072038801176845774
0.089745829188106765
0.080908709716057126
0.57179050245388441
-0.14911657044097193
0.45561028656491226
0.2734800336502437
0.34124207670230144
0.16950481402034656
0.24203650515200695
0.2699245936166077
0.1630036588466208
-0.014365255270658538
0.26625471670062467
0.048323293054387019
-0.11015795084441196
-0.10737527472609081
0.18933845966981627
0.34790597483116598
-0.089979404752530051
0.30266118759359562
0.15123004928027695
0.29659680957078816
0.089885384500131588
0.10217287134549696
0.30350537163860836
0.041896692777146118
0.12822406872964345
0.51569261345075668
0.43526611295055923
0.3301297966295404
0.10475324479519965
-0.12030414841316045
0.11971085621669893
0.35729712019218529
0.1174672498620291
0.35060644480795511
-0.040580348297588345
0.25018216074814126
0.42827445907049461
0.48132248201541994
0.21614001128245269
0.25244518929957555
0.37319735696639844
0.41136659984211865
0.42849568755214151
0.044248021648138222
0.4770470609363589
0.16320089273847568
0.28627294782653789
0.063471712783720838
0.12379057377457467
0.22543373090659935
0.25719335848744723
0.6111068383789251
0.33244119221663121
0.34947806301005341
0.5175225610384846
0.21693452828317741
0.11053067477126732
0.03699111641025668
0.20066375856136748
0.43173498080609141
0.18832299935530528
0.38868719271941249
0.34632540205066736
0.48327793950708881
0.15423147874085788
0.16754996084505172
0.13460099118137836
0.0068185552439828222
0.33252382680475473
0.20089517037603152
0.35905928531246989
-0.20352570052240365
0.67638675006284754
0.72344705324149761
0.21467681462678018
0.4427529388203631
0.34879523453408395
0.29048926359367311
0.30328171600366416
0.54261370011973031
0.27705138556665715
0.41031055674527506
-0.07322264199276371
0.10314250941970894
0.47173465405936599
0.36783051991803029
0.28032911035359026
0.38993828854699658
0.63854954557597121
0.41897177100403987
0.71476148515787485
0.23398682604058532
0.30364551151300362
0.49151889200826759
0.75379245346985202
0.25713906829075678
0.40944110283691337
0.36304303662723875
0.32678047610025091
0.32178817445516761
0.57388954225235234
0.12649262063748168
0.61814611488620852
0.49038249147433749
0.3738702981711623
0.56327287336015941
0.26025241295495688
0.26713572135761199
0.44985984782074673
0.53093250423759708
0.30439688877740262
0.53411257427052339
0.31949119679088095
0.54552715368148486
0.46126206491320038
0.60328825944215858
0.30987988833168295
0.58244833701870213
0.29407626162907596
0.24391479340953279
0.39716527607225949
0.15774806530289609
0.76297274815971272
0.37681199399979243
0.15135159379151084
0.65346606685383934
0.40281017720928264
0.28172722424086977
0.30737059693725288
0.56409748417760319
0.52256786660873777
0.41726461840197127
0.64884985507541837
0.61194735545701362
0.55963803257578271
0.46892802411959983
0.090783343850352805
0.30760365484146779
0.69819064587771207
0.28971864845959083
0.30925507049255407
0.47221975499031144
0.27884560963808763
0.41623570975753732
0.62293759692758299
0.20265166570508333
0.56041783611235974
0.61975060846141428
0.56327630825963027
0.57640312677551675
0.51265641653589644
0.2884107754205591
0.5153255450584997
0.64922286393083406
0.31886140094481252
0.3859344803944173
0.72571611472074082
0.46892419819733627
0.63275530713968731
0.59995076501517697
0.78538626243357845
0.76221665664317151
0.58187658535508524
0.2994142845869272
0.70646322156414898
0.38741663326434189
0.3615218729934897
0.60829770480931489
0.22058107572123584
0.39681574214752524
0.22370180409593216
0.4338556646491642
0.43331608857168796
0.47984989201970996
0.38672431581072825
0.69920122135236429
0.45039000872156221
0.43980690260427918
0.38558860142224355
0.14207878002833127
0.40672684490990829
0.7814215603671073
0.75410806747933112
0.5314014279039172
0.49867706163288089
0.82414952943696607
0.84799075678069435
0.35358048823866972
0.48200458219887365
0.70252605855724537
0.32582400995901273
0.41872070198717709
1.0371999891498294
0.74081108419216501
0.78969137657920863
0.64976713843272127
0.40849476987135336
0.57508243175493712
0.48462219204194129
0.7352803373768495
0.77266610653247203
0.34905788049014708
0.6668703238729351
0.35192050019110072
0.39656054313422595
0.50770103677872103
1.0579054102897272
0.79109839328062981
0.28580789044566607
0.92504177494413464
0.83809689554396805
0.70784726534081766
0.54367924048615968
0.46883175536716365
0.66656167230557772
0.69765634152211464
0.455549747640068
0.27659847968362983
0.47436150350754053
0.89604501400492309
0.66430050539007635
0.82418685473820175
0.76468149493113402
0.63183855642967957
0.37147383439105369
0.91586098325038623
0.28939187278866385
0.60533093326806953
0.49772353766990052
0.62210612023086298
0.80870253392573654
0.62345895790941264
0.82416796436570861
0.80400444350620659
1.046957240303855
0.75959877552864696
0.62418527603176199
0.25455844307670655
0.80115311073122253
0.75470133652292581
0.62518269690565542
0.6392755809193903
0.53620335150349518
0.79558478349160566
0.65736751015864703
0.86740224093410445
0.95852563410451086
0.57550652955139348
0.63095973903382929
0.68728368627056979
0.6544699750632873
0.73605909779256451
0.65681294054820294
0.62631659748888768
0.64237138995272114
0.67955761340448229
0.65403385690540816
0.53870247384104708
0.67580812920241085
0.80277961179301693
0.65447422611714923
0.54784506912950026
0.8283681408656145
0.82835370241392858
1.0097215150142274
0.60962273761517316
0.39969424066276077
0.49555966246562533
0.58913200999639026
0.61445046503175627
0.71207352866002216
0.1951164190751061
0.83263618594535138
0.59043626801392035
0.73691177904057337
0.55364872401921439
0.98297467276488781
0.80762219131087398
0.55081891079407463
0.51300623341809692
0.64989828051154108
0.65881412982142495
0.74907167777251238
0.56484480129504722
0.49886579882890003
0.88144291570009747
1.0070403808510278
0.84710920379804233
0.89700323911984758
0.54635405202221332
0.88665922020517252
0.78299952179098931
0.87427342561843957
0.74756945276192832
0.86558200308649436
0.85618828390212953
0.94072773218222472
0.68492015867601597
0.9406080754267796
0.73196504621321834
0.9967715737712447
0.40607443249423503
0.72422042635192541
0.46119474254029025
0.53410585213554473
0.8244420360553788
0.80253885454640883
1.0139067973346978
0.9037299123107162
1.0549506576472401
0.92608916777412975
0.60889569334119298
0.63934110383322595
0.65299445519307764
1.107649720397816
0.94690785499509667
1.0421186938844642
0.43904754290369191
0.94675384190856693
0.93087299934152767
0.80867366624272852
1.0898463400786644
0.93981321675156326
0.69377453782852461
0.70022079700295781
0.88010562552936522
1.215612877004534
0.69083315536027123
0.70696241634302859
0.73718117598409227
0.80857350537811878
0.68685770746498087
0.69122887678395717
0.89571034463162746
0.44472304084321473
0.69621747519036536
0.63992334723109368
0.97629616315124634
0.81166090442860117
0.83469354817111951
0.80702094855166961
0.46962900125451146
0.82406066824721402
0.98064749607776747
1.041672638416244
1.1434228713202061
0.84343101849856905
1.1280661498970441
0.93039125904317044
0.49460268141478358
0.97669261245045169
1.0083358414439636
1.0427109474601157
0.74420093231737006
0.93178921404265114
0.94080776722995574
0.75825622138341453
0.77346606161814313
0.64706183958680596
0.80888388900473918
1.2717559483937244
0.79867760567615853
0.75978784236519648
0.72867605300897242
0.93898681486318381
0.48560169454045332
0.96948765281864679
1.3854688860127291
0.97221384472349315
0.94105514176752825
1.1969707357827737
0.92296305484875141
0.69505572322622367
0.61947036213758022
0.96198432768339248
1.1540363404341996
1.3016995701055583
0.76704015522867131
0.70929448459744315
0.69282925002585538
0.99564657042528137
0.69067469581139329
0.88838720657477233
0.76260684511137
0.66575965400742521
0.84584979839945462
0.90390164411656149
0.93184000438060322
0.91000543264486033
1.0081653229276351
0.97364691270992287
0.79282765664769805
1.0846308187075222
0.82404324225516679
1.2278090143268641
0.73777635350774173
1.1034845176418859
0.66721202937633162
0.96519447410066417
0.96220766258246349
0.68451269318173713
1.0602426664269182
0.795146421434616
0.87152096570329185
1.097949961036131
0.84526428865320002
1.2267409634827544
0.87582369495045864
0.59997495977088533
