-0.77015103225606352
-0.76787484138261641
-1.0992321508499563
-0.76314581717265739
-1.2203794833790595
-1.0467323018812784
-0.74489971709797231
-1.1051131331119561
-0.9534326493900146
-1.1226963599651687
-0.97477330956979991
-1.2251085062862366
-0.98711612916893443
-1.1786380113400809
-0.77604287411616635
-1.0345820316807595
-0.92862197013204528
-0.90064888249040531
-0.85412943962743559
-0.74012182511993718
-0.95532797829331051
-1.097138735158985
-0.96863859064979285
-0.81042836865351864
-0.71385470923473981
-1.1202202027793535
-0.62672882162710442
-1.0429388955096797
-1.0099697247299642
-0.86601760883532597
-1.271781739828314
-0.56153833936292963
-0.93409448991488475
-0.95637712597662916
-0.99602159610973784
-0.94887356054413108
-1.0977681335108254
-0.88767826297201602
-1.2299416395880458
-1.2223779561971859
-1.0489887663547561
-0.88354119994793434
-0.8146437958948366
-0.87819577518245051
-0.98639889358494925
-1.0364524278651317
-1.0494376094939919
-0.59043692572252249
-0.85200331498870452
-1.2002215858808261
-1.1362631323975967
-0.58175038151562997
-0.72716516155956534
-0.9362442955690633
-0.69267980605165091
-0.73610070078741541
-1.2307938216643215
-0.7268849166328657
-0.88356278364895513
-1.0022696382631833
-0.90383601721919293
-0.94915953656383434
-0.85571492916291458
-0.73931414257538286
-0.84294495754838283
-1.0764567820259516
-0.83531075938432919
-0.99301492375540634
-0.65222408839489887
-0.68866517751834555
-0.78751307739220378
-0.64544184544762984
-0.55390380914722126
-0.8665939674342672
-1.0312196309276818
-0.81282422693536127
-0.53408627616000459
-0.80838009187940674
-1.1435613520429853
-0.65648902957411481
-0.81211314802581147
-0.8124829026743523
-1.0355781245258149
-0.82185292659964604
-0.42506192806442006
-1.0387209470645353
-1.0311573131050649
-1.0208514511438738
-0.75063804669641498
-0.71294835384914323
-0.76930620425397034
-0.65219285194760379
-0.99125162447510584
-0.54932035025444603
-0.34930424077152195
-0.85465727816965187
-0.93865273357730694
-0.68975598821425643
-0.6898975226197589
-1.0418315260900206
-0.71249645434013131
-0.76679629676260974
-0.92914943317464005
-0.81395208238285399
-1.0088163394395375
-0.75717710064507748
-0.71071918182338478
-0.89397464545128258
-0.79697160942785739
-0.73192435602410355
-0.70910454822599289
-0.74006788268476498
-0.64365031174954057
-0.65134858663805739
-0.8067849172255861
-0.81039450552342673
-1.1185073964797503
-0.50512763447082132
-0.51160889081173577
-0.85048266833543484
-0.83450327926859147
-0.88429920861599798
-1.0927740971148814
-0.60712000813153832
-1.1062553286887908
-0.84621238429891443
-0.92004562929014144
-0.56668251516730883
-0.56150505511225324
-0.63693101284517906
-0.69820824149839888
-1.2095087868626895
-0.76542462225175256
-0.55818226260623627
-0.89084390803663493
-0.85932867512832567
-0.90767579267440801
-0.89999568883584724
-1.215219723035164
-0.43894212283343687
-0.54337230288834726
-0.66493612021578996
-0.69774337413406362
-0.68355134730024281
-0.71878003998556128
-0.94221134835750808
-0.93061293101365927
-0.87510574994861023
-0.31894985529948205
-0.4224407618665465
-0.36373212392156384
-0.49486649030341312
-0.84698803619181873
-0.87492250877818634
-0.8084135177395364
-0.63521707244256487
-0.84126975703106877
-0.7171814136711574
-0.64384430433317019
-0.54588539281649417
-0.61481379039454243
-0.90058388185920146
-0.62439032616113255
-0.856039343023271
-0.77168469433614706
-0.51323304132787373
-0.49877035994089475
-0.90740622392095949
-0.65460316260715856
-0.39587533497515148
-0.68542853682626892
-0.76057788164019058
-0.72357842406114492
-0.60041055247905661
-0.45163559326803204
-0.6268848991556959
-0.88660659402090358
-0.59167422117623636
-0.92925198850010315
-0.11704698633161155
-0.5628330088460507
-0.82866112483676813
-0.12316053997026956
-0.82681948836879116
-0.83268811548239574
-0.8447106499034791
-0.43239867543477695
-0.62117999642963895
-0.23427469240849472
-0.66088570544217029
-0.7095649932401531
-0.2477477797125637
-0.41758758163470122
-0.56970818783723631
-0.87899875967323193
-0.40896263765424895
-0.80352813770154341
-0.59603579444621335
-0.31584731582474324
-0.66703414800216654
-0.85117755074602264
-0.90427486067795326
-0.46397461546687835
-0.44104166514466842
-0.81525254211235543
-0.72711465129101494
-0.27058508280592641
-0.56441284640351663
-0.7991915791617521
-0.62771709932745756
-0.60041971458358756
-0.55452821360757742
-0.39476769880103857
-0.010100759871226229
-0.44017358858752731
-0.42951184875293014
-0.26703814718963115
-0.60129000338118155
-0.28438667824349534
-0.6665814944880557
-0.33783859199196981
-0.49998194660984435
-0.64384406402831573
-0.43948611528569032
-0.47515843739175584
-0.61567258950857706
-0.35690096677799626
-0.77596008538177896
-0.53889640725378674
-0.32706343923239739
-0.72591548783225768
-1.0008175058743534
-0.56630383995277311
-0.41445635310886375
-0.64327633116484362
-0.54073516219447715
-0.5866652983064099
-0.74972919490943346
-0.44245164513719892
-0.50674252117163066
-0.79445863545518713
-0.33548307878527578
-0.31775673985055486
-0.24076473480387817
-0.82986649632262732
-0.51460797192331387
-0.20804761916237943
-0.34540250655740556
-0.78545459582317667
-0.58621392713064391
-0.29593774273919027
-0.41064354731942315
0.066640900342114964
-0.26267164295434614
-0.027633765604592912
-0.51172085413800839
-0.73744960196158083
-0.19412949254542708
-0.16728073158827564
-0.44952887928520141
-0.17986171266809436
-0.30103785848669323
-0.58336773974430345
-0.50985318151347492
-0.26256470074906235
-0.39741951054903951
-0.43892250273442418
-0.89052029064835203
-0.83717986342495665
-0.65321436360208973
-0.14768255603788144
-1.0476022458557079
-0.14164081199360543
-0.44028405193552
-0.47704230380981238
-0.35391117233729386
-0.56435203527157007
-0.42986439581286628
-0.20602612636760292
-0.45807154854759113
-0.6171942520203928
-0.29757533713798073
-0.34554200126785545
-0.38497539643377543
-0.46812373322219325
-0.41472903768778668
-0.6456209651410566
-0.35435901677540049
-0.31535950564970516
-0.010365449826891072
-0.46895981772882223
-0.59963965481580295
-0.65268321309592359
-0.19998381274935417
-0.075926478918490747
-0.52530111953040515
-0.31645044067247174
-0.39777405442268549
-0.57405536813441949
-0.51458966316378296
-0.3339989161537863
-0.5735580636898685
-0.37942237728572153
-0.53164036423175964
-0.12372704688498158
-0.29315351008013474
-0.76661708825395525
-0.55532679289879683
-0.35954019713661495
-0.36488132449710636
-0.74866734988250638
-0.66436384240911073
-0.020080708331346224
-0.42716330569448685
-0.11401267201941473
-0.35135753402662334
-0.1827698911116912
-0.4594323000173689
-0.38945121688948287
-0.32111597198128289
-0.067124391197641353
-0.16573973705053668
-0.076907078906451473
-0.029508257719712667
-0.40139256465600287
-0.36829292922074247
-0.30443448426822894
-0.26668701308984477
-0.60392855683269686
-0.77719473363683855
-0.40737473703003418
-0.26330705698457518
-0.43413854648924782
-0.29558678995224652
-0.4256711315340414
-0.18610170076275007
-0.31675257324451739
-0.30380760693171066
-0.52652141517762674
-0.53815498299040532
-0.4479418320987627
-0.72733918884914772
-0.25571723879398028
-0.57641518686289162
-0.47703432068439205
-0.60446257467281739
-0.48363212449136944
-0.24502507778652993
-0.14311961376862198
-0.36967361478971345
-0.68921063984940445
-0.35747774312854674
-0.25047162714378363
-0.17443668928997991
-0.10307475669955891
-0.32312416327267807
-0.073335777729217205
-0.42856484071428269
-0.30662696246497256
-0.38162921905551028
-0.36233948845991126
-0.35575183392525311
0.03232539549415727
-0.23930779744613356
-0.52796183681985365
-0.2478317434201335
-0.29547419956289728
-0.42267816286788984
-0.17621991655854774
-0.49213413665659334
-0.39068112794724114
-0.21820274539121182
-0.1986037516317922
-0.12382222636672616
-0.21237512046655033
-0.25200372564297263
-0.19585310022278926
-0.16349327685648335
-0.26020754585297468
-0.16435138583315903
-0.020939685891538686
-0.57443074422791618
-0.28504768201931452
-0.12126476227768085
-0.23428035524421342
-0.10901944205893736
-0.24319264368267329
0.004035906945766758
-0.20861312419689773
-0.44576289469464742
0.016125002733349828
-0.13203423295642058
-0.40040889969542537
-0.25104925685605078
-0.12506771753227644
-0.21629628013990912
-0.16344512307041476
-0.21434101724356641
-0.31498494546808548
0.050848508861480388
-0.24647225253524635
0.032588080134336464
-0.25914644518993413
-0.16745776377190263
-0.17344954222094783
-0.41577795153728986
-0.15314474004518255
-0.050925510837092069
0.020074431613610024
-0.05405766481242659
0.042390847804186733
-0.25312894202277647
-0.036153619557766116
0.0063065198130570974
-0.49131848466412198
0.0012834527237779751
-0.36469124628861871
-0.3171481812668171
-0.020238920951674504
-0.20388670976877551
-0.30755753024505211
0.064872026403181349
-0.41173224759429938
0.31881491582962435
0.070102107208260531
-0.14286912386285947
0.013884916181621567
-0.19828747358091028
0.092741132695424375
-0.058726552130582116
-0.0860500806373036
-0.68865229802180639
0.028355073187927508
0.061826667133725581
-0.33439390251413598
-0.49168452409063163
-0.21658165644379082
-0.44991746931689486
-0.17264465879136037
-0.29320606438420371
-0.45156066028622299
0.14137213162740703
-0.0074168380531106637
-0.18209987783036344
0.26319413765911676
-0.15353744274904668
0.073696873619935876
0.056496705853537575
0.011241899242796489
0.053351776793746392
0.16702055095595097
-0.10198056279719832
-0.18118568231996626
-0.08575146902039793
0.25298738876054966
-0.1223468421338384
0.12425104247375288
0.1575612133902389
-0.09975501930773796
-0.010530491635376948
0.11258267391349748
-0.24951957761318244
-0.16243407649181135
-0.10218605537637564
-0.22964546512780837
-0.30896491720132413
-0.36950282504727655
0.16499040849460644
-0.080554266655725335
0.09445849895186921
0.14607154674308684
-0.14764451744909926
0.29614302691192657
-0.15291474702956823
-0.23930261528567232
-0.02075013853590963
0.2976745746716693
0.087068849206889801
-0.3161249938275944
0.043861387783932407
-0.031378540576774833
0.16050029369814034
-0.23231822305646513
0.1428494238509585
-0.19250247168181342
-0.047801519786039449
-0.20084231963360888
-0.045410695920153732
-0.4105428019457093
-0.44565545353462827
0.27804252211455854
-0.090040371640276604
0.042168627057800098
0.24501920378489614
0.060023161782363783
0.037851776758554528
0.16927390720331537
-0.23762376838216562
-0.28494943492433678
-0.35612408220042802
-0.15714685315429172
0.087571773852210169
-0.37011925023072761
-0.41846754288149907
-0.074425782544479166
-0.057099210622009233
-0.072614480190861863
0.21137731176491301
-0.22704837954951779
-0.19391126919396814
-0.19791978853580774
0.09210857913962367
0.12155858625614756
-0.10690831723749078
0.018709843957000961
0.07799981425256329
0.062310579308212349
0.081270993888633208
0.13449144549683931
-0.49448027615077944
0.071355788849055538
-0.14295322534530891
0.20985978044792647
0.10732692282783252
0.10525725823917413
0.21285215559293238
-0.27452891601025131
-0.017995182780819158
0.37837536647956671
0.044412590672586648
0.036106233563338717
0.21492924128705709
-0.22243321159995869
-0.080151582556073575
0.040267099754767485
0.14844334399639486
-0.10376773366764777
-0.10341930900768229
-0.043645538126647523
0.082788921026788476
0.27175512359564574
0.38393004971659445
0.30927681117078232
-0.14147658471566923
-0.093240844155864894
-0.26276261723296795
-0.1409104667722077
0.3034512543056449
0.14143173797200248
0.37066699223809518
-0.19836483482467757
-0.30147472114083407
0.15496335206991707
0.0057064340530648214
0.13315932104062636
0.045007678144141382
-0.0040198956103291239
0.19331119316373888
-0.050444293503300541
0.44124432373766315
0.27848076427743773
0.070564315578082668
0.049812071645866367
0.35262006157106957
-0.070885838433588519
-0.035863034228915229
0.13136546628676021
0.10241111121206878
0.29165628969265273
0.19568493928716538
-0.014426788378593737
0.16964454668118686
0.29586247130016596
0.24584187460242363
-0.0098666447373378131
0.45032257843770163
0.074770941464984711
0.15636428318375234
0.33527476222589159
0.32540367742042392
0.37366144930838013
0.27617700553137697
0.17823304165495324
0.23675423883299149
0.31920133693996111
0.1850749633906523
0.12127793602880162
0.3092566314805652
-0.05063438155438961
0.091882758371866047
0.067345784453892318
0.56720747696990093
-0.15709915935755392
0.44172439510032763
0.2707024794281096
0.32787603713104341
0.17778780975572925
0.26744942093042684
0.24782666436783041
0.17095494633650976
0.012722031358726732
0.25243523958481845
0.075246321364983562
-0.1324234324403642
-0.067099481125592081
0.1924129273970249
0.35058572262448773
-0.090596840385115326
0.32120781329369097
0.14283579595706769
0.32106747216293752
0.081326033405521844
0.08067495621140322
0.33269121909382882
0.022601926702857458
0.11721739667323544
0.52935245798642139
0.46706596884946261
0.32093415459709845
0.10089786089540399
-0.10894114807760376
0.13146109807979312
0.34794613133186109
0.12068368617205767
0.34282531899542062
-0.040567129744759255
0.24073540518284545
0.42930800081272913
0.48281755850661101
0.20713140086795317
0.24606031964566949
0.38691435553070164
0.42316966337958778
0.39495363493856461
0.030720960698352427
0.46759769278836816
0.16457373223869234
0.28301120151650072
0.061760207467164999
0.12716545186689074
0.23056762415163634
0.27570231142802798
0.60090478481202536
0.30787663416585526
0.34310602546831143
0.50775494383766873
0.23033569353235547
0.13164093953032055
0.023786779207075125
0.19112749611910798
0.42515452096254919
0.17322758005231528
0.39181772271372983
0.34366900928190536
0.46002985797249274
0.13285721785097057
0.1355781836439095
0.14748286583625889
0.017460384025201493
0.35657369903073893
0.19999656503726071
0.37325129396017287
-0.17657049110376655
0.67425659682292827
0.72419068388019914
0.21828701439780027
0.44266098533664422
0.34979334108915727
0.27056261109335616
0.30518338963165548
0.5097137453902324
0.26752458940984303
0.41916302951973766
-0.061761167620912279
0.11921247916423672
0.46517828216414453
0.36265043696938337
0.26454022763709462
0.38627782842322927
0.6686159859316716
0.40702044973913537
0.7162582819743939
0.21690740942655182
0.31445084034476195
0.50165767065191025
0.75114780248366297
0.27265092436244925
0.39690425993060974
0.35850111869086126
0.3197525787793124
0.30209629149652989
0.60657436326158909
0.15790846159204441
0.6153765431328615
0.46758888934390624
0.41826663447726598
0.59084280279878121
0.27335655206312748
0.25316344025871051
0.45326259286512527
0.56309973069601038
0.29408336019525222
0.52881481848483081
0.3294570938530938
0.552921944925991
0.45978502177179026
0.59245557823201733
0.30937083335430182
0.56478909896222618
0.28966602196347024
0.23146082403605128
0.40284219867938414
0.17048856554011568
0.74015142947362778
0.34880405460118336
0.12679816424606594
0.66439215493970349
0.41490554392582102
0.28113057132652408
0.29515496578357386
0.5593554688333352
0.5202001419161999
0.42130295888129915
0.62974087942046242
0.60151241480874684
0.5678978543773574
0.45249238804467634
0.093814244282160772
0.31256100375398294
0.69236315139664428
0.28460290548657852
0.3251080590485993
0.48230983108341563
0.29448803044648592
0.42485274628461406
0.61494428755120367
0.21173967764491375
0.54860574267358198
0.61991013446770471
0.56338589354958113
0.54714822320560874
0.5272230694754122
0.29387475923863177
0.49964593540855939
0.6515731005707468
0.32691713408549944
0.40763637940747688
0.72881393932499716
0.47392303565836885
0.63288236668570652
0.58888946316266
0.79348162997824767
0.75786008604542332
0.55671616641049071
0.29248698633632081
0.70433740434639747
0.37845272599060753
0.3668765804796828
0.62516885875289963
0.23585398909557945
0.41333891781420173
0.22674507818746001
0.41637751240623694
0.42807123918377982
0.49594554536177748
0.38882077496185785
0.70597547039183717
0.43203791395385199
0.42082782819767639
0.39836421090639407
0.15283094012948817
0.4305942975761291
0.79371844463191554
0.76146129980201793
0.53875386782096168
0.50106345137168162
0.84956510285074072
0.84982912538254274
0.32888105053824535
0.49124844772382081
0.66916498010124792
0.31169854456232132
0.43107818050667984
1.0404606384515525
0.74028971676018596
0.78407366045693849
0.63581208185771043
0.38737413987206676
0.58114163231018312
0.47970344634254036
0.73655646014745391
0.77066511585591535
0.34076315174757843
0.67294288481258824
0.35039754883335406
0.40155068536590949
0.52798081670501107
1.0276782562954787
0.7815901208925965
0.2737990075731293
0.93027095096859058
0.85791766526042701
0.69323841392927277
0.53146956251395372
0.46281042392754479
0.66427750285269971
0.66703980802794682
0.46248769218954705
0.26110993940183996
0.45638254254601457
0.87613603589457112
0.67092675167175841
0.80104320962369457
0.74701042700594289
0.63448861059480999
0.40053225919776564
0.88617505382787509
0.25262207614331694
0.62078717726913468
0.4856248656236275
0.62422983115067354
0.79137067688379903
0.61699457224365639
0.80288611732473514
0.83049321202962023
1.043176760760103
0.75371653046366349
0.5956754557943047
0.25062510868618892
0.81476905038641401
0.75276912758367198
0.63813945295699892
0.6413604503972713
0.53071581495986719
0.79796116275807294
0.65696582456330632
0.87198626779648358
0.9733606209216854
0.58575004069815617
0.64028883300897954
0.70316318042357084
0.6607933949968684
0.75580092416973621
0.66286005951767579
0.65471086949013146
0.63705957943235436
0.66378593331967617
0.65030109261252966
0.55090778789732142
0.68594389615949347
0.78419285227272484
0.62426666889797744
0.54899965270636786
0.80917233192326243
0.84248982055322885
1.0138501515493583
0.63529502767865942
0.39307097896949644
0.50021474445799274
0.58349178139185265
0.61467953668906894
0.7012877426487566
0.17859008462361761
0.85554536861973174
0.61204897259389834
0.74313441709241579
0.56324487454683836
0.97872442444105012
0.79290762241307189
0.56106728882649792
0.50627978951892061
0.63666478321806141
0.65459014451429409
0.71836944090465926
0.57856958012384008
0.50247286534091662
0.87125923843750486
1.0013673620559864
0.83687450709937605
0.90526794007443034
0.54568004092651479
0.87809440894885549
0.77390867755332271
0.88716498323071613
0.73525119674384665
0.86936050278188814
0.86037192065383183
0.94008794366148463
0.65686450057246804
0.92661880643322303
0.70686522782104411
0.97394414442084087
0.39393187443233896
0.71654174859402764
0.46533914068609467
0.53081552551006927
0.80669119919521259
0.79447964634082879
0.9985818545601084
0.9042928146345367
1.0450508477823484
0.9285608290973334
0.61751399617030234
0.6345037925232353
0.66186382514000663
1.1141893658352036
0.9509934923567781
1.0222056810705435
0.45103986869513341
0.94343670869672069
0.93294711858827606
0.80784895389756661
1.0827440567633482
0.94508102827438323
0.70637739631767194
0.70267025011479445
0.87488705309753034
1.2266508327830223
0.69536925704956531
0.70898695400117684
0.74699312383857164
0.81022089240284711
0.67428469558963122
0.65282208974944755
0.8976519050881776
0.44827535662314194
0.6908630462871661
0.64801020885548333
0.9616030296346787
0.79935867965625818
0.81371543644088651
0.81402464664460172
0.46063534829155584
0.82547208713676912
0.99874065728896044
0.99611207952853009
1.1465779076441394
0.82860559424302416
1.1352209375271589
0.95574171397592844
0.47640071020534913
0.99418972094915348
1.0151954506240504
1.059395365144796
0.70599345644268319
0.91317385377471028
0.92367204132120551
0.77517327830682603
0.7766779513071389
0.65851376737780143
0.80646583841507091
1.2643239105455852
0.82384401897084569
0.75806466897290159
0.73178913508266608
0.9650886410547489
0.50459783642325884
0.98130790402372559
1.3843446819553633
0.9900770746611679
0.95637463276269152
1.1900336586809275
0.91848300578492803
0.69631199872401517
0.6317348312049057
0.96834638508627358
1.1355860779311275
1.2904489065880982
0.78506879536167551
0.71230036816181774
0.6891446713631284
1.0032979849862738
0.69772618632241012
0.89227513736916919
0.75081133047440873
0.64959695164617715
0.86084510613738174
0.89904601290698083
0.96842284136225376
0.92709276545429697
0.99936476989977463
0.98096892276160752
0.8002292096031659
1.0901217572798976
0.83012677894077835
1.2408947439430673
0.74959598740941347
1.0840767201731618
0.67201244973396879
0.9768322040515387
0.98985369104369958
0.6944130229791633
1.0538050141095598
0.82045340200807348
0.86067018775964177
1.0904113311663826
0.84713858115239626
1.2370614699907247
0.88482466548340077
0.63785612876207765
