-0.5556593941231307
-0.90545149319674967
-1.2390579014413652
-1.2105602696316295
-0.92187198027441397
-1.4012039578756543
-0.95101762859376071
-0.75921563349710619
-1.0476408486924544
-1.0661704291806808
-1.051411512856641
-1.1443586797105167
-1.0840710415763644
-1.0363322920575559
-1.223113037132016
-1.0125939819496768
-1.038667412888203
-0.92557008500427573
-0.82894844644572463
-0.58659848645339296
-0.78853594100393853
-1.045021340649378
-0.81080740859238443
-0.73764354393263731
-0.9383662673897939
-0.93262434030339991
-1.061015383490765
-1.2377078642570718
-0.77171050201063163
-0.60857269315320883
-0.66312583456391894
-0.89889560251655898
-1.1911471570274077
-1.007714804649916
-1.3160651007772937
-1.1846245296452222
-1.0608815922885406
-0.76549171463084509
-0.82592599278674084
-0.84668002126916753
-0.93383782467815002
-0.75871654809164468
-0.77064306776271563
-0.99298183628971914
-1.1759662034950134
-0.61271906694945599
-0.6204835511657617
-1.0296560697650714
-1.0278780499233684
-0.94086806652172994
-0.8815884573177617
-1.0062129853149826
-0.74452273342855346
-0.82454317128156351
-0.84530888883150679
-0.69777105798839534
-1.0110122815827083
-1.0127155899231932
-1.0256319926972817
-0.67785514278813541
-0.86951550345561113
-0.92933078683896475
-1.1114053824597012
-1.0039379609456234
-1.1049786135313748
-1.0408197487086042
-0.74240561116227954
-1.1088196222827735
-1.0930023552068802
-0.69939946996692903
-0.69137010581575564
-0.69907421359989586
-0.79343761584348693
-0.97619642325562672
-0.90722540740089108
-0.82777750311166698
-1.0493978354159774
-0.86274373516265335
-0.50140504693242649
-0.83383464090907211
-0.92343155894924323
-0.70938953197052435
-1.0823421639614961
-0.88574366679595051
-0.96083583187659583
-1.2360531366314071
-0.76430346939124527
-0.63555636494805889
-0.72020006595809494
-0.92700689945583947
-1.1721768310108944
-1.051345612122671
-1.0945809893228664
-0.58118127085145532
-0.69350008151155063
-0.87722952887747596
-0.87884093172567768
-1.1111113109658985
-0.61486103467052156
-0.63913694982911318
-0.88011145148253267
-0.4769196110038022
-1.0972307231425664
-0.74992345528630278
-0.81169674512466217
-0.69212219879540704
-0.72336013305519997
-0.79651074899678054
-0.51658640567185121
-0.73779285270622774
-1.0128199068412203
-0.76731092160717962
-0.8542010074516867
-1.0197797168863059
-0.75129269416917344
-0.93601345605024178
-0.6328538761820458
-0.49305894008712436
-0.68432216968454729
-0.57189286188558297
-0.7096185792609524
-0.73812980289968155
-0.77434599974135743
-0.66069185033590183
-0.82213590147855875
-0.82801653759693983
-0.64654037891710636
-0.78571966218231371
-0.94728329928929789
-0.60274487034686919
-0.52960958931000524
-0.51589350791848387
-0.63710444104085895
-0.69886142447779431
-0.95284258901363106
-0.78509676630298408
-0.60990562811446503
-0.20860690405165383
-0.66225303656509382
-0.74354401784653135
-0.65857613678156601
-0.54874402968828606
-0.49337219655856868
-0.46777646043104038
-0.45884668300115394
-0.52580570507665436
-0.5956695132943628
-0.89797025149579224
-0.83962940762099503
-0.54769062611895547
-0.87108884325445179
-0.99659767882600969
-0.59489191860174218
-0.34436669932155556
-0.57441465532016922
-0.58880982420448436
-0.45852127852937896
-0.38553626024884385
-0.4879390161419101
-0.74153189485996862
-0.72646392236949919
-1.1268891321526548
-0.79515503828796663
-0.89635336655956044
-0.65978815102794508
-0.83574508014504234
-0.62675020804954806
-0.96694032343998748
-0.88192544688331598
-0.4953889088514366
-0.59838281362999424
-0.60198228380175356
-0.5794055824298151
-0.49210570693264916
-0.54062187202926693
-0.7207846067947945
-0.68253551939096191
-0.4988619400427875
-0.83641516355481571
-0.44058331264723433
-0.3732779192298401
-0.79114059318668017
-0.48736312330109083
-0.82553703972046422
-0.36423030251055816
-0.39167276255981093
-0.83403574413038717
-0.34596158038788527
-0.3988026012348288
-0.5650672598109403
-0.72634268999790219
-0.63473864730566298
-0.82734517997471457
-0.41967041875291822
-0.66834277498042538
-0.51158275768165995
-0.58199351433578794
-0.85995296635987872
-0.91508652827360071
-0.71248833682408297
-0.79960647645869065
-0.63568969504491013
-0.73533582914884055
-0.45993392956981977
-0.44544418960429211
-0.53343163907240909
-0.79589995342837183
-0.80716280369625759
-0.47548091120393576
-0.62476262036948516
-0.50827481131669872
-1.1968310327808678
-0.40902207534633261
-0.82018839846151614
-0.35679991743029194
-0.47989569932267789
-0.753121024046286
-0.3669756118385597
-0.28303447471456
-0.39205171456820581
-0.62205917352195317
-0.60383809093238594
-0.55174624477486567
-0.50700906005965707
-0.57013230560555961
-0.63061514298910037
-0.36340962575934682
-0.53050865286803339
-0.64520333554817721
-0.47365128521408145
0.02606915757277601
-0.51419646103828931
-0.31348911935977974
-0.73036493713349082
-0.51024883703606305
-0.41500110144369678
-0.46263206076559987
-0.86043246681130925
-0.47100745574731484
-0.56664697117303353
-0.40154589375097072
-0.37525560900798771
-0.7280562719047422
-0.84423649054804628
-0.54152403751349265
-0.65537612776261267
-0.65781358647656851
-1.134291506444193
-0.44102808090763856
-0.56391860879744049
-0.38394713459398094
-0.54406133741191676
-0.78302240148727242
-0.57520770216768446
-0.46328038646373604
-0.41634027670547752
-0.79143074124797086
-0.53071426981179859
-0.90261861863649107
-0.67184984325413477
-0.51214183454871021
-0.42211788151510576
-0.19391979460535885
-0.5928601462126637
-0.72655423580521217
-0.37967498476838651
-0.61410524264191835
-1.1604736185388398
-0.51944112195565484
-0.41637088222693308
-0.58950159956144932
-0.41184157820176892
-0.53540680910981941
-0.33488852602601199
-0.5706071190423786
-0.51572107070721784
-0.15596998538230555
-0.69853219816945999
-0.5308144110576154
-0.36662380069312189
-0.55063794110333075
-0.0083531999986762341
-0.19183369070714512
-0.41171046056093191
-0.1921443339197538
-0.40445772637087757
-0.098540582348184289
-0.096977365471853663
-0.31207533537714993
-0.24348118876435529
-0.22212274038887447
-0.1535120264298189
-0.17258682421914087
-0.23012441086357685
-0.39344034734405425
0.058982835209454625
-0.65700160873376157
-0.10377138207111741
-0.39811526693342486
-0.18648523971818751
-0.49300223092079276
-0.30330604151065538
-0.27368742959720116
-0.55509602394303215
-0.50007312548458582
-0.057790271968193224
-0.48420221998662816
-0.14045819945702831
-0.50310103450732513
-0.20693588953639
-0.11946357854631731
-0.40583105727255009
-0.31734096742002516
0.083230873053232263
-0.23887364283256102
-0.39144170120434657
-0.50316359792048826
-0.23064398750340279
-0.49571296724884573
-0.22404319677088227
-0.10425611958849423
-0.12045380157603412
-0.42048969584562679
-0.53370174144642213
-0.3529515035112516
-0.32966222045193327
-0.14483611007105721
-0.42667431992170174
-0.17146309292679779
-0.22843793413758046
-0.29656215184483453
-0.22519178086868655
-0.38954563485821259
-0.41909145484430238
-0.34528666261500807
-0.35947793841779691
-0.44016893160455572
-0.15413944030072749
-0.3934252155667996
-0.53318641651613552
-0.30297755174248731
-0.33702147769222301
-0.14264128811846322
-0.47182698215559021
-0.6848084914057021
-0.3135503391335055
-0.36498456004292856
-0.21419028786456112
-0.29382740360545184
-0.34260936595640024
-0.3863611339290165
-0.45694558843088712
-0.55152961507814446
-0.36045744031485211
-0.089900192322147354
-0.32877641552705522
-0.08038731941579054
-0.41132649549177519
-0.52091536966306351
-0.48103760296423914
-0.51377286125379629
-0.38837707980583674
-0.37804709355712102
-0.61755935166508136
-0.17159204346018922
-0.89336713273471569
-0.2734610152764077
-0.27897663811135864
-0.46275969627374286
-0.05464322946758976
-0.49063827718208708
-0.22788315656342817
0.047748014094600215
-0.015061914790304481
-0.35342675362549386
0.079949478000702748
-0.41737904460668412
0.17147010906619792
-0.10827345763641848
-0.28564514856190565
-0.46749417603295956
-0.35710726257767839
0.0068804495052277783
-0.28555104082438393
-0.49875639256948978
-0.017562246307427289
-0.23915763690194936
-0.37913030097122496
0.047024209395521176
0.01841915093337898
0.14772914178768784
-0.16668722885811493
-0.28830244144587569
-0.71688541086630841
-0.16549360932569729
-0.079588901968710754
-0.37051390872448903
-0.21839370253694276
-0.40706287679051767
-0.0057155606489729558
-0.19183069595941443
-0.11841194656069336
-0.35752286549785767
-0.15900292330204599
0.184368680134852
-0.29847697154624264
-0.31878072973188948
-0.23705148865650658
-0.39588359696563419
-0.11636400640318403
0.094164148794521854
-0.66043249318292396
-0.26274596127513039
0.21698215438208565
-0.40688568437678951
-0.32871633893845392
-0.040975483818335649
-0.038841206814719337
-0.24712003523192705
-0.26735429556727081
0.36539907824929346
-0.44154662924599125
-0.29040730702805206
0.1034098925329838
-0.20782691462286038
-0.17206101018521444
-0.13713276701449376
-0.52562230491143636
0.028781295196288276
-0.11946277354517729
-0.0098150369909551453
-0.26563429936534516
-0.40273358068575155
-0.14770788418760897
0.41407316558169621
-0.047678264198617773
-0.13010979945477844
-0.48243089947727547
-0.2368583340934019
-0.15582605009550443
-0.31367322056638963
-0.028984445805661448
-0.10028091178051289
-0.37414523496857915
-0.067978180563222718
-0.084006004512053437
-0.2905988270040526
-0.3972888098784223
-0.069424822502747674
-0.42957936658115348
0.031700865331008174
-0.10154693413514673
0.10432930821711768
-0.32289772624972346
-0.095572219837365704
-0.040703377784992334
-0.27289708692562065
-0.32990102934382465
-0.23473705278478058
0.13914225220274834
-0.18058731823533547
0.099796887400236733
-0.16386390371571638
-0.32206895681904846
0.1335434729793317
-0.17364794321847724
-0.21201978842418159
-0.078893487429553044
0.035952639898925907
-0.023043542654570624
-0.16472326643832827
-0.089580348232382923
0.15474185794528625
-0.39294039985204637
-0.24038960978206689
-0.30288916947250494
-0.13861522856664948
-0.32942108343392457
-0.012186734427624944
-0.092002327097620684
-0.16322557400946316
-0.0016309012453269978
0.1011779065249252
0.26781281904151288
-0.054731843482856424
-0.24427609953674539
-0.31223300156237654
-0.13039725584318365
0.012945569031053067
0.025639102916304286
0.1154522020885647
-0.21419701665769997
0.11272798812000513
0.017321522549540034
0.24811706318559129
-0.18867321993597816
-0.022199963610920158
-0.0061224072947818247
0.19854190966007468
-0.28873684233781338
0.073259032930048415
0.36934228582615053
-0.27907434270758141
-0.19946783152193512
-0.025829664673648681
-0.3091487291626589
-0.21119691604826055
0.1787181952452101
0.29414943012794059
0.080893806753160907
-0.014244513799283993
0.30032330321525541
-0.2423598930844362
-0.17028589038892103
0.21652228735711193
-0.12505988294778778
0.082969379553078593
-0.036726903652717698
0.10476221939722166
-0.13547484082931172
0.092032676177931719
0.25258914895134682
-0.13113160596686785
0.27447845372126994
0.065913338846493183
-0.16570143772986159
0.047584443697996491
0.19845530539143602
-0.012250607394598646
-0.15038710562693616
-0.11370509218066235
0.25727014862236658
-0.17445498855829211
-0.16605568813775531
0.031366618903231627
0.26658231069429705
0.21275612031376334
-0.16080748990843621
0.22343890900053845
0.065631014786163219
-0.0093124726031407357
0.25282032594036802
0.1293780926576398
-0.077373377617218991
-0.24079358929917091
0.2230088312290196
0.14273377172625801
0.37469280816939676
-0.21351338586006827
0.066736638309618956
0.21650813670754576
0.21598329130916127
0.10980564495138485
0.10702880580011716
0.36725124503836298
0.17737736844748778
0.3840094315969505
-0.0098329381815780402
0.12896564698888149
0.23560302784477047
0.11564116454018376
0.044359113358233504
0.087614629207956679
0.21226718579660817
-0.014457067561414058
0.18027292593513786
-0.081433560789831994
0.048906170521437774
0.081676379597047877
0.4606939478589262
0.44389417716795937
-0.2135332545414427
0.10856587861763968
0.054390702067522362
0.092462575673468328
-0.22176487861528069
0.2043762478461999
-0.049862087747204679
0.14904573806906329
0.24164603712263943
0.31477694868877648
-0.077912214470275784
0.33701560870243474
0.40836073519744948
0.11105596633610613
0.1270132195086954
0.1126038531445419
0.064803451271072315
0.36802986436321439
0.38249087879854854
0.26875913963321668
0.4061230036520973
0.18106849495277999
0.10380010652509945
0.39275547874224409
-0.32746929974621569
0.13443782469912646
0.21539855407410247
-0.19788657709669477
0.01621654059736816
0.574403928391931
0.38784315717296008
-0.06286819522247887
0.54686400865740903
0.096530877251162994
-0.18748601037096979
-0.03745918418931253
-0.03900647594938312
0.02561977813010469
0.2404367647380421
0.55044917697621809
0.08383750744892042
0.25989433063427542
0.28534253906995743
-0.094877286524410923
0.3929014243213676
0.0066400414671606185
0.20809714876202368
0.26707481832401081
0.53347297241655522
0.27703752374631574
0.21790069583375718
0.47705836767360843
0.37529667129146344
0.58664331978623252
0.28264642950281321
0.18292234762723894
0.22986403901000901
0.042104638626142783
0.013923900637887163
0.69391760648446343
0.14354215124129188
0.37852924164160628
0.58429663131888487
0.27698938230230741
0.5235046965315685
0.44238916171327403
0.22339855847818807
0.48994513949989704
0.34406106179005236
0.42367073952536632
0.14958315598921951
0.50864030141341665
0.64110600875676205
0.4914211609842698
0.42517350235459273
0.28684459126337858
0.27374806029884075
0.56662345881704224
0.4394778109304539
0.65181657933922466
0.32773316627114529
0.35916043982814039
0.31552022051318329
0.17056162985772863
0.22188796479194167
0.18876197539253625
0.14303106734339274
-0.056639623331499626
0.54024029179567479
0.54606377404049233
0.43182281745429363
0.51167410016763926
0.40518347875695149
0.46124786092375003
0.41438232144440584
0.35921744567397751
0.21662076842351247
0.48245284324474086
0.29376189795216318
0.21648427575892767
0.78811843627480493
0.60591073349977831
0.69717263053961753
0.29698686956171394
0.45392395063242441
-0.022231468444485956
0.21691420302033879
0.31239820774470201
0.241647811677838
0.10107802045279826
0.39599566077874621
0.35743065125143719
0.35917811723887966
0.40366216638098584
0.66904096465667573
0.26042880325878154
0.11951051347939706
0.15323151283431402
0.32221948873735501
0.30326507542573966
0.27427795100545665
0.16522731234841148
0.23248629030346996
0.49808992439948702
0.0051566628734500547
0.2367659123364351
0.50995743158789708
0.5059938311720874
0.19098845785189991
0.395982621845755
0.32085050034774537
0.084440532845560121
0.46247668894863281
0.45875980833397251
0.59270281371258071
0.45514093251202442
0.24252471194475458
0.50008793593812062
0.068413294594957375
0.31157046674639738
0.48254853147187676
0.31060107345273263
0.55932652093860769
0.30201032453800947
0.41182709393056194
0.45388769930433465
0.47529888567321821
0.53891523319329704
0.47575099798528769
0.81502706057036667
0.54226004751144441
0.69007280350522293
0.58690227709215248
0.35723973049378116
0.22114897151884891
0.53668427328895651
0.39140835916328565
0.64877632742171409
0.35202332847170625
0.37025167591621766
0.41495362327573498
0.49238044345017107
0.36134142788931889
0.3605213919379992
0.62071805126471058
0.49149041885670236
0.44349117827411261
0.27347947014394353
0.60636711683429667
0.55071488891773757
0.20957788757003115
0.52041091405565731
0.22622976819901661
0.54799347492403183
0.17502996872540075
0.60661958702912444
0.68687243724681546
0.47283624893501564
0.86645943759204858
0.40984902926794509
0.25839337256647388
0.51393924333948793
0.41438348394946761
0.10918387939761334
1.048521592684587
0.52876541945235611
0.54514645377816862
0.84584308305561529
0.94613058432318498
0.49956280158978611
0.23425094827500881
0.60739431330578397
0.58816824901609144
0.25010836010366699
0.52887131048085667
0.82751030305616002
0.29417901569903482
0.55060847984090022
0.50097087075261659
0.57673908592352074
0.70349101086545662
0.20681678905543016
0.65973267229060761
0.70691508833618844
0.15778109474220042
0.58269741517555251
0.49145354152485898
0.7152047766496249
0.4611093599273407
0.46530053127587134
0.28679936722518945
0.31382110098106114
0.76897365224704828
0.89884503316305309
0.51516573284924772
0.82711003304168029
0.10174799124510103
0.61582043720814583
0.61930419026631334
0.3989487909344504
0.58064662172840775
0.51745085814058189
0.65133491850475334
0.63253172495776178
0.66731781857153538
0.55215294177938923
0.91588574634294884
0.90036458391043905
0.68030377440672307
0.54674218074584691
0.56244206654927686
0.91910745527378157
0.56366296404599314
0.84083262643008116
0.86293719013489567
0.46977513558378192
0.69583669259238834
0.1466820592516743
0.7159649403758076
0.63040926171131095
0.86167359096971963
0.87347967800452131
0.60866224266805702
0.90938222788767176
0.5040887315182746
0.52827324455397862
0.59531244211630685
0.63254482339739126
1.0237024349379418
0.61592445975064725
0.74347959351592274
0.6775206605967351
0.74422701752001097
0.58918752789725115
0.52006301706526714
0.3859180469553925
0.62862770219864239
0.87250734474198322
0.76812041322090019
0.31747886771025852
0.29942019631470645
0.80426230387253594
0.71271247525749071
1.1252851918766418
0.58844201989110045
0.75232828257423412
0.79589223089481287
0.84127756149091959
0.45600426216522072
0.79589499214538995
0.75060505878091854
0.45249085938717271
0.96856873944462873
0.82652374855602218
0.57313842793355907
0.57868658519839411
0.98710694780477304
0.71305145009043325
0.57819718789927155
0.75482333152604808
0.90497630427616349
0.94571737914718534
0.53398783315549758
0.51762398802247278
0.59769498772554319
0.71252317798644527
0.61987917520361535
0.97954398106037011
0.84597609381607353
0.84572239675718597
0.91074039889992053
0.65990119446754858
0.94414370160207617
0.94195344911138335
0.67174269763671768
0.78269068849339962
1.0771241455410594
0.76974845113296853
0.72821343429703966
0.86856049762892495
0.60982928017189841
0.81230549039790179
0.70103611820224321
0.70313411888960398
0.82570807909916655
0.70807150783025041
0.66383460484596624
0.91290171406806309
0.92900515042477561
0.63795733709323321
1.0023812724240748
0.8859459459560749
0.49041823636674181
0.58964532679728054
0.67428203530200648
0.49296583321475806
0.83047660825074354
0.69436562175013772
0.62249584577172989
0.67753345567276613
0.89211269811773064
0.67780950591254263
0.66954056950464791
0.43986109885196417
0.80647430026692257
0.84240202118769381
0.74604459672142565
0.86311764352170606
0.73755291435681702
1.0094582714935749
1.0598350506257284
0.96293516004263324
0.76501399607825871
0.78053348415724932
0.940229937676897
0.58322028754996003
0.74874285325471734
0.99685004906921926
0.73730707298591291
1.017195216535894
0.95369048383876365
0.89157174531019623
1.1016325859849896
0.83410369882377844
1.0903018590893068
0.92504025381808919
0.86880442279465331
1.2116777281382398
0.76735700586765676
0.88951252204939502
0.69493494865088246
0.66211334690260437
1.3340239781824643
0.74009283033334594
0.50979056411426971
0.3191965994261044
0.80491596882851746
0.95636668341368392
0.81752681738582544
0.72147736121184325
0.90810706229720339
0.91989201546383259
0.80211197587312522
0.98727113582359105
0.833071708860744
0.65171093729475194
1.0507793810496748
0.88385295744087355
1.0680907412970992
1.1621681670990593
0.96144852627678978
0.93973012565745551
0.76068362247041887
1.0032481879201942
0.73932010616139743
0.92942540171268773
1.0793577064789692
0.86292233995673684
1.206881749039366
0.95972955735192322
0.89937717528267647
0.66585310300922773
0.78189035444575739
0.96110115360505044
0.59352561558062089
1.0090583679169283
0.82969551735834357
0.86257649103652601
0.76979807091991681
0.8719117793267066
0.86906503546969238
0.9897217617900208
0.90333072444902696
0.90132628318806174
0.89075113282897977
0.91219599519140737
0.86354347668713938
0.95421945628899918
0.81482245576726586
1.0792266018040437
0.94031554222126212
0.7605926339219139
0.87028407090855131
0.99416180892071926
1.2471786503265589
0.93873039189177965
1.1719392537937945
0.91003576819221199
0.99968931799160687
0.93590469863631731
0.9110308179481269
0.81214619514200903
0.95786773258189206
0.63000418428913907
0.61990916244414807
1.2057613952981414
0.93544718790380721
1.1462656112307246
0.59822634998930901
0.68307672725083646
0.84893521234015057
0.96230508737053744
1.1661882264016419
1.1091527119261009
0.93706567931725371
1.1372696583531838
1.1131676858104864
1.4700292986051908
0.69816436658638714
