-0.75572162340503024
-0.76634336663635716
-1.0996541599328415
-0.76764260832269793
-1.2106035266977266
-1.0429755720101623
-0.74879058164140744
-1.1272108164666321
-0.93015354948878159
-1.1198994760365186
-0.96322460531574527
-1.2251446436015867
-0.97125452737398665
-1.1740056926592339
-0.78054129345971424
-1.0442231020412629
-0.9217745044881257
-0.90273736507066848
-0.85429453146056544
-0.74064959562175159
-0.94678241884810166
-1.0910302683787898
-0.94007216047193698
-0.821737880152274
-0.69171216266892011
-1.1171035546164314
-0.61695481853257073
-1.0461391425523647
-1.0266749443601346
-0.86844407283428771
-1.261403924403508
-0.5512570060501224
-0.9145180236793875
-0.93504090071700618
-1.0022825151275028
-0.91952812463289013
-1.110820079252697
-0.88685710835662435
-1.2482266273829001
-1.246414004150012
-1.0264735436520049
-0.87519782852815609
-0.81267514825332365
-0.87413181803033335
-0.99910055152297916
-1.0427650780695581
-1.0200641244071884
-0.60824245416254974
-0.83261968499994288
-1.2052167784401044
-1.1554199859875653
-0.58486295665841759
-0.69611158947189755
-0.92892879080032853
-0.68375381260876156
-0.73631679982807252
-1.2556161959123571
-0.7144121548723178
-0.88011199719931832
-1.0081523026522168
-0.93421949886686695
-0.94282511299652849
-0.84952133738467606
-0.72640766717650773
-0.81916157390598632
-1.0856325309045678
-0.84643455765024489
-0.99097268358158419
-0.64566653493011639
-0.69751410606385678
-0.78413959470816585
-0.65000520789738292
-0.58674172285511061
-0.8856799084920941
-1.0409590039890686
-0.82093952659578329
-0.54640135060363171
-0.79449637306778798
-1.1446024202437028
-0.67201695142616669
-0.80404490997084088
-0.83804405037223084
-1.0295309265636117
-0.82495511662570187
-0.41088095350789755
-1.0405095653180967
-1.0269902196757816
-1.0057787398937061
-0.78584044281014609
-0.71076530227886536
-0.75785337953430443
-0.64466927639315319
-0.99197120847972209
-0.55568604726643345
-0.36249081754029394
-0.85155055828556681
-0.93663385492813145
-0.66962141272914943
-0.71078826697716702
-1.0643603400099777
-0.73270548567428817
-0.76253690153956566
-0.90525357841599152
-0.8123895796856565
-1.0114474761067127
-0.76930334561196689
-0.70618225637439769
-0.86915080370233622
-0.79114621055183454
-0.7263188800016448
-0.69093456154912813
-0.76601848159611097
-0.65112467562263332
-0.66669175398276936
-0.83379154213429507
-0.84120070742175634
-1.109615890058768
-0.4731559659843812
-0.50390181084356833
-0.85503779078950559
-0.80310709498970367
-0.87055379279425393
-1.0923689447767522
-0.61825562593277361
-1.1184024545266662
-0.84662093339291766
-0.92169339230735237
-0.56808266525306061
-0.55698372402976093
-0.63849295352463142
-0.70907819251083926
-1.2231924001160071
-0.77340461223613333
-0.56634750250170374
-0.86266645904364569
-0.86485243357013086
-0.92423727519759391
-0.89012954915641307
-1.2017628333678232
-0.44698429268007728
-0.5623554279242351
-0.66769710181436248
-0.70187779755165902
-0.67357506320071014
-0.72396875997587029
-0.92967722448240486
-0.92632678384830758
-0.85847173950467071
-0.31158688950518032
-0.45871563921583619
-0.34969721394219405
-0.51836980455016146
-0.83699660400907983
-0.85157436584081725
-0.81584329029118141
-0.64267998305758889
-0.82243668503706857
-0.71657687600267816
-0.63032835943715237
-0.52416897856461087
-0.6178095445056373
-0.90611952484815594
-0.60212963431633393
-0.87609274653055358
-0.78370001210848916
-0.49933036027719607
-0.51258035383576461
-0.8983786942703158
-0.66548467036733916
-0.41423282843804426
-0.70079745640438484
-0.7612107201129964
-0.73728538307598213
-0.59196726273787759
-0.43360291310169347
-0.60493486595278556
-0.89595122278507622
-0.57478859055637621
-0.91250332989809047
-0.1202231465515069
-0.537695700089307
-0.82755372465479371
-0.13730962125127652
-0.84329160909240064
-0.83242375538798585
-0.84203007157200105
-0.43499082970174791
-0.62065657602699331
-0.2446440147420694
-0.65221963006718409
-0.70067292851412011
-0.24802352944678308
-0.4264876230575893
-0.56755375437151689
-0.9043231513210328
-0.39512531136208234
-0.79875635803516309
-0.62109176176610681
-0.32176098427804162
-0.66630423797619043
-0.82958747528228893
-0.906039144392215
-0.4808462096591935
-0.44529096529762746
-0.83981614173183206
-0.73303968637627315
-0.2543386247353871
-0.57476559005588512
-0.79556185624499642
-0.63043831702768793
-0.60578333098954251
-0.55140479182332802
-0.38642739357752026
0.016755812530107328
-0.41674331603416376
-0.43606080018353033
-0.25494783315485403
-0.61435885354432906
-0.29231702212717225
-0.67915039046355574
-0.32838372379833641
-0.50850994942879879
-0.65137806552677802
-0.42841624353442509
-0.48586095953689318
-0.62209290046023613
-0.35377389730224618
-0.7849689372913401
-0.53924700229608591
-0.32975693787882787
-0.74300845242982339
-0.99602790212317693
-0.57916247160115319
-0.42141895354127323
-0.64944335292732058
-0.51819909042745727
-0.55942113712593355
-0.74874239895469075
-0.45252461243528119
-0.51362427084270212
-0.79221841407787796
-0.32518709792804973
-0.31395070170923106
-0.26558713973795728
-0.80716467923847701
-0.53264601272634604
-0.2254384532900065
-0.35513031547142621
-0.75734428509243867
-0.57023176525496899
-0.30012429377611394
-0.40368634414100052
0.052223902893132494
-0.26246403698017695
0.001076770155847313
-0.51365778291726583
-0.7462972005690609
-0.20245207041177091
-0.18691287653041941
-0.43242675302735201
-0.18943649311371014
-0.28769070009148545
-0.5958537134276426
-0.52090368092193762
-0.28643672676927706
-0.40312981597289926
-0.41950045171817268
-0.90326425449404912
-0.84913789847403653
-0.67919776242882401
-0.15391903462710038
-1.0576617298453519
-0.12508614739437551
-0.4302235531672835
-0.48520700849307802
-0.34585885398938532
-0.54115448842728309
-0.4388554910465442
-0.19760417019846349
-0.44060277109111834
-0.60880673748639069
-0.2815762790673062
-0.34203342156845096
-0.39559123435057225
-0.4466570059268018
-0.41267470823337571
-0.64429791284054649
-0.34914496423305585
-0.32939479878565658
-0.014408953962097104
-0.4672082971636452
-0.59720767311701461
-0.62148738042776552
-0.20305215231963211
-0.084889742665755469
-0.55694142583419692
-0.32121849188373397
-0.38970235587125091
-0.57110519181810304
-0.53147369456836235
-0.34784618466570177
-0.58285364660016736
-0.36114779406798825
-0.51887423684814371
-0.13035637159386063
-0.29350419839379871
-0.73538820815512296
-0.5382662702552089
-0.3716834899688829
-0.35759284898573113
-0.75826500313913436
-0.67829031739182188
-0.0014113417154370503
-0.42545492531636875
-0.096092046839197143
-0.36333303788138904
-0.17875381973695958
-0.46983785865162941
-0.39183464321322742
-0.32070286510620133
-0.078130249978138611
-0.15844477437631996
-0.063536708735065214
-0.016633911009768028
-0.37217957434032134
-0.37380723283716205
-0.31248243369338757
-0.24273970723669039
-0.60644034302785133
-0.78056865192351099
-0.39237889752986366
-0.25982491318321954
-0.44834220145929982
-0.31399977572347226
-0.43230052043233536
-0.18078553241390857
-0.32018273799552271
-0.31777627125111757
-0.50061973111053992
-0.53808260942018604
-0.45543382439687435
-0.70164676618293231
-0.26099783678136473
-0.56649561487757061
-0.44374821383236052
-0.58780414062708397
-0.50361296997579008
-0.2574094207644641
-0.13963348639756454
-0.38953050198729283
-0.68179515550942693
-0.35067173447062372
-0.24941858565334557
-0.18517094729145966
-0.10294979199767101
-0.34008597759274622
-0.090839595826915392
-0.44344252482588442
-0.29166585690343538
-0.38587358953912326
-0.33714631975954412
-0.36685952773998481
0.041197945962530874
-0.21996781585273681
-0.53464951107563807
-0.26181192016387056
-0.30271250209721395
-0.45432066611823479
-0.19756508285807797
-0.49697666847195549
-0.41035045563431238
-0.23918607535134767
-0.17608174805546276
-0.13282745875361465
-0.23304475163576813
-0.24480446623912383
-0.18741098652089316
-0.13996038012264003
-0.27677443845944111
-0.16262147042308356
-0.044960309492780973
-0.59127196748957911
-0.27643005400814363
-0.12640501417624009
-0.2479985645110736
-0.084688375174781103
-0.25614019866836157
0.0099941843106658886
-0.21748022704409953
-0.43257014158534818
-0.004120239412760047
-0.1342191592722714
-0.38616285926003835
-0.23174846794880549
-0.11260365651719674
-0.1775152468505988
-0.17417098627794531
-0.21567175566644795
-0.33479346176913122
0.042251540479638694
-0.22691319454298345
0.032979553447981515
-0.24292968115883976
-0.13519268236420043
-0.18057890125624054
-0.42020565065595394
-0.13516805873194362
-0.061688444281297529
0.021174462220679646
-0.044132983411997166
0.050381019120780815
-0.26604480565227967
-0.028133861032630963
-0.026484169048073866
-0.49715123278075923
-0.0066699624061685014
-0.34593263673571051
-0.28947761883385736
-0.0044236890957709525
-0.21819947488616828
-0.29667530623706573
0.079949058703290554
-0.40269457569701056
0.28671170036526028
0.045130103285880865
-0.13985442646703372
0.027466348901990546
-0.18675250085140474
0.074023306160373198
-0.074101067218965672
-0.078022123498790438
-0.70197591214081423
0.013582297573183116
0.10217589098906721
-0.30586313359521899
-0.50958124925668213
-0.2162909466828058
-0.45324976253778559
-0.18474541656170312
-0.29445354381635735
-0.4423027700270592
0.15041881867652152
-0.024403457692287606
-0.18222300837421213
0.27433054958048014
-0.17240422228887442
0.067401613035091568
0.078474194655882124
0.0025560721100563932
0.058684343041466587
0.16094828103010514
-0.084150798977701766
-0.18141823515212899
-0.067737017349684986
0.27530205862037455
-0.10807578499342367
0.12836333009553041
0.17021777770121743
-0.09930755636580188
-0.017637327799377985
0.1350681196492774
-0.25383581649751064
-0.1548614620075798
-0.10869403383514328
-0.24757581011673821
-0.3272410670717768
-0.3640095025251141
0.15939187159994225
-0.07375041638012772
0.11507132731688022
0.13880593724687787
-0.14338592109034376
0.2749413161479301
-0.14324425136484942
-0.23508159415590876
-0.055747610923895595
0.31175265875548902
0.10284525331205148
-0.32368965783017573
0.028364943383434454
-0.027861039564577628
0.14452636041195077
-0.25469461863123632
0.14815357497862994
-0.1839907642722092
-0.063448557144394513
-0.22857352592804853
-0.03797026368711786
-0.40445239965713836
-0.44370952143732972
0.27118591800898845
-0.095061894805597666
0.059749503931469224
0.24039096771850177
0.066529846896188252
0.043653953861419695
0.18221867193743196
-0.22710819327636964
-0.30326102961227352
-0.38253566939970152
-0.16342227858926564
0.084755445309501326
-0.36556024436079076
-0.43415390139138754
-0.071107706297894105
-0.037447501572321733
-0.091329616953714651
0.20893895355572409
-0.22214408209633479
-0.17006713004776022
-0.21835267266616837
0.07381506691723419
0.1320398663272972
-0.12434387180909609
0.0090644382815835388
0.086695533521295873
0.069534179020597359
0.079530050738769134
0.14421479971309062
-0.47298605359425649
0.072598127643089969
-0.13338276130837404
0.19717449569931747
0.076451347743759182
0.10380314472935059
0.21412013007172254
-0.26994121110151054
-0.027155316424467946
0.364016912718716
0.020496140063304146
0.039804653261635521
0.22526360160085257
-0.21561468852917112
-0.066840149428121887
0.043492746913053174
0.17004294596852984
-0.1192793703715328
-0.083601773590829098
-0.056357725993899779
0.087573924303735853
0.26850775759014189
0.36291577146862286
0.32982284709708765
-0.1309126908666691
-0.0832766424293023
-0.27407441292400803
-0.13999149996291857
0.30656681574110289
0.11454415988968325
0.36890137049978317
-0.1911380382946358
-0.3283871819576184
0.14092448361554538
0.0020315000482584306
0.11648267359027498
0.052939755182580032
0.0010210762168528125
0.17077479392912998
-0.060272192426085738
0.44515162599745545
0.30340039192460572
0.08932341892856703
0.040516004315464989
0.34012998742398737
-0.083453083853077523
-0.050450990824539008
0.097471639617084993
0.090716372207447452
0.29166954742979773
0.17963802253288308
-0.035341722867509542
0.18739613254374698
0.30132901181666299
0.22062310691061968
0.0082344987598914256
0.44663827051380689
0.078364223861174087
0.16018686725497833
0.33326163162145211
0.34472657842361781
0.36493675765630573
0.29125280758312405
0.16118254718612038
0.23054244290007039
0.32681507882409266
0.20682343344118806
0.11772068852229545
0.32024258430112446
-0.032959990679768451
0.10508953807528267
0.057687311617101077
0.58529431025538614
-0.14725875539177749
0.45628732505699421
0.25599450542392094
0.35228779386333781
0.17947199330707039
0.2509852362247359
0.27296291315005655
0.18810895730391591
-0.011565376570851717
0.24423936583860878
0.043681713315406989
-0.13842750339286408
-0.085569997934696593
0.19512718939495979
0.35936502296439493
-0.072685619752067568
0.2981717051253881
0.16245105172402607
0.31454560969247763
0.066231485336646481
0.092095202142542201
0.31239020473620865
0.047809325758018294
0.13325568286357439
0.51170215671697927
0.46383791311387096
0.29162307729144582
0.094630531519326294
-0.12396134416395158
0.12040758508996433
0.3511961840069307
0.13604793581785796
0.33768382577037059
-0.048953859896589916
0.22546857777469267
0.44164162879965363
0.47594013160936727
0.23005632882355614
0.23483465686457339
0.40097859710818173
0.41696230942334106
0.38768262009460458
0.062355939556155066
0.45842818647907213
0.16969692803561867
0.29313589667371104
0.053640781308837447
0.11097555068668501
0.23520925777238502
0.27346554223265074
0.6038483027634679
0.31891050662019532
0.36144047527175471
0.51798948954779989
0.21061121308669634
0.12403260319854219
0.034739834914397319
0.20160514672016205
0.43505988095948794
0.17983912844978622
0.37308984199472556
0.33706430550197219
0.50043106122055758
0.15907342558699847
0.14035548168847328
0.14759738832217578
0.013515057072851468
0.34711204604180856
0.18062074223428068
0.36717007998540951
-0.17710399761641357
0.68373981023057961
0.70759145709516325
0.22929522516071152
0.456572733757242
0.36754997024594088
0.27603822096272512
0.30156542258223534
0.51724860636758341
0.26291589939876625
0.41825510924201448
-0.062772127674782366
0.10839155359522078
0.45674560005120668
0.35847502481600202
0.25731905127560251
0.38525122413602508
0.66869347168119986
0.40621234539249318
0.72622854215616406
0.22058057159241387
0.32531809707512649
0.4832991044456928
0.76285820013720418
0.26958937794124299
0.40941881871478097
0.31831725705894576
0.32331393777014256
0.30830401853270945
0.56094215620728471
0.13527617603913819
0.61954829854821369
0.46824690641464373
0.4006509369834772
0.57295965058836174
0.2741760075511353
0.24969656030288986
0.49296770722902211
0.53836372819566625
0.31164144442303127
0.51937115834133318
0.3271249048732498
0.53638124929490849
0.47854580109120254
0.60625096852651972
0.28740393710393536
0.57994148119522937
0.28683047055363137
0.25997348699251177
0.382804773689781
0.14902943597588966
0.71999044535127033
0.35083856243230072
0.12523341532251975
0.66626706675359071
0.43826162351136044
0.29340142305035416
0.31787684683326634
0.56163099089930402
0.50525788309685082
0.41693146587975699
0.64236581658007219
0.61376689609075785
0.56893892042280969
0.45228007976690981
0.099307984122054632
0.31906650163235434
0.70105501208219834
0.27419073572244262
0.30751122345368936
0.48792259284021799
0.30449892302077958
0.40665727427131176
0.62541266351754921
0.2085195356951598
0.55299246264974034
0.60834339077176347
0.56687589248571257
0.55041014074129679
0.52402456789397445
0.26963026753904024
0.49901355942717729
0.63257840628669082
0.32678867427787206
0.40450706656424967
0.72514502509977452
0.46673056862292955
0.64125823545841665
0.58635080982685617
0.78988271771422558
0.76610743695859107
0.56244701620127291
0.30779707472260581
0.7346716413072768
0.37162195872631926
0.35806960396175297
0.61641686855877897
0.21776836625177443
0.41271114731002218
0.22565551545337581
0.41964237246498143
0.44377435294539957
0.4833870189897686
0.39867928725782509
0.70448566464508167
0.43724101073010696
0.42425151275605788
0.39395017253079201
0.14930724652227634
0.43505128749614425
0.78951745425663866
0.76263941080177922
0.51686081921484517
0.50286867877951436
0.82525736815310757
0.87314545024985302
0.35142649388225644
0.47072656501227095
0.67669195907352064
0.32012093959192073
0.43559429721770504
1.0217818473483717
0.75596235630250941
0.8034247743401739
0.65256373878389384
0.40405406005707484
0.5685714870631392
0.4713680373129846
0.74871119399966801
0.78312282577769587
0.34955464828146449
0.67015726911286244
0.34958174715134527
0.39830454227711309
0.52672576485288791
1.0401312688220139
0.78007595037732025
0.26391594342085867
0.93484285723358407
0.83320012388431119
0.70298660214152264
0.52863244388831698
0.45951510243747357
0.64568139740799546
0.67543273793485659
0.43635998493507328
0.28748304287489135
0.46123426003616308
0.90371956916536467
0.66498993199933887
0.83336196107556815
0.73884817991359841
0.6236347988519223
0.400065687044935
0.9110671736028142
0.26923552491607405
0.61913253270293489
0.50548913668682016
0.60900607878621227
0.81362594981080039
0.6201212043167954
0.83816560385300343
0.82978207038111951
1.0517263001832748
0.76096710930688161
0.62300021184404764
0.25370198806112104
0.80683430459355798
0.75765013414932547
0.64186109680612013
0.61248284029047706
0.54601000185969339
0.78891664698402664
0.69631563980817124
0.85852112877263342
0.96229807330544781
0.58719927735632793
0.64652461065975542
0.69381218375842013
0.66321932580452381
0.74017558182264165
0.65959328777723358
0.66547409116277567
0.64565534231246746
0.66667212991652502
0.67036910035079322
0.53387596286462558
0.70043028110965544
0.7964342508275003
0.63636660682656176
0.53030920071025578
0.84633895453958297
0.81183711734853314
1.0300095454370681
0.60025353533192483
0.4144700439575465
0.50228243483910495
0.57752986975567522
0.59937696657716832
0.69548362820415299
0.17842223196064744
0.8555586383991165
0.6108950261574958
0.76150708313886473
0.58770116545745665
0.99403998174309838
0.79650743549851033
0.54655431637672269
0.48946820993281631
0.64650060512801943
0.64528044331282497
0.72833881722873017
0.5937247738910002
0.4904806158613505
0.88009357782135822
0.99056706292913321
0.83175051093517061
0.90991003507045598
0.5537731967121694
0.90451708402604802
0.79186880944278293
0.87290952673941058
0.73006969723579529
0.85367645823817861
0.84772173785883242
0.94027120572746437
0.65708805121251146
0.94102610052231372
0.71374281211513757
0.99095489165068662
0.39693741121733067
0.7199284200209527
0.47466432344611376
0.50832715929689776
0.81891340958295311
0.79270904932195363
0.99309247581867233
0.91202933136489384
1.0448529017585195
0.93386906890700339
0.6079730904309838
0.64221402478172851
0.64162012319161477
1.0761635333319368
0.96361706053734664
1.0347119901711215
0.4205447876896366
0.95205639964088684
0.93821769474381134
0.80475064935823715
1.0574550274339318
0.942287385057056
0.6913586094702685
0.70217995699405311
0.88882159058036248
1.2195820284840411
0.70534930647748628
0.6947054336466898
0.75113454057463191
0.83544291533128823
0.66186791263601052
0.67247247791588327
0.90198749121899036
0.44348631922022907
0.69198551986186529
0.64531594687309435
0.96799423016497321
0.81519174999706445
0.81970874278301742
0.7929512504964974
0.47323931741899722
0.82155930475744099
0.98680038390672853
1.0060974780115479
1.1384021248213376
0.83163013838078303
1.1543080931520187
0.94183748684144297
0.48153114136095088
0.99119046623504992
1.0267736488225452
1.0573699224273436
0.7309632178485338
0.90107526958885176
0.92001357905147962
0.76983699885122892
0.78197910710453267
0.64882616439599905
0.80439637421021737
1.2725280930644476
0.80679394360473999
0.76653675971604707
0.70532901227831646
0.9462127250058382
0.4886819998326194
0.97124950871037485
1.4015689438920118
0.97496869910494932
0.94857242722097679
1.1686626480408691
0.92680022962744235
0.70571941997745957
0.63303351726557
0.96874980021308643
1.1444179950700872
1.2886509625833498
0.79477010167749151
0.71398657866062154
0.70800591682701142
1.0058290901994229
0.67147293025561006
0.88023158931398449
0.76091689690914033
0.65234569282717214
0.85787758374131373
0.89211283188396584
0.93960890874086656
0.93882843784797021
1.0049134177033514
0.98076023951441849
0.81364870919930066
1.0687832817076151
0.8190749432128499
1.2543133365977717
0.73157016144105191
1.0996353322017514
0.69642679631347792
1.0000227591280411
0.97642961363162917
0.68051869891988293
1.07103757127718
0.80674312232208534
0.86894291115663924
1.0856124599749479
0.86015892667850991
1.2388297573615366
0.90670574700961037
0.60174199275962181
