-0.54208857195675053
-0.89605718983892313
-1.2548001439415346
-1.210087560230158
-0.92123078030887673
-1.415558226188528
-0.97565184257914483
-0.75991770593893404
-1.0596888389768804
-1.0752273126496756
-1.0327208462454405
-1.1578751660979367
-1.0739613172938234
-1.0347900031937778
-1.2293850615040443
-0.99966024395765696
-1.0631390933542006
-0.9090819208242833
-0.84881626569425372
-0.5663590844607217
-0.79374790424222064
-1.0470840784930504
-0.79342562272090256
-0.74959618866927846
-0.95654411915908732
-0.9337106497965304
-1.0713869292752567
-1.2193817383829708
-0.77623474113845681
-0.61705756151380986
-0.66748861004417626
-0.88964328136975757
-1.2040262826251489
-1.0029119536611566
-1.3157402132922822
-1.1958734419558859
-1.0590525086448179
-0.74605349298475865
-0.81352281078480171
-0.84672871018398277
-0.9458391454548345
-0.72569811360901548
-0.76171993589917275
-0.98787259940798977
-1.1612139438477969
-0.60866998306570352
-0.63207726125690833
-1.0310489052901834
-1.0401968677463598
-0.93676459155745218
-0.86985097045181881
-1.014856547032317
-0.74187044822964676
-0.85978882674501289
-0.83834771565288446
-0.70861583972030961
-1.0262035397658926
-1.013031561173604
-1.0226206508066706
-0.67842285929872326
-0.87190883584072454
-0.91506863732493549
-1.0630778926381532
-0.98969341276234102
-1.1040318625778809
-1.0344990580996998
-0.74963647681547463
-1.1271039309902295
-1.1033832219555308
-0.70186804732069175
-0.67270617506382557
-0.67849556905930608
-0.7982138054649367
-0.97509162585241471
-0.91678514183354709
-0.82007437539057693
-1.0518676388853538
-0.86880947176423773
-0.49982755432598958
-0.84384440377173564
-0.91316604092500031
-0.70859375442126349
-1.0995456603748737
-0.87549548350635953
-0.97351427070878283
-1.221711315256774
-0.74152742977756114
-0.62765197515595739
-0.70195371892171354
-0.92444840933989136
-1.1816286608192608
-1.0504724863530475
-1.1192923531930983
-0.59985316587247273
-0.69036788481384337
-0.87782037797451162
-0.8870073255483224
-1.1048897767274117
-0.63104979470229927
-0.64653067603855652
-0.8713118896656542
-0.47749330236269782
-1.0908590599392989
-0.74521269217966712
-0.80044762769327504
-0.70059452869748695
-0.70144223967117414
-0.8024059981889714
-0.50314829068928979
-0.74057318505014902
-1.0317980413249932
-0.77078287592102912
-0.83974976277127833
-1.0311691879567424
-0.73801064112337733
-0.93358710090811159
-0.61455864978482366
-0.51378626488212065
-0.67480739381253263
-0.58871012378370524
-0.71091414923749485
-0.71471522075153693
-0.77240735290495954
-0.66486355029001853
-0.82326283312368087
-0.82150239152848747
-0.66326535665425568
-0.77748403719988091
-0.95240057845530424
-0.59406045185632894
-0.54196321043634366
-0.49320296461487223
-0.62509853265828086
-0.71863188653368548
-0.95168850075358624
-0.8080142901316415
-0.61563097291837221
-0.18333881055771145
-0.6626960358823536
-0.76612198503004003
-0.67286906369363164
-0.55521331755198244
-0.48386436467627414
-0.48295660988744415
-0.48085885576140164
-0.52529482160305563
-0.58810904118251639
-0.9067766365794182
-0.85487671368843088
-0.53026246346806138
-0.90043411328221246
-0.99759521058346334
-0.61008761962250979
-0.32358255499571265
-0.58228707205244179
-0.59850071250871251
-0.44695209257020946
-0.38437499212210058
-0.48402722468841203
-0.74562839445716889
-0.71223977769655833
-1.121963704507648
-0.83403326774991693
-0.88006580118502853
-0.6494668121056103
-0.79046548549542128
-0.62682018904438308
-0.98303311561053908
-0.86970600127395503
-0.49940011541999263
-0.6280592079683438
-0.61664076535885826
-0.56782269937566021
-0.51970137361255875
-0.54714704362486499
-0.73405460597802552
-0.6840031565603033
-0.497279333398497
-0.84412193628706078
-0.44336823260555297
-0.37687385684734487
-0.77445418528644472
-0.47850741134825975
-0.82539005864088355
-0.36156209909508419
-0.41322364401356049
-0.82754304675204149
-0.32642430718584176
-0.40378740723459278
-0.58830193193215863
-0.7234023345089452
-0.59381322297992634
-0.81771549782340769
-0.42716421173302632
-0.67724886061630996
-0.49299474212932137
-0.56050828249411644
-0.8511732804317218
-0.9129416779052123
-0.70542032853460068
-0.78544845420732057
-0.62617760811329637
-0.74809605491926401
-0.48568260785665524
-0.4300706223614762
-0.50820396676885238
-0.80277899910996608
-0.8119245086657545
-0.44488088612479482
-0.61719583153556445
-0.52471041607378399
-1.1725940435444733
-0.38962908473772101
-0.82470262690107854
-0.33814237296549332
-0.45713278088425502
-0.74818987555146022
-0.3627307955110507
-0.26453872619992541
-0.39782601014025087
-0.60263019101716875
-0.60631195476886524
-0.54749538419270216
-0.50796406225333279
-0.57324311451362508
-0.61786529051609118
-0.3708343001447178
-0.52635513568245773
-0.66451089170142119
-0.48091732596820391
0.031510504833006658
-0.50521292193076761
-0.31049010569518709
-0.7249030304500399
-0.50989614249150506
-0.41877089775692583
-0.44315286162667689
-0.85341022957241264
-0.4913898520853926
-0.54748247184794674
-0.39876593271670868
-0.37314393148651864
-0.72213381794132081
-0.85893250327660264
-0.52976069089025224
-0.65053027169572419
-0.67065784465240241
-1.1306992810766552
-0.44915131661497132
-0.56518330978458975
-0.39357655025360477
-0.54582915000693855
-0.78873081135102086
-0.59112792529834313
-0.44968213679453151
-0.42805061344238698
-0.7610723101614848
-0.53254520519955018
-0.89749397254038588
-0.67625879947747436
-0.49692147348197313
-0.39262468377918158
-0.20058209837323474
-0.59259886375387116
-0.73604419809378285
-0.39394592557818742
-0.65229976021908398
-1.1446935114658447
-0.52069374117509593
-0.43172131175272971
-0.58972216012540668
-0.42206654614921307
-0.53590919487638411
-0.34024354479550278
-0.57265937950791157
-0.52401211466748654
-0.1570688921378243
-0.70621038207064579
-0.5454879972366149
-0.38643398270745699
-0.57641752226157095
-0.011418967231053508
-0.20977776145575971
-0.41859023604863216
-0.20122148210867524
-0.3857878315573689
-0.12217061237624115
-0.08927933291519223
-0.30893875589603015
-0.24041338076016819
-0.22189306478713688
-0.14441648538702165
-0.1890555897428243
-0.24841253457441898
-0.39165055348524858
0.046592309241994222
-0.67372824849777813
-0.11478670634492161
-0.40919705348402502
-0.17832862583328773
-0.47650526343938454
-0.27332603215173407
-0.28155437894079205
-0.57752651276954281
-0.51626257204606341
-0.068413792245560587
-0.47643707714490491
-0.16148791643206056
-0.50951976704947799
-0.21177612004077256
-0.11807940062165836
-0.40719833701234048
-0.29482428828313645
0.082260100282993173
-0.22835081786999728
-0.3632857105243173
-0.50348706974116109
-0.2345306088523125
-0.49457266271256406
-0.21416037537524246
-0.095936987007740906
-0.13954407330468976
-0.39533584902679791
-0.53836750237188247
-0.3426826247270825
-0.34589458472729584
-0.15298752836672141
-0.42820914024988244
-0.15158932076840587
-0.22992252159005486
-0.3020311903583966
-0.21780039369555548
-0.37717956473935327
-0.41880699549845291
-0.32921543436488243
-0.3581634011893019
-0.4547521032904504
-0.1701527304698332
-0.40896756225511266
-0.5424118910161323
-0.29736104506002403
-0.31655826531167636
-0.15547922636157296
-0.48612264185670212
-0.68121192543496545
-0.29802250155535243
-0.37029476863294325
-0.19672759638407067
-0.28530761197275534
-0.3316590267619452
-0.37511993903649954
-0.45064686447966779
-0.57763920523212386
-0.35297507961074104
-0.080776295446100502
-0.32035350381005229
-0.081590507264129711
-0.43302375219397088
-0.52407279153106101
-0.48842913438681868
-0.48659991650840911
-0.40241657921737611
-0.39895553825429436
-0.61524555920662538
-0.16287854374430949
-0.89426044984596598
-0.25846696097685923
-0.28363814516857511
-0.45902171411071824
-0.05760828357924825
-0.49253447791655258
-0.2260207032920295
0.030176044503091481
-0.040587476573191908
-0.36320800936352615
0.082564574443764152
-0.41812163285938447
0.1571888129460029
-0.10211113154848687
-0.30348008391270476
-0.45073687378801647
-0.37088842548179374
0.018083215096093442
-0.28470211576281601
-0.5038013878472245
-0.00349574640672848
-0.23282388370770629
-0.35381694847285666
0.051718448497318902
0.020567008427109717
0.1517316467252178
-0.15728104569254547
-0.27846604774540551
-0.70771382525627113
-0.15629013557805999
-0.085798635007539745
-0.34479109134945629
-0.20745709277146748
-0.40616221204527064
-0.013675671982366119
-0.15971154740305257
-0.14052471894276186
-0.34077804427182096
-0.1649107378520423
0.18981539917912532
-0.30029368869540723
-0.32223663257634516
-0.25199757452120886
-0.38379227263193239
-0.12708129298027465
0.07611976750334587
-0.66048245998362465
-0.27221228791444213
0.19420433284197544
-0.43370443086987609
-0.33396923384398647
0.0036729071452945793
-0.019092381945247861
-0.24696593831806132
-0.29655649390157895
0.3577135062322303
-0.44250025848879998
-0.28606702581017746
0.10532107121294568
-0.20986769428759353
-0.15185909049216734
-0.14102751275750525
-0.53301916262068183
0.04203478562625363
-0.12588201375279681
-0.0053884483238483194
-0.26213491787459198
-0.3736613498205707
-0.17158061779864456
0.41246210730880939
-0.05328577321939567
-0.13108901435818068
-0.47101760284728711
-0.23451647475929546
-0.16230559843753425
-0.32626649050996009
-0.023907290140436958
-0.11309119752146475
-0.37597836826212494
-0.082884657733096709
-0.069731784057945265
-0.3094103646032445
-0.39847052146187728
-0.095656524319037484
-0.42248568505116785
0.046676431657754043
-0.076749750982366888
0.12222342031020518
-0.34127199428093363
-0.0981849508656151
-0.033731815929857661
-0.28289479246476867
-0.35736358721330924
-0.24364191177192449
0.12030109830943637
-0.18065799632442367
0.096551639813312787
-0.2038316285922302
-0.35662315428408747
0.15953605212523939
-0.18771881295951548
-0.21652098914874915
-0.077164974007952206
0.014822232460956724
-0.021125491940358787
-0.16252576501961394
-0.07545986672722714
0.16184075734667738
-0.40861395779780835
-0.22224527772715658
-0.29885717108597853
-0.16706007114618177
-0.31911145470176389
-0.026914486630604806
-0.078045599240923816
-0.16127737033783646
0.024487097200816443
0.084858176058185769
0.28466423742280705
-0.0542953572722834
-0.24644608282263539
-0.30959353483075297
-0.13466797291436941
-0.0017340397599217602
0.011173389443681269
0.12085440417066581
-0.21722209082850427
0.10388734040115449
0.01476304076067444
0.2561865048730968
-0.1770482433909116
-0.021533906424134018
-0.036324916472233064
0.20361372839226258
-0.30616995803201752
0.075816185065589695
0.36322808562882786
-0.29250209939112554
-0.2150388965697019
-0.027471505597259464
-0.30973308613526868
-0.2178207542880054
0.19184852841389294
0.29646078134609066
0.068003862323018791
-0.011631647325224297
0.29782923253465171
-0.25807923959066137
-0.17859454668331198
0.19689466541816661
-0.12086594534189857
0.086860318247088314
-0.063313774475005469
0.12268270327380369
-0.11761492746738197
0.10928472033612277
0.24713070757608024
-0.13643115981670503
0.25798464892994227
0.062461484367803667
-0.1918917587484667
0.0099389330336773427
0.20208863482297298
-0.021205211612070729
-0.15468539633896888
-0.087858126069749548
0.27757746839296049
-0.18733920195018458
-0.14595660547911521
0.025433067020226456
0.247090549444551
0.19749350537374469
-0.16035102338551416
0.22799747909465734
0.051884642708954251
-0.029734590117262868
0.27039849737133353
0.12236396896172654
-0.084026251633917207
-0.23064086830130132
0.21863678556278526
0.13356787984578539
0.38166002999232085
-0.19941920013542991
0.073872379537199051
0.19575756984719178
0.20643579391703815
0.11101480524681134
0.094276482411945042
0.36759796760779229
0.19203638943739237
0.3924662920433315
0.017655218755205464
0.12709438775665471
0.24272030285885626
0.12920117229478195
0.060521322362836971
0.074665685219547182
0.2336806003390364
-0.022078814140480279
0.1892693217615751
-0.11014035803491067
0.06841966402422571
0.074894672000502052
0.45769607231889259
0.43050246022827288
-0.22049530009803781
0.11237114041082243
0.058421646912271682
0.13092531442150318
-0.24242494618154029
0.20136889499088365
-0.06803743577290787
0.14615016711894571
0.22699171242876451
0.32273014942119871
-0.080926792575096898
0.32557360519597739
0.41864447123041987
0.12342658116515792
0.13383858077979666
0.12203496226671158
0.073626724074219968
0.35065057180643239
0.38792678564388794
0.30473580426227032
0.39361284519110556
0.20160892044741324
0.087004465692569338
0.39161988488991811
-0.33197209241563325
0.15039135219563513
0.21542197099650329
-0.20110047480149373
0.02020338116437826
0.57279951006692276
0.38871670627072197
-0.07671185084644648
0.54738040582117498
0.084897677975342506
-0.18408223428750636
-0.044914831819358875
-0.017189716253875581
0.048870035796471138
0.23123085509960881
0.55877199871358252
0.1194037584108603
0.2830769973293995
0.27151273155063932
-0.11711286139793813
0.39709905619313479
0.0089989915061623564
0.21011426281021922
0.29822143357852215
0.53917719238563278
0.27611246288868185
0.19597318574719816
0.4849231140435255
0.39596070754307189
0.59963863267853457
0.26475854008720384
0.20830599911681164
0.2187358904240945
0.023613152360079739
0.00064541945279469719
0.70862110512519028
0.13133614345183242
0.36477621263365367
0.5837849281008709
0.2914669057726178
0.52354319684045703
0.44592241511043368
0.23949398072661193
0.50110366014668517
0.35920140591546618
0.40343276774120423
0.14083040824082871
0.51112354052495956
0.64881282000875262
0.49442914094244378
0.41557609120110195
0.27558538593095361
0.25573554027141793
0.57798184960488763
0.45017172479543904
0.62677281309538757
0.35092214114955894
0.33076045172434665
0.3411908094427068
0.16959548627913726
0.21989985044474925
0.17137105837254679
0.15946259455086145
-0.078869363415816587
0.52747128250744491
0.55926113026627899
0.43644914317670735
0.53206389060879544
0.40803411876055579
0.46605908638627286
0.40445813680415488
0.36794253799559612
0.21864262807337545
0.47933352756760866
0.27785202802739545
0.21232086153307284
0.78904760719174394
0.59218628239961313
0.68865415713785483
0.29010401260666679
0.46131442177019871
-0.018727563573069806
0.22516818085527501
0.32430608878449219
0.23942217951794068
0.11113863355837904
0.39838496992331046
0.34774389853527748
0.35499692078639605
0.41627214308558874
0.66822844202863707
0.28908866987418058
0.10788555668837906
0.1445026086798932
0.32992633614809747
0.30248158707251893
0.27845876500908601
0.16509003512128678
0.23193183504208575
0.51125089546857694
0.013876819721619922
0.24498486710388281
0.4784273156583988
0.50938704816025815
0.18620015316840868
0.40514859714935159
0.29993488391688927
0.11456404900316286
0.45708362236186806
0.45363623463200703
0.58155380524772693
0.4513768501716065
0.2385871382790635
0.51730996896709969
0.064757995866577822
0.30261130655472818
0.49298072078927868
0.30136626736855143
0.56383002505121183
0.33269832594588206
0.41322636215060993
0.44718517239755384
0.47591523409892605
0.53102807962918686
0.46108101404497415
0.80452357302307675
0.54549456775828775
0.71104911980516439
0.57558872058022736
0.36108003686985168
0.21619445615914634
0.50992639049060007
0.404439420608802
0.64826851557428522
0.33928303837935864
0.37567648873433934
0.40054698041038977
0.48726945001743438
0.34365116386898126
0.36070056444709064
0.61505220815031048
0.49708563477499712
0.48558553084715089
0.27545863311189756
0.60960744120693999
0.57296943315014803
0.20896990434236473
0.54530928682523128
0.23177013450954484
0.54166355015759227
0.1778697259199763
0.60213358864720168
0.69590926918766505
0.47881758528699148
0.89058394182650191
0.39302109209426767
0.26471842780069921
0.51906155392521036
0.41889228451104665
0.10934550906814386
1.0565755807566761
0.53820685951603142
0.54507471375301686
0.84681068122150216
0.94245019587822776
0.50175453194827269
0.24123587349600481
0.6228820526767016
0.62564221514471385
0.22340829156083455
0.5463010792822971
0.82706451323293095
0.28889049073555328
0.56023944434566919
0.49623620443143795
0.57522388920420808
0.69267999803737534
0.20550181166265025
0.64286070130284201
0.72119001579720565
0.16074911002915535
0.58756052901144007
0.47626041077227022
0.70945568662002845
0.45161209089538429
0.4346702536834115
0.28435067873596448
0.33158980080537964
0.77904011571495313
0.91695188556645124
0.50943714278670804
0.8193461998828252
0.12037047627952023
0.61898791703203226
0.61185916789706662
0.39114325130959793
0.59542223860447629
0.50813493914961383
0.62431955042698761
0.63571292009074398
0.67536793701854503
0.53557919444552848
0.9272867118417526
0.90186429774553811
0.67476627031185232
0.54910433791484381
0.55880721616297868
0.92763837245745961
0.58282229345903125
0.82899728011579432
0.84729317543766081
0.46012137265585396
0.71258082574222192
0.14062789336630332
0.72388646612240692
0.63026024139787162
0.86098033676486629
0.89750427829536372
0.60604663886768217
0.90235173126391854
0.52509953132724529
0.54381053828059756
0.59978643070212911
0.63195105212203095
1.0346177384529953
0.58934120176420624
0.73763237912982638
0.6926277795762551
0.74998378301403512
0.58799424245896303
0.50971671312672606
0.41121484420132637
0.65553555075087944
0.88460201915490122
0.7772183521140088
0.30918299149197226
0.30238371800529623
0.79910337280387655
0.69910172374979362
1.1004303533844042
0.5689675718328947
0.75860987185060424
0.79469866187312777
0.84080414194437536
0.45077263850412264
0.80185912405220028
0.74156620383303995
0.48016916046822128
0.98641033399346134
0.81543956920550065
0.57392153583408723
0.59763504330318917
0.97597008941809082
0.72412407562403347
0.57609483808684814
0.74878537446650861
0.9261381960447268
0.95612475982287581
0.53511824831179255
0.50279116019076497
0.60447228660474217
0.71778183439918752
0.63794017471472131
0.9666353083407816
0.86824335061835334
0.85166563939791029
0.91182654125434826
0.66272513646036391
0.9450250565054501
0.92905877264144998
0.67295861946293201
0.79484966956884662
1.0800937538042483
0.75407973192381739
0.72243119053016802
0.88856987214647554
0.59675474624594393
0.8463061877387168
0.68419459894492884
0.71075665713313585
0.8294983056493288
0.68409062552250799
0.66213171849942831
0.91014967866150542
0.92332164140393813
0.63845282637509582
0.9855666470601484
0.85840076060778481
0.51482368374342191
0.57561859023335793
0.691344632202189
0.48967176552233727
0.86238890521807476
0.69980166531725807
0.61628696904694658
0.6648495779724195
0.89394250883584425
0.6779536190393417
0.67185971102739972
0.43924469094281909
0.84394343949489736
0.84792492429433786
0.73908249307297358
0.85090867992475328
0.74064934654782388
0.99616249985045802
1.062857314129114
0.97185001448634878
0.75377606291299371
0.76826480062850122
0.95083391665354999
0.56483463281420332
0.742990766220746
1.0191690644611902
0.75272776744362868
1.0164553721302594
0.94115428732624584
0.90822290050540633
1.1038077606054699
0.82972068355255746
1.0802619031660536
0.93641312670565324
0.85319731559530876
1.2048115815347997
0.77205383208112899
0.88746295452927715
0.6780523721944085
0.67299274996604408
1.3266493863332094
0.74724721965356622
0.51778560549644026
0.31525907392151747
0.81348441026846152
0.99454977824393109
0.81963234771626647
0.7186088680309104
0.88550098310453795
0.92667560795836879
0.7875214074192054
0.9721853477283422
0.80417716580723375
0.66278056898775983
1.0494175002037025
0.89403894421162478
1.0922184710682823
1.1613713088570818
0.94807677229122156
0.92184035394504604
0.75637489724902596
1.0071922016401398
0.72079479522435452
0.92111202508366319
1.0697259207862233
0.86849578090832658
1.1859018917977031
0.93868282015665283
0.90254027501364942
0.6738708115958375
0.77013357860632714
0.967445190255244
0.6062418520366839
1.0323376455696984
0.84640255529704611
0.84056031828655031
0.78057380855318237
0.86710268225432952
0.85172368191980141
0.98344900941103863
0.92907647152641115
0.88494210787261041
0.88556798519359492
0.92435913443804774
0.85570537381704603
0.95227068505961443
0.81236397102902314
1.0749038848486856
0.95439990481126413
0.76362458902653407
0.89297433051268738
0.98587284497901595
1.263097700222126
0.94474610806707704
1.1674114448189501
0.91396333396912344
0.98047728333980355
0.91427751699977944
0.92964315844838141
0.79029005295503185
0.95315149729532334
0.6254000928163449
0.61985022631138265
1.1745516433862155
0.9220029439908044
1.1431835569852724
0.62508039456465159
0.68608466536884483
0.82556214468531319
0.95012081351099498
1.147684943967898
1.1250930199174483
0.92284035666757314
1.1453699013299787
1.089814864424236
1.5012912216382874
0.70666689742076949
