-0.77024766290676527
-0.77747304597253641
-1.0962249091197425
-0.77444851886356469
-1.2278183436573413
-1.0516486023815093
-0.76086178938810023
-1.1133665553377008
-0.94736321900960152
-1.1097445724864576
-0.98197374337479815
-1.2423228290690151
-0.9994304987388688
-1.1969248598758211
-0.77173536920694996
-1.0354457059712459
-0.94503958836246449
-0.89303081438770215
-0.85919661684608584
-0.74640761302561853
-0.94167978353935045
-1.1155137161625943
-0.95907923915851689
-0.79354240759920036
-0.70797081934407624
-1.1199960650471903
-0.63181394010061842
-1.0527485962936596
-0.99952176893159095
-0.87410009911963038
-1.2546389056673528
-0.55740513910152389
-0.95762090981520676
-0.94730153610285883
-1.0121510846113588
-0.94308373633641995
-1.0955609060107756
-0.88089647990521525
-1.2166627747388548
-1.2448964283673685
-1.0269341261962786
-0.86448003207203916
-0.82201410456508017
-0.87031327163484995
-0.99915408193675592
-1.0464018551203444
-1.0342660760609466
-0.60557708471962668
-0.8562635833178569
-1.205216973391019
-1.1566704465520097
-0.58863070597620948
-0.69733055578581871
-0.94447524597245069
-0.68036831458332114
-0.73366632262902176
-1.2613881121259993
-0.72588107318617301
-0.90534450728849969
-1.0037331494350088
-0.90708647360638917
-0.95560524337852282
-0.85787030016167476
-0.75063756714291818
-0.8411758727131603
-1.0963290334834961
-0.84876373202579902
-1.0032737886307339
-0.64061204935167615
-0.67853528688170894
-0.77072178558076054
-0.64529636758878894
-0.55045251748248314
-0.87136809847995844
-1.0277439959312638
-0.8185553511039787
-0.52149553850669683
-0.80977965276626773
-1.1439784797883834
-0.67138632025246348
-0.80731732532149059
-0.82723112207542582
-1.027382254107605
-0.82438812466077016
-0.42842636056907085
-1.0458286077014085
-1.0259803981656404
-1.0155413435301981
-0.75876796403598756
-0.71795306802304881
-0.75622025052194541
-0.65932919580913318
-0.99638225020719429
-0.56435187142664789
-0.34926952738468803
-0.84717827575080051
-0.96081032292196378
-0.65195702492465113
-0.70648919401001953
-1.0677050170339102
-0.71833149409250552
-0.76688292193169039
-0.93212096543299283
-0.80612068413602234
-1.0156532257240056
-0.73113364736267905
-0.71876443728129025
-0.89028800548984011
-0.79751472268901991
-0.70936929011085903
-0.70899706474913937
-0.74218447194612858
-0.65612762526545521
-0.66784320070678815
-0.83562683982172492
-0.82023999070236664
-1.105554133630813
-0.50002565278416355
-0.51444686700024089
-0.84817784920764028
-0.81565942242511491
-0.84889587414356604
-1.0964203951083009
-0.62537244318827778
-1.1227968048750032
-0.8418985354841213
-0.92122112266399858
-0.58462555024062857
-0.55734896361825881
-0.64382726989362116
-0.72628891757321645
-1.2193301990571714
-0.76678145801016995
-0.57024091048910353
-0.85451066563906841
-0.85324390421848473
-0.92175321960923806
-0.88149059237015093
-1.2196904713967103
-0.4380207474062961
-0.55860817399670248
-0.66777632613457549
-0.69750634977896786
-0.66063337892588814
-0.70676453133411188
-0.92155269282288921
-0.90720509526821447
-0.85829172723788394
-0.30328485585075171
-0.42666652868397847
-0.3780892115935528
-0.51019799347687433
-0.8617107955447586
-0.85865155223383804
-0.80576107329606317
-0.64004187143237623
-0.84322841300207085
-0.73771817194771239
-0.64157698051748002
-0.53795844490409739
-0.6318457079855434
-0.90440185402255113
-0.59931934780673202
-0.87466344060825485
-0.7630876742005176
-0.49338032522352854
-0.50568228775302981
-0.90845908735354375
-0.66940212116631503
-0.4096700644211973
-0.69701171160991493
-0.77826617137301957
-0.72450261447080733
-0.59586277458489245
-0.46306874182357977
-0.61682779517331254
-0.88961015784872133
-0.5727867148889203
-0.94163141798955274
-0.11034402505748592
-0.54996097547396172
-0.81296789396887681
-0.12896041781996434
-0.83410779950562097
-0.82778177586104762
-0.85476157352026516
-0.43938106108364888
-0.61159881302475205
-0.23233844296019068
-0.65663610469055389
-0.70604708224166435
-0.27669776174914079
-0.42422760398416165
-0.56179525396418195
-0.8913399969404846
-0.39752481491985048
-0.78771565969805324
-0.58725752812397902
-0.29675826746097839
-0.65363465154765976
-0.82557157550862992
-0.91026387131687025
-0.48409905418481319
-0.47525128073971329
-0.82063716596417835
-0.73694957366247904
-0.26487488686868182
-0.5816740369464497
-0.80395491543205622
-0.64125787647231425
-0.61378773128308572
-0.5384697473532527
-0.42380827168168383
0.00688410533031789
-0.42451979673664192
-0.42866756128342082
-0.2608325328864648
-0.61259658504191583
-0.26994409727030771
-0.65935747534110345
-0.34345152368498427
-0.50801002037774023
-0.64001570202666314
-0.44897684646223612
-0.48334954713895001
-0.62637174288430375
-0.32962934657796933
-0.78078026060863071
-0.53365373825761009
-0.31912634687902786
-0.74792716823935423
-0.99887248119855709
-0.58104515185059602
-0.4304743707424783
-0.63327982106715275
-0.53261847317380284
-0.57996584363365211
-0.74663635215824165
-0.45355954834914058
-0.49060874543739458
-0.81358505451810914
-0.30187595989751631
-0.32196486869236879
-0.26241313972319069
-0.816949925322767
-0.5322104192549163
-0.21903715007944502
-0.34173959732924969
-0.76246118383852479
-0.57753890482953962
-0.31058319600746426
-0.40948552929405985
0.054282652701140993
-0.25102637119671339
-0.0010914886001984045
-0.50976989456900157
-0.75919407781039172
-0.19977809300876187
-0.17591071255267604
-0.43765640481617446
-0.1576830528440529
-0.27856944147376683
-0.61250694256897376
-0.49099304265119903
-0.28927550430361759
-0.39843568103791893
-0.43256768357489361
-0.9078768478498237
-0.84690299613122388
-0.66894345019693735
-0.13996267196409098
-1.0631627823503529
-0.11846056213650757
-0.44633946354417281
-0.50837731100822203
-0.34550311350381102
-0.56082132671146723
-0.43366212560205458
-0.20319337478102764
-0.45544546598442276
-0.61128369921908776
-0.31447632493639965
-0.32631845098728324
-0.38186001226170624
-0.45848980779347642
-0.42384224195554943
-0.64759705307470183
-0.36647896232788046
-0.31150782165738805
-0.023370875283593686
-0.49290321731295217
-0.59523249089303631
-0.64212788183995251
-0.18430869204713296
-0.088327128663473448
-0.54404080553144951
-0.29376215633376984
-0.38037010475125071
-0.55958180509230615
-0.51863624034597011
-0.34664174250355012
-0.57863012849775075
-0.35774387558446169
-0.5244760279004792
-0.13905685365371359
-0.29292994771551784
-0.72882172821780766
-0.55185998537405268
-0.37491647519894561
-0.36423545996598905
-0.77338301520882768
-0.68549222590249126
-0.011779386511603988
-0.40599900373314929
-0.11699403311964847
-0.34890935094262865
-0.19161197811814387
-0.47060200702904281
-0.39975377034568904
-0.33085618833732217
-0.073684537334053543
-0.16412758285764212
-0.046565292579745211
-0.033956498165203103
-0.38162075734725193
-0.36380359833542569
-0.29022584772631033
-0.24230083156972704
-0.60459298669445305
-0.76744427719054509
-0.40968237149225151
-0.26723714402866461
-0.42821978524141313
-0.28542994624259632
-0.43787655433490319
-0.19629900364086739
-0.3173082462318999
-0.32207694769999179
-0.50945399040800621
-0.53071495253055156
-0.44487149015552874
-0.71988055640750848
-0.25813886511013129
-0.60061418424334878
-0.48303426244815867
-0.58729697024301475
-0.50843641041589993
-0.23116736307242769
-0.13851572918349395
-0.36229108959163614
-0.7020254182620852
-0.3756241257481816
-0.23053065737224471
-0.17651346543530749
-0.12178313901684691
-0.32785670379506221
-0.09657740372452768
-0.44201756189005464
-0.29125721873188404
-0.38044298492770939
-0.35357979097399422
-0.37264269611887429
0.03501192838626583
-0.22843918322318843
-0.52652646562897965
-0.23354406959174728
-0.30955708613676119
-0.45176375474714109
-0.19175815631327151
-0.49157136818943686
-0.3933712932522061
-0.24280062057588558
-0.18132326363342285
-0.13607935369733021
-0.25470579959492434
-0.22451570162804785
-0.20339198539115003
-0.15443721133330318
-0.25381913857870153
-0.15893381643512899
-0.019329652876679745
-0.60746098025253414
-0.27767402457757112
-0.13371481785746486
-0.24661765249794881
-0.10035608539184647
-0.23759995987741694
0.028573571541539083
-0.19967348798151088
-0.42941945128989084
0.0016455687769724035
-0.15515655705827364
-0.38432302522993966
-0.25511453527384009
-0.12788158245456424
-0.21572207800390428
-0.14571796630462081
-0.2318219467820401
-0.34057291717871457
0.044869330388456537
-0.23830944034739285
0.034746608517574155
-0.25160953249008106
-0.15766819528016832
-0.17750911360862279
-0.42435749920620053
-0.13386743743446489
-0.034029070039363965
0.039487941479446335
-0.036411119247637423
0.042896814028789428
-0.25666101937549729
-0.04104647621494828
-0.0075105454861557237
-0.50170279745847746
-0.0079830539964665485
-0.35693972126965717
-0.32416527239777498
-0.042175495702729791
-0.21715950891560279
-0.28828171613615011
0.047280763067778862
-0.41163001822786671
0.31528275544357875
0.052796711964185075
-0.1249695031148693
0.016652656424358998
-0.20442653750628484
0.086800595475695103
-0.086103610727259861
-0.084627807496279503
-0.70858558077357203
0.0068028491678540047
0.087264397460106988
-0.32765131024290778
-0.4984369870824466
-0.20858419511600124
-0.44002707793988305
-0.18098385679966833
-0.28247507661876103
-0.44558376239745384
0.13356830278582446
-0.0067293300351315647
-0.17936077181831034
0.26100159430574982
-0.17676569120176835
0.062547086683681377
0.06098158086117924
0.028882232801499642
0.042768845067029909
0.16097947271403781
-0.098114379315039038
-0.1793328001857967
-0.095066615798002282
0.24285502062433853
-0.09306084813228592
0.12322061518829182
0.16361933174255819
-0.10298143778349432
-0.0019568757266061661
0.091705657363659349
-0.24929421058937359
-0.16591191132336047
-0.11708905750479812
-0.2184717403545911
-0.31459868504907623
-0.35869010404386059
0.16945320285839194
-0.068113593558466842
0.10420341064375128
0.16204021682734035
-0.12517823873289388
0.27421878161176677
-0.15083355295683123
-0.2256905671801033
-0.042834236161929794
0.29979353933483849
0.10624074618201504
-0.31835209178437779
0.058656423433772226
-0.029257850270234569
0.16596096043067293
-0.22988452543712012
0.12397939341615359
-0.1699866907877958
-0.059194594562884541
-0.20158984604186608
-0.0071567407801854006
-0.39252170208997689
-0.45209413738513521
0.28192489062404541
-0.10847923605630586
0.071916686880076394
0.24532156524832577
0.05508918031876673
0.039632833043846634
0.18111344099875959
-0.2349060935652843
-0.30474937033567512
-0.35707572857419395
-0.15841245591272571
0.0888663960458628
-0.37052471124285352
-0.43642566237397301
-0.048402008062639668
-0.03775088884020289
-0.044842823787837195
0.22288776318342104
-0.23812799319044395
-0.17427508798270186
-0.21314503202676896
0.067696230526320483
0.14155968945727126
-0.10897749659716119
-0.0020917903371286233
0.077450308227366163
0.059726227076544805
0.075778255553588234
0.14445967882092731
-0.47525800471945157
0.07398069964548365
-0.15230745563076462
0.23066374312949803
0.075213466970426412
0.10284486824108792
0.22601389573292677
-0.25217927057767009
-0.016000081404140797
0.370385048426569
0.027550221577816562
0.043499009284412256
0.21972791317441365
-0.25101502735344738
-0.064351768251829644
0.017570815292371329
0.15636701979279119
-0.11195329667209172
-0.11496005988186257
-0.046309915737753733
0.067882112651469068
0.28324095237493863
0.36789058491627169
0.3268020767514298
-0.13222854884479313
-0.067239830297621039
-0.2694009811179211
-0.12564330183970296
0.3166594883554994
0.13108245313160843
0.37137869862882122
-0.18980303794862868
-0.33613004203325575
0.15788194138456002
0.032773542544545342
0.14390859712535237
0.053569417699205091
-0.00043781334200539531
0.1948600067017407
-0.053223739654904935
0.4293821354698214
0.28506298374812061
0.065421024553185075
0.027840898023453568
0.33572869207180528
-0.085275790887507891
-0.049255925767924882
0.13846566662061408
0.087923305310147928
0.28495907444800489
0.18789635031350699
-0.01628356172816706
0.17983749111663658
0.32365594760613581
0.21365787693810823
0.013654113848261517
0.44627554545684667
0.069107489754116819
0.154445544627905
0.34171711555467266
0.32613075129671359
0.36327442201475368
0.28991733833207789
0.16732533784080977
0.22430914469665394
0.34434724975596126
0.21310902111320415
0.12533273432666758
0.30548442089829231
-0.05898821221228405
0.081395308905127653
0.050428704641939943
0.56732068840671501
-0.12989320371325286
0.44291992196320595
0.25973201639683285
0.34462084135275184
0.19199875509672495
0.26710995704140261
0.25516374583828444
0.15901025415260822
0.015034373244302554
0.2654842709913427
0.051009292580629834
-0.11708340181449331
-0.092674496208109511
0.18522303281049471
0.36226393135128998
-0.081439239570629041
0.31255133417171671
0.13228539708802617
0.30399210107347274
0.070543302680143832
0.092961673947900891
0.33585620359320695
0.060923998230683805
0.13917674024174737
0.52471371154150415
0.43393031820242178
0.30538242083762418
0.11167869382398056
-0.1093679883604365
0.11675886058140585
0.36317650954129338
0.16127001271203562
0.32944249934352998
-0.032717108554812406
0.25042666689259102
0.43041831269480069
0.47150615464180784
0.23834784551659402
0.24970386708021722
0.3744708280704529
0.41385776504746608
0.40999352988181542
0.05166621754443447
0.4627235976721063
0.16014654836017009
0.30041020767715976
0.056827092330019251
0.10857996489112215
0.24597180004664093
0.27176093033406629
0.59612796381455813
0.3175752701117121
0.35206250483778123
0.50327234722833936
0.21158759824592413
0.099881625960855203
0.021712346207518371
0.19961312618116878
0.44611251953490855
0.17116450934056787
0.37558015737733136
0.34388318668354056
0.50248432263904852
0.14666800355452567
0.14523730437127039
0.15573409795531276
0.023903188314238568
0.32801970696149763
0.17648441543302296
0.3938074031923996
-0.18613950256742431
0.67714689624094815
0.70664126610525868
0.21513109018082879
0.46122546285035199
0.34478323272321182
0.2697013442981655
0.30362940760063195
0.52309217963696253
0.29802667506681257
0.4021685182062617
-0.07238791529454279
0.10952788966729109
0.4599636369647277
0.34561340234338245
0.28663239541055541
0.3645075616903779
0.67025307284979674
0.40700152445640297
0.72792052778539884
0.21491866823881764
0.30751064585056181
0.47952324190551687
0.73325290442671798
0.29004194074490547
0.38183734899364147
0.35166421194696229
0.32898504471616313
0.30315098253579692
0.60427180972937344
0.14497325817053872
0.62134280442166212
0.46801875843963431
0.41004589089004284
0.5738680451996111
0.27888518260143247
0.25530362326972345
0.44300243090556435
0.52954739920849936
0.3096718016735443
0.52767389110250618
0.33305478830368562
0.54087938650816958
0.4479640340584799
0.58696917457709707
0.30848788948339795
0.57678820064079694
0.28963017416122122
0.24441688429914249
0.40839402149463344
0.14062652224679795
0.73438662610073557
0.36674861178546614
0.14806946893742087
0.66685993395786991
0.4406134451298005
0.29275694839975253
0.30800933237215938
0.55209353796600202
0.51377241705872612
0.42946752386974718
0.66124474999858607
0.58830732367056882
0.56803494013669509
0.44845590201919894
0.11823976642187078
0.30716105255341314
0.69657839143440814
0.2769745405215967
0.32082676088618678
0.49824186217401295
0.28811502587207549
0.4076268980087786
0.62188457860500024
0.19865096240364158
0.5768270450949351
0.60578216551987707
0.58364284873950223
0.55167155388549372
0.51507021656140262
0.30617179385634624
0.5271439991066158
0.64722762694526559
0.31814377732490945
0.406962024187625
0.7509102067428719
0.46343156368560734
0.63838398618229586
0.58725027371214988
0.78628528334720482
0.77661920469946144
0.53930056506864454
0.28505515294495787
0.69939801098143295
0.38886417059115991
0.34259411516910171
0.61798251149740802
0.23893948494394227
0.40966912085420298
0.23074996766493147
0.40827803691006725
0.43193012848072215
0.49148796305626713
0.39482967633234584
0.70945499700515369
0.43817117546803286
0.43963813735052071
0.36443525752454686
0.14861338546506489
0.4071786310321277
0.79100977423463614
0.74341011592723805
0.51031004362210919
0.48871204787202455
0.84450091307685027
0.83996377475546102
0.34200503389115827
0.50281798773644304
0.64606956107036861
0.31406477166636909
0.41864680138392496
1.0320569452323904
0.75006754744372661
0.78961533155832264
0.6661007520904727
0.38554195910061528
0.55285638279117588
0.47553133337131459
0.72139321241457643
0.77839098768581116
0.35669893660541946
0.67275950355624259
0.34016132254293435
0.39043697977562947
0.50820166629125707
1.044936533767006
0.78757701469678942
0.25919591866610769
0.92397435319476207
0.84386195078962345
0.7124966833468187
0.53073925780624964
0.458411168388551
0.64836848527692592
0.69006550211595774
0.44022064885738171
0.2998568115891399
0.4654834196824284
0.88688502809127134
0.67980437897591928
0.81874266463384371
0.75294573031505774
0.62618544161433187
0.39254545543817781
0.89914694584630872
0.2735628990306776
0.59090877307948009
0.49600315863159078
0.62795692588350382
0.79504625833785303
0.63058119410020474
0.82848375928767215
0.82143590581233483
1.0488776895777447
0.76985591526626351
0.62628476000024058
0.25924734384334391
0.81226242606633015
0.76798313787152961
0.6268234046352732
0.60915364097787528
0.55026854648186985
0.78637525761744598
0.68056266288377054
0.86324741158434815
0.95160924601234886
0.59014468218311222
0.622484717281508
0.67547767171014106
0.66298061290952748
0.74096264322899696
0.65066201922770173
0.64460097010499029
0.63336160193926905
0.65857131831349636
0.66427093554611216
0.55470240063564558
0.69436167115621172
0.7919143358145887
0.65030859032247257
0.53231544840291667
0.84042696350888046
0.81924049111078234
1.016289343429402
0.60961792037061246
0.40455090937262445
0.5089247073357942
0.58241282623683543
0.61381576215462197
0.70001130154123636
0.1780350652769678
0.84614398224101217
0.61154408110828806
0.74427980964007034
0.57013067779661153
0.96075866654185571
0.80896183782791287
0.54727758511530478
0.50149493060567474
0.6431316728744797
0.64915928734618822
0.70942547117270827
0.59513798361118109
0.48962547651238952
0.87165514742367445
0.99172303857721222
0.82007163963912311
0.89901217210588891
0.54829305807559126
0.89876601399812384
0.78993047516236026
0.87419223946587854
0.73429358116641974
0.86204976332932648
0.85776882413410349
0.95335921655242994
0.66874296510579623
0.94351811857653212
0.73162361846332646
0.98299380710277873
0.39425464860243109
0.72548794094321101
0.48931788874941884
0.52897878522384878
0.79233747126242793
0.82515373693334959
1.0040896485793385
0.90638999978217194
1.036355730128308
0.91905822944503923
0.62515472639459058
0.63658104941588722
0.65083279520107951
1.0899843684345201
0.95682548383582156
1.0354658766193587
0.43483255524685327
0.94854607644451006
0.94597517267630116
0.80236853216517501
1.0759535092593175
0.93443426689325615
0.68957879858330862
0.69811423184968302
0.88383658264604448
1.2550972283433601
0.69132403184934221
0.69847707798296155
0.7491725366903873
0.82962997666824068
0.68877879898447514
0.6585807294491538
0.89755083267383762
0.4636312368534804
0.72037645360889524
0.64869107732020526
0.97959099275359518
0.82276517178589981
0.8324251088203467
0.79372643489620243
0.48445328887202482
0.81498765412528018
0.98576812298698735
1.0003260941186904
1.15022221719954
0.83216374875980459
1.127192278833028
0.94888046033100326
0.47800861195771049
1.0029454569062268
1.0277533249630502
1.0422013684216727
0.73032020917788187
0.90053405671933962
0.91505491580398934
0.77672245764920278
0.77621082263335217
0.64360432923361133
0.81471401705425284
1.2601532095071803
0.81277552747146598
0.73959557899199246
0.72530687947765315
0.96015363028529377
0.50504287128055325
0.98901186030662547
1.3966635374374765
0.98155015643029619
0.94692905706304054
1.1807332586954988
0.90790667348355303
0.68870184361254461
0.63929239263699045
0.97761098881777397
1.1544533639506813
1.289236562918515
0.78718547397435279
0.7094948012336364
0.68450786559848464
0.99940195022137557
0.6690691256153487
0.87802768545115684
0.72277316636376687
0.6563208685164349
0.86374061952011327
0.87990119636714292
0.92087131534168465
0.92852606886860212
1.0056713307060894
0.95985525144176553
0.8158510495123884
1.0761794387411465
0.83109617208282116
1.2444918274466565
0.76292927547152289
1.0936143326632681
0.6691764557403973
0.97954884352967531
0.98310639119599175
0.67824364970874307
1.0689023556854287
0.819859885505133
0.8818894514004566
1.0835264690026873
0.87070575739660117
1.2442507267974454
0.89425117347742578
0.61501370512034215
