-0.9097008443516128
-0.98998188294341005
-0.85479388912914878
-1.253935633786958
-1.1725628506177916
-1.2491027041721452
-0.91525103517292228
-0.75862354398823229
-1.1950182767209259
-1.149143823427716
-1.0017910586942993
-0.84669969333922468
-0.94962639604128207
-0.98925902895468953
-1.1433775954370629
-1.1583663050885338
-1.1621016030711304
-1.0693932294829824
-1.0137623046900432
-0.9677493323904538
-0.80642597920671133
-0.81969940446670109
-0.70463009619421302
-0.85434817561134735
-1.1360675162466676
-1.0269631104550081
-0.83151927928163905
-0.91983354612980162
-0.87836940959340504
-0.63333111737738434
-0.87759284805377569
-0.94938041576744847
-0.82505346202303786
-0.98687080166320473
-0.68924854306033678
-0.85863898207846201
-0.64448974806666204
-0.95004274895986729
-0.84227443297185123
-0.90787034870853334
-0.81923930068996942
-0.77281529321383191
-0.76410506438763881
-1.0109731601737713
-0.6061742919288039
-0.92911472063835077
-0.62414919977038397
-0.92328889663718205
-0.8369018966838293
-1.1220865301063077
-0.64339729564375181
-0.8414335034415551
-0.9390339915706003
-0.61206572796890901
-0.98622843376697833
-0.77454498022751983
-1.0737011802758676
-1.0484708173970776
-0.73435501422780558
-0.91264978403775388
-0.70127547103080001
-0.68205303545738583
-0.76302864784575619
-1.1651492558581125
-1.023775963705132
-0.7626569405205017
-0.76498354762266407
-0.67622309916265055
-0.78787952686498375
-0.79880094825005088
-0.73478113204001083
-0.62115758625620177
-0.89763603785740897
-0.61008222957621583
-0.68497041476136578
-0.86955856022119615
-0.81752411351790288
-0.82524537667025533
-0.86434282417848496
-1.2570593918717909
-0.64451024024515569
-0.52351014627295722
-1.1505641651149612
-0.81195304148476022
-0.89507413723897011
-0.57092425443404515
-0.65687342799808401
-0.74144124168134995
-0.74065216723955862
-0.52834941978306138
-0.59854946814280829
-0.82402332194444206
-0.94473417642390634
-0.52525427053566087
-1.0778342456888441
-0.89605732446326458
-0.74982810679893719
-0.95366448799473014
-1.0726587911097143
-0.76716826310774722
-0.84595564365246212
-0.8255496054015542
-0.50876501327275236
-0.90054264908328796
-0.77529979251833891
-0.67414346011229387
-1.0456482934558686
-0.78141589410795265
-0.54828835251208763
-0.61134273945781858
-1.0407962501036669
-0.77290747737741483
-0.82920734803853458
-0.69804523899636151
-0.68952035392252353
-0.5688321664450593
-0.81879284835047672
-0.8962594306431223
-0.86776745258348065
-0.99211205392099244
-0.96162057961137615
-1.1724107911293686
-0.43793439422077857
-0.90588816199356004
-0.41343260570457263
-0.56570868998841761
-0.82679140384011673
-0.48438511568373549
-0.85395083073352951
-0.66753362363900148
-0.80515292215009782
-0.33792905262647721
-0.62372049594871404
-0.53269995350763244
-1.0648587491939239
-1.0116396856478627
-0.7125383537047304
-0.90546726799599697
-0.96971587505391887
-0.69942222971904722
-0.91881226009636785
-0.84403815195484877
-0.8740492336083423
-0.42464741254093841
-0.87613186391649145
-0.61758451824996907
-0.69041642642252232
-0.79970588652015462
-0.77764021891485902
-0.74566446580478885
-0.96145513990908038
-0.52400020528313929
-0.74731439784133702
-0.63069661570099556
-0.92717763748574655
-0.34338215583075082
-0.70977250974665174
-0.7363194805260932
-0.65597990544174056
-0.38139019107530897
-0.47995108611764331
-0.55648187254187254
-0.69594576294200261
-0.68430978911754126
-0.69736705426088208
-0.62642498354800003
-0.57271617203490643
-0.62704479279387026
-0.732306200924564
-0.51327668209061306
-0.41549413001870972
-0.49726880835321463
-0.70319333101443304
-0.74912697049519494
-0.87708496774222422
-0.27379436001628316
-0.96304610503982446
-0.89322472352540438
-0.42031430123515973
-0.67666973789430462
-0.56068668661526944
-0.81619500361302122
-0.68589633533931627
-0.82318727853308171
-0.90553112185113716
-0.69140102359622269
-0.51747925489320989
-0.33990192751875165
-0.67630942156659968
-0.80393011901647704
-0.28587756094208078
-0.49052477429110697
-0.59887588512621004
-0.35641590816281038
-0.68026785320173389
-0.53828294561555246
-0.61251273040214327
-0.68214991183990981
-0.90211101184066633
-0.4588520651594748
-0.56488035020159066
-0.59625347353089675
-0.42735861691079979
-0.43939220796087403
-0.39033656475956757
-0.54988040611799083
-0.80576077965564596
-0.43848476328455926
-1.0167623265426062
-0.53570875901092185
-0.64665340751951261
-0.41355955938451106
-0.55472176535230944
-0.58296833830311223
-0.67565937515832641
-0.70826318741462679
-0.41333814702785215
-0.88299798334873847
-0.72209680147524991
-0.18034959706246073
-0.53578947969887192
-0.82485284298848627
-0.46681155709070399
-0.84098988998969559
-0.51615004404361986
-0.82282795947917931
-0.93816077595194314
-0.40874724637066573
-0.9923780463861408
-0.35735955852151075
-0.51051099459511717
-0.71602277963213923
-0.2294658214925106
-0.56619998420818407
-0.86906388508996368
-0.88096280651869907
-0.58270205916240647
-0.60166460663770005
-0.39611701010302325
-0.3609545608969123
-0.61350908091966205
-0.49864738048107671
-0.39164266729600833
-0.53494652260959596
-0.56206622994317379
-0.24202193971844765
-0.64861269044507586
-0.18923527106935514
-0.48825263048452616
-0.094037238812856985
-0.1948709874013925
-0.37176379358305611
-0.73942730216734465
-0.88966604919979686
-0.7232848534185643
-0.21801375610540941
-0.60174549029879321
-0.55854171720045076
-0.28099892629180906
-0.42656825853875524
-0.74365563301350679
-0.51626027042133038
-0.50644774708372586
-0.29672965022840125
-0.79917898624507122
-0.36078410672347666
-0.45358322898339737
-0.47976360820692993
-0.4215921558432259
-0.4596898183390084
-0.44648710261778007
-0.35206082073924261
-0.22306759175238494
-0.51568362508147425
-0.26751439322817766
-0.23967400610160566
-0.63402405622052549
-0.37962587820147659
-0.46221062815945146
-0.62330396745437233
-0.6299803574098729
-0.57302655198749874
-0.084036440366726695
-0.28474984827023081
-0.53492831035150623
-0.58769598371461906
-0.12488619411531159
-0.4522129494891674
-0.51336371685555271
-0.30543025410824076
-0.60192775856940828
-0.38204708965838174
-0.13347565328453095
-0.32154983810603865
-0.49942729667940594
-0.35234715406201295
-0.59349022687064867
-0.28616291204027527
-0.26828213259987044
-0.68395415348233513
-0.53770354770064988
-0.077298339794197951
-0.49881653049831942
-0.09115389980868778
-0.48710195838190734
-0.55628345079119101
-0.22869227655009125
-0.53891366115708694
-0.35716874593672793
-0.22907975772830608
-0.15302804951674956
-0.41508431395929291
-0.63151123693557376
-0.6465295868191705
-0.43595961933641736
-0.0033266675921248025
-0.074678656848592512
-0.10034406982938755
-0.62139519915138752
-0.40659198665433421
-0.69034580025081704
-0.16106606986709923
-0.58509719374808011
-0.1705782714224133
-0.20976945510866549
-0.3572636073915858
-0.49553627359826624
-0.48116317163713879
-0.060451494340132646
-0.38978034078003215
-0.32173575885550454
-0.3940869192287047
-0.20397606922802661
-0.40362562690530907
-0.31730387473033983
-0.6598894643118205
-0.40743250936436864
-0.04059842039123697
-0.19340808481927993
-0.4556965087005635
-0.052321659482933887
-0.26667990334213837
0.051109321757438687
-0.068296774387234485
-0.35873321459605689
-0.61526781988929025
-0.31043999510564668
-0.12259008670309367
-0.4537769678786292
-0.24706093134824675
-0.50613328306067507
-0.40397872408069346
-0.59213426416153936
-0.41645826465711427
-0.02035760316784677
-0.31266858290853311
-0.26816244721855936
-0.2271923199042635
-0.36510815648663392
-0.21190831134776367
-0.19648177147602469
-0.074967279947958279
-0.47952251543585311
-0.52147844019095724
-0.20512987760831669
-0.28375438021683935
-0.46163053323634218
-0.59132891584953029
-0.059867085282805176
-0.2722213461405672
-0.11344991707627217
-0.38348954810618985
-0.21731151161662104
-0.17893631952954586
-0.29095658026785454
-0.2574228978810616
-0.34776910242407066
-0.078029556562527413
-0.551881388621979
-0.40514937438038806
-0.3310698568029814
-0.39662667349456088
-0.48784515472051188
-0.34861825198778379
-0.34855079548684742
-0.27590934922373145
-0.33772048807021599
-0.19417196542827023
-0.53445338839773637
-0.47173818022031788
0.20177810032782462
-0.067162069226309087
0.028777428871217928
-0.34362983084810089
-0.015932021878258817
-0.21734400749955188
-0.21910411568646287
-0.12536892225764446
-0.24942591263188904
-0.38462352491693758
-0.15499259180858049
-0.15668731611150238
-0.057707410110881527
-0.34291313881996921
-0.24683498754909117
0.18747114970471573
-0.321228584699015
-0.071048938455948812
-0.43250349865180859
0.1671496071870669
-0.12558994769485554
-0.41967732840178062
-0.097341352447441576
-0.012692537050527005
0.0045766385475539857
-0.11958660479269032
-0.1984543346853859
-0.1444078166134608
-0.29665057458474853
-0.16096894623751049
-0.29546040841279625
0.20701694693879355
-0.18501210793512832
-0.15772807465063099
-0.037859564071022478
0.22370064478165264
-0.072650530976903244
-0.31156470648208318
-0.18353462595176293
0.028707308888463758
-0.39000728244248911
-0.6008837227828947
-0.10399582564690062
0.14900993599583945
-0.51087493139170936
-0.22759204769361033
-0.24566439532447229
-0.08988935905117855
-0.34984847169373112
-0.31680488559824382
-0.30858557385435098
-0.30041977817980148
-0.25727824698505691
0.0075026441944381654
0.087481898308936629
-0.35015663413716158
-0.057908798854558317
-0.24987302613961268
0.04576637434005424
-0.24687789222738732
-0.24873626597332091
-0.21260848928545825
-0.27047956793247641
0.43496991408929608
-0.1716293270638086
-0.31286326582007967
0.010926629011952172
-0.19772025422814418
0.13457881360088284
0.011938175939008677
-0.027039523039353381
-0.17998276095075846
-0.092155570318678562
0.069454832806391267
-0.19921520662263162
-0.047222957132012917
-0.25339847927734283
0.2207631276777022
-0.064361669689621634
-0.18454785839028101
-0.11889492663785181
0.074595015740845955
-0.034570210893038203
0.018675232054102889
-0.20973479758015987
-0.28272136427052152
-0.2899746847520499
-0.56089832012269358
0.1177968580385387
-0.054569451519608382
-0.16478772826218185
-0.086748406430862068
-0.18169243136351129
-0.085235271406536334
-0.14937395622862989
-0.12517607238664108
0.12749033092337261
0.0061329218021168247
-0.36161465825378369
-0.54356457808204239
-0.031859137437803435
-0.30521360981479106
-0.24984435654084702
-0.018782311034310769
-0.041815908451324366
0.10379912807339921
-0.079573008552143679
-0.39019661523333615
0.11071942769004263
-0.41077284786952928
0.2024524626126821
-0.33239183885847834
-0.072757480199207802
-0.19434004578452393
-0.28192849551561466
0.14759561578235092
0.073597717125214068
0.032018604804569403
0.17630395158976914
0.086172979802567107
-0.063217793524386418
0.10747452950200388
0.20739596090378523
0.062035642059292809
-0.14857134595892721
0.16396169605178457
0.29484567272252893
0.34279751509839862
-0.020471019562528708
0.027290932893221313
-0.14253236040856826
0.24416070224830394
0.015291519193978963
0.15266512484495068
-0.13745347915971989
-0.047397027656121055
0.23062363588544182
0.49939573709207075
-0.11592405439670753
-0.023222324800414734
-0.056397333891635704
0.28923841924016819
0.21986499890334424
0.11076758913245352
-0.0037212104356853033
0.15255593169138407
-0.076489650757157621
0.10273857591489598
0.017947467586321486
-0.068993622938217217
0.010926258098768668
0.33021354748645615
0.022648176555159768
0.17121736497742662
0.15628336333989246
-0.038630694426157679
0.31611576814525549
0.039539484087897848
0.22417849106955609
0.11773153194328993
-0.023630528450514214
0.15232208858879293
0.42762433968812941
0.035605202514279566
0.19340055561755046
-0.078436538230742398
0.046697200995000916
0.14679418361426963
-0.044437974903111112
0.12633072091356831
0.27952348961654755
0.066718879334850087
0.047626269770597467
-0.03031295092912507
0.46605300110554915
0.084878327596401168
0.15072168470408348
0.37310326737343963
0.056314186494818973
0.21329895930399187
0.28403051321934725
0.30380774706128527
0.18683953763471911
0.11607513387492352
0.34784388902862756
0.039198005690619028
0.13925154303077159
0.086379705474373514
0.24939278962066402
0.24541562243501519
0.096577764903791941
0.14661714322156297
-0.014531209822487432
0.074496153134992776
0.3735259415476232
0.41809600982403156
0.052828045252702155
0.037984958682694046
0.4793775982630773
0.3463689390490044
0.53302645807055438
0.48599225304722876
0.22896858074672374
0.3462791150637724
0.073652768851151587
0.26941276513198237
0.18877562837922401
0.3154670719368533
0.04769779114514907
0.089454162897288442
0.25422252576955046
0.167849165524212
0.16048991865022844
0.19943097146407185
-0.010991289272183851
0.29302187284054354
0.1643232996932196
0.61224715076178959
0.2342827990473893
0.27164068654121626
0.35474337235367182
-0.091160971390533058
0.025778032971525238
0.18960967955188918
0.14192211709958702
0.34780845988967174
0.42286227920582903
0.30567014029906353
-0.027380921923317671
0.079542739401675888
-0.06886924284454031
0.23506597020005576
0.10214249091618136
0.19020305323177519
0.074361992224935808
0.21869989815147625
0.036659734305329227
0.67760218312027087
0.65168466745112752
0.11826434114489739
0.087816202277669148
0.36705917056295584
0.20953224766508621
0.29577392337583153
0.59950766248069953
0.39857380641485096
0.29953879951054563
0.23863636390391688
0.49336907609182779
0.41462962293038885
0.41033846757128878
0.42382759928257496
0.69951242966755345
0.48821362061680673
-0.11486275184316046
0.10927486398590558
0.27666224332783512
0.06528929754221062
-0.049925430867268347
0.15317474170051998
0.49493205365387011
0.30259753653252386
-0.096588312498707279
0.26498451997889927
0.29860247764600217
0.052152354320308479
0.33216493224923466
0.24937913053081856
0.31873302844288071
0.26401054124058271
0.42670042330409902
0.3548550174230749
0.35443698375870092
0.30109630928025477
0.33653669460684776
0.58019787548103374
0.11004657270528549
0.079567634250472669
0.1903259848992396
0.54335827457953145
0.47188646566769393
0.43353737195467656
-0.15996790023534246
0.33311152711267661
0.54586585961538181
0.24209558656943478
0.33247014786850332
0.49521543429974774
0.31221140805985531
0.44662525334449521
0.49600178390576671
0.42697147305244304
0.44196811658590446
0.23533138403268375
0.40578530665354312
0.46835608825256875
0.2490417280157303
0.030098911503834126
0.24859267760417364
0.090213682135250634
0.58284591426568078
0.56428192905442587
0.0334811411597431
0.19826608185946526
0.45029790287422528
0.42075174796146297
0.39560406979077622
0.58721520279575989
0.28699521233206332
0.22757802328552554
0.38144813156375024
0.11133419377389119
0.7762252000785389
0.12507373564520616
0.56363547304305661
0.37625820160924683
0.10679532000725481
0.28652935725191653
0.12489432686298949
0.50149685418185608
0.4120466160689602
0.34606677746750691
0.42527651531157085
0.35876000306049488
0.48015935957376116
0.2207012997992302
0.39233442578688404
0.21520218105451172
0.15348144161612923
0.062070996506096203
0.47783300939160156
0.59701907127548803
0.53477288529755207
0.49254330440362781
0.37359494450239222
0.23270264856949185
0.43499031850065067
0.34877368221106253
0.24754776231781578
0.3753567385817389
0.71526653940104157
0.56820186205334078
0.68342614342549013
0.35544285466393827
0.55432969835723334
0.50490358262029689
0.49255197008988566
0.57342025109736117
0.24658450963777179
0.82910500052110336
0.41440180989684472
0.57320093225919755
0.65868332048520994
0.36954762111996153
0.67523598456779121
0.61219366627993665
0.64708213944412452
0.66666903018000545
0.35767132559779663
0.29989188424137442
0.60299122150160056
0.57477540218690337
0.68061978807940382
0.57515781788455222
0.0723326107285482
0.7535356915909851
0.64138552590994014
0.87307754975871865
0.51521991858722505
0.2638893878259771
0.60750941653111612
0.51940441004691529
0.59446209313341203
0.84506391463972663
0.88212907370849258
0.39655066137200262
0.28380161647873858
0.30755833538507743
0.15968260492358358
0.29655707529380099
0.4974765958472403
0.66610536726599157
0.24168592818495133
0.73813720574754083
0.410163245968094
0.49283681055245088
0.94129343406187416
0.7036012186479994
0.65912077114666556
0.2589254456069266
0.61711375251751199
0.48685354270165659
0.40458468241638018
0.65121753966518237
0.086976735995645052
0.63744217731647135
0.55260085869938502
0.34972888735020391
0.53677944854879112
0.082038934020471355
0.53323439056169197
0.67117594965014571
0.37847648541891837
0.56336748311468632
0.7510942496769889
0.31154672214306406
0.39704828740252396
0.53294493163653978
0.52135084536730802
0.53180440350126312
0.34504237530568238
0.78361283279398253
0.73065158196189306
0.30640351930184079
0.52221460373539008
0.66753294888690151
0.71618225992760987
0.65360261323907387
0.95820149114001751
0.81946070971515972
1.091213513102419
0.29080192337604627
0.6120017393037922
0.74971135018728496
0.92541865233302811
0.99233971574657709
0.57840471396495752
0.35860362519482586
1.0711922078229374
0.52788395590781778
0.51914222404602639
0.64213647514090144
0.56409879672544494
1.1247815371120071
0.63983516366358384
0.83069995096921323
0.56752832480938709
0.92927554365943676
0.65328399026366968
0.6292254615442826
0.62711290885852145
0.68702336833765509
0.62895601357297715
0.37161360354291262
0.60312723389035383
0.8251415528731858
0.50155812804902844
0.37300071458676798
0.76101069472147154
0.49971204569085331
0.6026891820732051
0.61184973155158529
0.54938730066730301
0.46469136566880009
0.56521014955965176
0.38914236760972304
0.7794898824368548
0.66363303554997566
0.5721254379215841
0.79627732519670213
0.93367527500782432
0.55348479516616111
0.71181598593035966
0.34931190823631603
0.68737470585278548
0.77902605652640933
0.7737654216920824
0.8547581523856147
0.87358402896933418
0.54939127074564231
0.75664494147066574
0.72153411362657638
0.78190248199295631
0.76904531627227002
0.71883659687001256
0.72112076046969409
0.65377022374809257
0.87624050551999122
1.0037135512216848
0.6848361774976659
0.63687840720885047
0.58964433403045402
1.0422043315861154
0.68804001329574571
0.7399167436635361
0.80635464169135196
0.9360528551968923
0.79933464361152351
0.9227823613283177
0.51790408170538194
0.50340143203501753
0.73476112172869734
0.90284863108789648
0.90361051372758983
0.64477127214683894
0.86856170919773168
0.60116800452555952
0.79307597392717122
0.81377515265214695
1.1835983297172501
0.67050884731753302
0.81177250741272322
0.66170501578993202
1.0079461697926853
0.36752950699490594
0.92761511719803447
0.99320326210398668
1.2598489975641332
0.7496024846293573
0.9666996747400407
0.64136776114696203
0.85663596674909848
0.90953708135769895
0.64498425799479486
0.81723318227493857
0.91348448003061788
0.71802639872233687
0.59770561122402621
0.60859504589557956
1.0771778160726724
0.85111682109182829
0.71277067151764628
1.0230753982114027
0.66611479211544666
0.82641031549846278
1.0272114817016635
0.89816076275964851
0.98814524141698279
1.0885483250411823
0.83546741544154424
0.74168621534878587
0.68259587825965218
0.75255739016591428
0.5079450742549928
1.1792250003922959
0.61726804662302748
0.88844166107883549
1.1036252074098361
0.82413021776541462
0.60073191894363265
0.67737186450213316
1.1135200150663138
0.75307276943831536
0.92567449403931401
0.90841489827436661
0.50170743973019916
0.65070595658242758
0.89666930931647515
0.81939579149384922
1.1048202077873286
0.87306706130067058
0.76744562369469738
0.79825797578323121
0.64886281990334416
0.76559640833535125
0.86138095902422773
0.7356416371037553
0.69454318936960291
0.97146976922020589
0.72476102464663805
1.0001382512019448
0.78097908031001484
0.7230928735464458
0.87540856895475239
0.83217203981080157
1.0993089380535348
0.78551431892449131
0.92129612211202794
0.95904618807943598
0.79570368771164901
0.94241911559368252
0.82411599144425973
0.95771413342482103
1.0627733015427017
0.42265215738846745
0.86206723929231133
0.78080689900993905
0.80510776428351005
0.91582667377681881
1.092183366772026
1.1343157934696444
0.91635338054907123
0.69531940079999377
0.78941748214741725
1.0222444438891665
0.79471586494545643
0.91638958451238695
1.1334082269203347
0.95770888707063284
1.2699937650772988
1.1282884564735189
0.70657033436281613
0.60727533795536925
1.1067939627458954
0.85107329677014087
0.74501238745807929
0.40263020805332916
0.86291356640813299
0.88756578851812395
1.248338956417897
0.81290409116398177
1.1268420426406061
0.97818968702155862
1.1321892556729076
1.0930189367540655
0.96205382604664702
0.84746876720408859
1.2436320868793924
0.90043002744767586
1.0648823774884026
