-0.54668344730794249
-0.88172686365501518
-1.2373562489221537
-1.2147857943468412
-0.92151144941196939
-1.4104151335518256
-0.94717683069741831
-0.77078962578485843
-1.0692051847627286
-1.0846634142687426
-1.0434774459831793
-1.1602445501665903
-1.0876540838658428
-1.0297972081445801
-1.2314660126961305
-1.0005070292684211
-1.0586958827549082
-0.91340145896681035
-0.85432337021671512
-0.56393293270720102
-0.79046505766253961
-1.0550732876805939
-0.80422949471254546
-0.74945418699291944
-0.96860110232686714
-0.93168779985113126
-1.0626063220906348
-1.2027846903231127
-0.76268788078160166
-0.61764739105932687
-0.66693326757495897
-0.91294438506442765
-1.202614451545355
-1.0050982262417185
-1.3247521243245028
-1.2116066036331303
-1.0381906978142927
-0.7523999150908387
-0.83357870751664231
-0.85794714129223915
-0.94717465472380769
-0.73654589022728834
-0.78343817669541871
-1.0051285130752601
-1.1645452198919315
-0.60596454493564744
-0.61935594879007994
-1.0299816244317839
-1.0410581004544905
-0.94989275040383137
-0.86877859908934896
-1.0377410418916935
-0.73091424390737469
-0.83853802893788087
-0.84782073858829032
-0.71421966851984819
-1.0230477313579829
-1.0134867586069884
-1.0152642831156637
-0.69044587888954356
-0.87480805202789369
-0.91464420563557114
-1.0860775010600829
-0.99328368127237165
-1.1053505937272048
-1.0494165594129314
-0.75215818829489778
-1.1253814573000864
-1.092951803043527
-0.71291719332761638
-0.66907075123852722
-0.69183562583438407
-0.77278395006571166
-0.96154120749232541
-0.91212423261578146
-0.82606416474973055
-1.0539346193540042
-0.859943513290785
-0.50061643655694699
-0.84351024963327781
-0.89397736361383817
-0.72644340569450871
-1.0734926536282956
-0.86749806589624712
-0.97785507162587582
-1.248609027877817
-0.77698721160072226
-0.61836564972749364
-0.71975277583757535
-0.92868483540688807
-1.1722804645385576
-1.0637756539542511
-1.0808353938016024
-0.59397420183268201
-0.69773599803980257
-0.90609246235948726
-0.89365684706263382
-1.1226006379905307
-0.62905129713450092
-0.64119437895474618
-0.85889864792541337
-0.4738481633501484
-1.0891840755323645
-0.74022265906108797
-0.79777392950740367
-0.69335248507148051
-0.7213387064788952
-0.78940706043130304
-0.50120661197106375
-0.7370749542197812
-1.0398430992257108
-0.76339841941470921
-0.85787116836118604
-1.0293053454660581
-0.75594510207608967
-0.92422324524788646
-0.62243625219828103
-0.48597128953442659
-0.67666441549506617
-0.59027461602868947
-0.70184288445118403
-0.73840508276457184
-0.76542276476508575
-0.66762204244427603
-0.82810956504939703
-0.83165902229641087
-0.67573616021166694
-0.78194230769984507
-0.96942310641640017
-0.60533462752572931
-0.5423302310996716
-0.49809069783913995
-0.62488462325152672
-0.70426991808436168
-0.94717053795225015
-0.79213312294864691
-0.62520569586008312
-0.20736855469880658
-0.66133550703193467
-0.76709904421280861
-0.66370632250311001
-0.54800406160111959
-0.4645523980395348
-0.47244442507121487
-0.47273951920444623
-0.51946756968453245
-0.59266410486034737
-0.89237632110194931
-0.84797317972902342
-0.52443272149379783
-0.89649153453920583
-0.99974061205878528
-0.60525602543838031
-0.35106097318262258
-0.57465392818841365
-0.57776811572027698
-0.45970021813548417
-0.38014742509441257
-0.4958521030150303
-0.75236935517353332
-0.7421908789799494
-1.1346163522891155
-0.82470418601853468
-0.87894451900138726
-0.64447948235533514
-0.80706784161454836
-0.60909153900322643
-0.97103554640074063
-0.86952227322260867
-0.46935555861628164
-0.60874771870810074
-0.5975104187878103
-0.55068452785877398
-0.5146294628628052
-0.53161641834751239
-0.72963791052408045
-0.68693406456274675
-0.50021693579165416
-0.84645702330677453
-0.42761687560911205
-0.35704541150377311
-0.76808382362354588
-0.50259223082361704
-0.82246947683402005
-0.39790691506303638
-0.40379746767236802
-0.84235257193091284
-0.32572394514926456
-0.40532043638943499
-0.57086863996375647
-0.72571041477834841
-0.62607829158819472
-0.81713478656040217
-0.44710617069096037
-0.6879220540291987
-0.49656746233384319
-0.57148229780563553
-0.85944369027462819
-0.89854406755356242
-0.71359575821016319
-0.77832389658363177
-0.64616714595814939
-0.73161593879183928
-0.4834190877919477
-0.45468239258747856
-0.52678871232151259
-0.81333263661207877
-0.79597989252832879
-0.46784164545668944
-0.60743438624758761
-0.52033615313816906
-1.1526949642703281
-0.41609779678115311
-0.81814881506762493
-0.33933026830059587
-0.48858073726826307
-0.77210131408451099
-0.35883983643749096
-0.26353293439887704
-0.41046207922815575
-0.62901210524046292
-0.62047486155426212
-0.53973291713522298
-0.50776092334174339
-0.54807835051375986
-0.62270299051022737
-0.35856397535968138
-0.52426084575808618
-0.67192743827369239
-0.47233405264768585
0.044837490064105638
-0.49411461692017938
-0.31735891592866711
-0.73144134191078192
-0.51771762575823665
-0.43990020910687572
-0.44569854822958094
-0.85553749927850997
-0.48889735181625593
-0.55915708516368623
-0.38713060442067943
-0.3625318202322021
-0.71976622685693004
-0.879681439960603
-0.52819447493705152
-0.65356080358699586
-0.66466557626737066
-1.128892135744094
-0.45310174308569517
-0.5652930861431591
-0.38938767860721413
-0.54205263459856623
-0.78949417961161872
-0.58716422234192756
-0.45836747384621723
-0.42718170871592814
-0.77744338087304188
-0.52745526018708366
-0.89641810452093551
-0.65574740254303654
-0.51224382678051206
-0.40638497361465958
-0.20658881859583728
-0.58676863551509117
-0.73291673690194858
-0.39160531226110551
-0.6487784891506132
-1.1421733104728402
-0.53182748835345506
-0.42713020084832265
-0.59323200387764008
-0.40949659026788077
-0.54381120322329268
-0.32330750415474752
-0.55345298291022338
-0.50920888541679521
-0.16124344372341293
-0.67906507979919506
-0.54618851360563114
-0.39185099934460621
-0.58144111763714768
-0.022310220416155695
-0.19633750604900146
-0.40691147072528666
-0.20379431248589572
-0.3969344135188238
-0.11054303854650654
-0.089990179711067972
-0.32359178653714482
-0.22885668077084417
-0.23507515411171556
-0.13183648953291324
-0.15485985887627327
-0.22806224770112915
-0.40145458358491315
0.062930659516664739
-0.67817469845517375
-0.11804966812188331
-0.3995076463115208
-0.17710921655767034
-0.48124713572933825
-0.2690157998007337
-0.28792958181193717
-0.56721232538790423
-0.50151194126944754
-0.091753567654381474
-0.49383169907608138
-0.13069442096648304
-0.49641129990818755
-0.22409650038540299
-0.10929762387647736
-0.40705741073658885
-0.28270365708674972
0.084888804450203567
-0.25306027500409983
-0.37175480940046735
-0.50618159801301188
-0.23272579461761109
-0.49814372458738587
-0.20462334604149912
-0.11691887788172593
-0.13143298343013549
-0.41885745979487016
-0.54896711240833318
-0.34147337453596927
-0.31852185775887265
-0.15791455997869691
-0.45117021583473677
-0.16197750261331265
-0.27269188477925893
-0.31746806619606815
-0.22359205074892005
-0.39044753294946749
-0.40759489662730314
-0.32595348269142332
-0.36129721228267969
-0.47011139890807657
-0.1564465111874733
-0.4130989448811383
-0.56183930375816749
-0.29833009891862405
-0.34436729066915267
-0.13630393982671854
-0.48794666508586021
-0.67987914878255173
-0.30298098253466976
-0.35800998748965696
-0.20898846740575372
-0.28110247421423484
-0.34751868606806574
-0.38379078501697617
-0.44965534071426799
-0.5727105020796518
-0.36440508069866639
-0.081316083425673716
-0.32199487844314567
-0.080743198425972065
-0.42787894748979566
-0.52146929421385679
-0.48957457408771793
-0.49544944191992968
-0.39948474199672229
-0.39004240523378725
-0.61737766314013631
-0.18073050832897306
-0.89838965876780241
-0.26726192833832935
-0.29175620033174254
-0.46581104722578115
-0.037223776307916859
-0.50162866985875332
-0.22257317347695332
0.056305136373780575
-0.043518207598312209
-0.36527445661802388
0.095112564786095102
-0.39667259473591682
0.15861841651838168
-0.10413963022170378
-0.29173410759609053
-0.45232783172043045
-0.36884707004054368
0.0058027620803774056
-0.28847403431833624
-0.50232491398851942
-0.016407613981541315
-0.24795252999938988
-0.36435267351585243
0.05436324004556306
0.0080528912503585893
0.13914749103396779
-0.16157724824054492
-0.27760241281193149
-0.71123411422871297
-0.14835031361981862
-0.094436995542354837
-0.36060417750654289
-0.21390649366348854
-0.39968598234761976
0.0062684284587716261
-0.16742897442915297
-0.13417243587964256
-0.3396979232277868
-0.15039449692209375
0.17768477995060952
-0.30044674351295131
-0.303268261148187
-0.25373541196893012
-0.39934879389052208
-0.11779920107269261
0.081649232534610983
-0.64782103564034432
-0.26337197390796929
0.18821605098780844
-0.39886050403797629
-0.30917652414189012
-0.029703139068580856
-0.027024088384121101
-0.24479094490053113
-0.28590281899922548
0.36700221446322001
-0.43157265169517084
-0.31174524323023861
0.098200528816438093
-0.20200164821899852
-0.1594380661535886
-0.12466649846909603
-0.5379657956762065
0.035434784230781793
-0.11584813133446452
0.010975844533678581
-0.28072180976833916
-0.39385912580426036
-0.15443816141171329
0.39218235749507824
-0.049292995485354756
-0.12894962004154412
-0.46128491373052022
-0.23831629143004898
-0.16700661339620662
-0.29450775847841709
-0.020598746209961809
-0.094205666190551082
-0.38193531227404615
-0.072895026620348899
-0.063561649670314871
-0.28708707063891092
-0.38939636045412307
-0.10797732554335122
-0.42415386726698096
0.037861612246073408
-0.060640404300748497
0.11021760609891096
-0.33088128907757458
-0.099473789895885623
-0.043083042891109743
-0.29395041095863356
-0.34447680867690872
-0.2320463243149741
0.13956357527547153
-0.17203576919682934
0.091331606128347467
-0.17286429235762524
-0.36963705641106437
0.13694797459056537
-0.16618984159449823
-0.22983736502304142
-0.076996270670151717
0.035283231753542192
-0.032687115938450285
-0.17285585578919743
-0.058268794113312768
0.18167472709895011
-0.42454229630909429
-0.24500208355634545
-0.30208916657701285
-0.15020664636429484
-0.32430374268351564
0.007275900477649251
-0.095373574989300602
-0.13819774053442097
0.010377759350423092
0.086585783994484133
0.28393603113288413
-0.051015052214176751
-0.23068949708570444
-0.28956444516438395
-0.121154215813884
0.026936517507962894
0.030099844562979393
0.11765074390710936
-0.22821991174315609
0.1183145932696793
0.025939953652358461
0.27739525903768447
-0.18177002661691086
-0.016689082402936362
-0.027619058008635351
0.19482659823593768
-0.29267039210668838
0.078218819629986183
0.37733046296184852
-0.27974115742914046
-0.20656809946390001
-0.041622206892423567
-0.30338366010777118
-0.20575542810599323
0.17270097603721946
0.29917435383481716
0.082328002580627474
-0.014239800858660836
0.31005024400976661
-0.26171356625965742
-0.17483300699970825
0.21738946817294016
-0.13271922562477165
0.084192245669655094
-0.061741684197553694
0.12561141515090526
-0.14818218633663022
0.10615338956432999
0.24400958815425991
-0.1357399893110601
0.26330681890442525
0.049975740688560082
-0.19203337993186401
0.032623982936724451
0.17350131081412645
0.013686238717914689
-0.14372340940137385
-0.10572613703093947
0.27677064773353627
-0.19331321391771636
-0.14605128072140652
0.027368283112672087
0.2408463632587744
0.20227683585178297
-0.15661266833097914
0.22975876211165266
0.061985851901510805
-0.028681739111038433
0.26277528671303285
0.12337341604756918
-0.085438551231877449
-0.22416638323325977
0.23957690263640738
0.13716986663389527
0.37039052996728539
-0.20437892238188474
0.077435397264878345
0.22422513492970542
0.21875332189774593
0.11702282212284691
0.09092593646598561
0.3842496566066072
0.17922212146477454
0.38788240276677921
-0.018031600075924876
0.13499950271370365
0.22453153730499492
0.10084882028719253
0.042993048634069428
0.071673419155530146
0.20163337176479257
-0.029544432684324055
0.18741738308181149
-0.077223543541347445
0.076782601873775225
0.076083388344816635
0.45341129808930436
0.43417389603365275
-0.2210681337111664
0.093384993996186258
0.04801151373676632
0.11576697113968398
-0.23578156997659383
0.19559180592271672
-0.069988085915026227
0.13534335339684206
0.22930771766860972
0.32399662723934186
-0.08922933004154307
0.32457601918200912
0.40204953519991687
0.12430231574534646
0.13351017850783448
0.1113597502667667
0.086205839717112862
0.35710983080951814
0.3760311106991478
0.28971843680217563
0.39395046964723768
0.2022398639459278
0.10042539203797879
0.40656145013829803
-0.34138367456819735
0.13455606039880066
0.22037700303816687
-0.19886404838594174
0.017412719967459165
0.58050030068718472
0.38527265041492037
-0.064750126574030065
0.5359672820065593
0.077095283088134944
-0.18078388637219348
-0.041816155032720119
-0.010095621934118891
0.033820698919618968
0.24284074679534229
0.56846281940980725
0.08799042313680154
0.27490969899363726
0.2702490239420689
-0.11436108464747903
0.41035737514664128
0.013404775610487776
0.21584005994709202
0.27805678574508691
0.54076316280422165
0.2913163723558943
0.21011492532298914
0.46976960812071389
0.40012193666398355
0.58768076299238958
0.27629659775296528
0.19339401070053719
0.21066048613008032
0.039262521053113279
0.0079393591701039518
0.70496417000499378
0.14300162128668811
0.36800671228126519
0.58538769783536904
0.29258667133710203
0.52628961956609555
0.44806016081107491
0.24503997264785582
0.51038991311168347
0.35793377127604903
0.42454712041225445
0.13199896512644255
0.51386781183519281
0.62788626206177733
0.49438283920450748
0.42225550020610725
0.28437446081659828
0.26775166119552313
0.56783106522739335
0.4304350839702249
0.65670441876395358
0.33762074185587382
0.33351564485390356
0.32927291527764652
0.15948338372596638
0.223596497427271
0.16456774998132306
0.15672239481188563
-0.070934261697722545
0.50013118356393771
0.52850188987567237
0.42863800890097392
0.51400461952140919
0.42676687837596577
0.46466191366434112
0.43632631193688182
0.37355712074652586
0.22143848590094406
0.46585371418722515
0.25631413450795854
0.2256372761959767
0.79337082087464328
0.60777615020769227
0.68600976227106769
0.28881122742575349
0.4511958522855648
-0.036943814617697746
0.21552237979831199
0.32074267877037604
0.22728392047597454
0.096034898919058143
0.40067489152770269
0.35521978186935166
0.35202226074390974
0.40062662368739016
0.66313714856795869
0.29032315587927165
0.11593550049174375
0.16393350276214486
0.32674943021899699
0.29519938420913155
0.2976975732405252
0.16478009424847836
0.23061672190450719
0.49000965463867296
0.0095823899117319974
0.22376861627556682
0.5012545194133714
0.5176923507409118
0.19362817228019388
0.39086404227498056
0.28415401861860456
0.075419990475402751
0.45440398647489455
0.44956426784750342
0.55159491448743614
0.45459366993262712
0.22664469829749773
0.49857504160051341
0.046987542060394356
0.30567584343122678
0.49215938124829073
0.30886095157729437
0.54948300853614696
0.32341456130085838
0.39081937510307552
0.44482647010207804
0.46366983263966055
0.52916128939881391
0.45697818605100732
0.8138827260892918
0.54121348030361449
0.72278684761655243
0.58641973976718975
0.35967926452377569
0.21168851108136733
0.5197322071048458
0.41121417439603347
0.64725649180282341
0.35078909552701437
0.37765228003354151
0.39119511172002347
0.50581826579184352
0.35276398468599557
0.38185510386221172
0.59229127445133023
0.49033363775935723
0.45423450098995588
0.24203187372836638
0.61178090091238524
0.55476943268665646
0.19350588737509597
0.53994373455976563
0.2304174014931685
0.54602861536171765
0.16413436086983405
0.59237870838982198
0.69176478298725186
0.4913046204923473
0.89596985561706122
0.39721056158637807
0.25947267121169926
0.49606906865695244
0.43219865560111026
0.10844265772081886
1.0499250759237266
0.52988390023885146
0.54524970704561881
0.83151622848312445
0.94229355334512943
0.50597547637219387
0.23107466926126552
0.59670629406333331
0.60819765294280337
0.23997005591846152
0.539913815985406
0.83357610795650527
0.29775200441278743
0.54234665214986943
0.48233901459852158
0.59186217222812587
0.71643334210370402
0.17829578155485562
0.6508794145580139
0.71296333365669884
0.15746553813948982
0.57865400034725034
0.46932484920947054
0.67329270528431373
0.44435247757376151
0.4468786073763622
0.28354059623681049
0.3101216563986694
0.77202195517538841
0.90712462010747252
0.51516584503328777
0.81380274780282225
0.080334858064884426
0.59903939343172286
0.59753647227364448
0.42556456083278799
0.58340362451919725
0.51850293947273141
0.64063135180782738
0.63257790996911678
0.66987353753124668
0.5560971756997154
0.91605116486391958
0.91274535299496651
0.66417687690330263
0.55278268023817978
0.54872617788803069
0.92584855068419392
0.57864485708208546
0.8352427253053657
0.84349024379702753
0.4753527865396367
0.68795845631494201
0.12863131729169969
0.71321078025704354
0.61058082412164483
0.87614648136823181
0.89633281476861226
0.59883140598805429
0.91307076930151598
0.51044081771475347
0.52420917999586347
0.58593225083180511
0.63616638246713508
1.0322714650537634
0.60588353145874974
0.73621116649321561
0.69472009052822281
0.73670083459339641
0.60501840593542533
0.52236681877202473
0.40948677356109847
0.64567790531442126
0.86063370444519771
0.77820966990285145
0.32857710867676809
0.31238020974136688
0.81108185903646268
0.69921209462301137
1.1210048182473606
0.58713236800315449
0.74241216795402853
0.79462148479126848
0.83161063684852188
0.45444922920009589
0.80150041430769148
0.74551850033366474
0.44762726566047012
0.97143185153084755
0.81427540229529449
0.57544294215986391
0.56686776103528591
0.97249640457359809
0.72479003502715278
0.58846042099897855
0.76227158754179847
0.90494224131094769
0.94002924322199288
0.54166393967710291
0.50473642769706106
0.60553254119686895
0.69914652034979496
0.63109414866438573
0.96341692925262334
0.87410319970841988
0.84551035301238109
0.92477063364835621
0.66476086312118099
0.94205517600587052
0.92076430078208971
0.66513173243464363
0.79513997400970526
1.0925040912427046
0.77328847031222503
0.72178228182816573
0.86790335572341804
0.59843090632614826
0.80958289802638872
0.68054707846354212
0.70402201631313466
0.82917900650880372
0.71651693559839158
0.66165078883911155
0.90948731732784238
0.91851683471205858
0.64375145593627237
1.0018116285937428
0.86827094842331509
0.509526850252216
0.56566061908918208
0.6804300940754755
0.50291397674642746
0.8660668592877907
0.70595618588513609
0.58655761545270257
0.67096939490435559
0.89734399989042557
0.69536117222128269
0.63914017831922987
0.42871425205730618
0.81142542566269904
0.84782905412223686
0.74571969339510114
0.84904531514013748
0.72746598354791892
1.013651332546373
1.0848670875608271
0.96148369417018953
0.77468641722327114
0.77311726257022872
0.94017556240941769
0.57432403910954433
0.73009379584461942
1.0297841679968474
0.74375991547144948
1.0175268479915867
0.9589144220426582
0.9149732556900988
1.0998581920019224
0.81696896177227418
1.0633710050901941
0.91765765990939352
0.86460351408059744
1.2166583629325853
0.76336699817112075
0.88122346113983641
0.69048900301539973
0.64942912390699148
1.3352627906281298
0.72779535825025721
0.50606937537814023
0.30466715753775714
0.8182077685216369
0.98895878299426598
0.80907199486282444
0.72428488605534358
0.8943469226285875
0.96244999130174269
0.78762441816292039
0.98971730390452406
0.82349390382472831
0.66436099846817731
1.0489607522675555
0.87716165336812801
1.0775599259802229
1.1442623865681036
0.95487449255706303
0.93061016085280046
0.74264879431989606
0.99436112028595891
0.72734992526212305
0.93478170594011434
1.0760691482227558
0.87174532215696632
1.1828293302680621
0.95653551105198242
0.89783146769231914
0.69067375799967035
0.79488840214084311
0.95773671875174715
0.5967512940973333
0.98867852813427093
0.82198064919082281
0.8725252009736707
0.77487289937207637
0.87708283840927781
0.89396864435572265
0.96136676016280154
0.89120600615317336
0.87652285491796778
0.89153250920637994
0.93271469571466781
0.85696085837953806
0.95084411341873953
0.80147944573337948
1.0969620971032821
0.95710749766972902
0.75823704901182398
0.88460334978587063
0.97677144616160394
1.266806720485907
0.95393253111444221
1.1838544347456503
0.92878999578283805
0.98306989316194393
0.92894470165737564
0.90444048271189548
0.80411734435578675
0.94201387290621186
0.60584208822399521
0.61032590145048005
1.1879305199914927
0.93181150469580643
1.1509260607961969
0.62649755226762271
0.67421460488195428
0.85148691699267509
0.94791525720615299
1.169173351699573
1.1213663372741547
0.93481316582230944
1.1600801842013775
1.0979646083934071
1.4913046193476469
0.70846629562538477
