-0.53534880476345248
-0.88293500802020608
-1.2660977621931
-1.2154623995232412
-0.93478060442930844
-1.4130359660855518
-0.97384370304098333
-0.76478234570999548
-1.0601095723228777
-1.0781440806751754
-1.0415646872094309
-1.160181358451932
-1.087938168295153
-1.0392552067268932
-1.2244003131648251
-1.0127245319387794
-1.0387531325496562
-0.88888864310482885
-0.85359900526990173
-0.5750764577557741
-0.78855148656247609
-1.0531881456244698
-0.79023910604317682
-0.76587745974331167
-0.9591446231375641
-0.94123262216216508
-1.0612286402851674
-1.2024486649708992
-0.73564919558147435
-0.60846324798002938
-0.65130382996686842
-0.90164357792147021
-1.211740345705336
-0.99935101712324537
-1.3185223008506153
-1.1960854677906236
-1.0554608994504739
-0.75519337681411414
-0.82421228203017038
-0.8332824312582926
-0.94260364233447702
-0.73964076110906229
-0.77921947949263137
-0.99254595824692426
-1.1631752901407197
-0.61316578681483858
-0.63480324585279047
-1.0292626988479865
-1.0251902519271228
-0.97262033528975111
-0.85812080086772846
-1.013427227995126
-0.74696683662536367
-0.86414249663740372
-0.83450920518305038
-0.71669703319362899
-1.007279066629571
-1.0105493436148822
-1.0176588324686284
-0.68514849236158992
-0.85901827785397711
-0.92508943398966681
-1.1023213025199761
-1.0030212742392199
-1.0981358207633531
-1.0315710509413059
-0.75107441427941413
-1.1155909128413801
-1.092301979689813
-0.70222130911272651
-0.68959203961282711
-0.68157241818656089
-0.81210971129645237
-0.99165846680599135
-0.94236093941184162
-0.79182130013190632
-1.0511852370215806
-0.8668180069113034
-0.49687563992145956
-0.84078193816163904
-0.93237677369594585
-0.71442873173200683
-1.094704242190246
-0.88863191415301335
-0.95941785690582493
-1.2295364000030824
-0.76805265948883317
-0.61801456444021574
-0.70901384670191703
-0.90435651726812183
-1.1622177837487961
-1.0588188270721419
-1.0744095881775679
-0.61791693615850474
-0.68006555374892219
-0.89450057062396027
-0.88355782198780652
-1.1250686443618592
-0.60913874141738344
-0.66266234038352501
-0.8496477061119434
-0.46673644592401342
-1.0775364019542457
-0.75097920168779109
-0.81555549399367333
-0.70552346556951973
-0.72820266033895598
-0.78184416906095211
-0.50918178248157953
-0.75085170859266293
-1.0247714184164649
-0.75258229669573229
-0.83336819255865513
-1.0247987026235019
-0.7636494330542124
-0.93648741558684334
-0.62746918367452487
-0.50149307561566892
-0.65214183553291083
-0.59247407117939277
-0.71891945302681493
-0.71597690751608811
-0.75927618947213893
-0.68422609089137609
-0.81585456109503318
-0.82242980936597143
-0.67092796165934576
-0.77446247776261579
-0.95694824447237414
-0.59139314237560392
-0.54914300375129521
-0.49328922518614227
-0.64969758049697324
-0.71692405156002836
-0.96102600956360629
-0.78167109969055415
-0.59458675316318299
-0.17958176131035214
-0.64488142905307611
-0.75747690372336596
-0.65910254024298542
-0.55010261472688116
-0.48760413666999958
-0.47146561875339427
-0.46289200782338219
-0.53324620249461996
-0.58745625736537188
-0.8789147909445939
-0.840741051586402
-0.51753455849033736
-0.886969724907963
-0.99841862824757177
-0.59930060233577964
-0.3313051193639252
-0.57799885347857993
-0.59182361135950867
-0.45242431141806833
-0.38474327610887793
-0.47455273695936717
-0.75693455087475969
-0.72754079613465461
-1.1219692702652355
-0.82060874502510694
-0.89317876253976636
-0.65830033168789903
-0.80549166313609277
-0.63604786941442115
-0.958280986812446
-0.86875895997454111
-0.48789623509470453
-0.62225614237709981
-0.60523186766833004
-0.58214770126152515
-0.49439075264308902
-0.53659272062867769
-0.71570765900941746
-0.68349367614266121
-0.48076645068550811
-0.81746583019487629
-0.44058330323020733
-0.36213583678043704
-0.78487342489319634
-0.48590096711094516
-0.83361418326319403
-0.37753629176566994
-0.39160776377211931
-0.83344313074380139
-0.33551175650122772
-0.41511832938040166
-0.55866768081057616
-0.72273366315042453
-0.61520199520567709
-0.81577655411065464
-0.4329544554214047
-0.68661303728389333
-0.48622710812291475
-0.57208635337299474
-0.85850373425672022
-0.8956747949863002
-0.70676163084531318
-0.79640565616174852
-0.62702730239014381
-0.75798551365945344
-0.46896169077560157
-0.44642115693159207
-0.52988269365027962
-0.79572356875227035
-0.8088897469854095
-0.46878118861794438
-0.62120590560113031
-0.48380020363339454
-1.169558117856649
-0.39897491659941392
-0.82221430084757252
-0.3466448235388796
-0.47873824186828257
-0.74398316720178692
-0.37483011574458841
-0.26265894102125092
-0.39840975452187088
-0.6230734162194479
-0.62030232557379328
-0.54083414043684297
-0.48809950622359222
-0.57278704018509163
-0.6324712052765058
-0.37431484653447789
-0.52720502997316665
-0.65491837710299472
-0.47139631183131236
0.01968346777376059
-0.50967875074663693
-0.31554583872228242
-0.71150009468091679
-0.50863262044104895
-0.44229318953404212
-0.43749548566982538
-0.86185022354783858
-0.48713059293379013
-0.55601642952104346
-0.39499607542062753
-0.35377601256767172
-0.72767086044823504
-0.84909013194916538
-0.54552732082243527
-0.63887517021248752
-0.67073403015088873
-1.1263481046020836
-0.46416242493570881
-0.55912634383059701
-0.39033164968560519
-0.54304864246470297
-0.79383340184010964
-0.56475868071238355
-0.43977724247617894
-0.41230328700998553
-0.77444457267283418
-0.53788315794239572
-0.91102891914468198
-0.68442024383861411
-0.5203384426848715
-0.41822623301566175
-0.21419056562676658
-0.57619759210844279
-0.74450389350597634
-0.38669257967170445
-0.64720415206148629
-1.1547487283478408
-0.5320304113086507
-0.41936084141734786
-0.58652910353979848
-0.41194283327577824
-0.53069221350383056
-0.32551081224203371
-0.53816473189456349
-0.54371134320008407
-0.14344871523847211
-0.71064950807679228
-0.55348203230688153
-0.38163365466709448
-0.5721670647049657
-0.0116625996796542
-0.18863988896714384
-0.43285953855434223
-0.21252866091487735
-0.37955110449144053
-0.12337547127841959
-0.10082140810105769
-0.32743048174702855
-0.24966782611857447
-0.21405651275768506
-0.15058896648131515
-0.15587652581883973
-0.24035495373091223
-0.38880401981396107
0.044665924561791678
-0.66568296928872706
-0.12824914580373301
-0.41568959927753468
-0.16469622345591292
-0.47691505204159562
-0.27960092973549622
-0.28285693498313685
-0.56733824539977862
-0.49777486850939429
-0.067202851387156384
-0.48389044907068479
-0.13606736350774004
-0.51901127210192077
-0.19413547742957457
-0.11687908443509519
-0.39531862998156603
-0.29778717045825515
0.070626471524647627
-0.24060734975370951
-0.36645424801892207
-0.51511884138535002
-0.23816397934031008
-0.49481631796417808
-0.20613432649060887
-0.11327682256046445
-0.12506970077411253
-0.41908940524702148
-0.53908720327910009
-0.33912142118908611
-0.34339793539310481
-0.13993921253503244
-0.42917809913778326
-0.15294075288265802
-0.22962897557839579
-0.31037099456526418
-0.24763937080713155
-0.37606028759761612
-0.39586337187058046
-0.31867410263839091
-0.35647070930996549
-0.43952191934846974
-0.17834312955391116
-0.41064810546252956
-0.54123083942296546
-0.29668403014010791
-0.32368522913469355
-0.15405128476632687
-0.49942845666717517
-0.68919496878161546
-0.30561563178243961
-0.37506045130439208
-0.20974844515025565
-0.28374202004028354
-0.35400853838775537
-0.37384903009744663
-0.43881482308004882
-0.58766963265766958
-0.37158714579773505
-0.090811774940242285
-0.32006283807233166
-0.080135508095403776
-0.4031663672922714
-0.50157904108836138
-0.48512596514745704
-0.50020016123148525
-0.38440642373988765
-0.38660559943196215
-0.61546317278296325
-0.15639884615730346
-0.8868430948147924
-0.24474152998372412
-0.2878499697671873
-0.4783347764771837
-0.05400898604946619
-0.48999410829954526
-0.22809247534962421
0.036148315991015069
-0.020811810382748163
-0.34087085405723522
0.091313026684379003
-0.4281141231520823
0.17376080552915396
-0.098620664691352
-0.27561002274296831
-0.44390275904037013
-0.37623132363450934
0.024045090164743536
-0.2942684397985954
-0.49853058868630684
-0.02019877373815326
-0.23285275164976429
-0.35148726753086501
0.061840460132404927
0.014481630843240037
0.15284452037985172
-0.15829449994186032
-0.29019195045901752
-0.74333587295116521
-0.15845731741171315
-0.077521492201909653
-0.36324167955894371
-0.21662505093818832
-0.42302290100834111
-0.018227944880653667
-0.15596590661210449
-0.12399639903338232
-0.32767937811240888
-0.14338973189762641
0.18095364382648968
-0.28916334127062315
-0.31448305394769255
-0.25746261752276561
-0.38099904322634148
-0.11665660940244395
0.085107986595763824
-0.66408433817603163
-0.26867806006907413
0.20663929210252904
-0.40297330754588873
-0.32176711947717523
-0.015670910672653974
-0.03462059816483553
-0.24382046578128444
-0.2887293578326402
0.36820906288340827
-0.43694393842217716
-0.3009453663134245
0.078076614465854899
-0.20008773548469463
-0.16255388994420567
-0.130448462084025
-0.53658849972706868
0.03704528634173266
-0.11176091209432978
0.015410211105030006
-0.26700189006685676
-0.38983340290972091
-0.14358057714630942
0.40468088172233507
-0.041907602062813055
-0.11829047438649551
-0.46702074072563787
-0.22563230539452903
-0.1462960195639236
-0.32300022907526071
-0.034159957729512608
-0.099240052523922428
-0.39220007106362054
-0.074966555729724008
-0.071241574054686702
-0.28463303904951154
-0.39615800298450637
-0.1032438931216336
-0.42660231826895417
0.045954735293192848
-0.059401748926261391
0.10509667854543714
-0.32777560539989931
-0.090139062825949329
-0.019453410177752081
-0.27080689754677945
-0.36570363705899839
-0.2241113093245706
0.1208686174277965
-0.19042791650363272
0.092102125862500134
-0.17353010814664477
-0.35030400165337283
0.12458762051189241
-0.17683159302514637
-0.21708378665061398
-0.071839008135000701
0.021707532518414716
-0.025908977628914833
-0.14333586277206736
-0.074944463181136595
0.15169738893855222
-0.41009061946488384
-0.23324894112958708
-0.31195464067633094
-0.15195708955896534
-0.33218291660443316
-0.028691943284808383
-0.091422445443468253
-0.1396866554974753
0.0058130596813088528
0.080033289538087485
0.28596286933156911
-0.042739050460501117
-0.256878595163547
-0.27890964999567147
-0.12875617610566698
0.0096090657824409766
0.026222075186022577
0.1198491473529965
-0.21404389736204546
0.10829703308206948
0.010646905418572224
0.25879131198206906
-0.18153426312097332
-0.004459747318009237
-0.017902989768781553
0.1969324037927177
-0.28714644987514015
0.08303564450265806
0.36705625588373836
-0.27801332078424057
-0.21327118822256239
-0.0442987537528748
-0.30639520348678262
-0.20010548244743789
0.18079229305996658
0.31012078013558841
0.084961437251776711
-0.01196934966620097
0.30120477999005579
-0.25223364387531366
-0.18406611232548911
0.21442686698233626
-0.1197892578304818
0.079070336543692485
-0.052182656096352767
0.10348410353605862
-0.13893572479827984
0.10564519115130641
0.24209511914818668
-0.14444838216167608
0.26461336705351612
0.060881096455148366
-0.17785874925002571
0.02843990877670027
0.20115858672670942
-0.013681219777159909
-0.172911287131053
-0.12452669159181391
0.27579473283163919
-0.19804027337612715
-0.13762722204819619
0.018105915032335374
0.26365789423912628
0.20248826128403025
-0.1659118208549597
0.2357787561601668
0.047818092634292431
-0.011591993166125377
0.26483671732983161
0.11752980534951531
-0.087431373195314188
-0.23365522091158042
0.22582589541784431
0.14635758179216155
0.36569728732220819
-0.22980150292525034
0.072569812103005463
0.20798075801650931
0.21783089093941871
0.12097729760171544
0.1114017594225747
0.37322657658769665
0.18590798773997472
0.39985277065676805
0.0087056030217500455
0.13184286555329075
0.24184680254913998
0.10682876750342332
0.05704523294645561
0.078800873614761929
0.22879278527188784
-0.014318955087870313
0.191104320018573
-0.093095859923397126
0.051933908805492625
0.091134823310128205
0.44786383975921323
0.44096378854984836
-0.22494727732168471
0.090557316626601408
0.055157074479150407
0.10458244549333884
-0.24734840524515941
0.18451122744873868
-0.051803873200249748
0.13907512556723692
0.238642364028195
0.33060242431974168
-0.071166663466019242
0.33367756893616218
0.42205681198267225
0.1257805716260052
0.12451271037713124
0.12104818878966435
0.075406065108866244
0.35796500081300708
0.36801787231969196
0.30718955731650011
0.37121414542487913
0.19375534565147548
0.11129507266962914
0.39506067183951837
-0.32275246423170967
0.14023597368245327
0.23669028907414352
-0.19381690128993834
0.020050702940234089
0.59921252832440852
0.37821887872325727
-0.062118843830058078
0.54724621065712442
0.088914367146331885
-0.18253638698306082
-0.03549950563882788
-0.024988022246286032
0.026488167243166029
0.24046972784839193
0.55685853831679955
0.11779996412565748
0.281378828620236
0.2825609666245753
-0.10722182439779634
0.41385338013139378
0.025980700302243975
0.2209295127381333
0.28501047258687495
0.5390314229083768
0.28034931939998109
0.21062146761587083
0.46656729727374419
0.39749588562538646
0.58932039525301838
0.26216574557342409
0.20372166581924012
0.21852376544436578
0.0283040353142349
-0.00021992886879759307
0.7041724905272484
0.14051383653735919
0.37135510741019967
0.58626397133424901
0.28316389655082291
0.53377414019737224
0.45432819817007958
0.24214846974473073
0.4956359742818725
0.33720655691433032
0.42220720556207941
0.13626236064993708
0.50551537579773564
0.64476325259454415
0.49573525756123105
0.40897121911523288
0.28735594142947751
0.25900098635267887
0.55280817995532927
0.42237550744316216
0.64136129076047499
0.3358647857547154
0.3426144745964641
0.33074787750269463
0.15051979365188953
0.23100779936637589
0.19714613623798435
0.16885580951209073
-0.049479291455261296
0.51674751385777062
0.54001573640996547
0.44546689717254756
0.5350862370634637
0.44028599788379624
0.46533255532990747
0.4101216088663826
0.35201338039154834
0.20575911221577811
0.48104504183497204
0.28415912071079796
0.19358244781418543
0.76697509682314269
0.60549031783486928
0.68988318558994599
0.30750224675700411
0.47204799613406767
-0.029933201658699445
0.2052450860742065
0.31748352981707001
0.23945265951585323
0.11012445495656897
0.39807655350219789
0.35667448430486537
0.35365762181670513
0.39379097620829084
0.65634034842368316
0.26795797984780845
0.10094877622971948
0.15561556897663981
0.31074967302107376
0.29708718977518012
0.28474488423884187
0.16461806597600642
0.23534649558142381
0.49245694350777192
0.017282631396627769
0.24408975055786403
0.48418888594967291
0.49946696463224088
0.19031923371456785
0.40615368469401297
0.29533856373569861
0.079861083749130687
0.4610771133422969
0.45127228027311478
0.56576691526060563
0.48073473233003783
0.2324284768127681
0.49594733177797107
0.080730410389373938
0.30643238165909481
0.49030731133241023
0.29738834515631046
0.55263915706889399
0.31978227573399975
0.43370970547306203
0.44342602711956469
0.4817320894520995
0.53955525872773125
0.45587340006490396
0.81375215298670522
0.53383249954754575
0.70617280496615875
0.59291888306672291
0.36171402994299529
0.22119199686670735
0.51487551508457496
0.39594429330873121
0.6451010029315829
0.37958646460657086
0.37804341218467341
0.42028621084713269
0.48797704578370144
0.32816456497956087
0.3721821577973275
0.6058215383863288
0.51571935529680135
0.48948688180456107
0.26957388277455874
0.61411723266562168
0.55203210415884518
0.21058703382207747
0.52080732012699382
0.21202450784145982
0.5461622379558827
0.15985371702154824
0.59144075971661703
0.68688951299027667
0.48074337288245333
0.87515684063545329
0.42002141485012828
0.27104653842999893
0.50898092565372866
0.41463109134166126
0.13858067751944902
1.0591043441487815
0.53090447883450109
0.54124877253078596
0.84604763727045362
0.93932838939651309
0.50818631045607365
0.23295212260547837
0.60116941319761041
0.62413312555230249
0.25680587109926811
0.53261549745910031
0.82433047731142695
0.28507500511820938
0.54821688660051748
0.49040798387871287
0.58883717507367661
0.70157019304477364
0.20277263782684446
0.63266361719320308
0.71418731354549447
0.15934414349777976
0.57239111871476867
0.46647986632536931
0.69773455600983381
0.46369722771059818
0.46489988731613885
0.28729942273287884
0.30510895616996464
0.77060176427981308
0.92653315092926591
0.52209434127428545
0.8313628492362497
0.1181944568427592
0.62494062690462582
0.60221694885784183
0.42161430726788335
0.60760877380215672
0.49434123527359841
0.64127589213948011
0.63971927619042213
0.67617926895159708
0.52903432489286228
0.91852715349659586
0.90711142708280401
0.67744247456113704
0.54481837140460865
0.56051425331044957
0.94587366450406962
0.57408636186590989
0.82566744642714152
0.8315659372042179
0.48858826944224559
0.71048532951919541
0.16372751881544431
0.70813077863025253
0.64435970671983456
0.84156941551562303
0.91747694931281831
0.59489097261832014
0.9105973518767646
0.50264736795872567
0.53175246934745157
0.59525738835752029
0.64384632859624968
1.0485924675494265
0.61789647470869191
0.75111823285240842
0.68747029997247422
0.75931522402879015
0.57833670809309123
0.51520348875881095
0.39904721142787125
0.63981009087627871
0.86663683467380437
0.79472954712918975
0.31734532084511652
0.31057163693064122
0.81751454648456767
0.70402868229546178
1.1075842637628786
0.59323229044125247
0.74792220416716571
0.80754149261948638
0.8327499192176937
0.46211829554716305
0.79414051845053146
0.74737353865377809
0.47580456513837371
0.95946791960192723
0.80243521562594311
0.56344528089221713
0.58680203101344042
0.96178416658892019
0.72255562482102598
0.60528000485110001
0.77381957836143933
0.90863138167987456
0.95722858813208089
0.54229863143417534
0.51672572906221503
0.59786740343181366
0.70655487632632186
0.63993127782692749
0.97904084540609593
0.85630034191986115
0.84721726168810996
0.90909346851166051
0.65855872164579743
0.96493168975449339
0.91201841182643639
0.66830022998611871
0.79176527385653561
1.0717269945315184
0.75819054596449809
0.71117064707492239
0.86142470259627335
0.60476459064887989
0.82588273435030446
0.70158067979439487
0.71270405319734775
0.82945219788738278
0.69042468534826051
0.65299043636315934
0.92336831455220458
0.91604039887775734
0.6484180987193735
0.98852520059918125
0.88058939664213676
0.50127341819372462
0.55924053252321104
0.69999475483326723
0.51155379254898925
0.84195648201585915
0.70236049550218149
0.60685391635610375
0.67182176382750525
0.89954311456602332
0.67320396371278945
0.67742490471098427
0.4452144781552414
0.81606624843827325
0.84996891627326776
0.75653310276854013
0.86998506480796467
0.75331277269578256
1.017304481464943
1.0807472416526465
0.97154095398256057
0.79116745609573702
0.76935671042625919
0.9640678360525492
0.56782665540374921
0.73761476958908645
1.012774784019183
0.74144019635141112
1.0169469946654088
0.94858396907422959
0.90303117110520137
1.0942570494052226
0.83273244506273647
1.0734434843434641
0.9172946535247033
0.86653956213942851
1.2206228598136863
0.75174495421037546
0.88066168366125364
0.67865412245732892
0.68451326596240547
1.3252990209641122
0.73092392828525421
0.51663069938747896
0.30992831794416309
0.78154068647175068
0.98612699389673764
0.83153670537410251
0.72937916427242488
0.9129534163514218
0.94943826238823614
0.77593892562486222
0.98489468882930054
0.82808412730401759
0.66773069641857086
1.0587391867849902
0.87682552791848767
1.0858866589695417
1.1453977603397716
0.95554432284217738
0.92953424124543993
0.74629217485706456
0.98688884158413881
0.7256574603704673
0.93302590834103905
1.077017892189897
0.8668937525682272
1.1711747256601375
0.92379857029422485
0.89480427693551179
0.6651223614938403
0.79278377755380214
0.97452840243823158
0.58624234957097143
1.0109294984130621
0.84584213927186824
0.87054632720819625
0.77231164096991434
0.88721878555068734
0.86882028317474813
0.9801383749899516
0.90840963916977535
0.88027833958877155
0.88057874033118178
0.92680449525189579
0.86294010434974544
0.95025430459134419
0.81497088955267283
1.0921796269159556
0.96525098328721959
0.74856627937588494
0.89429362439549476
0.97893406696274288
1.2369510093611309
0.93867386279099319
1.1692334440196825
0.91505158725225011
0.98978584926343127
0.92674397992796087
0.90718820004098866
0.81271154937926282
0.96119718637725327
0.62724972885677721
0.63510818912950984
1.201315899781733
0.94019932177824994
1.1577077656305905
0.62555103365036213
0.69739831833107624
0.83011812582638089
0.92660479214391545
1.1588421430436493
1.1184213982391289
0.92713261895332333
1.1559548059315818
1.0879528347125897
1.4991423645583535
0.69518002322170525
