-0.94264515630515355
-1.2710460299857074
-1.0418116622098863
-0.70021401811144923
-1.0725779970301035
-0.94668782268823615
-0.84367023785668505
-0.90004872183857876
-0.82951887991034634
-1.1988093872111572
-1.2241533585114601
-0.86244131902490628
-0.89585170128963121
-0.95870377965064546
-0.93486861557142054
-1.0284361094287005
-1.1578848211655717
-1.189885627981806
-0.72628675600239723
-0.71666085134212143
-1.155142945359821
-0.85316957017806094
-1.0231025328510883
-1.0184435864126249
-0.79363656977475083
-1.048008767166827
-1.1062883663233514
-0.9541438713195689
-1.1348562232114685
-0.62959716482875938
-0.7575024980649494
-1.1486289141180304
-1.0405907098224969
-1.0364635136053708
-0.74489528365744284
-0.76272769863606105
-0.98347225856681419
-0.88082722037314465
-0.6794513951748159
-0.7942336594066256
-1.0078545519913178
-0.85665005718844267
-0.75537930676026777
-0.94234648190833259
-1.1649763326569353
-1.2883823867492399
-0.97603287492062363
-0.74473838695710348
-0.47255369457389695
-0.94193424770159462
-0.77503655922965375
-1.0006105616545293
-0.62663029232980738
-1.0179332563726755
-1.0861984214684539
-0.94531867773828737
-0.97345250219106816
-1.1298111826349189
-0.78918546937534129
-0.63756561512055043
-1.0297698080192321
-0.60419209864135315
-0.81641788609748578
-1.0303264658825835
-0.83087762313446134
-1.3697061582443639
-1.0105545494023838
-0.82466159259896199
-0.36571977697988695
-0.78123582527449131
-0.85973498222965761
-0.69386113691472928
-1.0004883332007444
-1.0324333068024996
-0.82136657938382918
-0.72500325522275577
-0.58399161760536655
-1.0109902061874472
-0.73682100716354604
-0.81965020788645226
-0.87951237002865668
-0.70728559830149884
-0.78467428768553382
-1.0485064765834755
-0.93816056062448383
-0.74329007552364224
-0.81672534081907966
-0.81861966969376809
-0.54594520089176601
-0.78553283069662705
-0.83173104404082787
-0.72192884007012481
-0.96003992770713886
-0.80751887411312706
-1.0165825058415177
-0.88079519407818918
-0.45627000680227719
-0.89159671273261731
-0.99391020474406733
-0.50649243547973455
-0.60502633305533171
-0.60773677892795952
-1.0612541953381078
-0.60182300345859652
-0.70658205667718477
-0.95936230320835769
-0.63646719653584127
-0.95486972339973097
-0.72704507125695128
-0.76101440399457465
-1.0880433318677716
-1.3083878923162626
-0.78459771822744317
-0.56003160264313001
-0.74169577223424232
-0.84700273471740173
-0.93659740509645673
-0.63604510574321138
-0.57277906675474743
-0.75174290204005667
-0.63650935904956463
-0.71061771309475485
-0.72556343535240519
-0.46744279478239731
-0.74327893596353245
-0.51283027114915591
-0.62300375424127807
-0.5304072424351941
-0.54108833059148731
-0.65377442246404927
-0.8127888550168636
-0.82986464192777443
-0.5358078813572511
-0.67126306185802964
-0.71429748762611034
-0.67582617179552451
-0.87238895031782737
-0.33580280841967747
-0.4935932269373311
-0.7306227635911634
-0.79971230973194307
-0.93713776168687557
-0.63433954361659639
-0.68805058576005007
-0.74483148128979249
-0.70269876553274047
-0.61987525764003182
-0.55665117019567001
-0.99584403552407141
-0.73001534093142895
-0.57604628591351781
-0.73842536134056236
-0.57134076418927116
-1.0021084326053369
-0.870761491377812
-0.77752072803164662
-0.77663500938946661
-0.66887130305288389
-0.98443190369643685
-0.63462069496031004
-0.65853168443136334
-0.34950386551472401
-0.64413272055938608
-0.7060737111290285
-0.79477494746919886
-0.89532604893774992
-0.64315137906680508
-0.61384829820274034
-0.97246765755021514
-0.70971144974991263
-0.6023089957815112
-0.57093654467801302
-0.38972440034538325
-0.78954615961413654
-0.64969999850269222
-0.71243570955080981
-0.69642698804772807
-0.52108898828342498
-0.6356149418698539
-0.77487518453884852
-0.45718950403008934
-0.76190321717851073
-0.43635188760421711
-0.61708520730782168
-0.32240952356648117
-0.62497904572471863
-0.47283647434317916
-0.87481615772682464
-0.95405753610549526
-0.65055539109132909
-0.76935882855193316
-0.73610470985367382
-0.83361617379784958
-0.47827184825770036
-0.75791867411625835
-0.70810143660651592
-0.50327199122216526
-0.63241540324115919
-0.83881394986589397
-0.7862069299181571
-0.65891759071993405
-0.33304931797248388
-0.57619809693472313
-0.37373531257789333
-0.63038153063135804
-1.0018199291963688
-0.48216798349178874
-0.69993553657740792
-0.67250978759779434
-0.46639196171141573
-0.84596929503843177
-0.65016642889362464
-0.58327301441554902
-0.35736581939165191
-0.43083366825787001
-0.39774623716661772
-0.77658998536649637
-0.57457571995569845
-0.61258463807137253
-0.49902694622399235
-0.3774097042840957
-0.5990725757074099
-0.55701765835150041
-0.40159521654009184
-0.77110349781443743
-0.73956488207141979
-0.787146731399749
-0.39993049475452552
-0.23871838510448937
-0.55927810628691832
-0.31918756931001496
-0.62246956236768991
-0.44666903952179543
-0.41563800409774065
-0.32567891190522336
-0.57127841935263779
-0.38372710611602362
-0.7076040441751138
-0.82849792412350198
-0.42426764154607183
-0.40163978650344323
-0.83366691662407821
-0.54087090620032108
-0.15986022428921251
-0.56933926753121888
-0.44426134029189129
-0.61295157707920067
-0.414876395458117
-0.1462480951633065
-0.60648292432223305
-0.34750729117638096
-0.62789674506288173
-0.45738571985822724
-0.78115295417092667
-0.39478182096186976
-0.4694380039976993
-0.40674816438894484
-0.37635335574045214
-0.25875579959415546
-0.40724543589483797
-0.63983359993375277
-0.64624392691291255
-0.357065941318432
-0.5943820336608181
-0.471421449184103
-0.7778125841295207
-0.16831553817895056
-0.52476031960496738
-0.42402712283877286
-0.26133406056214192
-0.34519481682553804
-0.4825443200915247
-0.67332645664556212
-0.52557478062627205
-0.47502789095676901
-0.26716820117468487
-0.28994611329058118
-0.55786835903895926
-0.36094606882562685
-0.1842712544823159
-0.11193587839848873
-0.29872675425345763
-0.47368202082354788
-0.39093407604384833
-0.6200825433786944
-0.44836479676657559
-0.39161264288383513
-0.61347159213941738
-0.52330561094971006
-0.40161377529151704
-0.56849560092920315
-0.38944524475588888
-0.68084912660541785
-0.56015644974465151
-0.5054714896423218
-0.56735701573091446
-0.52281563488227156
-0.32280031109771645
-0.62720388068658617
-0.20794282086477556
-0.53880184408859277
-0.25039298242421199
-0.68444197302116272
-0.50150684134021795
-0.36695758491862152
-0.60208924465856362
-0.6150413083648073
-0.23111847046014816
-0.45931486206413602
-0.41463081532934565
-0.55727825054804803
-0.39751973643993593
-0.32202371420675091
0.011300456114390055
-0.17863724370395126
-0.71963872616229174
-0.48528643493392565
-0.53548877346501822
-0.11675222177629808
-0.39027852917513089
-0.1447826348280179
-0.26997531655843182
-0.15758905737498852
-0.37205169378792935
0.086315774059050887
-0.33300130184860033
-0.29095010271047617
-0.32717753406719324
-0.3760805845767487
-0.69610098297916723
-0.4107777819671789
-0.26057751933394208
-0.2556436581739156
-0.55651974122567716
-0.41457320865112246
-0.42422982295066969
-0.51062922833001556
-0.50853111223621095
-0.10604290674685157
-0.29865742814508561
-0.17603381760216455
-0.33037324176856037
-0.50764466340999104
-0.36284932608846832
-0.3567385990465643
-0.11408108688125158
-0.36742194811469298
-0.1767937324560607
0.13492433722686875
-0.20761383269315925
-0.25812411212965147
-0.19259710210170067
-0.19504555691773556
-0.24147661102255608
-0.43227429415765234
0.20582110518321381
-0.50121479081996256
-0.058263929017073224
-0.089917089142490844
-0.45113495058107783
-0.2785681369348601
-0.39278692592206893
-0.46841655156940865
-0.23975416543735234
-0.12091424631472687
-0.11826694073965825
-0.29095653729827081
-0.42513005796615877
-0.024894813201895193
-0.3840984282592711
-0.058409296683944047
-0.16187345356027549
-0.087233068659567772
-0.24738254979892135
-0.35947697974731951
-0.49732029657083732
-0.28432388982696744
-0.56162137096883324
-0.38621114000489287
-0.48084924172848098
-0.22328527880435545
-0.61471174726417444
0.050976672245038289
-0.60048664943874774
-0.41652837964813583
-0.216913735299442
-0.17111345142980972
-0.093165476160141508
-0.18687193256796888
-0.20786099532393496
-0.16668084226637134
-0.41220857962431201
0.03881769507076762
-0.028640229417919931
-0.041082535125373083
-0.13711138311658466
-0.078963289029294531
-0.0099079716940119918
-0.24788431055089896
-0.106379477659895
-0.14590891874647272
-0.35888585522039279
0.030054144037956511
-0.10916492115522823
-0.30950811724933802
-0.24884612074615833
-0.14538211533319428
-0.070082162794061625
0.40488892578119529
-0.58344355106788992
-0.11991874145931115
-0.44754832131187955
-0.18392451691172709
-0.13999759394378056
-0.0055891993422839724
-0.069855742595421641
-0.18781406772922063
-0.35385194036829926
-0.17332902632023472
-0.14364855612476896
-0.20011495967507337
-0.1554455455528756
-0.13437270010421495
-0.2323014626758956
-0.16631672053964569
-0.48386149545209534
-0.017416857745457755
0.26481298138283932
-0.0081858248907781695
-0.32804793487654649
-0.20704628930984639
0.075115722305301794
-0.23944800050534865
-0.046905819579620561
-0.29594591237899764
-0.1198178775533094
-0.20200195411169447
-0.20536879217368123
0.098424442253162492
-0.38566593033071067
-0.21379587041164311
-0.21750973845737742
-0.27398069531710528
-0.003817474437809356
-0.21533898189466524
-0.26120391268403209
-0.32907103724934433
-0.20941558196833873
-0.29579038608465519
-0.15678952842554847
-0.40588721190969768
-0.095368582287654574
-0.14772448965208371
-0.26697895245004583
-0.17667185415859779
-0.12268918296090163
0.032536337173752893
-0.30598162267049939
-0.014624351711345825
0.31745963083606793
-0.42076903679484573
0.17165416188872834
-0.2071700626282432
-0.36039228336595003
-0.23147845676961565
0.056018263187281959
-0.14765714338500904
-0.34986426670812643
-0.08105195913924651
-0.19039007136963171
-0.19839414793874646
-0.038826734413402113
-0.17853024693596894
-0.13612286678554894
0.21688624964803563
-0.11499703839832136
-0.035472199863381911
-0.33507506189775038
-0.11100538360676035
0.06559990291565132
-0.30005995304572924
0.27958744171899047
-0.062443240669413563
-0.29474552306242124
0.23876930163900822
0.092561854036476071
-0.10753697925053678
0.33221476572703301
-0.090963537124235078
-0.1559272850058056
-0.15950138719665333
-0.13339838143074653
0.02845959041303852
0.10718845685113024
0.06783950311907494
0.030785387910929961
-0.37074610718175344
0.068455311649034942
-0.040944530299756407
0.16847283255399947
0.19556882040522433
0.027556041348875911
-0.053756337110819154
-0.028384495413302648
-0.09622983048807196
-0.30284890367266504
0.044040757747001863
0.32030527012516474
-0.048352323485668196
-0.02219385149109156
-0.14416668622620837
0.23655178666764623
-0.20652078288453887
0.15694940176488345
0.23995172578923102
-0.10101810336427225
-0.051539938767018699
0.070076532049434065
-0.032013886391467024
0.082329788576458326
0.28529039881480678
-0.06372251062873921
0.1222404684360561
0.15883777537426794
0.20310534443833753
0.27708330607379184
0.31070037293457275
-0.006209305413324223
-0.027633118865736772
0.15782081313940793
0.078730905728036843
-0.20122569363315665
0.26721497592987004
-0.11398602509367953
0.24203584452216639
-0.15436848810172621
-0.037400648483942804
0.021836473651295193
0.2192092814237038
-0.0024554620632433609
0.04886224097159006
0.065358923898148721
-0.24040923944872794
0.019631993336853903
0.19162034086732332
-0.18503529271026631
0.20678783996072972
0.085390586531610149
0.30334008387436751
0.49363748777578442
-0.11138696989324985
0.54011272482590411
0.24085644239842155
-0.017204023848083463
0.35407949602523231
0.21123744095539004
0.076776330458863562
0.069266687381488029
0.10505246959488131
0.28356210785403324
0.10878143878237433
-0.079928990768741048
0.01670358866052905
0.3134926634363806
-0.028359157246398346
-0.11331669345359416
0.18583567249931743
0.21465096015990034
0.22086683088966982
0.13387741880486353
0.18620651379780587
0.10410431511542144
-0.025247539508123664
0.14637275160012883
-0.056135183922606066
0.23286613106538781
-0.096921365172726259
0.29497967743057191
0.17501791172465411
0.11466388742160831
0.10349237915585822
0.27551674697415868
0.091654503576328275
0.20164683660428631
0.0049829497884305114
0.33601223375227518
0.073023516171266623
0.64949298637483543
0.30946670847911584
-0.062176519569207292
0.13767836590979299
0.15276653367000606
-0.07425546705906412
0.359416423749361
-0.0068916383055339136
0.14388951770509553
0.30764304588877106
0.060886692230471891
0.23242009496871008
0.43854041823132345
0.074716366683554691
0.008735894396852819
0.031427934701098281
0.17526925911969723
0.39122982746773693
0.29244411685714766
0.49691901442306546
0.39080199804001464
0.10541136322619986
0.13520374396357138
0.068548036024746545
0.44411534718587498
0.065154263697439915
0.15645289000428395
0.21505092404953541
0.20593576921783527
0.46879131385204559
0.32260408884377945
0.20111064259803363
0.2552955865592893
0.51497246540927777
0.39693716074090363
0.18333298948322516
0.37531994788447165
-0.01187908439856528
0.33505736731146957
0.16797230018167345
0.35244706298173584
0.48180556901074639
0.34975543728220748
0.51572104480931213
0.23784540939402854
0.064354476688894602
0.53479023747947985
0.28424850150548053
0.34167767792404613
0.11999653039067414
0.21703848726076011
0.63339572103631059
0.38867719660993738
0.19480187723276643
0.22773300230993207
0.084318155741408857
0.5161597794235977
0.38908450874154332
0.43853565449177268
0.45325137349151523
0.21275222953021253
0.42116021936783166
0.5382036161204653
0.58082998005572728
0.50202377565518608
0.27224522268887552
0.58465984643088154
0.16887586992843662
0.17442051704472189
0.42814937431693839
0.42136621238191369
0.32583733892428252
0.29540218841986315
-0.010196421998458353
0.38026363666020374
-0.011901167661248588
0.16302443227419752
0.4625800584317028
0.52619656337355647
0.5216447737515586
0.28813322740400532
0.26776723167886379
0.42644179504585433
0.098579521155419639
0.18905553739221853
0.44802899401682572
0.24082781168165038
0.45586330846582318
0.25678398686456716
0.37571512263881413
0.44273514446825879
0.36963978254802721
0.16952086937054892
0.45402614372194777
0.27489417008160461
0.2239342445235589
0.38716558640374976
0.18470599046078084
0.46735641016100493
0.31952084106550988
0.39373540186506156
0.58052552380668465
0.47143087673458656
0.16143601074306849
0.33542444518937348
0.53591135254498057
0.31960433177330272
0.10354667492459467
0.64012179316808382
0.18470111177966189
0.3966759762219953
0.46388292152956101
0.51002047210219936
0.36167592042704466
0.54800758232597635
0.70405501779129365
0.36873583574522056
0.23541521388185024
0.20861631179199394
0.67406940202379428
0.399666682095559
0.25663804592000955
0.42475339489315012
0.85576800991643043
0.34133230676005077
0.75621467368962869
0.48598094182411361
0.59784482589167298
0.29937483439624057
0.51185535984602937
-0.082769223048806337
0.52908576431811705
0.3939459935322166
0.34912143181114053
0.38432145235577847
0.55106570229056373
0.46985277774054574
0.40993330325253635
0.16594791673991371
0.75211350122374709
0.47266898047307521
0.36458842646954204
0.56750364774049322
0.59486897973400532
0.24552782031097764
0.36333759660246379
0.49909282220513984
0.63563602273137354
0.2082573640300121
0.11876814992651322
0.8126828231248282
0.53906937948257894
0.89682647007250926
0.43146722115801972
0.30025622767462562
0.26189589915196032
0.53402715125460898
0.44859801151408596
0.69188402217842038
0.85733208693064
0.91403549785878913
0.73591762369616109
0.41090397739065138
0.60569764291694872
0.62933621000123607
0.4750805412369481
0.81423268611041122
0.44473546962431543
0.64752647022274901
0.94844604146007538
0.45203919941489556
0.26498242467799576
0.77585436466972502
0.3027995315726007
0.53301840975606996
0.095885875732671821
0.55129191458216631
0.75431605285893577
0.58062704113124342
0.61089424131779413
0.63256116743407353
0.57968751479121472
0.62183757345965485
0.74901140408213451
0.45059622010822648
0.47624944750441761
0.57149038287750098
0.43231235129749357
0.57742181357368905
0.4817968596645511
0.89392897968799778
0.59987296173143112
0.4505767801733318
0.4432617195472961
0.48205014035689586
0.6392371763617376
0.5478325327953063
0.89531289875596631
0.38741036024962305
0.49018116369743664
0.53083842217315003
0.36309549452560475
0.2870376323717776
0.44045164562016431
0.40465358348886477
0.3574196784481164
0.79474755199018543
0.67887485639371759
0.61756149717166453
0.67165917234120875
0.81383621236244441
0.38628648988560066
0.51850315943691838
0.227244995609544
0.46654973465862098
0.74789123258596846
0.53383524290756257
0.564167444105801
0.78828962274564096
0.57132043246618669
1.0186287116577926
0.50053915917518166
0.54763454981611659
0.70648902367940669
0.48334872956286334
0.64861268115223358
0.55718710959020135
0.88935303586082437
0.56180823457158524
0.63477754151004662
0.57795049101780882
0.86171375627318791
0.66289377748149159
0.75969753506878679
0.29844934335329304
0.68788551672280296
0.80321384604292878
0.29012590874617306
1.0314058325155691
0.45622520503178232
1.0988815332832682
0.51104738082084733
0.62989619636529948
0.86637091696428159
0.66121559399693841
0.78608285888163887
0.60368914778882177
0.92415821485291649
0.83657875525007053
0.61287531451786792
0.9005608281762717
0.92495839590497719
0.72899255306924682
0.54466464110933277
0.79030950023434787
0.51747504424908541
0.62410430753401669
0.65407385543827501
0.6441009325904179
0.52705494959912624
0.38760679501635281
0.66435156168523846
0.61535937242413474
1.0560435630584053
0.78543177665993924
0.4160147204709928
0.53893771113945088
0.68300097399716053
1.1337000863332385
0.63807049259655124
0.77338130781068004
0.70960695942141006
0.73167681806400475
0.82741757059087762
0.54958696774294635
0.77903100455380725
0.69894200893436698
0.7639281756238081
0.69372507159794383
0.97351210227538032
0.49603837794145722
0.91888017875615868
0.31812422135205154
0.60892934617069627
0.768695500863665
0.86946799926377472
0.44926542581052487
0.77972789716317037
0.67218770402321093
0.81789465768102521
0.668073325739861
0.89817925142404798
0.78100923522815502
0.64021610107483873
0.83085804725953805
0.83413399614478834
1.0502566562794955
0.64685980578832447
0.54829668438056101
0.45127061187320838
0.77249263000643753
0.83053993225091216
0.63168522838479624
0.62312807337278531
0.95203200228940676
1.0326479353614835
0.69851782884739744
1.0085660798107103
0.91022350169275967
0.97932670779103437
1.1054588071119986
0.5815751473312486
0.81840802422893422
0.86229561460827753
0.48150906089800444
0.89984671547792294
0.8362968351525949
0.52840951685522575
1.001668524707479
1.0078398910123254
0.76473296624292209
0.95045850512020957
1.0773663509644897
1.0594622314701005
0.79491705521737144
0.91298914478137116
0.9743726731557395
0.92086342145265654
0.55125778678858206
0.92666003409934239
0.75513252746774184
0.75483771456551096
0.89958435859355024
0.82771528475292289
0.994666504883292
1.0094117975152315
0.80549128621238986
0.77010237752594835
1.1561097853821471
0.73738876656839447
0.93482526489549334
0.6730598814774994
0.65508238976126276
0.84432182169780645
0.91207504754672797
1.2529313902658525
1.1482983186319571
0.96061557298780553
0.86199796714447741
0.60272229866897342
1.0098455249854759
0.97222464411257636
0.90114281724217238
1.057788877778886
0.75564490727128242
0.93973008492916865
1.2019142187835277
0.96123396067987288
0.85579521831014027
0.66067706230534229
0.49786309721204625
0.67221775352501301
0.72086854615961637
0.84159032414108892
0.59604749091529385
0.68858579410286402
0.98203624064813821
1.0756835844682782
0.73081525754755594
1.1728774685773546
0.97433604445450805
0.7605930092906249
0.85667028934391309
0.8815636687484244
0.74483178168897146
0.54306494623636559
0.82516134256552498
0.99668964453910169
0.91625382955622681
0.55338597848379101
0.84949253745582776
0.97624882754762854
0.85806513866185963
0.86327964485559072
0.90626090102263224
0.96364724385160971
1.2346734124065657
0.81015858897422355
1.4132452587374336
0.74272808890888264
0.94608605591414918
1.1090204741118703
0.73135819212031672
0.88794189524381018
0.98525620526819579
1.0668371126010985
0.75493646189918318
1.0457713161998607
0.86507030213705904
0.99743318386624213
0.71847541308994423
1.2721432234590171
1.029805469487701
1.3155229883038302
1.338142215041966
0.88935104594018144
1.0479708420872693
0.81387145044911968
0.96981624980865888
1.2004588708526385
1.0584378743305836
1.3205135909409853
1.0307344418856701
