-0.92993832385681863
-1.2593287420320098
-1.0322755741657648
-0.70259118253695552
-1.0965875510914123
-0.94434883981504847
-0.83903014195393555
-0.89652096586001329
-0.81738136356159696
-1.2083558122265645
-1.2340830119830566
-0.85760367726789011
-0.89757755618082946
-0.95700374939636501
-0.94382406999781066
-1.0513790488301993
-1.1653612192902478
-1.2045034791040119
-0.73118599636105364
-0.70205282834644167
-1.155049288340489
-0.83924083199859667
-1.0327935498205258
-1.0047600413987885
-0.80641517907941029
-1.0538907312285923
-1.0969555275027074
-0.95362591022890153
-1.1101599051168594
-0.63182967260838563
-0.75128643475015933
-1.1400138856502642
-1.0510721443866033
-0.99876309831708088
-0.75647905355890521
-0.76021050991926031
-0.98720623563102183
-0.85651175428018722
-0.67844057570666605
-0.80073990674793682
-1.0175924717099798
-0.89055325970943244
-0.77893332148886862
-0.94429706269745273
-1.1683260787064145
-1.2792667972281759
-0.97609323093272471
-0.75534888762321206
-0.458994239087328
-0.92131576006753479
-0.74453678187122607
-0.99915865971567586
-0.62384961887811352
-1.0152501560854652
-1.0703237011462947
-0.94404396251488554
-0.94756616498546398
-1.1396391628739078
-0.80114079993697918
-0.65091735257427386
-1.0053099334640043
-0.61184570823037343
-0.80100698215823429
-1.0194333028152878
-0.82609935860974792
-1.375601266583151
-1.0321742341525195
-0.81357190919022138
-0.35630856759736002
-0.75112674671275281
-0.83691187683895418
-0.69274856181078837
-1.0229972464359347
-1.057208457581392
-0.80583352959474186
-0.70056433062509627
-0.59065437357159301
-1.0201558111589604
-0.71987695543517871
-0.80787456534851931
-0.87443714576455356
-0.69861792754181706
-0.79329613383662634
-1.0561687354025595
-0.96463586113794175
-0.72220522280547605
-0.8207724491144629
-0.82387561119499242
-0.57867773420589841
-0.78937260783843211
-0.82637643823689877
-0.7116695470220239
-0.9859107372805298
-0.79782810948370797
-1.0220769123917497
-0.85867826642638601
-0.43326163909370558
-0.87990337712882061
-1.001486472119927
-0.50625889614072928
-0.60371120809490675
-0.61308101096338419
-1.0860521625201025
-0.63275830461893223
-0.68653998394660598
-0.94313487182073463
-0.65173288106806471
-0.96340627972126236
-0.72891325212137448
-0.75506972710090148
-1.1203042821370071
-1.3046361728460301
-0.78136041203495155
-0.57575798510643095
-0.73179160146003663
-0.84958779246171567
-0.93036991527778068
-0.64979670072748297
-0.53082761628803499
-0.76775196610135277
-0.61626530880972386
-0.72796020750952217
-0.72468693817717966
-0.47066839270820432
-0.72887439589543945
-0.50609985897263321
-0.63162993664619727
-0.54224695954952462
-0.58718867110224726
-0.64875676271299954
-0.81659165012917945
-0.85177054092779703
-0.54263001822872459
-0.67311812550069716
-0.72063129905785817
-0.65710407667761395
-0.88160204529062203
-0.35305251988592556
-0.46728726735996967
-0.70489715046213763
-0.81703702890914143
-0.95481187176653337
-0.63155657260080988
-0.700144918239613
-0.76158198614263206
-0.70810738971675746
-0.63043552948143255
-0.57577793379636932
-0.97272321541120843
-0.74333974565610417
-0.5880198113012195
-0.73851112444434253
-0.60751229843479526
-1.0047162350135765
-0.85671558847725626
-0.76856220514939744
-0.77706921085988401
-0.6608920062288306
-0.97997984350129341
-0.62605439199179569
-0.62342195665831845
-0.35006477166026878
-0.64468754378665938
-0.6959691710862943
-0.79332381862898349
-0.92675207669383253
-0.64414113999751266
-0.61734694497564624
-1.0008084038094862
-0.71260842649072176
-0.60747001244741805
-0.57268487750072061
-0.3961186852951431
-0.78532131060395149
-0.65160787949537902
-0.7106250498691653
-0.70698264960593737
-0.5059845563489368
-0.61401125825505298
-0.7681159532744356
-0.46057007408956036
-0.77310993388102944
-0.44952703452950343
-0.61949344139212725
-0.31831459781998162
-0.61328745628574366
-0.46389438648891274
-0.89434302240893437
-0.94261143456305552
-0.65913893978650473
-0.74500349133046428
-0.71907965361107395
-0.82468962956052982
-0.48609631481555904
-0.77633815205837864
-0.7177277633912994
-0.52654092236164096
-0.62556957771457045
-0.82853072277895767
-0.77228976943830641
-0.63513356595395687
-0.34159830002986741
-0.58719100505950739
-0.33494720782745979
-0.63178993986917198
-1.0045495496092398
-0.46667585826808428
-0.66975167006099678
-0.67815661347819134
-0.4666786127556844
-0.84818158399371979
-0.66656426130124957
-0.58682622329593581
-0.33971833104867633
-0.42397151365278368
-0.40273758479916522
-0.77464534884687353
-0.57148784623191762
-0.60340568434976549
-0.46906819965903418
-0.38222297432219909
-0.58958307548260291
-0.55404281987739079
-0.38652253439822215
-0.7851179754083949
-0.72724075834162927
-0.78225903670408037
-0.40026297338043659
-0.25267378916257971
-0.55179950416071144
-0.3172680051958689
-0.62648602119141727
-0.45568004935146655
-0.41982782857716899
-0.33024435288793225
-0.57192015896308446
-0.40154929129124334
-0.6971767509083161
-0.81035851512289658
-0.43138068368782995
-0.39097924024414848
-0.8394733035002484
-0.55502110105105285
-0.15451488182505352
-0.56174728944966612
-0.43827423998530562
-0.59618647246764189
-0.42549495000218457
-0.14438724593823987
-0.6097797715144927
-0.34976751719079546
-0.62766003506230905
-0.44717966470387865
-0.77559878147326089
-0.43226351508840472
-0.48996732758498923
-0.39612436142027452
-0.35729505878724965
-0.25945826858136223
-0.40721323790611269
-0.6223434837209475
-0.65808786044413892
-0.35003146631298659
-0.59093100031508983
-0.4890582255468241
-0.77443614290895613
-0.1715588451629276
-0.52119620337331674
-0.44249353136542702
-0.26532311529857588
-0.34240291805198853
-0.48190771209551825
-0.69380578156286377
-0.52938545658573044
-0.48307132177815931
-0.26634788341984977
-0.26140639277142264
-0.57959082004056728
-0.36885705024857979
-0.17036346924585877
-0.12059671629898271
-0.2947672569808682
-0.44168916893350907
-0.39064055921065172
-0.6228596739268184
-0.43224916353832227
-0.38539509116992798
-0.63860460603762537
-0.49803799458030323
-0.3997631392658007
-0.59090114238961289
-0.38963670459500305
-0.68116037291935283
-0.57162546230800826
-0.50392819356728213
-0.56754185817093972
-0.54195626949471887
-0.32046682513860036
-0.61398238358684287
-0.20731941278095734
-0.53250082709229896
-0.24368153537065759
-0.69657798490674239
-0.4910332851549396
-0.3468068471046365
-0.60346808823642217
-0.58044009041352818
-0.24937262170456073
-0.46560222286599773
-0.40934961754140392
-0.55804078621810216
-0.40065991080029173
-0.30927505548893625
0.017321028221799033
-0.19327441471077475
-0.74505361342863985
-0.47968670751714032
-0.53683074145606913
-0.11045021748009071
-0.38177821953460089
-0.12707271385879379
-0.25185360279402502
-0.17422974152531207
-0.35420570389747952
0.089288728383780283
-0.33821050495816835
-0.28086107497558743
-0.32864211324468151
-0.38044987520309487
-0.7149767437425395
-0.40761228370728475
-0.24724706499261406
-0.24992466473138922
-0.54891726734376911
-0.40509864508200732
-0.43354501688793923
-0.50861947333277358
-0.47757705117642152
-0.092654736412809385
-0.30221816580448435
-0.13979474804176534
-0.35133300505175652
-0.4875551722066615
-0.34386079892655674
-0.33964667482732169
-0.12396546105112374
-0.39405834568045967
-0.18740704293668187
0.13714761467124092
-0.23254242797852409
-0.25736208579835657
-0.16771224371091917
-0.21740342695572779
-0.25343264403281296
-0.42167925012965307
0.18586012521358994
-0.52431197118155626
-0.065960364417471287
-0.096715349624817412
-0.44848879170785938
-0.30023318742166155
-0.3868612004035481
-0.50797622943841525
-0.26770409781254395
-0.12208687210082274
-0.1067879648567789
-0.31513025023003627
-0.43404257547584985
-0.031524952501478395
-0.37434946482287806
-0.022352035220620591
-0.16075632192782846
-0.071236529540969665
-0.25528032787378002
-0.32876845441501185
-0.4821628071372811
-0.30499158337418825
-0.56180464766971216
-0.37805845478150002
-0.50365043650711927
-0.22034710073529998
-0.61406444366281432
0.032922873607726798
-0.60574574065925879
-0.41220301085777444
-0.20382302467977878
-0.19415028045688229
-0.086708919636242429
-0.17758316225110535
-0.21280789772623776
-0.1822066694031991
-0.40657977486883906
0.046131877198421246
-0.0030192494246103624
-0.02881033252978615
-0.10058924309940664
-0.08150083870911401
-0.010333278398402885
-0.24244138383308123
-0.095584380876892736
-0.15057185288998295
-0.39486556884081425
0.04376065882540902
-0.11688887839087701
-0.2998519639808751
-0.25690235502923392
-0.13476463900156449
-0.069882543405168168
0.40870707142646967
-0.57692585109025663
-0.12195385044147546
-0.47076654737914592
-0.19196919630677742
-0.14684743045391097
0.0042613095820188424
-0.056627336724728763
-0.18610079404382482
-0.36003191799420947
-0.19916399589644171
-0.12208047755704124
-0.22477376668192245
-0.14381705644923115
-0.10997901742585392
-0.22537818885258715
-0.18694910827737987
-0.50277468589834629
-0.016397961358916469
0.28390164172961863
-0.020243349081492223
-0.32862563662204264
-0.20884120717254351
0.074739574722548094
-0.25395546568035227
-0.054070485171364278
-0.30528941035092566
-0.11929402372088004
-0.18512008836574098
-0.20220561932396233
0.066883794051581
-0.38769060866316007
-0.23341242989602293
-0.21990643517796776
-0.28250986826207442
-0.0031552738137641274
-0.23157390228357866
-0.28558556985235217
-0.34576992951816271
-0.21070732373180676
-0.27972679975293746
-0.15562991019507083
-0.39178859365962609
-0.10474100803149324
-0.13614352171847724
-0.25314404444235672
-0.19082250559412273
-0.14233673209390232
0.074219190806752405
-0.31001175047749591
-0.015367932484603577
0.32957957823621387
-0.4209256732817373
0.16382402473587163
-0.18817175418200535
-0.3625302480343659
-0.22238400404180353
0.055274623779140275
-0.16422710868887433
-0.34841942523171215
-0.094463069791382331
-0.19084233558253988
-0.18954035136975614
-0.042328057060857495
-0.16520442634304894
-0.14644163800549012
0.19587149249239347
-0.10123422543109729
-0.055101819267228812
-0.344782937229827
-0.1157399411828694
0.061144468544064697
-0.28837267496389146
0.27544862291592692
-0.095069135635944685
-0.28460103760787686
0.22307317417240993
0.093568654771274531
-0.082555033441552322
0.32867108926688432
-0.074846233998466155
-0.14334728153765749
-0.16264571079865828
-0.123719904589775
0.041365957050476299
0.11440488177612929
0.063940582767316775
0.0083741437705908348
-0.39626473485300751
0.05910788976166443
-0.012337158678355114
0.18804863220538828
0.2069368903057075
0.029588325328157219
-0.044861358256070953
-0.0014268998492391986
-0.079153626549278613
-0.3308822147076359
0.039025780054031949
0.32973904032339191
-0.036861354713209261
-0.043570591575007062
-0.13052883035226451
0.23678030043909504
-0.18341649966268125
0.14669562241678327
0.25874140905108933
-0.090031515323152511
-0.059067982282815304
0.048675559514893864
-0.072086593778730876
0.065202262555489568
0.27225396694869997
-0.061031195272843355
0.13788543027135433
0.15608673460073696
0.18740308733636604
0.28014616166119954
0.25476032224377154
-0.021091844657287712
-0.03409032199930058
0.16831403784360455
0.082353516678576447
-0.21674159274085975
0.29450018918791437
-0.10707735953083765
0.23567083724682372
-0.12952741576444174
-0.071504890734615412
0.038741818049343194
0.21553018222814105
-0.046705587469936125
0.033170357897296041
0.078522208365761889
-0.24344835999586015
0.033658574859156749
0.17441989150605086
-0.17194425827670806
0.18370393341426816
0.094112167151915241
0.29177042853990048
0.49206267938114706
-0.12061304371636718
0.55148404815015484
0.2373465567132631
-0.019946547251481792
0.36283930531170633
0.20065443046727832
0.069113697923962339
0.077617021759038604
0.096553304502607046
0.29759701571548602
0.10399024098978829
-0.090910291195555187
0.037590650133824142
0.29296915871945234
-0.014612446691014372
-0.14345650606676388
0.20185599174910543
0.21473305394528308
0.22399417230744223
0.13043660611980967
0.19845762118029006
0.094179443020503226
-0.02296300446093202
0.15042795001465184
-0.061716222917056654
0.25857668492627933
-0.081119003332521963
0.30346004320761899
0.18518921380610612
0.10672564670597101
0.08617792203309084
0.29803284273838432
0.093620864827155287
0.22096098073558101
0.014782920906994099
0.31961840268705105
0.085354100589541154
0.64366046636996466
0.32528613756981145
-0.058658474662470081
0.12320638696832444
0.17769902817135763
-0.075849451236133417
0.37261512302040234
-0.010237452966068013
0.14303241230981265
0.31884986430626017
0.06647771417994669
0.23831576479480476
0.41994964832145809
0.058917997950110622
0.010627821751627914
0.035849630227571941
0.15626197019024424
0.38603509333562813
0.28120198902988336
0.48599007628851643
0.38925508204500892
0.071300071089504286
0.143449455752994
0.07124176063919993
0.44317843107805432
0.074023336246277591
0.14231971271144547
0.23369638316884797
0.19832144989455244
0.47806456339976744
0.33028832832644511
0.18874846597505945
0.23928221644901601
0.52654987226030592
0.39638080978430212
0.17452516201373391
0.34539349768004346
-0.0072631427465126549
0.31786700711503024
0.16891063165990006
0.36195944128865315
0.45935405871056134
0.35875575845550456
0.51939550919667388
0.24509793426447762
0.069466905696087294
0.52357900553896064
0.27115350956885587
0.32884893024982614
0.10574847342388476
0.21103560870890947
0.64765833040235821
0.36423682549849157
0.19782988480994262
0.21773407366376996
0.055618895119833367
0.52086056974798145
0.39553374181587364
0.46014520944939491
0.44787595515055062
0.2016205530717653
0.40525134235979537
0.56028421463321354
0.57622802293037445
0.49105545692687869
0.28202227907659233
0.58081088002983838
0.175713662595743
0.17980877655201355
0.45227041495096154
0.41588058251018006
0.34189266910352917
0.27788367559962146
0.0024165075344134315
0.37035399922082796
-0.014162189644430596
0.14523577947043317
0.4513596255459657
0.51966963730927329
0.52037108599686233
0.33151531828449349
0.27599813555278896
0.41363610206067619
0.10745765829044561
0.18693856162512457
0.44320317292156824
0.23279983191773435
0.43149295081763572
0.25693718761647122
0.37910988793023365
0.41795059045973043
0.35818185757610194
0.16053288068786201
0.4473233775753036
0.30518263098690329
0.22324112640725752
0.3802664400752464
0.19090241695438792
0.42903468476541895
0.32928680312278896
0.39733999404587345
0.58639522056017368
0.45379544937893734
0.16223239513226942
0.34781769954674902
0.54840178941314421
0.32636657134458452
0.082550052647280575
0.64857659914189492
0.17101254447901965
0.42180612637177722
0.4804074231813642
0.50134171452644916
0.35426919826575815
0.55753538122530466
0.70254005541320297
0.36238637949842617
0.19760197295916568
0.20008500486481851
0.65949727131932623
0.38403595948216329
0.28184068335466667
0.4282601089519178
0.85814535693153882
0.34440271463148958
0.76659901942541309
0.46072905724981617
0.60306444319907881
0.29086326533602574
0.52751763613015923
-0.076944246595129967
0.51395333540323773
0.3775084564821013
0.34361753004296486
0.39114778003911826
0.54788349469977982
0.49637889077533032
0.41103853432087845
0.15034198149516462
0.73551515625513442
0.49163157979904404
0.37779832749471887
0.55800941267606485
0.59559989916361622
0.22590510377090081
0.36917558966369551
0.48346131062152109
0.64989366549974736
0.19152835574592325
0.13687374638136765
0.80518187241677941
0.57230328796427676
0.89035204806581847
0.43546929647296501
0.28662834627550138
0.26451958072147924
0.54462545959315367
0.45891746995829985
0.68656797035019468
0.88086926425655332
0.91575720702492192
0.74906820182931177
0.40260049727582575
0.60132976409521977
0.6449850775424617
0.48442408591508157
0.80749620555924395
0.4441798127666729
0.65286984484831112
0.93458258659129345
0.47758010956458796
0.25285239714249613
0.76257822597562352
0.30008412348754276
0.52946402436040929
0.081875430077256381
0.55293685386997082
0.73932676059357028
0.58148480758706267
0.61231427996361276
0.63796380133978947
0.59108026951155168
0.58772703500387868
0.76479047446650439
0.45778500603125238
0.4744323682330111
0.56158186995095594
0.43375692663014626
0.60882059320725745
0.46030458550196035
0.86776380640425865
0.58608994241137069
0.45338641438893446
0.43965754583336841
0.48145692717882438
0.6460648527780265
0.55527032817166933
0.89943568751183112
0.36487886951964627
0.5023442114641351
0.54917560093918927
0.37599345443907112
0.29119481620816068
0.453143631948766
0.39550259969139295
0.35046681211562691
0.77205527065347368
0.67600700498798705
0.63369941729085499
0.68179385227664413
0.81302104803645137
0.38529161249573762
0.52731749504039682
0.23316980954584096
0.47307955978462285
0.76101863286562144
0.50644551253363479
0.56080841027442452
0.78343072363364641
0.54802020002143126
1.0055099143700268
0.49066604411901754
0.54696861982465628
0.67713622334584211
0.45874611969994045
0.66046209959921398
0.53498426219063311
0.90180893142102536
0.56601972536300593
0.67398529867753099
0.58397253136919858
0.87125759686465676
0.6944404707349503
0.75331069423734642
0.28097187247906863
0.69767614484702234
0.82957864323631547
0.31739268958105321
1.0423868756047938
0.44154767591239269
1.0890108333370629
0.52858135244879323
0.63929221335117781
0.86149017940371175
0.6702275036059907
0.78933969796544268
0.60315866138049845
0.89008422945927668
0.83820901349203958
0.62695258458025771
0.92061083042717207
0.92678349878589317
0.74162476083532658
0.53186542418452942
0.77391095804714738
0.52704853209667413
0.60684822910649172
0.64698938267484252
0.65251241368326329
0.53846925114477373
0.37418532224528583
0.63842055664589537
0.63118468420730411
1.0180105768980552
0.78695265805642789
0.45571913618792442
0.53887628527887943
0.68446864494439863
1.1087656811526383
0.63289990895730275
0.7826789906148619
0.66878445819665966
0.70615619666027862
0.82637923857603324
0.51895656443662252
0.76002913649222026
0.71004449241602408
0.75181642030278684
0.72717571165980577
0.96902326686695495
0.47948541979697656
0.90923963262494834
0.31287255892664367
0.61454279344376883
0.77725140850515995
0.86976047593498573
0.45038443325297683
0.80094048560908038
0.66818544719399964
0.81224086470991896
0.65634813690496041
0.90037332626217259
0.77008780006035915
0.63679140396450939
0.82428239587971552
0.84700993296715832
1.0668904778002206
0.66527922469669631
0.55874395588492176
0.45227899808306626
0.75639195677788751
0.81818491825662587
0.66082580280676273
0.63960749818941887
0.94418872469523563
1.035928667202753
0.70116924748916143
0.99495194254397357
0.88599245397745674
0.98134173923921197
1.1437856910672022
0.58279651260308341
0.81016594237011952
0.84241676802438359
0.47561557133310434
0.90124001782616769
0.85377896025997158
0.54196181652386455
1.0114771170157373
1.0337887013144664
0.76848407706242017
0.93791383568927944
1.0733071097181401
1.0625130478465099
0.79074012165461438
0.90836938148619251
0.97420792954815416
0.90460783316598981
0.55694088814769571
0.92258802778886295
0.76866618960783062
0.76628193519774301
0.9135233564889792
0.81974818242555403
0.98271464947946086
1.011154740725517
0.80028744347088221
0.75489325676620878
1.1333215462500068
0.7252930199883294
0.92321457821843478
0.69813390290557009
0.64869688012948179
0.83217274694087806
0.8996944450228197
1.2598751866413207
1.1227799713995164
0.96187131167836926
0.85787149966336596
0.60029782778183494
0.99623535004314334
0.98215262049428032
0.88464095591638758
1.0551601731797313
0.74931479121757971
0.95759851436524113
1.1991480220294382
0.9392635626769571
0.85322321432182757
0.66229656091594846
0.48920792276585084
0.69259257369267535
0.73438540849036915
0.84555857475123819
0.57683189290771253
0.70105669213516275
0.98932315269721693
1.0890381769195459
0.72331721695297846
1.1641177767066173
0.98322136655893611
0.75972188818452013
0.88069326859506969
0.89979545423221075
0.73684634558589279
0.53762988844769288
0.83373240420133043
1.0301910352053292
0.89584137460446445
0.54918244787424098
0.86740281451358914
0.99342527272580117
0.84868506100644847
0.8647043433736894
0.92727687870304465
0.95697558366002589
1.2594174200997286
0.80338100901420673
1.419684567542099
0.74924570217684006
0.9652535095154231
1.090239193463961
0.7299611387421584
0.86454097563949495
0.99193242829363004
1.0697609685865437
0.74669754802331489
1.0199324755196879
0.86833733045324968
1.0061187082011067
0.73514717412558728
1.2627249472972675
1.026035447954742
1.3184605848251729
1.3079354300025661
0.89420305418477786
1.0344439729829831
0.82252075555090176
0.94548016939975921
1.1938577096262817
1.0338066399083914
1.3109496646473398
1.00075907496241
