-0.89872032525040446
-0.9866171671666002
-0.87271836484881582
-1.2640732197669151
-1.171387583835177
-1.2368772616361039
-0.94150487668754113
-0.75846990185706431
-1.1924646404252488
-1.1519810451768528
-0.99759766379345005
-0.8120830982136632
-0.96705641789932029
-0.9668196874712901
-1.1540105112113106
-1.1797246524806326
-1.1346582898877613
-1.0555860159501811
-1.0155605978179831
-0.97554924863188586
-0.80257391600586847
-0.80180053765412884
-0.70386490482224251
-0.86358081098444639
-1.1352841603346728
-1.0442869648189086
-0.8452785727647032
-0.91610575230665847
-0.87698006719260191
-0.62136313507973862
-0.87893501643300664
-0.94375011525147889
-0.82948431876561401
-0.96683556488721134
-0.68704403625240362
-0.85213474552099611
-0.65453663806862739
-0.92801862193364137
-0.85719697808605655
-0.88844222699893094
-0.82106498982553822
-0.76056955016011984
-0.77540329754041359
-1.0083669355631282
-0.59070689285619571
-0.92248846847758603
-0.63233415672846705
-0.93257175613571752
-0.81624046783489212
-1.1183494798717335
-0.67226981086379534
-0.82615848120653734
-0.94611444211470319
-0.62411267788813496
-0.99374114702509075
-0.7785295860530097
-1.0621537151765945
-1.0344302970264061
-0.73604362835860393
-0.92111730850779117
-0.71324696039210589
-0.64918772428294413
-0.79077270299069913
-1.1528363186628772
-1.0133600688958924
-0.75700887207799306
-0.76293543384348339
-0.68913917898690558
-0.79408332348694122
-0.8063493334593218
-0.75271387481005081
-0.64137472071186963
-0.9150100252999972
-0.6261259121411632
-0.67938476178694673
-0.85582022136966596
-0.82920952045393748
-0.80757483659365814
-0.87528095556729957
-1.2637779155157878
-0.65757831457902738
-0.53881883527342966
-1.1535612360731602
-0.81333507303653074
-0.87776705642032726
-0.57577884278024449
-0.64236972702415862
-0.72045203493416721
-0.74355125706129543
-0.53876282614337434
-0.6131732723353196
-0.81429418434020406
-0.96577375312819125
-0.50720920770675149
-1.0756290799576427
-0.90984218332095945
-0.73533037146901425
-0.95196140619861402
-1.0591802687620822
-0.76935179816318933
-0.83747597609376379
-0.80447071860589836
-0.50368706294258925
-0.93339489980701773
-0.75284402226876412
-0.68529332114903652
-1.0560952190772206
-0.77574441040377995
-0.54801765143484216
-0.5945481978003414
-1.0352229050197401
-0.7617441694258632
-0.82753023603319431
-0.68876153393331652
-0.69179180196003642
-0.54937431502707756
-0.83500239496743855
-0.90408511762769295
-0.84766776914933406
-0.98448410010285636
-0.93837763784560058
-1.1997972962332257
-0.47974442389986249
-0.91464153546666083
-0.41328738038168988
-0.57373661672473952
-0.83692413178132108
-0.47286822749351809
-0.86041974121588816
-0.64409821031534498
-0.79365105198366048
-0.3579636983560967
-0.61127011359535222
-0.53192670018422583
-1.0762107932037797
-1.020735191219855
-0.67007945617858
-0.89682256299351448
-0.97237163939898574
-0.70419483791768012
-0.90196859316891087
-0.85300093564565971
-0.87572453217180135
-0.43261873939943024
-0.88873518215388314
-0.6220898802825976
-0.70707161558993259
-0.80903722341924
-0.77893970252303524
-0.74067369995054555
-0.9676448851388656
-0.51505671357982863
-0.7602614917237287
-0.63279285148616049
-0.91231461846725281
-0.33991731461736058
-0.69749778319050904
-0.7271225169743698
-0.67123187511064786
-0.38579027908592423
-0.47627793653086486
-0.5274427542689416
-0.72286434257577503
-0.65484305109123309
-0.69899795971156298
-0.65003482872338492
-0.5636222702239978
-0.60086192062524113
-0.70291287964134352
-0.54051578255110766
-0.41168492230925974
-0.48349113107801611
-0.72013429507867366
-0.75306967518700929
-0.88613010890504618
-0.26820459140020203
-0.99915810531435123
-0.86668619694122584
-0.42527627354458847
-0.68503367832810969
-0.55995855896399194
-0.81279287845513204
-0.68480820149325505
-0.8156418095352429
-0.91418860828833914
-0.69367117183170213
-0.52923378595750203
-0.36982057050986933
-0.67024975595715164
-0.79590192354472611
-0.30895412309679049
-0.50527879487127636
-0.5913775009527924
-0.3496118853346486
-0.66898894837220024
-0.54076926101244949
-0.61056779112772985
-0.65828893385150855
-0.90270025147393418
-0.46284116393777375
-0.54013204508048474
-0.5907259683215853
-0.4265183737855906
-0.44486426807403862
-0.36084896048274256
-0.54814836277187551
-0.80050710369810285
-0.43775577455666015
-1.0069676723415459
-0.55309018423606715
-0.65607782174375096
-0.40674283228609359
-0.53795310894995041
-0.5845499417732164
-0.65354257117729664
-0.70005930226801549
-0.44132962650644164
-0.8820985788102087
-0.73186753762215151
-0.17378432920643205
-0.5398494178164055
-0.82141589802641535
-0.46699608049569724
-0.83955458885222622
-0.51704906355953351
-0.83309962845453545
-0.91143637289736079
-0.44039815377714681
-1.0019077667002394
-0.34224789852693499
-0.50935636691792596
-0.70166624545824641
-0.22414908305605322
-0.54616700633048021
-0.89025409729936533
-0.86177731094123977
-0.58408797467744344
-0.59267309784726929
-0.39737757986248451
-0.3571598747501572
-0.60345620033873204
-0.50412970163173176
-0.3744436811356332
-0.54142037821463518
-0.53545483321667908
-0.23646832932187659
-0.69683761090432284
-0.1880683265111231
-0.48663218583107315
-0.11185648188191299
-0.20446384265796883
-0.39054095721270671
-0.72544150931266871
-0.89229688613154534
-0.72046893475547513
-0.23415573174508986
-0.58835204499730775
-0.56729918272924229
-0.27377886230238185
-0.40803439020372978
-0.74296688611631634
-0.5222171926432817
-0.51779311748834411
-0.27684344980250608
-0.78944786718286253
-0.34587958195121571
-0.47222313695196372
-0.49405742205954661
-0.43925026709759823
-0.46459272148732172
-0.44938220999496076
-0.36702392283466806
-0.22875715243191141
-0.50658817582739191
-0.25355553161317784
-0.27503000784812326
-0.63597455484637644
-0.41475864650540312
-0.45796796497003606
-0.64075936209133733
-0.64131314058331701
-0.56640633835203091
-0.072707634056081077
-0.27693544478057514
-0.54193941239630861
-0.59483475219198501
-0.13828728948799279
-0.4554811060214532
-0.52666398166974959
-0.27996492561249398
-0.62312248321434749
-0.39150793869238665
-0.15428532973778369
-0.32023178027697313
-0.50303506144787213
-0.38221224742307008
-0.58633233388412742
-0.28713595828786975
-0.23910929097617872
-0.67075933593273407
-0.53524239913398286
-0.068269823879802308
-0.49914806655694344
-0.0785373969824774
-0.47618119171894674
-0.5610957685684862
-0.23373259513018582
-0.53863475046061571
-0.36554061805330323
-0.24089871471332161
-0.13704257214676133
-0.40198187214967779
-0.64347131352130615
-0.65721115185307033
-0.42011554026614972
-0.0073257377164358348
-0.075323012519717236
-0.10363502793672888
-0.63563967941814559
-0.42062764457085783
-0.69782700914349804
-0.16443886577526279
-0.57843742537109755
-0.18156564295433442
-0.23677674193643905
-0.36107343498717964
-0.48900188674051764
-0.48504553476438372
-0.070707953183532263
-0.39664699200048337
-0.32534298397868733
-0.38709769538626421
-0.21615743607096086
-0.39303556962208025
-0.30017133575064509
-0.64346394669138218
-0.41317192789422252
-0.023807563800820681
-0.19595775390833048
-0.46114731319494112
-0.062785832877746389
-0.26644953689209916
0.039701642955982393
-0.072987115072100567
-0.34104932860200776
-0.58706469423968566
-0.3112270336769547
-0.10318240135181148
-0.47250753894084874
-0.23401676170079222
-0.5242304939874266
-0.39030708005861137
-0.60082282686524346
-0.41665242664561009
-0.021883825503890203
-0.31232751380925095
-0.27174145460097016
-0.22111643772238093
-0.37539397207748049
-0.23244250382049023
-0.20787435999881723
-0.049141094626120457
-0.50683131682219029
-0.54054922961187712
-0.20248235985702387
-0.3034745436328109
-0.45888543380352692
-0.61431064007224812
-0.078182540131353048
-0.2774378704817374
-0.12995555672776907
-0.37906447486734496
-0.20461771358251982
-0.17637510252557934
-0.27029133643442604
-0.24384828005533415
-0.35625443495259324
-0.073906112974090152
-0.53091257772936362
-0.41109055877623035
-0.32510771169468017
-0.39505326777893696
-0.50543466433175988
-0.32643554744356501
-0.34422130441019461
-0.25877888538085048
-0.3258417045862122
-0.20683402340775944
-0.55383627786218381
-0.46414292373291827
0.17934198191606793
-0.061976587420206029
0.039784755705100421
-0.35385988694916631
0.0030863652865879801
-0.2135577663594263
-0.22157432458161039
-0.12431014287851637
-0.26022644902921699
-0.37104830007065365
-0.14548415544523893
-0.1512911936052429
-0.055728081353838416
-0.36776101786990462
-0.22185959211265305
0.19183755918566861
-0.3222901727367814
-0.076995655546682279
-0.42222348767217821
0.14785913342225127
-0.13429721501237951
-0.40011126543018771
-0.10794594462237422
-0.013631687721810941
-0.014869344690438333
-0.12102010767122708
-0.18796849834518939
-0.16037634901775788
-0.27747911074357939
-0.14232781609946105
-0.25399625753863858
0.21835318755710253
-0.19272833892462277
-0.17537654928729576
-0.053511863478279
0.20425399223400464
-0.069015433986020294
-0.32976380196060823
-0.16607318270946494
0.029372168568092577
-0.38921549818192758
-0.58945654167093064
-0.10488136457535514
0.15113644995931985
-0.53642377867570434
-0.24412172648103414
-0.23951076353573458
-0.10400383346977006
-0.32853365033907467
-0.29942328554086578
-0.30192075075422126
-0.29309039496901496
-0.23063133621861862
0.0052352784411301041
0.10857386603105164
-0.34618234408046283
-0.060696363672306679
-0.25688149582194414
0.036723793440316489
-0.24251990720348746
-0.24049707716117394
-0.19067463666776335
-0.27458382485398647
0.4489574600987794
-0.16402156107957883
-0.30457778040329236
0.0020580406341731516
-0.21003981843108138
0.12322201772951771
0.016971138306039156
-0.01743638338284997
-0.15007507464565278
-0.086990890477268684
0.05286887017665174
-0.19613411538728731
-0.037321479786104853
-0.26559191062760545
0.21309140530503207
-0.055072512215337585
-0.20253221795868304
-0.10225561488790592
0.03516580047295443
-0.074466773350000778
0.024252677854225486
-0.24862242366322979
-0.29121289905946429
-0.2868951949550399
-0.57272699599729693
0.1415187666918287
-0.073330201146383056
-0.18023903789875012
-0.10149889499896664
-0.17255502382245658
-0.093769135116310603
-0.13922913915787599
-0.13997664342592053
0.10426311895767641
-0.0027435775592814481
-0.37769964420997465
-0.53410217574876773
-0.02342815396387482
-0.27418586892211272
-0.25730271627427609
-0.03704383340579228
-0.033415826678232827
0.10934048033529682
-0.096690151748566266
-0.37506606746213439
0.096072448091363491
-0.39145073320899576
0.19764595531856258
-0.32430793347582249
-0.086978146951524879
-0.2136030015244347
-0.28511361648587025
0.1525431013247518
0.078775218116997281
0.046271519210416383
0.19164102184219495
0.083738393133144698
-0.079594016439846788
0.14321939031751807
0.18999983587908831
0.055042402527992466
-0.13335017641350899
0.16524782588727777
0.30091446543278361
0.34035932229969029
-0.019712836709656362
0.0062246320172740623
-0.13937386312582664
0.25400465312688508
0.011424158721062564
0.14506225322306918
-0.1470918969026101
-0.051796879177402486
0.22936159280051927
0.50359670613318941
-0.1241810324482281
-0.02390397216711182
-0.063780861352700211
0.27288062122634366
0.24163153602588269
0.12137829823978215
0.0070770585081575289
0.15417487402186314
-0.076161464181005029
0.099715269951324736
0.021664932949361872
-0.066614533445946714
0.022227805102185444
0.32178674952324815
0.024111510659510275
0.18278619682353278
0.18096677073750181
-0.034668868484190922
0.32539907946997026
0.029114620531906592
0.22454119019224844
0.11347593169554045
-0.030772023713645871
0.13670483919919391
0.39923347377262641
0.044062581017848865
0.19131827150879888
-0.090902826931803501
0.044284279054451509
0.1505980283281875
-0.030952906860098682
0.1319406191262632
0.27998266262861826
0.088896941845588801
0.06799527106728516
-0.018991805178952985
0.46897060928353401
0.073444159694991573
0.12853189251626612
0.37984299203799426
0.056833621360602972
0.24249216545207836
0.27327934079179955
0.30466083923191067
0.18748956508511591
0.094335883436218501
0.34853007647024786
0.0073838065393736956
0.14645744614323633
0.099941955119630638
0.25178222542112627
0.24987198978459219
0.11107756223670857
0.13590092384347727
-0.024445377421036748
0.078283064066022104
0.37103109386441141
0.42291940071167045
0.04734150985492154
0.038553689737745749
0.4716043965472847
0.35277490179837595
0.49837478594283491
0.48621497715921747
0.21954292416459442
0.35742361918164267
0.070279837414537763
0.27459958551840458
0.20568638767012062
0.34869265155306484
0.060025763268315921
0.096095886019798349
0.26867600748422749
0.14461037731304452
0.17129371415000433
0.19531409792651844
0.0076071879286235223
0.29726543087861362
0.16617774419447881
0.61570745785201464
0.23544165481431592
0.29611230694408008
0.32630378283468953
-0.081738731283266669
0.022198906913173541
0.19469105310288662
0.139157597328563
0.3479851754774303
0.40674749398165871
0.30969796924270593
-0.017938032683606605
0.1141483525043958
-0.080399679107789654
0.23313279113828048
0.11950469880637646
0.16811749514501376
0.072205965881306955
0.2421073863258808
0.052650008411569041
0.67315363501781522
0.65517381931539298
0.11182682101394677
0.095384293537046624
0.36218842073279273
0.20567535278993546
0.30311962259058312
0.60900297505525991
0.412638588088654
0.30385090181445779
0.24125054285599054
0.50731434595697633
0.39431602893794088
0.39810011701651149
0.41021978072115017
0.7009698109819783
0.48669528057799422
-0.11247819550688228
0.11521778904317391
0.28488060103352575
0.07543587946097946
-0.059695089018015769
0.16244802209750195
0.48759756855266617
0.30436272409814702
-0.08943586736166094
0.26247707728480041
0.28244323778230801
0.07408278657440906
0.3326740766549654
0.26297949366892376
0.31612600208266778
0.25357236291452623
0.45639678590773131
0.3651044748993848
0.35010255048784772
0.29991622047314292
0.31580168814153958
0.55358686997934425
0.12020344506932114
0.075553977400408576
0.21437368690677211
0.55009230258846964
0.47931980178163724
0.43896888070166307
-0.16347598103525571
0.31578725319742207
0.5609814767749155
0.25260998591016243
0.31930249976900849
0.48053491461461145
0.33272802031734888
0.42305852679377065
0.50083369388492871
0.44715213410736615
0.41211116874081394
0.23921097000379171
0.41418043761875545
0.46538458305234537
0.25070351073833602
0.010329076371437566
0.24659851606185473
0.094204240962378727
0.57703642777229558
0.53595286601977465
0.055370202741629432
0.19685323360368451
0.4396516285895648
0.42786835185786726
0.40240141503075427
0.58363562131118651
0.29570053994546674
0.23351993308734342
0.37940754234968777
0.11953556453650051
0.78300223452522433
0.12267943899052669
0.57419046896637727
0.34991995571799644
0.14246386318842749
0.2851185978649054
0.11002118262389494
0.50716555459943535
0.41922862728532656
0.35188124427287637
0.42924477969213626
0.36078824242125718
0.47252898333926824
0.25405824692209988
0.38247632356890365
0.22181134496517146
0.13657062707131665
0.053906532637659793
0.47926640932923542
0.63105111986367279
0.54831177469071035
0.4726935850805965
0.37768798497731876
0.22008446622833092
0.45158744472713103
0.34801374339406105
0.25973444650057642
0.38205140809901994
0.71085990642505181
0.53780070891988141
0.67466233831357802
0.35515259890108458
0.5502743422190417
0.50529937561813276
0.46628842617776722
0.58291263519122838
0.24818200563602852
0.83241808798502226
0.41584771556171818
0.55579282990655043
0.68483914768039267
0.38210809625207554
0.67355981064052306
0.63820220538606831
0.6513306951800143
0.66019936585199324
0.353123325434753
0.31474458843539205
0.57776515954347818
0.56656269235796586
0.6933714542754702
0.58371704844755556
0.096128873230725498
0.75090995733431964
0.64074405183092109
0.8790441449893075
0.53151747596261378
0.26334898316613792
0.62152190297050092
0.52045478065080442
0.58675431365411868
0.8539064893601962
0.87258828421796342
0.40938006820776923
0.27502874181997639
0.34673606842930677
0.15997933479440291
0.2961270742466191
0.51507630480404465
0.66775539981464582
0.21295491230493074
0.71323738156707472
0.38789312746129334
0.5213158334354504
0.93890269347444799
0.70315170160447793
0.66507723929150475
0.24743265218937635
0.62281650892368257
0.4802408144386956
0.40959002794036148
0.62952418136200661
0.10290036531743532
0.65039133050239439
0.55146267444765829
0.3730656078350239
0.5412035293155063
0.10372719254016513
0.52550862547308752
0.65112543938035206
0.38956470248748315
0.5816295278518645
0.74621953783467565
0.31723991033240312
0.40022439221204392
0.51611977933110831
0.52234969464817749
0.54634969591424087
0.36022192386399743
0.77566718521719324
0.73441581078279794
0.29913790491528208
0.52514899129583348
0.65400717296366062
0.73508762643008319
0.64747506739286254
0.98410108019628417
0.79471209575235446
1.0854211301817713
0.273502013262933
0.61044005089384223
0.73550281755210856
0.92520742584182758
0.98577144497358726
0.58614242349829981
0.37229558172536459
1.0703857495737115
0.51444395536640286
0.51936336995778354
0.64720754765100497
0.58194441867439461
1.1140092622302367
0.64891491813002877
0.83063708324968455
0.55501332590938379
0.95167758851405126
0.64167349768843163
0.6449257263903464
0.62554204717201622
0.69954703818685049
0.62167644106371678
0.36794344373233318
0.60510543529186256
0.80683293921726429
0.53068671884634822
0.38521496980930875
0.73700427966156834
0.512700591487666
0.61183721923233958
0.61484996401846292
0.51808803962031169
0.48167384077736591
0.55736442797571428
0.37154119706226213
0.76141713421353907
0.67646447772918328
0.57549578987898342
0.78719628349161863
0.91880516333103035
0.54567349212604643
0.70072704421630694
0.3625224345152846
0.6909472877931313
0.76744873578084594
0.74299941268857461
0.86959471716562953
0.87652368958725158
0.55904660777008053
0.76823923633795999
0.72004002523780508
0.75902972155356729
0.78406959959636358
0.71658731339812876
0.6916768779968181
0.64294193080171391
0.87862704779417566
0.99095645370840835
0.7077894586225254
0.65834603010515136
0.59420392972619085
1.0471820679695696
0.68928903684102327
0.72175889186545528
0.8387259100111073
0.92423658674927878
0.79196741479462041
0.9225235699405866
0.51338169736625705
0.5085200679094618
0.74002680172490742
0.89895940009133557
0.88710767222312803
0.63932877609884597
0.87983440024681903
0.6040739567975737
0.80188076551211407
0.81557903510104868
1.1784618661721984
0.65741374797095631
0.81716405220131816
0.6934739882534916
1.0037195584145007
0.34944356598792553
0.91385016990659362
1.0082602852950204
1.2549069767589225
0.76064203614312731
0.95836020553923196
0.66511770644600299
0.88624856610164715
0.92769893445733242
0.65000344785091346
0.82283736532300444
0.91578916613725025
0.72389079888958263
0.60878492893844238
0.61900722459499724
1.061603257226815
0.83348362023622191
0.69277243132830246
0.99763901723413595
0.67538049591166927
0.80994420093277586
0.99925896776540424
0.8960945035624196
0.99578370412556561
1.0748794410027305
0.82153660398703909
0.7606127404789691
0.68646969362278909
0.73231795395451493
0.51936858039092859
1.1764447562696252
0.65001929541479586
0.89231971508931063
1.1274908887965758
0.8392011991416013
0.60313535086046144
0.69414675740363507
1.1084414748893141
0.76295866757723274
0.93431290794025423
0.90363731094180189
0.49220796862738725
0.62927577915811894
0.8793248040919549
0.79559666816514296
1.1066326286466015
0.87155916373810438
0.8000068007822102
0.81260357250557891
0.64541735908337772
0.76663920277202691
0.88105778821897374
0.74901163755008371
0.6786822619748496
0.94786530249739187
0.73923736493526537
0.98906273504901354
0.79235585957630639
0.74856210120571998
0.88716078870788218
0.8342477677289839
1.0814078161153899
0.76819897100944445
0.91673454683289191
0.96786839707064987
0.75982526805371331
0.94302127293606808
0.81077164728903273
0.93538515419487156
1.0525147058870377
0.39317870912162556
0.85320590467198132
0.78862400627925544
0.81017501103458378
0.8973897063117432
1.0881884598229565
1.1374439349426348
0.90391565315309774
0.69822819757307963
0.80982188747404105
1.0077507370679506
0.79285492668252777
0.89782500055616998
1.1407572934947567
0.94959564078186454
1.2530984294965883
1.1061864175252316
0.70060569658586469
0.60324945216654158
1.0962801314616246
0.84895529458551444
0.7445067492081785
0.40131276124337828
0.87536679321283883
0.88577624291480372
1.2528649048138727
0.80369077316798898
1.106517600236389
1.0031673312891265
1.1532705170433972
1.1006582160786442
0.98018471263054829
0.84369028641314603
1.2427131895145853
0.88462921892102486
1.0739878529772429
