-0.52349522238528245
-0.89142467912384027
-1.260813862808484
-1.2131868875396132
-0.91476148438679383
-1.419150382295721
-0.96378491663444932
-0.77192134920564326
-1.0358411864516628
-1.0593430811843993
-1.0369965292198089
-1.185925921445004
-1.0881965849717481
-1.0532277436112587
-1.249600674853532
-0.99682334905448522
-1.0609366087085006
-0.91159410026486087
-0.86539835146395938
-0.57969321219304715
-0.79597533932400344
-1.0526455195569564
-0.77937761891454227
-0.73687479087294794
-0.95383118849473258
-0.93116158941733396
-1.0490794798797827
-1.2220696455888564
-0.74330257900424168
-0.6142266325339929
-0.66985307367542368
-0.90627307375930499
-1.2001433985415919
-1.0010870503080316
-1.3373347819220227
-1.1829094860934037
-1.0590093398969016
-0.74873443160746
-0.81966432820638413
-0.8420621813440371
-0.95857263142063831
-0.74843731007644421
-0.76572286039151338
-1.0213651905245356
-1.1606537892280369
-0.61417761063325604
-0.61939229593551759
-1.0432303352787322
-1.0460528146690102
-0.9394425188788913
-0.87802948674705794
-1.0118790684470171
-0.72703456887412743
-0.85858588566915517
-0.85341791606063133
-0.72087725245110357
-1.0311592295166543
-1.0237113880101936
-1.0117049787995824
-0.69499103279214158
-0.86378054785066261
-0.92719391607410606
-1.0838522841510727
-0.98360479322570338
-1.0980457402893185
-1.0330594427715925
-0.75193084305094793
-1.1472634897721119
-1.0920178731103578
-0.70221591458737664
-0.67958300023578588
-0.67247113045948015
-0.8087607914136451
-0.98447301773423035
-0.93002116015659364
-0.81598320809289715
-1.0530892228272237
-0.85601570156634299
-0.50089814425151502
-0.83437671295084448
-0.93821930310791446
-0.70751194286675922
-1.078791298862249
-0.87718146699567678
-0.98051347762774865
-1.2287716640286828
-0.76164035652316375
-0.60702109382504243
-0.71307720445788669
-0.91644770525953401
-1.1764155437937991
-1.0569205123192769
-1.1038756496966855
-0.6043533039552943
-0.68597455700988241
-0.89040632807686326
-0.88564716042932512
-1.1248652906712313
-0.61584495700714992
-0.64795097165709004
-0.85911883623760865
-0.45901254354302251
-1.1008667602253206
-0.72831063033037058
-0.81471295392446907
-0.7079382344394457
-0.7027161805950598
-0.80315777467184446
-0.51173008956150778
-0.73841736093294086
-1.0249975984394568
-0.7630966797829426
-0.85160349240818911
-1.0159289887901441
-0.74447997453429593
-0.92478222393425924
-0.60916767380483483
-0.49501022210375412
-0.67706428499871196
-0.57580519087230786
-0.71714835493572904
-0.71457369216153654
-0.76528595219776929
-0.65876973183113419
-0.8249662068088438
-0.80899262214106304
-0.66234584899052862
-0.77285732970254828
-0.96109054958835938
-0.58995982438657069
-0.52301159940171493
-0.48512501668785341
-0.63784350715626947
-0.71442718757816392
-0.93231819603755106
-0.78517030512567987
-0.60003876706685799
-0.19992375010828123
-0.64740191109927669
-0.74060078819172104
-0.65911506000919262
-0.57388076131971644
-0.48440510385061625
-0.47261489456190597
-0.47409339796175098
-0.53641908685145423
-0.58384601566510441
-0.88086013166677624
-0.85951320058127101
-0.51473937611123255
-0.87570779487252159
-0.98685653566547538
-0.61021940682153564
-0.33802312348564972
-0.559385512474597
-0.58295526663131436
-0.45396700264372808
-0.3924901035394755
-0.47700574251564803
-0.74489888916728064
-0.73091777474886743
-1.1479708464192606
-0.82809274770519392
-0.85741385413783922
-0.64954861063802982
-0.8023150762662421
-0.63574128232082616
-0.96211248568057106
-0.87267787978929001
-0.49075568960596816
-0.61766112740932677
-0.60927712093990383
-0.57372100025856376
-0.50913088758773051
-0.53064828489607752
-0.72807616406717746
-0.69743601833463198
-0.50374223773268845
-0.83930472800707523
-0.43013081844941609
-0.37210296131002119
-0.76578367089579136
-0.50499106640043745
-0.81848144123923638
-0.3669271799042032
-0.38866918677291629
-0.82606780666928681
-0.33792290249338547
-0.3802981492615336
-0.57607501407567807
-0.73803688046475036
-0.6129480359417514
-0.81835885437897093
-0.41806374000285312
-0.69521076536527626
-0.50145081872587838
-0.563779202851169
-0.84948350235592773
-0.89381778806501988
-0.69920808446672456
-0.77795602077267634
-0.61021492010795231
-0.73946017754892068
-0.47558764175511808
-0.43775546907426727
-0.52396740010759491
-0.81559046941922875
-0.80409123759352141
-0.46440499063249674
-0.61099327791220581
-0.51191137285072963
-1.1690051386354801
-0.42537409116852554
-0.83800248436031322
-0.3380574677873413
-0.49540799682886144
-0.74426892406144984
-0.37101469646645541
-0.26699466924647863
-0.37392491357262669
-0.62336676498645238
-0.63172012613085682
-0.55600046235647149
-0.51518840244685027
-0.56103670581276111
-0.63771265979222447
-0.36662849323826419
-0.52227990851041417
-0.667706194442926
-0.48692927946679954
0.022733049147382025
-0.49808422156857701
-0.30437302675743999
-0.74804420784213321
-0.51124334681627948
-0.42830021219906533
-0.45683710416757922
-0.85230355242576772
-0.48327353090248748
-0.56744345764164539
-0.42380131216398564
-0.36440556555519227
-0.73204756528440795
-0.86968522678356741
-0.54927787458234445
-0.64598130439979751
-0.66185820296079312
-1.1212237205299496
-0.42683019955872792
-0.55625543949225564
-0.38577738126216482
-0.54569704746738523
-0.7924835816040281
-0.57115561238746482
-0.45626886882736623
-0.41434636528793828
-0.75880338155771687
-0.54439665494250666
-0.9038878403366839
-0.66160357822955884
-0.48953636509630083
-0.41310528540912944
-0.1904275731647988
-0.59349009375738748
-0.73592033100070064
-0.37813869127896993
-0.63278127369200443
-1.1378755599537174
-0.53257094281661077
-0.42930170185396799
-0.5973835620735094
-0.42117662955485241
-0.51323839740397681
-0.34075164005054326
-0.56888397318276085
-0.52617560316106327
-0.14609423594233564
-0.70602209350216893
-0.54214886787241601
-0.38520620241840131
-0.57752288320119871
-0.013840114369729267
-0.18361158512207298
-0.4449328129428175
-0.19386664344348761
-0.39668793176638339
-0.1170532064892994
-0.09163337746868036
-0.31785064706214389
-0.23415732895456101
-0.22291178744295884
-0.15449098892986543
-0.16038309201404899
-0.22595227451309596
-0.39943453142762558
0.057824012141420987
-0.67577900446959627
-0.11255189601590812
-0.41404998332519338
-0.1707900295234796
-0.48754190277242371
-0.30452886210485525
-0.29750449982365762
-0.56495036211956062
-0.51889559411923925
-0.072159971041110021
-0.48924881401599496
-0.13456615730591387
-0.50462265779500248
-0.1805637338121939
-0.10688839041735826
-0.39743444054126803
-0.31013614765490727
0.051254993753463617
-0.25427501014722248
-0.37140960040536164
-0.51089449271398824
-0.23698997903851085
-0.48790101253152918
-0.21858163103221581
-0.11010214743661423
-0.13314926794426343
-0.40838877077056063
-0.53205475891126419
-0.34042829757213711
-0.32880192494223465
-0.14815380264383438
-0.44841514352404843
-0.15332576040836265
-0.22848805656324692
-0.32468508922676642
-0.24037301484847742
-0.37919668067170004
-0.41478514023424001
-0.31421373190682134
-0.35065577121514624
-0.48699993103795108
-0.1405892284808945
-0.39616607471797977
-0.53713499401031795
-0.29314511025366596
-0.33079278837686282
-0.14108875074358979
-0.4813530019337498
-0.68250370935670612
-0.31879092385737606
-0.36768786207210202
-0.18784585022846217
-0.2924596454017126
-0.33136773783481582
-0.39791808226969505
-0.45462511226490099
-0.57941047371638521
-0.36686069013364325
-0.096179735088488649
-0.32931076255670255
-0.066030138606282887
-0.42682896025448674
-0.51811902679920874
-0.47887328806232604
-0.49073809816021757
-0.38456029085038584
-0.40782908191372413
-0.64147000842330815
-0.16545777199071704
-0.88314975717771271
-0.25070097250612933
-0.29743206283547297
-0.46989645229191868
-0.053674940903007499
-0.4855678668168576
-0.22478412335828787
0.033982929773466855
-0.037855292421488579
-0.35448277094817593
0.09024343103679669
-0.41237245907689629
0.14770889245460683
-0.10636930356053867
-0.31133701165485261
-0.45678805938404193
-0.36265345217535394
0.024806058673615666
-0.28750141224145909
-0.51473443076520931
-0.011709315578214188
-0.23391634039281434
-0.36491912767947587
0.060231147933217453
0.014261504934987731
0.16530730980233058
-0.16611676420280175
-0.26687045017634403
-0.71294390061440605
-0.15610992550243011
-0.077321315019532613
-0.36609035831296921
-0.21243815217260872
-0.40756500589202277
-0.024814221126280445
-0.14549413586666046
-0.12082139376456054
-0.35284748336694127
-0.14682662685741463
0.18629396386766814
-0.29800995039763645
-0.31265078719718786
-0.2538048967798413
-0.40489037130814093
-0.14558376371662787
0.097109488599460461
-0.65241441062039773
-0.26937027823891108
0.20983515411121062
-0.40173210909060331
-0.32061330283393524
-0.007440554273774185
-0.022481292800071377
-0.23792735379425362
-0.31598829679136781
0.36461556592403355
-0.43136927880981935
-0.29013096185448239
0.107784495492369
-0.22368827523313992
-0.17364382654450852
-0.14679237294434025
-0.55172204431059146
0.025106859380194177
-0.11873612907074572
0.0092261091192453962
-0.26484242939219887
-0.37789661412907383
-0.14478135057138344
0.41586186638868516
-0.067449072068830648
-0.11449658007917532
-0.47868128734926091
-0.21365234011848452
-0.16936207112730264
-0.30926300231454168
-0.026979234584320021
-0.099271437129283185
-0.39285422326645342
-0.064493119174952929
-0.084377871590538264
-0.29778022077896654
-0.40280048001240515
-0.090525018236105773
-0.44592566783219545
0.033160348410523857
-0.085606428356911971
0.10351409326174696
-0.34075992549786838
-0.091932491651291234
-0.03849839979295637
-0.27981723350599336
-0.35929128588924558
-0.23711143577958849
0.128633073312653
-0.17686729239210969
0.10240997335193562
-0.17224484651053776
-0.36160210113627689
0.15840301373758184
-0.1650022996825467
-0.20139167630653265
-0.082595494358571692
0.029476879190693046
-0.043769965837638161
-0.16335115519202498
-0.081087405096645915
0.16853688520846402
-0.41297218521135254
-0.23069763362169568
-0.303558493182506
-0.14596277065672589
-0.3422380941056638
-0.0077090196739143906
-0.085501389165962394
-0.13922639299827499
0.0078975946730156822
0.092101280733021401
0.28603933183389907
-0.054218777247934231
-0.25145020090717879
-0.28441038446260136
-0.13465166128689102
-0.0013123000769601637
0.024817903611493327
0.12166755017950608
-0.2258550288436959
0.1224889216901857
0.0065692652052144118
0.25592710173365552
-0.17786383487881444
-0.022422347874404648
-0.021993294965277247
0.19230040453606811
-0.28834177724190646
0.07369651021325721
0.36466986311570632
-0.26829496113384532
-0.1989395923154593
-0.019008483945303047
-0.32698681829271381
-0.20757919464626184
0.19964627469865631
0.29409851061142883
0.081059740747021103
-0.0091037739909583058
0.30974555381962782
-0.25391552940950618
-0.1661216933912309
0.21400276360640741
-0.12060828666134124
0.079986778193412489
-0.032913683335071123
0.11770916567173509
-0.13798779082506207
0.090639394074174595
0.24643696441402119
-0.14469877295218536
0.25045211378040572
0.067449099366011372
-0.17707470086618091
0.027815976727798262
0.1885960978725254
-0.010413253733663634
-0.12153192072976672
-0.11141014503303044
0.27829448882155094
-0.20150280602811629
-0.13285550000946281
0.019693004732088099
0.2647521664681774
0.20927688200117106
-0.16559759876212704
0.2378765186498287
0.05165057791729364
-0.025128957270528177
0.26053554388545941
0.13038462888796282
-0.084977535528413195
-0.22591174516138607
0.2367340944925943
0.14067133213688676
0.37725046136188162
-0.21434157544938462
0.060925681740463422
0.19879775473507647
0.22560776417890507
0.11592056136947972
0.080962572015471648
0.38152458316567195
0.17111357787923245
0.3945902709166631
-0.0041922196640004697
0.11662941300167898
0.22363808303232674
0.10999413905917531
0.052881840792436408
0.070695438572174946
0.21872855880451747
-0.010891270909739311
0.18019631520234994
-0.10812456395204148
0.069463966737864272
0.079247006702435077
0.47693598571578283
0.41827746953612382
-0.2276658217200393
0.089712640910131813
0.050974577912242781
0.10642462019340497
-0.24509294127466266
0.20470820280966967
-0.055383398883301134
0.14434649012946674
0.25110664490984924
0.3126757344993189
-0.074079414318415693
0.31036473324047914
0.41563382670033311
0.11572842159313525
0.10891940662051773
0.10855498885108027
0.076506952335658421
0.36200381246589336
0.38957350819702369
0.30054552077806623
0.39473586127116927
0.20947726272024775
0.091229436576465484
0.39947277769174544
-0.34042039792151879
0.15205864577146649
0.20788740366564998
-0.2174273990864049
0.024394891503455574
0.57203921301731464
0.38802796291016994
-0.062309680436847099
0.5646306842215274
0.075408418598737328
-0.19254318235485218
-0.05688020665139043
-0.015116513064650451
0.035077904858895725
0.24208292266001596
0.53200716736607689
0.10595338297905151
0.27664411503055802
0.26813107117290086
-0.11713085503027137
0.42413932083548478
0.0065589958545384771
0.20854158101051889
0.2898184772395539
0.54002631426652681
0.25557947168254314
0.23282342222159308
0.48076100775546265
0.38474241035712697
0.58221750037537134
0.2668011130188464
0.17878595338243805
0.22153033188701715
0.0372122519218408
0.0055024157063945089
0.70221385671729597
0.1404004242243074
0.367741923806367
0.60170027234638357
0.27890492280033519
0.53689957512554165
0.44643868099784673
0.22083579598156761
0.49407250176515316
0.34908610012694236
0.42279367339865809
0.13307135007766654
0.51437996165377042
0.64095994582930327
0.50370705721086528
0.413522242046234
0.28539429171726732
0.27397172894101313
0.57462093343349019
0.43595223459439664
0.64036520825213328
0.32493853413443108
0.34388964799550725
0.31621565166082383
0.18036413757931966
0.23153117088357356
0.16585481951912623
0.12738170253303874
-0.059869663238873425
0.52913058172264693
0.53800319727998891
0.43378360767124424
0.5074919029921986
0.42736010188525853
0.4721804754376559
0.42633083801257599
0.3878328296640563
0.20447943675251185
0.47258799616271574
0.30540314587788658
0.21062319956822267
0.77444194635443553
0.59201912818459401
0.69036925261050952
0.29885574385197916
0.46818092446522019
-0.017764749056368028
0.21575171717998895
0.33440469253987065
0.22638084623500973
0.087413631593208252
0.39837595554251776
0.34593874344104147
0.34443846811498696
0.39870661403472657
0.68515909882162285
0.29029053911634628
0.11299244916367854
0.15621257889266715
0.3293420788198384
0.28942123599342146
0.27509939258039373
0.15939221411620616
0.23298585354380691
0.49889336165375769
0.010482362518023631
0.22935266811284782
0.49509906886852323
0.51891787343287865
0.18495573591201198
0.39292639980614841
0.29843696960916988
0.10300199449301232
0.46371451989715951
0.44272925360026422
0.56908852288371337
0.45140992416088549
0.25029776288526512
0.50467239530347618
0.058507135271145767
0.2826414062808521
0.49194539992447728
0.2971427569257617
0.56250446342704341
0.31452193853722671
0.43927720834971123
0.46598467580844793
0.48290179091192642
0.52071883930168017
0.44881956293392045
0.79502771153074536
0.54861291363388587
0.68614115076559157
0.577422756267572
0.34738226038188291
0.19740330348871432
0.50356469872798137
0.39431366253179451
0.63815415695086042
0.36396710802798615
0.38195109471469318
0.39459879465839814
0.48754910217194475
0.35659199148513576
0.36803841532978027
0.62529308913608828
0.5070508730690354
0.45566341784315711
0.26306636252524662
0.60509818916931468
0.55205803103296236
0.20251632051539364
0.53316205309010134
0.22505392990167053
0.54698090417093914
0.17420620692832514
0.61258467274557882
0.69902585303850362
0.47175082225995479
0.88493405275115922
0.40849559169240568
0.25525750549652726
0.52423719251556122
0.44240979139514414
0.11216382773426033
1.038219451418017
0.54614889729363658
0.56615398096688063
0.84640542522315187
0.92907967011273751
0.50883400795734446
0.26282627332318459
0.60145918320029024
0.59406236397353895
0.25169800233498996
0.53500693002946276
0.8295688198276705
0.27930169268292193
0.54761571461445535
0.50163162539313311
0.57381514181154336
0.71758821662079009
0.19370023078231025
0.63201039201299536
0.72526578376373096
0.16560247903811998
0.58074158986300772
0.49669926289881583
0.6911722233448756
0.4538301339543811
0.4523333500521734
0.28312484477183014
0.31656687821425611
0.7715739978501025
0.91302555383028761
0.51212021990353385
0.81264569938620301
0.11101711831828232
0.61450162749246884
0.61511349984331365
0.41623549619647354
0.59706617902432124
0.53970661530625286
0.64733008613610865
0.65405114878337878
0.67125582659140715
0.54763570564280728
0.90479078607397079
0.91193171558660524
0.67119836409013656
0.55178549873129445
0.55728214139194499
0.91093768875776382
0.59304272924117074
0.83518420947366867
0.82901499435832948
0.48877555270664574
0.70933343636247537
0.14839384905156947
0.72730023352198248
0.61854069853343907
0.86269289952789141
0.91246174848066974
0.59073555114247556
0.91453021122139722
0.51415582095433987
0.54815664034337208
0.58538795202886618
0.65061755615942762
1.0439461751453001
0.62128416435687095
0.73686090959175676
0.68867467845664787
0.75147740003800922
0.60457687567785279
0.53541602722375181
0.39113621761583067
0.61661422747052019
0.87169872695913186
0.7705290640235255
0.31119302133365162
0.30952651823803562
0.8074944665330207
0.67764338409354208
1.0972227103053087
0.58475212204728966
0.76027404303997115
0.80447158663515683
0.84356900718379402
0.47006158069221077
0.81246559528643858
0.74683253579596254
0.463801285536319
0.96001407457810717
0.80785297177326709
0.57137852811192602
0.59507708777062784
0.98245290795213602
0.72462122401102558
0.57794553932977122
0.75171166597901196
0.91004202877012286
0.95825673221940677
0.54013161616185867
0.50608471330490679
0.60464778061243851
0.7268651044628911
0.63394575139624632
0.96486033302286867
0.86359586326123516
0.85027510992295008
0.90598458424920192
0.68109266098766863
0.97612935307341453
0.93603813680470771
0.67572523243736748
0.79257220822200591
1.0675556313456314
0.75870039843318227
0.74596933190380399
0.87506628531065278
0.60007902740105501
0.85038381170413213
0.69874841448358738
0.710172244135853
0.83268615277061786
0.70613168457537667
0.66649272359861556
0.91011846204350455
0.91881365448835528
0.62957103542493009
1.0061987735029303
0.86381467540152834
0.51663397076004691
0.58903079299378014
0.68258915150314092
0.49384791601204875
0.86288619972181069
0.6956290257285922
0.60650889147201048
0.66236897388144111
0.88608902726633909
0.69380891000239975
0.65638233952953129
0.44550293020193893
0.81175850761001533
0.86785840868853381
0.73220731829161989
0.86809835490891818
0.75085882151193017
1.013659633258243
1.0843313787386368
0.96056407331050642
0.78297668599968273
0.77044251347171233
0.9332103121738391
0.56956998373024248
0.72349595447952253
1.0059312630443138
0.72990605721402224
1.0083818919102663
0.94597077209771507
0.90791147987942389
1.0910543075296719
0.83689228005660821
1.0632727600835634
0.91015371383631261
0.85021432821262566
1.2115332700919026
0.76863064464242814
0.87307589527792695
0.69296372321164224
0.65949941896239772
1.3209651796817925
0.7417814793187556
0.51088594519766495
0.31228993289473939
0.81790304553594617
0.97580195110927292
0.83529485548426341
0.72761182392105528
0.89952097023550603
0.95023789045048002
0.79332405454644361
0.99157166710293898
0.82045874530020169
0.66692001484575991
1.0443023565517042
0.86279694875484603
1.0909526065185227
1.1490057668086169
0.95206598417892729
0.93359554827350744
0.76572981237282056
1.0219101291729398
0.70975106780292807
0.92036095893820358
1.0669387494185862
0.8649289278019473
1.1918236118178438
0.93342201850241824
0.90567946296398161
0.67799793736871383
0.80355015718561407
0.95345442908703182
0.60517393395456998
1.0216132915147724
0.82452962415050435
0.86728571460980453
0.78068568546377437
0.85919418638079637
0.86888757710383058
0.96299000831068093
0.91136989059712736
0.89066077093580454
0.89289627226836688
0.91048687704131448
0.85460527028563671
0.95400902619962935
0.80455046377296469
1.0727755276520285
0.95876886353187252
0.74329922153729377
0.87534476806930606
0.95825593556298594
1.2760801877962507
0.95960525696902943
1.1812720517486037
0.90877832732219077
0.98100954176156951
0.93108545976557067
0.92031953936699396
0.81217518757909357
0.95660839898541072
0.62730743805845557
0.61831554185726034
1.1810161444495522
0.91427752606070667
1.1354231573014462
0.61143672716154984
0.69547911475538593
0.84319487762201173
0.94247342689465607
1.1527887432144828
1.12572228338722
0.92531469715585668
1.1297523426690499
1.1005924271667049
1.483595693870311
0.70878390015135984
