-0.949438482601485
-1.2551128815803305
-1.0206139841814992
-0.69459095218704203
-1.074176903257086
-0.95744109899055085
-0.86507850133317288
-0.90425942367692191
-0.8415600530930718
-1.2030889361622186
-1.2222499273011784
-0.8648720208841848
-0.87864116873312237
-0.96541368657281446
-0.92332446392509582
-1.0491178834450963
-1.1449049817551593
-1.2109373256029956
-0.75405618211946113
-0.72097549811940342
-1.147935534620792
-0.85231890484428818
-1.0314656369145647
-1.0000416553308678
-0.79486786371330376
-1.0550814536532829
-1.1117527942178114
-0.97785965448992274
-1.1135295851449909
-0.63252197090844997
-0.73974037029491102
-1.1612702099391379
-1.0488955532984157
-1.0160488905816867
-0.75599922716603518
-0.75756070979567802
-0.96332012865744243
-0.85007595873707065
-0.67166675940270837
-0.77198839626447613
-1.0228905972555831
-0.84911274808694837
-0.76720124281532964
-0.9510551932391289
-1.1545844063018558
-1.2798578847047797
-0.96120462083407965
-0.75548616934008983
-0.47159444972647657
-0.94149406929036206
-0.76059741322445407
-1.0162460422914481
-0.62752196093005308
-1.0158542656115823
-1.0847477390166229
-0.93282844197435522
-0.96252213063313674
-1.1349489577946763
-0.79352100921354218
-0.63791689499306592
-1.007292138548266
-0.60706754729103829
-0.82338173404478054
-1.0231760709539333
-0.84578262072140997
-1.3741228546267075
-1.0187601751739159
-0.81860616898668237
-0.37333042292337332
-0.77572517660659013
-0.87216451430308384
-0.67767096054518061
-1.0110142807817613
-1.0233356107247897
-0.83458315687512497
-0.70468956962436957
-0.56783841500748733
-1.0047573258171822
-0.7323504908304389
-0.81757602530159768
-0.8981004559558402
-0.70436295624869238
-0.7821152946209774
-1.0723992515849172
-0.96589550859016404
-0.72354987803539239
-0.81288190145683115
-0.83012667605844359
-0.56611766500382998
-0.79413948186780958
-0.82850179431662441
-0.73708905557176818
-0.99678131062228603
-0.79326075096030868
-1.0056959052562708
-0.85901929446758774
-0.45146503296211088
-0.91291037987969348
-0.98409044590925154
-0.50887227890121522
-0.57907496511113876
-0.61554171940185498
-1.0938462333091092
-0.61958833822465031
-0.68372496358542634
-0.94806813604111584
-0.6277234572444651
-0.94997965201811729
-0.71687288543471284
-0.75913625731235201
-1.1153474558724721
-1.295102103171176
-0.77815887854953103
-0.57906294317340512
-0.74434512569800282
-0.83966432357003762
-0.92570318729349943
-0.64221286047823656
-0.55712334364580929
-0.77604085843586412
-0.62087691723406258
-0.70691321195891199
-0.73433911362921944
-0.48046034625958733
-0.74546886988701166
-0.5174180122738643
-0.63164487798634783
-0.52033702613688049
-0.58136251266472805
-0.64840059622324442
-0.80070236071430978
-0.83654197748627523
-0.55739732826489874
-0.67057318358720874
-0.73426769775839851
-0.66041843283710921
-0.86588950999665237
-0.34716038201261024
-0.48667213788715447
-0.70462810502050788
-0.81601028445074419
-0.94319512767816471
-0.63837952249038399
-0.68601850351362947
-0.75420369802678622
-0.69934471890440808
-0.64650390113251843
-0.55804339227145872
-0.9977696181481257
-0.73033635384416862
-0.57895470289606499
-0.73148062949074866
-0.58040782688839965
-0.99406386674044989
-0.85761796862111372
-0.78369748441017739
-0.75964242722065656
-0.65962934447676569
-0.97405845708638306
-0.62597254725144857
-0.63888566495410004
-0.3599495974086383
-0.65366652883697618
-0.7016947175837015
-0.79788205868600393
-0.88880216538518653
-0.63874447730831918
-0.63019765396876282
-0.98889266905916018
-0.70949526587800482
-0.60329006210332525
-0.59551445765052224
-0.40883132647211134
-0.80923041657202743
-0.67335566341406172
-0.71955058603564526
-0.71449258255827242
-0.48560497410577586
-0.59782835268888468
-0.76311139159064767
-0.46003934189339435
-0.77084404144220187
-0.4337715466793437
-0.62673134887610771
-0.31899524359956577
-0.64082483882036978
-0.46010126495053727
-0.88018986839570168
-0.95341586943933299
-0.65041090199270624
-0.76490284561382726
-0.72598529028751191
-0.82391864448945418
-0.46287080842964856
-0.76905372377599279
-0.71822940089912957
-0.53751603942185222
-0.62348325009787575
-0.87224528340297025
-0.78979619656211453
-0.66042885695320364
-0.34549888189468997
-0.58284358793127
-0.35571595374253295
-0.6218886046451132
-0.99408840039658353
-0.47384752586174811
-0.67759607905851482
-0.66921855896374027
-0.46204837946137539
-0.85532404140133567
-0.65789614879176994
-0.56742165694194757
-0.36412888186019798
-0.43759717094506756
-0.42930567425551985
-0.7709290793215795
-0.56274248848446717
-0.61391737911319211
-0.50765193663378261
-0.40080841181244481
-0.59069623788791181
-0.54553792283888281
-0.39114909332543352
-0.75391082395725628
-0.74455198639391396
-0.78820876044515054
-0.38521063203777589
-0.24318106369586867
-0.5858143593997166
-0.31581238114228033
-0.6191395686363329
-0.46854550024111974
-0.42386663214133102
-0.32445017295194573
-0.55835395417818656
-0.41451362344213655
-0.69160885780371451
-0.816644088194455
-0.4503922592045102
-0.38431441612683942
-0.84954010409691205
-0.55169476897656644
-0.15947498771493779
-0.57034304993025264
-0.44766829053698565
-0.59515024061795574
-0.41269412862570604
-0.14969553953156953
-0.60735711803349901
-0.36006496970122237
-0.63284223839126486
-0.45000775229579565
-0.81079035077649375
-0.42654405547324425
-0.47512356081053181
-0.40531401518087756
-0.35493103438112344
-0.25186764539038581
-0.42233897981003071
-0.62911864919265148
-0.65663408985522864
-0.35504577856335562
-0.59491664102469866
-0.48802752409062672
-0.7866405494060652
-0.18874773517705939
-0.52772186913062535
-0.42323008970165726
-0.26961155405123588
-0.35876099737443784
-0.50916833102378412
-0.66812148209721933
-0.53495308448294276
-0.47827909359872178
-0.26367078903090196
-0.28041253571903529
-0.57068799490141842
-0.36720151176160531
-0.15585539087026015
-0.11025510750322091
-0.30220884180067353
-0.44830468363537734
-0.39886026652048046
-0.6162657967756735
-0.44386771122656987
-0.38152832989093827
-0.62211969068612127
-0.51688590712459448
-0.37474735379198526
-0.57916993165945674
-0.4214529118185103
-0.66344489929574213
-0.55585240882412079
-0.51982683744982316
-0.56015879577140049
-0.52001181761560711
-0.30683314022552755
-0.64065452658134259
-0.21469167868575828
-0.53301286307753171
-0.27226704034019639
-0.69004341660220325
-0.47570737895606813
-0.35393805237721149
-0.59892761114477522
-0.59784329548586346
-0.2422218729544186
-0.46120779669645084
-0.40089415718802968
-0.56079462371782307
-0.40182775922786662
-0.31097539476738473
0.021267140471266481
-0.18028626571286349
-0.71717305583762792
-0.46290231245253299
-0.53321807067195615
-0.10406901067225871
-0.38785900691230496
-0.12060262986121073
-0.2852604878438888
-0.14659701456504104
-0.37374112649491353
0.082516810636892396
-0.33134136847894746
-0.28202633038750002
-0.31413093956108007
-0.3756928666727869
-0.70920277752930716
-0.42880860338899857
-0.26448473205293799
-0.25266749874296968
-0.54848312594853144
-0.40519027518781114
-0.43779931804350236
-0.52415711634822604
-0.48135515036362359
-0.098525182645837053
-0.30160637799500045
-0.15100763945897883
-0.36408732774915858
-0.51374536021189599
-0.34616139657447603
-0.34228285732958658
-0.11477156560043997
-0.35699523197086719
-0.1783084722683447
0.10162672179253067
-0.22695631865280433
-0.2275325392133824
-0.18137025971386234
-0.21750608906706562
-0.25476090025909859
-0.44594267115254993
0.19109211881883165
-0.50878646555108842
-0.055485298822055405
-0.093892956655005813
-0.46419969944889733
-0.28422828472898898
-0.37782857402142672
-0.48030001073951278
-0.26361644248357513
-0.11836924995437928
-0.10774016519810789
-0.27920188167332188
-0.44162467786005916
-0.014925229976167265
-0.39849733865518078
-0.041506556005397037
-0.17428615815779994
-0.089859112880660535
-0.25463027748165684
-0.34696843863345989
-0.47652126418989754
-0.30243527061752684
-0.56270914785031467
-0.39314747165092645
-0.49084138694431334
-0.2272684670358846
-0.64127604154196471
0.050435927518235307
-0.58589123077107619
-0.41163067698309275
-0.19450860920908258
-0.1855559189091929
-0.10605633599083113
-0.19031878059680046
-0.19790864624621643
-0.18297206661434137
-0.41303764069748294
0.055219931577361027
-0.011650347459421572
-0.03294015132711136
-0.10417878173733774
-0.077471570461610573
-0.030832250548349701
-0.2462337015225575
-0.11222756175758537
-0.11622614264304848
-0.36990504287121395
0.0434405912319226
-0.12264600494137254
-0.31249518309925906
-0.248883476368947
-0.1542683446865592
-0.085852957713837441
0.39439547348052029
-0.57600835973687448
-0.10943707471974072
-0.45061648621982781
-0.18582253802407897
-0.15698356363572355
0.020472875130051724
-0.046740951387266007
-0.20198165609913599
-0.36482379976775153
-0.18590090390729114
-0.14281717274617853
-0.21082547734343277
-0.15118359030528616
-0.13383176326255269
-0.23374808703984465
-0.17698153105597259
-0.49298955265632988
-0.017289956796658821
0.29106891706137272
-0.018549661753483802
-0.33602487276629411
-0.199861452200329
0.072684420111261958
-0.25441115606306625
-0.046016123503446159
-0.29761782061740016
-0.13216188376906254
-0.19129695585416087
-0.20722754111429767
0.071960723186317119
-0.38900158129822032
-0.22875937149799636
-0.1914471558720694
-0.26962863224020922
-0.00082998660730325597
-0.22088317082995818
-0.28037027019587268
-0.3606191453264917
-0.2045207093768952
-0.27657142016140979
-0.1500848084608061
-0.41160621489309274
-0.10644526059776305
-0.14147111606702381
-0.25580912141442597
-0.19246418687822084
-0.097515757767009492
0.048524989209782321
-0.31866118099921376
-0.016443680911046293
0.30362784065682147
-0.43636491686547541
0.16445997537603735
-0.17310521847682958
-0.35123922496247573
-0.23509667276466201
0.064602612214827757
-0.15969963402018492
-0.36990960331431172
-0.072546501455325707
-0.19057319888232138
-0.16829917131206629
-0.039282611661232932
-0.19443262120187801
-0.13819106896626981
0.21111589066258366
-0.082296529581167954
-0.039379013339210227
-0.32494888271411471
-0.09872295083561565
0.055671144157158584
-0.30695970286931223
0.29824593508235936
-0.072603191614216717
-0.29659249343543254
0.2314370279668809
0.098027135596726767
-0.10422040276521179
0.33516625657540999
-0.08855348324062251
-0.14325070224814923
-0.14841821973543962
-0.11415728466194325
0.031217022406545409
0.11285698426083156
0.063089227053695102
0.010019902634222934
-0.39966016522293074
0.058731401513304207
-0.01705024238367325
0.15631036086865979
0.19167062751144817
0.027988499492228532
-0.034059351644113035
-0.0020462031713526325
-0.088249828419594223
-0.34107147294146578
0.037563636654859331
0.32199607449482037
-0.047096761709214459
-0.018741886977297288
-0.1328480750949487
0.23559234561366307
-0.21690309615728615
0.1543854519933007
0.25337560429589234
-0.096485784707288427
-0.062637422023727643
0.081553042329008577
-0.064434539034832067
0.077099603115742862
0.27273364835034469
-0.070168686585880963
0.13066501572253147
0.16130246041081234
0.20048111716232819
0.27003795071897685
0.29109686410699004
-0.016949210757544644
-0.029515021194171296
0.17608814746200049
0.09053014307820817
-0.19914772852403076
0.30329655753878715
-0.095558433765282863
0.23720205994566237
-0.15095697940616298
-0.051091506168319173
0.016703474019450527
0.22155844031860086
-0.019394125804960086
0.022390529813113121
0.086343003111218314
-0.22557734211062669
0.024245367793700658
0.19127574449337764
-0.16493559565129004
0.19326891497289092
0.072328805780541933
0.28680122303132605
0.5022899711789619
-0.11944390729899508
0.53992500844101332
0.23954651929340381
-0.012527856057680932
0.3570438101478608
0.20080398278018791
0.061100492561283373
0.064032992569692637
0.1061675526188194
0.29965176497242368
0.10092747714724369
-0.087276061650682635
0.025828028209020661
0.2940714728405146
-0.010744507107212631
-0.11919290064351963
0.18244964334173966
0.2219213380143161
0.23141727611417015
0.13637021363175034
0.18745164933952119
0.10027102423599535
-0.014507137206527267
0.16061691499331557
-0.061449330785470019
0.24646808636200754
-0.090994431797925684
0.3027804902930798
0.19835229706485433
0.09319037188161032
0.096541418876138985
0.28264186879380304
0.11643489601335559
0.20516178898628989
-0.0093979816383743305
0.33168901021356395
0.081532582123816866
0.65116385072369898
0.31257736985109874
-0.067009788426221378
0.10520944419982985
0.19190423618489921
-0.078922996321464822
0.3653241837638791
-0.01614134909466769
0.15845251957488626
0.290952738411767
0.038104368938492839
0.24318839466265346
0.43376825123504037
0.051958912999342154
0.029933729528053971
0.038421088642200764
0.18390781297999137
0.40178962699912474
0.28921599815152499
0.48881893561649414
0.38735409589656716
0.092912826406178498
0.1421754554733882
0.049557011574728013
0.44456491532935943
0.062244704123999406
0.15471617712937308
0.21570870780451112
0.18824517351953843
0.49834996909468665
0.32775091618280833
0.17627511695805492
0.23839567358599331
0.53615990836410499
0.39560484311128097
0.1621593572212563
0.34382678442213777
0.0049792857635611084
0.33780342193635909
0.16432412971989421
0.37252021346504732
0.47421670995973353
0.35802793879516381
0.49134676235619656
0.25156640982281675
0.072072549611111245
0.53844535650564884
0.27360782940661177
0.32157498797756412
0.094246971184719197
0.22237130225955096
0.62687810156591783
0.36757948002614432
0.19816352925578087
0.22778160139394177
0.062318036094624871
0.52039158972410948
0.37277441051419052
0.45265176765752446
0.45578761156103792
0.20155537227258152
0.39754715990839073
0.56664525528136489
0.58415145507881372
0.50252648586592863
0.27430525219488849
0.58996934679156166
0.17291404861336107
0.17340827896313588
0.44941063546031157
0.41313951168768531
0.32449598388280981
0.29625517826827769
-0.0054657014189364098
0.39453703642010429
-0.01690075195244533
0.15867773311130132
0.45873937370095041
0.52671775428347412
0.51880186947005946
0.30588532665716667
0.27990670392289735
0.42260402854365753
0.10355862797993931
0.17915077777184341
0.4629495117485049
0.24583646315339358
0.44369255250072914
0.24439418150779546
0.37915072679190398
0.42929156758446407
0.37750622359471286
0.17124205993535602
0.46197825126636005
0.29319734894164579
0.22151559602127843
0.38757500754557467
0.18728556645745481
0.44269342727204947
0.33350723778286728
0.40349104829124199
0.56798058496338544
0.46700790962474298
0.17475719609984919
0.34321921296723973
0.55014339598201145
0.32145603235323422
0.10023559197882873
0.65173867491604531
0.18616914959950889
0.40125658777466011
0.47056881764610525
0.51749210773083676
0.36829961398238381
0.53989949606896948
0.69720579817596506
0.37933263136617573
0.2231469662936959
0.1904389832681789
0.67830404910793385
0.40754855910851134
0.27036129123101038
0.43549252435561014
0.84448381848946186
0.35781229089786665
0.75427587549914066
0.47026374509985414
0.60475909272635642
0.26908104790921011
0.51453852532111721
-0.092450032228467108
0.54469075156286517
0.3837917586802585
0.34393181451604299
0.37777194201410885
0.57050184171402862
0.47671099802551953
0.41582076646573091
0.16775182886363735
0.74283248316972539
0.46486119312839663
0.36912912661128161
0.57311033369518227
0.5965055242588656
0.23731193621069932
0.36631523422825735
0.49910375313705613
0.64712438142497208
0.21333841621004943
0.12903593026895296
0.81788583982944285
0.566190811969152
0.88221402454835463
0.43004750411038417
0.29433164301703052
0.25770129214396537
0.53683539125274216
0.45233990671862839
0.70206300371592978
0.88114567710006797
0.91512751896177358
0.72727674703599765
0.40530114430429398
0.6054960544649568
0.64078972971489845
0.4646279238091664
0.79336759776158272
0.42388901737242307
0.66154249554835909
0.92570366412033278
0.47388096999345947
0.27602341791486479
0.76837463972065867
0.32739862236603195
0.53020633528603078
0.068445143566377195
0.55536224232028764
0.75325624455101625
0.58245221122781221
0.60684723424031817
0.63636465225439875
0.58813717492622264
0.62319293097671868
0.76085062240025647
0.46183800612037146
0.44906603111537358
0.56975908467530911
0.45051170626394593
0.58413694686962803
0.45609557442947463
0.90114555453679968
0.60496016041102363
0.4465154333356941
0.41883723132151701
0.48526618313725528
0.64219767742970923
0.56210761201059323
0.90545885243047519
0.36872092296835179
0.49389943766506283
0.54834347155748719
0.37618034764193881
0.27022804077129675
0.45064674231262108
0.42265251753689448
0.36653692599897514
0.76858856650783047
0.68752839535221044
0.61594211714906022
0.66771578410343346
0.8081347705076074
0.38519781009764553
0.53407698591032704
0.23701052453962251
0.46429085079720273
0.7693997002542361
0.51827099573193769
0.54564424264758404
0.79285424403204852
0.56212420457094658
1.0157968586402217
0.4933901805987318
0.54905196460802597
0.69990941864518164
0.48352954044345159
0.64764919206160165
0.53679837320175139
0.90078688373318916
0.55995181824715079
0.66742748245041672
0.5697260859095985
0.84982027496692059
0.67056984413512777
0.73623661364709714
0.3081852794700351
0.69743899476209881
0.80266754201957058
0.31623620640339939
1.0402602900830065
0.47407423507401242
1.0976223674739614
0.50623226605408511
0.63517649724431791
0.86519779157358145
0.65771676174909333
0.79171775247527088
0.60856667577675738
0.92292050153342964
0.83643141380862485
0.62960184604189473
0.90323591901648714
0.95539996917323122
0.74833800038903364
0.5449231864553653
0.76467585078495182
0.53636913020313692
0.61036039012883325
0.64330417435782328
0.66032701432610597
0.54092419797145008
0.39005018466833286
0.62871755232752957
0.62229857942554168
1.0431432499026592
0.78842980609539781
0.44344651488429565
0.53584809741528028
0.68704012418134419
1.1196383679634314
0.64841155522822524
0.7999642874790408
0.70386794492869953
0.71187468577632251
0.81698833854147812
0.54805869150752362
0.77239787296546836
0.69919678317023881
0.75009827621459912
0.71427900464573524
0.97389074664187936
0.49151882174060907
0.91188598498462403
0.30218248399901515
0.59496907193519766
0.74992118701666199
0.87674202063921225
0.44012649621364913
0.78886868419270118
0.6746929190872456
0.81780246806753398
0.67264980063880053
0.89279611935766534
0.78831366422513938
0.64276334494167753
0.81039483513282828
0.83968652134047683
1.0559736392200916
0.65786557700485726
0.5533673955017181
0.4430124187202934
0.77094122764016393
0.81898150164631289
0.65066807252042547
0.63329903947433397
0.9394510335302263
1.0180604605495283
0.70952419488689711
0.99873617690285788
0.87344497022833001
0.99558170856654449
1.1487045197922394
0.604772014149351
0.80144778121956406
0.83815283285106523
0.4750974819651454
0.90281189829251707
0.83830799460496397
0.52140430709673269
0.9951051414265436
1.035244463141314
0.78454323525037717
0.93530440691718386
1.0622504744994423
1.071026635193445
0.79850119777148754
0.90940367402992572
0.96922973462219975
0.93167545913753458
0.52947699244919466
0.92033614703316513
0.766072341951063
0.76065304582803961
0.87833428179731243
0.82003308155420018
0.97676244190850336
1.0192304211823793
0.79904373368782611
0.76603021941328531
1.129273139117859
0.74954731973526678
0.91327219965753192
0.68346619808861275
0.66125818515597368
0.83673156170358176
0.8969622852864696
1.2419405428733068
1.1138270207790162
0.94953418548045754
0.84988574616918866
0.57762586290258955
0.99724026717121594
0.96674216752355679
0.89937505483934066
1.0561132683094241
0.74351453204875406
0.95279294390820035
1.2038003616260231
0.92496547108586247
0.82777891790623148
0.65160042184223055
0.51250318051944355
0.68955807097269672
0.71613312133204265
0.85676195341909378
0.6013896848995155
0.66531278724271714
0.97935403260977916
1.0906655100234204
0.72458187593857704
1.161170362411736
0.98439842884714301
0.77445028487364642
0.87086450237860036
0.88769127503415357
0.74437523467739664
0.55044949296550183
0.81345865787647931
1.0175082687592736
0.92541725609528758
0.54061424383342327
0.85217746371208236
1.0045953510081906
0.85046315723213872
0.87341446843966331
0.91413827038936946
0.96657191496198069
1.2422337340263658
0.79066211431441225
1.419290181444548
0.76300120400846139
0.94900608422042187
1.0923991303291141
0.74022310997151963
0.88994536544712277
0.97827964359996045
1.0669432776225283
0.76367310876206818
1.0401062955660254
0.86835010719088801
1.0078906352337591
0.72741249963541932
1.250161944323734
1.0395441624380748
1.3142481199915084
1.3097056074916882
0.91133172176469757
1.0211010922540038
0.81589397154144316
0.96755346419909305
1.1925209488378938
1.0563880920528801
1.3090427723441147
1.0269180311952018
