-0.94202272854533875
-1.2563432217100161
-1.039828288799644
-0.68821749629895212
-1.0726070890165804
-0.94229604943675926
-0.83423099634065168
-0.89499372089267826
-0.82233492434560485
-1.2104965354483126
-1.2138181074584653
-0.85869560964560543
-0.89562486905178462
-0.94640908721999906
-0.92688401824742883
-1.042652102238218
-1.1591468621317287
-1.1926130565488828
-0.73604299819752916
-0.7026371698163647
-1.163112779478465
-0.84775361696048968
-1.0219608546930081
-0.99893620170832076
-0.80138351203292335
-1.0607411028115252
-1.1086533114272525
-0.97051711239741345
-1.1059603293746301
-0.63623091002702548
-0.77124755575489623
-1.1269348181207179
-1.0569169313173923
-1.0136541646278132
-0.74306009531287043
-0.75661510400005538
-0.97431573691440587
-0.87130107206765073
-0.68042885500696848
-0.79955861758196167
-1.0065571505903401
-0.87853383688895148
-0.77154476490453827
-0.95961167079253462
-1.1652132240392459
-1.2783216658657177
-0.96510542038639746
-0.76109035585695928
-0.46525780730274008
-0.93875424467736279
-0.75155191615486971
-0.99457348952617508
-0.62408693232218748
-1.0207302442397397
-1.048949078974049
-0.94326363076752584
-0.97042621681551355
-1.1228323426307356
-0.79723960640508384
-0.65351583148931236
-1.0113557288404513
-0.62991801861191332
-0.82176532629465981
-1.0325644090544965
-0.822945810787995
-1.3808415860212715
-1.0132590055733228
-0.81334467684795708
-0.37046948359935328
-0.77242662719041444
-0.85363278629851058
-0.68478298320026176
-1.0282377020427527
-1.0439416047675745
-0.82466873798890428
-0.70275843199693944
-0.59282510767233487
-1.0253537242156205
-0.72122519375365579
-0.80829416311390667
-0.89588115177871863
-0.68251420973038901
-0.79152430681420227
-1.0737033432784044
-0.96572203858017691
-0.72586764491470546
-0.80262312063004071
-0.80185400412852159
-0.56736034855081052
-0.78652763313704144
-0.82966557282686382
-0.72358137463368921
-0.97867165731066419
-0.81117548482316848
-0.99444827086308418
-0.87271798125328093
-0.45663679212258218
-0.87801082330353508
-0.9835173969433233
-0.48783265443116985
-0.60466376364533614
-0.6174765423099402
-1.0560651999985871
-0.63518464842160993
-0.69025576505765085
-0.93671629439469073
-0.66143890566093766
-0.94766551432435941
-0.7205372124442212
-0.743834024798949
-1.1044904420253137
-1.3017933732952232
-0.7848863853357253
-0.5643785737802467
-0.73454933730454219
-0.84596464917214975
-0.93098163295909864
-0.65811209667718373
-0.55568251053978279
-0.75277855900501967
-0.62546996290880752
-0.70563969394854487
-0.74464242399586666
-0.46258062746221995
-0.73881776360272944
-0.513472853068213
-0.63701167945353543
-0.54436142998546311
-0.56460619326786232
-0.65626063183441341
-0.80282624963403881
-0.85056789031151547
-0.54515426395658884
-0.67426059188432941
-0.71995549642325707
-0.67587910487369451
-0.86859333473251887
-0.33800733028904051
-0.49900417734898772
-0.71816147072350467
-0.80975250311941016
-0.9416357507461639
-0.62988205001941266
-0.71564399400044421
-0.74600594125309094
-0.68453764694440977
-0.63302780675622317
-0.57428670152847783
-0.99137331797681594
-0.72453324181992251
-0.57792911863112373
-0.75218077347565826
-0.57290213044098182
-0.99384741105072794
-0.86626016126184335
-0.78765398676286347
-0.77466704009349785
-0.65716061366712542
-0.96619266129880899
-0.62887754799952345
-0.61930282172155948
-0.34333697402338115
-0.63864518564568629
-0.69120272802275506
-0.79403642926283646
-0.90087685709829501
-0.64270231934045008
-0.629426478000218
-0.99239787439787408
-0.70356473919051754
-0.59698130135083682
-0.57416476490775148
-0.38109177795134341
-0.80708221542994218
-0.66390336013776186
-0.71797842481319896
-0.71515919336446565
-0.50436837755862196
-0.61133095672598947
-0.77183838865239407
-0.44679650186286507
-0.77784544500917541
-0.43554582978364004
-0.61895138363932423
-0.33443270628871347
-0.61220751786541927
-0.47543155564162232
-0.88582540007424471
-0.92586870079523209
-0.65867828551474472
-0.76099248106064832
-0.74049258830779208
-0.83216571689612351
-0.50968917577615025
-0.77059097553115319
-0.71784287738841579
-0.51609133658426587
-0.62753665673284287
-0.85448640242024632
-0.76021653448485604
-0.66409618351853639
-0.33541256107616757
-0.5909696210511215
-0.35575975296542311
-0.61862293810204305
-0.99793102593949945
-0.47056501781442112
-0.70621816886880606
-0.66996243105624187
-0.46608197856388717
-0.84306872897260299
-0.66581999194494268
-0.58994655794479378
-0.35181107233284825
-0.4311503779880031
-0.40052237462166823
-0.77055196567397466
-0.56668322598201082
-0.59481502951253828
-0.4978992686463376
-0.39809581034179647
-0.59824022559512302
-0.56266738430774155
-0.3845042006797284
-0.77947971013913375
-0.72180140991370056
-0.77102510087540832
-0.39748964854110819
-0.26118850646621583
-0.56835581122042589
-0.31584962882217349
-0.60772959118900516
-0.42956536766216885
-0.43060717285065098
-0.32234124699046318
-0.55176321762137237
-0.37955984081341021
-0.69945359765487558
-0.80483069677169006
-0.42183757637741937
-0.38839015934062959
-0.85125137298241904
-0.53788505486214122
-0.15500698515865355
-0.57251643163259014
-0.44963095283333177
-0.62084710937354737
-0.42309123565379797
-0.14741965294938944
-0.59647972007812256
-0.35989665481462529
-0.62909449703916898
-0.45068884555997296
-0.78525935296316418
-0.42070892594806097
-0.49284298956170475
-0.40980025529439162
-0.35394965008597051
-0.26646003280980918
-0.39745739443214584
-0.62679547644298172
-0.66359115340657526
-0.35930095307153959
-0.58395538783881007
-0.48131653064807295
-0.78414113903737326
-0.1878532419880706
-0.50851617521663728
-0.41639260189965177
-0.26405238444998269
-0.34517481195906941
-0.48244604630631593
-0.6603307084275265
-0.50939464816711133
-0.48252151852799519
-0.25265725411534545
-0.30292947315613994
-0.55939304764502729
-0.35751407013141528
-0.16607399339676815
-0.12951442740904737
-0.29819772497374597
-0.46230683694952357
-0.38122599388522477
-0.60433492340372941
-0.44944507842912013
-0.38133850061544239
-0.62647958662472869
-0.52007925861323667
-0.36661497844516
-0.57020679978017186
-0.39971821944685199
-0.67751675852097326
-0.55757756482912146
-0.49745987681104203
-0.5715718904860051
-0.51542728161877438
-0.33287454689320123
-0.62563988206267318
-0.21712991063213821
-0.53204347976021249
-0.25864545954601381
-0.70223365950971928
-0.49807267132308974
-0.35616738243937213
-0.61206531234853712
-0.60583650292196034
-0.24471658230607557
-0.46459748093239445
-0.38106626850531733
-0.57635300100128262
-0.39921443426561898
-0.33453612524450793
0.012884569947849384
-0.1772761196992112
-0.71660504689932958
-0.48246316586581645
-0.52068916836013202
-0.10378352886919121
-0.38316057505232548
-0.1392921360615744
-0.24602708962437106
-0.15881356723765919
-0.36661121858916906
0.082505331665951004
-0.32325896085025985
-0.28777062015908672
-0.31023018850136974
-0.36386763946488476
-0.71249797846373841
-0.42752756445928841
-0.27146496570174861
-0.23894770634361798
-0.56317063606044349
-0.40660722713098957
-0.43184304752722802
-0.50722290594865704
-0.49477992289323475
-0.10333669132488038
-0.27094234085393626
-0.16251805060181779
-0.34524338311120012
-0.51126815646468726
-0.3342442292728367
-0.35857229439486449
-0.11613658494451261
-0.38078554863983344
-0.19592609195287117
0.13348940688619423
-0.23800252058612581
-0.23811462358233657
-0.19464459194684108
-0.21301075313905074
-0.23785636780761421
-0.43332048255880706
0.20158551583056522
-0.51096660732401167
-0.070822447136218533
-0.080322091212920832
-0.44440101487766775
-0.2904369976420258
-0.38171981348560063
-0.49968277665490118
-0.23937007521546122
-0.10356170114269952
-0.1301264822387054
-0.30658460186779024
-0.4493283003368328
-0.012362762287439223
-0.39099242665582501
-0.037146787480862843
-0.14952076792204588
-0.061067902351331568
-0.23837177836537687
-0.3494368844448198
-0.48072017259482019
-0.29816760750777049
-0.55784191829640084
-0.38020036329965662
-0.48274882808214264
-0.2208357412960191
-0.60311739296468658
0.038648999909154956
-0.62403643052885094
-0.40639347887152999
-0.21225402770177315
-0.20727429026577451
-0.097172700676014703
-0.1576632969460717
-0.20547903455629338
-0.17305387297784514
-0.4019681757199276
0.029487972138794658
0.0079910906597517196
-0.024819610251288607
-0.11533838825230365
-0.095325108419685708
-0.036896847016799059
-0.24590338850863669
-0.079782747716211605
-0.1258473945915089
-0.37134003803297738
0.05240700468643017
-0.10410752542436914
-0.31746281343624172
-0.24990691356491451
-0.14377823026588107
-0.09127070929696382
0.39976401808533951
-0.57842179134449978
-0.09752321206484274
-0.45923495768212613
-0.19002611624969612
-0.14623352940505016
-0.0014838263801494689
-0.061500524798454415
-0.18051461716539965
-0.34958839407699899
-0.19810110070529893
-0.1409149803713329
-0.20554527742507248
-0.13962131115291229
-0.1104527112463063
-0.23795039079137192
-0.18696837544087166
-0.51575120769065519
-0.021552657602225547
0.28124094271277644
-0.012458574116478384
-0.35317507663906839
-0.19638524067312396
0.079653051881074369
-0.25731395293327042
-0.060846902114898023
-0.28783859201753376
-0.14613538812277249
-0.17817515819669003
-0.21318248401604287
0.076127006634333902
-0.39243881390169572
-0.22732610585411961
-0.20201786121571699
-0.28995587700948305
0.0009549148513961018
-0.22291896487978616
-0.27860380200346152
-0.33413572099983518
-0.20632548867927236
-0.27509166300619631
-0.16172982877699713
-0.3961782002713633
-0.095042489707015218
-0.13617618302900367
-0.2597079628504419
-0.19855310751019556
-0.11880009306131756
0.072274859011931605
-0.30888805330983843
-0.006989361248378516
0.32180249384143972
-0.43361637057654756
0.14405142096223106
-0.21756159715892578
-0.35394421533517462
-0.24789226659259297
0.073242884707608785
-0.14982953528723267
-0.35897394058601878
-0.076984318821198508
-0.1892686812019353
-0.1992157236895517
-0.062974227202386782
-0.15889399538724311
-0.15702361264987605
0.21842960710447043
-0.089730604662886099
-0.035389997662824732
-0.34439414732791324
-0.10809578984242234
0.065704421785307152
-0.29435310861692798
0.28900191121485297
-0.060098196825490481
-0.29136112290517902
0.23368791969900152
0.10966654670817381
-0.10097398989753047
0.30431332802105893
-0.090641595077015608
-0.15041815654226204
-0.15697395428230199
-0.11369227989262348
0.040835253403873874
0.12873576285956181
0.05998559430601344
0.016599267438320811
-0.39083075802582412
0.046070988633332602
-0.043796856095222443
0.18009996354886559
0.1963610763898643
0.025890474134497514
-0.021692463468640219
0.0048331642125715489
-0.071326287669105717
-0.3133090376550014
0.017705036610784822
0.32815938617456741
-0.039247982176886902
-0.023210150502247312
-0.13178061295049354
0.22860085413643583
-0.1940995366611222
0.14105809367483399
0.23288778189676163
-0.10682596848675541
-0.047556724965973816
0.069959956527518408
-0.048133014761112952
0.062539837929519324
0.26454089508578943
-0.066594177142908467
0.12525281661694085
0.15094658564572458
0.1893504495061154
0.2742034340966622
0.29236141366921053
0.0080051174956621337
-0.05023500430083587
0.16424148794877202
0.096115970551670996
-0.19643692889199618
0.28240897199931297
-0.11120842963337016
0.21544542934507324
-0.14235388206010116
-0.051536903331052146
0.03232982536804814
0.22214078720717034
-0.018400840255592875
0.0037629884552300343
0.072423920505782363
-0.2335457523476942
0.030387543283942612
0.19062608982405257
-0.17304601732699529
0.20443084379441478
0.095272277429050964
0.29797668655045162
0.48160159794893054
-0.12132074326004463
0.54515197486654177
0.25161350595232457
-0.016976490527942072
0.37679308528847183
0.19316469898518449
0.079778353580704633
0.061540871052890675
0.090006540820935732
0.30602064473763152
0.10778542908947703
-0.091972929710057633
0.019524116660272227
0.29548197995111919
-0.013024072558831893
-0.12138672212436341
0.20205088580611399
0.2402913114553803
0.22284727472102336
0.13901825985119096
0.20722761491360284
0.10344646467440739
-0.01493528300068034
0.16999982320941434
-0.039485979742788883
0.2168299918303222
-0.090156292517579048
0.29747226917167502
0.17556598566692638
0.10917036111976733
0.10465539695127739
0.28179801029760804
0.092034517737488705
0.19058488616914396
-0.017317561202409997
0.3370077604669805
0.086739637506637435
0.64367934121933656
0.30690689240009339
-0.058356156666044018
0.13719429901967539
0.17110135261891901
-0.061030747406872546
0.3820787944018309
0.010006904453586936
0.14529779959733524
0.30334170457696902
0.060032878039939966
0.23072663857606762
0.42072871862059541
0.056215337103741249
0.0030010047093641952
0.02970238244492129
0.17871044244197962
0.40298030126098378
0.30474515686022902
0.50514130082525033
0.38138283409641188
0.083822073034842084
0.14155366323678978
0.076921044244891643
0.41877966930669341
0.076121157040550724
0.17066788688558007
0.20834815491949735
0.1846886424824542
0.48086779853713402
0.33230927017658035
0.19235781183627101
0.23200361555989091
0.51707438586385324
0.3887834679506047
0.17679107706114594
0.34975295003773005
-0.011161122376514863
0.3519763991212333
0.18029232387297153
0.36607912761621214
0.4742130897741948
0.38291059424303847
0.50009066605254859
0.24761618495210197
0.08768967221782227
0.53230165562769149
0.2751898156363401
0.31774569194672447
0.1117940322407124
0.21444356346981502
0.63580710810365637
0.37347230320403146
0.19206233715265547
0.23392444888723438
0.09148042331080683
0.53330705266688228
0.38604738751605511
0.4663289338282583
0.45188819719045076
0.21042012737788374
0.41024296958142947
0.56495977646291407
0.57701135083760158
0.5204162406252778
0.26631024257351421
0.57083321927344877
0.15623305237582472
0.16247006832026126
0.44113067975855969
0.41537857358376745
0.31599423995123094
0.30236763141895118
-0.0030575928477285454
0.37806871327916403
0.0071607337613220834
0.17893326066849324
0.46751747806521715
0.5372204373636752
0.52565749520067739
0.32431070819460955
0.26319028119785903
0.41515483252108076
0.11466020898825195
0.20382219698383641
0.44998747961734298
0.21522224878586632
0.44228622611648444
0.24563754893234027
0.39425593085640154
0.4182453148135532
0.36084684367480202
0.16914013708823342
0.46774417949528235
0.27968576523233979
0.21669126644937808
0.36928301801707691
0.18434320032576107
0.44763282915067509
0.32922529029825603
0.40611592861859214
0.58212503748103139
0.47090138214414839
0.16141205656640334
0.34085593766535593
0.54158086982779452
0.32791492385425736
0.098081559008913161
0.63295052098773885
0.17748610890048072
0.3926072505314851
0.46130953663118163
0.5160645501604203
0.35892696709331062
0.53389896145268301
0.70351484287240962
0.35550293255750959
0.23536523092132738
0.19392872083663254
0.65306148641198658
0.39921348548231894
0.25711097547012574
0.41754592466210555
0.85795393834844236
0.35263831175503274
0.74716032885603845
0.46799080492285833
0.57366686097381614
0.27522248254982618
0.52751243570039175
-0.081191220249660079
0.51742871093921528
0.36520599435916834
0.36871326432494189
0.39305648014990685
0.55335126748574581
0.47663429165726479
0.41957893762421467
0.15770436365376911
0.73829356745590968
0.4848899686230464
0.37614289518923844
0.57048321601762175
0.60023292700826802
0.23254088871983652
0.3956832732508157
0.49961819803827995
0.63172493063840862
0.22762431726773183
0.1150200312226823
0.78870456201873251
0.56927794040842816
0.88991387692286272
0.42843733015087199
0.2859569170755803
0.24492061064051421
0.5306545213371795
0.42026604508491078
0.67672660765449943
0.85807011802369115
0.91365384896179458
0.72480202597220345
0.39928803507002153
0.59501000876869214
0.63437133687501501
0.47996789256673977
0.80373425576546798
0.43649714924116334
0.65556604022696352
0.91661717142827603
0.47938256872546942
0.26318442985740059
0.77982394283838186
0.2909308110643305
0.51813032106310886
0.08595643660620686
0.56501213303248243
0.75835850095275581
0.60502657028188855
0.59997028119512719
0.62914001842505929
0.58202033208912474
0.61544342477839598
0.77661128751666664
0.4531323274334178
0.45493710919493169
0.57448972966980505
0.44457606757037249
0.56808321577433551
0.45592109072026854
0.87006188050077038
0.57543311665526153
0.46859053276581458
0.42522336608166306
0.48949059984250032
0.64750010748151765
0.55431538154540672
0.90421858646285369
0.3700841253360076
0.50724922372144798
0.55151735928178558
0.36978297897815143
0.28224200255929555
0.43755701542005593
0.42415967013783257
0.34946906515641879
0.79607168162322239
0.70357473961788075
0.61453083903842942
0.65879797908395443
0.81801867214281665
0.38394436701465934
0.53814486450909538
0.23023429499942777
0.4605614430892126
0.76161845613368251
0.49679074051572064
0.54032405897015923
0.776531336319076
0.55535010020055331
1.0091686439507264
0.50639217379381352
0.54989555908525534
0.68364922347259194
0.47399408978923541
0.66725614218904161
0.5380166454710531
0.88243454497670226
0.54884802405468469
0.66247504781319089
0.55969011465397089
0.87282709614429232
0.68216115558480384
0.76120483839967046
0.26205387826768384
0.69506063690954689
0.80554047930880568
0.31262612035656839
1.0292060361105815
0.43765312522954891
1.1127935994201108
0.50976940082050914
0.64059056165554507
0.85528299039568434
0.68390518857885296
0.80725206962864537
0.61139481751112568
0.9067287592544232
0.83644556437909168
0.6119945175994026
0.91845986529250401
0.90894815526892614
0.74267217753759296
0.54343515099263362
0.7796318574215777
0.52998806436285972
0.6188880843916329
0.63455557066531243
0.63686155284302992
0.55015477408809399
0.40777269566049534
0.65120890576429402
0.61057451516373329
1.0441119618257608
0.77444408408413423
0.42962836712843427
0.53649807325253951
0.67764160327893652
1.1220195036529235
0.64905503923241148
0.79807690524440578
0.69903591537352805
0.72379608018917962
0.829961024908631
0.52750031835023281
0.79421938442675521
0.68616755676965657
0.75668770134686969
0.7180796565191595
0.97270510004289568
0.50048896062641857
0.90616469543710176
0.32525408450038301
0.58652114447168457
0.77020836887693267
0.87763482238737223
0.43660965763680348
0.77872092786354674
0.66174028706436339
0.83453925549208419
0.66407262566234493
0.88953193457727198
0.78873250190715305
0.647796100274728
0.82123221433888705
0.83787382416324008
1.0550189796845708
0.64117961157824366
0.54524741575912961
0.44191703548274175
0.75832561493023931
0.7995076439192258
0.63757858200451356
0.62463015521943199
0.93505470205318153
1.0171973942583696
0.69431327104372587
0.98413971633390818
0.89776313430790966
0.97867169296820267
1.1346871837723596
0.59998987559735184
0.81180900917450849
0.86176285383220363
0.49221945740364398
0.91239069265411443
0.84575849554069582
0.52672068794024374
0.99926230463356613
1.0355962848853619
0.77310047266851278
0.93735252375900147
1.0732698091215636
1.0772145153726014
0.78371560401055729
0.88506613956301816
0.98470193486313651
0.93166488317478913
0.55798991834547207
0.91729674620707247
0.76075908916053336
0.77481678716096314
0.90822207843414093
0.79645574186875301
0.98901110205509912
1.0023050192591509
0.80982122499917408
0.75293108507020601
1.1511379687691126
0.73373870535882146
0.90802491825839593
0.68405704810635759
0.66205135739076704
0.83192336533856681
0.90291644691340645
1.2518307971112477
1.1304699197775669
0.96092048978868072
0.85889776468599732
0.60233949841610435
0.98792540014464281
0.97280696293256996
0.89570309098072143
1.0452124876524052
0.77747420796101441
0.94504427946648684
1.1899575334001542
0.95730431925801618
0.82849218555946724
0.62261427064029495
0.48570229440959373
0.68919046247941862
0.72696198980844284
0.84004400955713021
0.57817861490707267
0.69033871771934341
1.0042350586594899
1.0772865345285176
0.73134321138642588
1.1563671125934649
0.97402782033566193
0.75596663849604362
0.86884692067863767
0.863995318719184
0.74555409114035076
0.54017663278918648
0.82306742201367666
1.0306960656972055
0.91585156813986612
0.54063751037015584
0.85330141118264735
0.99454354349785012
0.84281421951223134
0.85929933692370852
0.9106552781883771
0.94867625778024633
1.2475436604925854
0.81498680183968464
1.4255389799369647
0.74562673321310158
0.95758957555654423
1.1080835663828978
0.71678443543442771
0.87631896090219075
0.97169390550133006
1.0657674773686796
0.75394988136267005
1.0379483795618003
0.87557709800942807
0.99229511563515849
0.74939485510859782
1.2648724846754962
1.0111272392103878
1.2994920520771263
1.3333002641788827
0.89687440447801325
1.0470038408548847
0.82061181963244145
0.95870126695114966
1.1924383593905103
1.069809277067995
1.3228936567612428
1.0144909513402889
