-0.74567059079106679
-0.76590767230526136
-1.0841521334472202
-0.77400028790753894
-1.198333326186872
-1.0480770533776662
-0.74794306588016402
-1.115951581733011
-0.95408784615302022
-1.1274673034488807
-0.97502675705001474
-1.2439747813109092
-1.0020251243515153
-1.1677392555711539
-0.76494394569503577
-1.0392424215124931
-0.93677667877119264
-0.89638036407088362
-0.8411282740822571
-0.7439191803149906
-0.95075695267849802
-1.1006560472174387
-0.95978555482782024
-0.80778074191287763
-0.68418990730496321
-1.1052514590872524
-0.61431614389066336
-1.0432514583987673
-1.0131707768220093
-0.85746208189721185
-1.2530630679917021
-0.5519543113443266
-0.90293623381091725
-0.9548200215703202
-0.99115643704023471
-0.93195697925678866
-1.0903182524098065
-0.88165016627773984
-1.2447503583846717
-1.2144058641829476
-1.0281556147792861
-0.89293487838216556
-0.8278769230001406
-0.88523901507433944
-0.99601790093235687
-1.0428092073888604
-1.0255044565547324
-0.61375814346254554
-0.86628177724091882
-1.2143305760276037
-1.1409554112461198
-0.58917576701503882
-0.6945425243740474
-0.92226941633867299
-0.68391183475745299
-0.75743280025028614
-1.2346566973966697
-0.717334421799392
-0.90310392354882518
-0.99376880117729671
-0.92631536642911561
-0.95057597756565415
-0.83269265933568104
-0.74315133373481201
-0.84693969610589381
-1.0879454651243539
-0.84921433156031223
-0.99443229889807094
-0.63121953563597344
-0.65859253567065201
-0.77764304132797724
-0.63021043174453928
-0.54610819927199183
-0.88052167611417287
-1.0289823407785159
-0.84332906823520049
-0.53816339126813095
-0.78404067206895567
-1.1335711303686378
-0.68703733465067174
-0.81672919777314146
-0.81869701887606738
-1.032260538775529
-0.82601044815240066
-0.40908301717445977
-1.0202260642935868
-1.0310295317273772
-1.0117935183551106
-0.74513040736971392
-0.71579386394567412
-0.75664994227254112
-0.64380720052683527
-1.0029921917271361
-0.55118780765957276
-0.35092190793080336
-0.86444034951546123
-0.94743704376966831
-0.66893647720662175
-0.71561221551641097
-1.0534621812181344
-0.72739004553485376
-0.76875270664680717
-0.92534589222575647
-0.80005980022803658
-1.0037495199357997
-0.75741656016617509
-0.72566974551054819
-0.88267984075787154
-0.789667435350768
-0.73106505353764539
-0.69602738031647615
-0.73666501941301565
-0.64949103545268272
-0.66657027183407436
-0.8251713437736875
-0.82811535054005692
-1.1144618374650677
-0.49311830785295196
-0.51246465903561489
-0.85816655790888441
-0.84619449393235402
-0.86822613346395072
-1.0842617130283057
-0.59611427089599178
-1.1070677815179477
-0.86298664224495802
-0.9205239791930403
-0.58857866344739884
-0.5607389205547767
-0.64949289310957614
-0.71463094611098155
-1.2211678665751657
-0.78089057080802182
-0.56641989380136726
-0.87172492244777444
-0.83267379185568347
-0.92195543477085118
-0.88962952635258863
-1.2153947152916842
-0.44441649989522997
-0.56565588994107474
-0.67414914654303104
-0.69188199271247575
-0.65726659395609321
-0.72385457064421344
-0.94712913719680003
-0.92086304383409856
-0.85440208911196802
-0.30847560576884525
-0.43129304190750795
-0.36790736104182636
-0.49231855655253615
-0.85422980440405383
-0.86272072210998252
-0.80073466395448289
-0.62072294347238832
-0.83267665796486567
-0.72644577763112439
-0.60969846875349121
-0.50781801720502195
-0.62902173514713888
-0.89368893722264042
-0.60142263482134739
-0.88218967531520109
-0.76609389696216901
-0.49353681974995356
-0.50031145896480322
-0.89672261731296832
-0.68139723319717194
-0.40380185340643826
-0.71158052299157704
-0.76966355631929106
-0.7526571726133936
-0.58542684497234088
-0.45380879707335514
-0.62655729362568868
-0.8657922543473312
-0.5850039622773
-0.93351199492391346
-0.11765068999042871
-0.57034126014286657
-0.81120261836395291
-0.11954010041096746
-0.83605011794976847
-0.84318141477323638
-0.84517382956715992
-0.45379776726074877
-0.61341335849634848
-0.25193517635278029
-0.64105566871126618
-0.70841937053671911
-0.24943753595628654
-0.40632871042592411
-0.55998334128223426
-0.87367025845707735
-0.39973777222692014
-0.80180929478084151
-0.61529058065756703
-0.33828908491706328
-0.65662991151065631
-0.84998060305794065
-0.91109874652002287
-0.45986864401424243
-0.44882407056044027
-0.8260640660378249
-0.71965455267804657
-0.26734110801043071
-0.58418706645515783
-0.81334471044156209
-0.63015414052723051
-0.59084609055063952
-0.55515636432075388
-0.41373550305462364
0.0013015534426634233
-0.40456428313923548
-0.42508458606036842
-0.26690846734021201
-0.59667483135192423
-0.29993731935224444
-0.68082005642154031
-0.34705600513498175
-0.49994208721485345
-0.62910005330114893
-0.43330389824454568
-0.47365175668770654
-0.62624493213332999
-0.33360354382965712
-0.78906905109541814
-0.55793427540572271
-0.30714477317831373
-0.73526900940077544
-1.0004372182277221
-0.56169256257772249
-0.432691141798134
-0.65137744018839838
-0.54574071211312469
-0.57269732340170354
-0.74235884587149104
-0.4253383399430124
-0.50995377327737834
-0.77005337466265089
-0.32251749381180361
-0.34005669456681475
-0.2426528746337048
-0.81303275259739549
-0.55604103144303263
-0.22030535814364086
-0.37494322063933339
-0.76789307225637982
-0.57203920179894052
-0.29661711679001185
-0.37632830584220117
0.043002564445014602
-0.25590943946181099
-0.0086449537185773161
-0.51596410927484881
-0.74431934054761328
-0.19675383381498784
-0.16568197204123225
-0.45397841971969993
-0.18194892379591643
-0.28306953027922505
-0.60826122992316234
-0.49932125932697197
-0.2834161865006552
-0.41019129918379932
-0.42947711377693337
-0.91526761039218507
-0.83798493286771469
-0.68754277416831344
-0.14118660606294989
-1.0557478870272885
-0.13830151951027866
-0.44942502347089203
-0.48789230084069046
-0.32551814783122807
-0.53525838592866837
-0.41836665000566908
-0.20757570923651744
-0.44604766958918196
-0.58946664404789184
-0.29581819247424579
-0.32552929831084576
-0.36607011636081838
-0.44164717767918726
-0.42351277213511002
-0.65007431930264936
-0.35357347564849617
-0.31428930118754866
0.00083333026149919379
-0.46917859449915383
-0.59353228509226197
-0.64393691034935663
-0.18133453949899939
-0.082061115515636524
-0.53583413843577299
-0.30044533345310681
-0.37266033446901131
-0.56006635201238497
-0.51381640224887437
-0.34436339641652669
-0.56956012673652268
-0.37146312248492802
-0.54289280788837724
-0.14584966241186764
-0.28476797330763309
-0.74181366022213524
-0.52806257684626845
-0.34829708464322984
-0.36315370377143524
-0.74787094379149233
-0.66163137652722936
-0.0058961155970713719
-0.40540934500029313
-0.094883741969202989
-0.34184501610165219
-0.21134058240167614
-0.47730282165508303
-0.40737033945711099
-0.31146794691246066
-0.060660306604856412
-0.16383100791891195
-0.063620531710809197
-0.023095361250177759
-0.40673054071073994
-0.35544538356332422
-0.31079943910219426
-0.25414857272415914
-0.61069893846601553
-0.78899643038157474
-0.39828026397569377
-0.26975384534652302
-0.43278976766284166
-0.29767585113888972
-0.4362777395828476
-0.18997070021273468
-0.31146524971105172
-0.3164363611970743
-0.51569686056001796
-0.53304606588739711
-0.46169442215929746
-0.72331726083975079
-0.26489028346316451
-0.58273085610656594
-0.44124550894203463
-0.59390903318095056
-0.49570927688520361
-0.23009241667011066
-0.13995866724887521
-0.36806395926574337
-0.69964249949284418
-0.35171636980981941
-0.23284179552552117
-0.17107165709185088
-0.11060896254166599
-0.34771203421161101
-0.097688547762162389
-0.4042295466156246
-0.28724902568115279
-0.37343730412763398
-0.34669210923901822
-0.35476616365718155
0.028849043110892245
-0.23585525835231161
-0.53441004686175231
-0.24476390802834025
-0.31884472135160069
-0.45523064585705647
-0.20014563467730406
-0.49041550002658668
-0.42087475256727441
-0.23460582503900962
-0.1708888976538436
-0.12202482521328968
-0.25167000119332084
-0.24079174798013869
-0.19145003556440574
-0.15734667015793674
-0.27877852592534563
-0.15114483850284713
-0.030946744355659882
-0.60130580254919752
-0.28945974363264554
-0.13266509496562995
-0.24274261521611704
-0.11719342280039555
-0.22667107166161354
0.015714760764383481
-0.20397824046906096
-0.43015508754667392
0.011615336306646424
-0.13828148531533652
-0.39245146193577174
-0.23023272384454568
-0.11447242940998097
-0.18938921733936448
-0.16361738489773425
-0.22238768877182183
-0.32156375123082503
0.047596888252090221
-0.20214932100200592
0.041321852645408205
-0.26168867333090523
-0.15810734118519976
-0.18610087147076779
-0.40787999483461207
-0.15675110570428971
-0.045521760787612005
0.037605130949072259
-0.016784971417952019
0.044187482142120121
-0.24772391233786339
-0.02308560247511689
0.0074510143852307888
-0.49589257694896677
-0.015589504121332207
-0.35606892321450706
-0.29950089848620542
-0.011136131662618978
-0.19272059690877755
-0.28902736605482104
0.032798848474724022
-0.41672817366161197
0.3076072533256724
0.058189233827752727
-0.13694590661807404
0.030284247696684686
-0.19797006050127752
0.09237277499248131
-0.072432604045053695
-0.089555559276751198
-0.70704653883121127
0.031680804245720097
0.094257078628847121
-0.3184073753871095
-0.50613114288152428
-0.22766002435159952
-0.45365047434840894
-0.16815674445072382
-0.26464592753218613
-0.43211142125517382
0.13304050212249252
-0.0084313108251378704
-0.16983059884635893
0.24700291315500783
-0.16325418754235796
0.065948630294480629
0.052848241463132342
0.010294609733050823
0.079776164637929262
0.14054703414326306
-0.11720010863417026
-0.16666643845323428
-0.074859003484482739
0.2689234949167259
-0.12219311647222415
0.14740057597963566
0.1705418270229446
-0.088164762113315795
-0.013576063312589936
0.1228933943882479
-0.26333715135279023
-0.17638388003481278
-0.11095783676104942
-0.24779162663069318
-0.32431428275231677
-0.3677766757169405
0.17515478052005404
-0.07150715351879762
0.12781280609098961
0.16022639966093569
-0.12006261043511766
0.30426948343153015
-0.13461060179863271
-0.2366777533511607
-0.048279573143625867
0.30862961010482121
0.10394719690253228
-0.32032214041774104
0.049016140915151198
-0.025237725330091457
0.13786227084421965
-0.2263624879007744
0.14485801402827786
-0.16443670748625011
-0.074412596026595224
-0.20328752967247041
-0.053154579288802184
-0.41716365140504563
-0.43605133335843821
0.27431029279455105
-0.10513264183588622
0.088760691333317016
0.25796953965345687
0.036911348245954656
0.030119300569758096
0.18901567384903795
-0.23255071486449347
-0.29237893365830953
-0.36386192509426424
-0.13750690447338917
0.070560069203212103
-0.39175448996210827
-0.42179144848479072
-0.064632200807963364
-0.039062614720282468
-0.052015284695954705
0.22794381150275145
-0.2159640580305158
-0.19377338481803086
-0.20607976448050203
0.061544029201797211
0.097415732258418722
-0.11751509863189816
0.029228902187702792
0.067179696522382246
0.048381745653266042
0.087251695565605483
0.13319290364098388
-0.49506423848696635
0.062993385516390513
-0.14488064465001646
0.21431706034662182
0.083846306096251835
0.10246591169032729
0.21857626929085816
-0.25591754727576427
-0.02374720558205325
0.36410374672624546
0.034945054086362566
0.05414744928478097
0.22733982301893102
-0.20923652308636975
-0.056413675335192565
0.012740814375967796
0.15215054051792859
-0.10686010522014815
-0.1119260991041104
-0.050856027117632804
0.07561869153520813
0.26795784630186076
0.36815403352418918
0.33668303977019765
-0.13610295966312522
-0.10839480750825881
-0.27917853349483612
-0.16400796540863802
0.31293523920000266
0.12546781672074944
0.37313249048135233
-0.18150554974445626
-0.32690994358768405
0.13002798627021345
0.02383384166481517
0.13988804423680609
0.024329317628931268
-0.0063698192735489401
0.19257275034267946
-0.045247877536808874
0.4166485525279579
0.26930445090437333
0.044769958420269845
0.035752777765589612
0.34801278121829105
-0.091074558166661601
-0.051926222040078275
0.11961763711681725
0.094822700587288727
0.29552538873545886
0.19504826691635882
-0.019828952468917929
0.19266957854046052
0.33015064631798446
0.22113552288072849
0.016770244092831316
0.45783260088335381
0.052739534942214075
0.16654833183848247
0.33812776397825517
0.33794921607451989
0.3707793068578582
0.27692935680471586
0.15602430907032072
0.24554870720649721
0.31830112559688628
0.22082099686792789
0.10249545666011409
0.31651657725092253
-0.071638325710711756
0.071244150020156313
0.07579762772327539
0.55168646506828378
-0.14237075698711074
0.44680438894461777
0.28194844524165674
0.35167788052372601
0.18084648298295344
0.24938708997428954
0.25665292776620419
0.16194637204827508
0.019730320739358289
0.24424167927013193
0.054807457160687127
-0.12123009538775849
-0.066765129379382906
0.18442154920629952
0.37193595411584551
-0.069482865337090874
0.30720970702168976
0.14801507885811385
0.31046053989494554
0.05411701604151422
0.083548890803440259
0.33041047179898642
0.046740435255386764
0.13131067339168739
0.52313166810651013
0.4588828856578257
0.3085538015867173
0.10516802089177726
-0.11421883778849423
0.14826271138242078
0.35045115145109185
0.1282136783605608
0.33940109032386873
-0.022927907292794036
0.2159362620793629
0.42441351006431344
0.4835723961563792
0.20602368482296038
0.25109011602007175
0.38207455218511827
0.42679317600648792
0.40174778024458663
0.038609360633670042
0.46809481850627122
0.17017684341822986
0.28694915389361669
0.086853334151549819
0.12510452873088174
0.22764368883834216
0.25645013946342415
0.58494169959303643
0.32882524378606137
0.33917279789139254
0.5052541478411835
0.21301469308097629
0.1186534886469643
0.030003942453623721
0.19714024580013267
0.42577135414886036
0.18126684585825459
0.37467509981070041
0.35403344039547935
0.49457076405882427
0.16125312430208691
0.14232014805737192
0.169023847634026
0.023467103633306022
0.32571376159994925
0.1889809372610822
0.35999908205960157
-0.18083451176832363
0.67730653122499995
0.71677590893149534
0.23063038192575935
0.46358915721435801
0.35537264025723764
0.2816282225888605
0.29667896136423028
0.5328593980273223
0.27753012187207643
0.40694940951138853
-0.046668264743303642
0.10292522465631419
0.45154862051190647
0.3765151630625746
0.26090939648809947
0.38926801114577281
0.65075189442414816
0.4076542826207683
0.70810092776137867
0.2160231093296052
0.30315665911406886
0.50337202892407007
0.75799848465209252
0.27431968852838745
0.39805021559074877
0.34857347900989499
0.31755362513005098
0.3175060972560394
0.59284296079756582
0.15142922831300043
0.6283222276021071
0.47237347402116875
0.41857599698890996
0.57962266974792775
0.25952258998185201
0.25918562579519755
0.46238850200828235
0.55052655654804616
0.2771563696878272
0.53603867757063084
0.33757394285515691
0.54287029040412615
0.45584694803634429
0.6003783796079013
0.27788408791654096
0.56845274666684487
0.2694025736947297
0.24552475519606676
0.39292834869350329
0.14247264409440341
0.74623011795049976
0.37288496716766711
0.14253553173891462
0.6682924915992523
0.42708984349633716
0.29159677544544854
0.31257268750155187
0.57240116501717286
0.52288266482350065
0.41733833020460814
0.63828163109225944
0.59563314250771016
0.56213741019837704
0.44090594103726416
0.094291608284892886
0.32761689439340713
0.68967655790300741
0.28795833087618938
0.30599105787263603
0.48761588838278191
0.28736545379945555
0.39284547233354561
0.62830197237170649
0.20517180029342483
0.57227313948823344
0.60034082592856164
0.56058909917919064
0.54506229558458041
0.5187005919493296
0.29829356636237614
0.511691127505981
0.61857895607800162
0.33197871449477323
0.39731725734066065
0.73809121060633309
0.47587098839596487
0.63207173760277036
0.60693308909887367
0.77773427753695201
0.75575971941472198
0.5685731166453647
0.28781375560269024
0.71254152559646911
0.38749387546464925
0.34596338656243036
0.60646561451659364
0.2224621944584281
0.42528233585192265
0.22591452897351813
0.4171933712079775
0.42654909941304975
0.49870214153743964
0.38674455590989931
0.70085602871872765
0.43541511336450323
0.41159585002413268
0.39097261739902411
0.14080229838639144
0.41905160249228002
0.78530310977587336
0.74992469801010342
0.53519938079219731
0.49475737815319171
0.8327708942928177
0.85819895645394395
0.33132019557136477
0.47783265914726752
0.68316670932425716
0.32451961791136807
0.43299592145871663
1.0347736578362829
0.74550605433510508
0.79912957690539843
0.64775298702569295
0.39601479954099983
0.55989577312789807
0.47413934304219096
0.7408951388823245
0.77965077663211002
0.34003728771933117
0.6681012668318026
0.32859405316275248
0.37635973832957792
0.5058661007159263
1.0634974669412747
0.7814192324983682
0.28684280248754124
0.937136244658335
0.83992258220163052
0.72019900098056178
0.50836773586882544
0.47506945297322256
0.68249924419489916
0.69851501853558284
0.46395118131738033
0.2882900420298492
0.46091949015631978
0.88547946833368607
0.68278308023889689
0.80262231585781951
0.740249548866456
0.63024727578879181
0.38309822879996153
0.8933936181935288
0.2680886954870646
0.5851828099813855
0.48066941227696686
0.61584448444156448
0.80642789282831484
0.6206569539311807
0.80641986125350662
0.80236741408834045
1.0552315030358108
0.79517377638168374
0.59569360786334269
0.24085555696763403
0.81476592989302554
0.76217245811738032
0.65216663126942398
0.61370956779438324
0.5487042626669616
0.78432840611750987
0.69030363932586802
0.86668236689437594
0.97871318319304235
0.58406870712976944
0.64822075751838226
0.7134962164087465
0.6518834138733044
0.74086569273895198
0.65105592199214601
0.64401291033515273
0.62774095636902572
0.68453817761217306
0.66036465738058014
0.51632137200521622
0.6993819061645834
0.79139129114241713
0.64745820061734605
0.53839330376212802
0.83460189082424563
0.82767242475060687
1.0108962485935555
0.60972133658659367
0.40348179590755634
0.49748606225593017
0.57624425056806949
0.61072267565282423
0.72378097844398392
0.18971553233407887
0.8435286521947053
0.57832614486705447
0.75856111463017162
0.5866947729959151
0.99092894147680122
0.79283288000665497
0.55814700010444573
0.49253689014214552
0.64910862758068755
0.65980010693699864
0.73834787605729535
0.6002321452673498
0.49430931602006556
0.8937413749469626
0.9998617410914169
0.83272111600513332
0.89152222718703777
0.55286133492974154
0.87793237755017461
0.79251156768992459
0.85436399889295889
0.7386876173333633
0.86260468553177116
0.85310527393684921
0.95348442525232813
0.66756175361112835
0.92443112925516979
0.72263118765484369
0.99048223421147541
0.41294471758840712
0.71716834277349362
0.47853867665571398
0.52539943340121387
0.80855118485905364
0.78802369312438281
1.0032768511964876
0.90343637664552368
1.0325834709716764
0.91054307120563416
0.6189147214850621
0.62939039308085976
0.64518701117221966
1.077912635664187
0.9634946417971797
1.028072322715706
0.43713196054498044
0.9491489684674822
0.93065186821928003
0.81127346393991606
1.0770198467586674
0.92720684271969589
0.70771695257437506
0.69961430165409078
0.8953732522005986
1.2352058809519384
0.68935454893393522
0.70531022527166765
0.7422464845264779
0.82178777429285121
0.6798482868371919
0.67097818632449902
0.88858668450663814
0.44836921767306448
0.71759394639130769
0.64723159787356099
0.95897072503311453
0.79797509362935604
0.82799958841826493
0.80174788487634274
0.47558325603296037
0.83848577079984388
0.9898579713608231
1.009289721215531
1.1471116512691524
0.83037911337480386
1.114626878997629
0.93828412313594656
0.48152054898159236
0.99370202057308321
1.0314274861391461
1.0428991761433068
0.72700374534576817
0.91440366624108604
0.92954444545798842
0.74935492870840248
0.75933046676459826
0.65908647701614775
0.82783423663096312
1.2707161762351635
0.8353213915116755
0.76931412941030619
0.73891903698604511
0.94326375647997773
0.50397599226722767
0.96346044635847283
1.4157075576482914
0.98972559857551079
0.92710165285843638
1.1794458465192033
0.94558825742357921
0.70740163544559576
0.63295396322490005
0.97265091656181324
1.1383976305098984
1.3054336192145528
0.78725907651453053
0.70799485153035957
0.69663238008649009
0.99965468880078334
0.68450307076437678
0.88191144436250313
0.74643381510133955
0.63586372712867278
0.8599098910237376
0.91764143137386356
0.93832641368711545
0.93663089139305677
0.99146742937572729
0.97834035518566032
0.80931080032678893
1.0858034207149025
0.81642338185455265
1.2206492557995436
0.73787418670677429
1.1096552679866232
0.66411442896184181
0.98972678317899998
0.96508706339841566
0.70405995959939771
1.075971983748178
0.82218092370751872
0.88229324254334307
1.0941424671296847
0.85136657999145715
1.2462853227107138
0.90219973278702492
0.62958555174493169
