-0.77373577939469662
-0.76970761273769561
-1.072961461488658
-0.7580991804778715
-1.2146632213954842
-1.0459587645818398
-0.75095674187287853
-1.120874251208861
-0.93020600157340927
-1.1162639581908484
-0.95919147929170068
-1.2333794013813963
-0.981738049572355
-1.1772580208307668
-0.77542304334879075
-1.0519101967983506
-0.92771571386735874
-0.89362167010735638
-0.84667808106208764
-0.72906385832771303
-0.93558179008498676
-1.0843863830411877
-0.94950768668979024
-0.82100393341128519
-0.70455568898151522
-1.0982531095841013
-0.60991941946795036
-1.0446733017752663
-0.98476558349090015
-0.87039866499452445
-1.2490724751272495
-0.56134185343502063
-0.93465060416245804
-0.94977684034912213
-0.99768766428645272
-0.95029328490125131
-1.0943225683802877
-0.87544297188930609
-1.2255141829760079
-1.2274101605531478
-1.0355514828450119
-0.89102769245895797
-0.81129293612405518
-0.8746628567797502
-0.98540576888418652
-1.0512620742777863
-1.0348032896675776
-0.59878775115695737
-0.86697812954042763
-1.1995647096448805
-1.135428876013294
-0.58955055765580511
-0.72009175005159798
-0.93527264579251079
-0.66894725778116804
-0.75068289622978668
-1.2525989989311566
-0.71768225997064294
-0.88926087883772398
-0.99783691748053605
-0.9290200698969957
-0.94221734253573552
-0.86545200523007415
-0.74211382709321039
-0.82445964379440417
-1.0967972743087968
-0.83329569572919637
-0.98551458810360071
-0.64725799260932226
-0.68996776301556484
-0.77269381120357095
-0.61306896312718784
-0.56600631722393624
-0.86131632351834575
-1.0222843079025339
-0.82987805530508552
-0.52837278253673015
-0.8128887070628662
-1.1283270888986658
-0.6689062933054315
-0.80504012658108048
-0.83236793688752997
-1.0403051118856059
-0.8332617746057821
-0.42910403282690396
-1.0250287637017317
-1.019225062119143
-1.0108075970203467
-0.76613277551663361
-0.71077128251792687
-0.74284027829971322
-0.67463350231344643
-0.98573762534803455
-0.56502648033474967
-0.36118517771811975
-0.85722835684543808
-0.92717150419479422
-0.65758178886446661
-0.72020289083056077
-1.0652293224638802
-0.72191688488180339
-0.75427433467736926
-0.91995142625522475
-0.8054449038047401
-1.014950390440863
-0.74589522849299583
-0.73101460157463516
-0.89737938457674848
-0.80209931569954596
-0.70997996394385987
-0.68853513765743957
-0.75757244376574373
-0.64170349656085957
-0.65230203852551127
-0.82097968562895984
-0.81059650300367736
-1.1149410721162987
-0.49656219575631072
-0.48462463953377871
-0.85774949717917759
-0.82219119515486583
-0.87005657344969367
-1.0751008747498862
-0.60248947570302136
-1.0982881866703056
-0.83664888128763382
-0.91236394851566083
-0.56401178068775948
-0.56490899379673154
-0.62990117160200987
-0.71391284301337887
-1.2201836111511186
-0.77185026129837397
-0.58293029201434565
-0.87663995949645168
-0.85511681846553711
-0.9212293680418886
-0.89108852009371231
-1.2306877055901395
-0.44944737165893522
-0.55456243013256645
-0.65855410241763179
-0.70839698343975877
-0.68169095420843384
-0.71256112041065167
-0.95570312946266889
-0.89861783431769826
-0.85681004691450924
-0.30498714351634998
-0.4362255501220082
-0.37380598269577148
-0.48823767231168574
-0.84838743736531397
-0.87861239390181478
-0.79863736127806229
-0.62089314704772369
-0.8269681723736142
-0.70736760898494899
-0.64073184972139463
-0.53029467540109243
-0.63820712218244624
-0.91077988920598119
-0.5991199474853538
-0.86471253765309242
-0.77588347873329544
-0.53029684980105496
-0.50093920135658121
-0.90073882213801759
-0.65666033034405702
-0.39662185119648152
-0.69747124992577214
-0.75628151352971873
-0.73247756880342141
-0.58796217983500465
-0.45197236444365985
-0.61385401552254204
-0.8867039934471711
-0.57249915679362229
-0.93671396141632346
-0.10876076309320933
-0.57460335447821342
-0.82605324598367946
-0.13489343442585061
-0.83300100062973281
-0.84205862268773291
-0.83724438288095471
-0.44509698201109771
-0.61342393693582431
-0.24028863316408977
-0.66132983152316027
-0.73015307722511125
-0.26485514617877964
-0.42614473024877769
-0.5586322127071609
-0.89683051599411878
-0.40430329152205335
-0.81745427338321197
-0.61158513645683543
-0.30004980250693042
-0.6515303783175922
-0.83300488176664444
-0.89994866430302567
-0.47085863013064677
-0.45294750929999844
-0.8218976606430709
-0.72828574257728607
-0.24749874437634914
-0.58693250789891649
-0.79321202222086606
-0.62136033051559714
-0.60046373179674872
-0.56163079354874879
-0.40625247547569454
0.010496157922099209
-0.4028900357633477
-0.42058354207611204
-0.2561984750874336
-0.60651124977958737
-0.28466123639074159
-0.67048018862396386
-0.36553516825991972
-0.49425239203672056
-0.63536618113533405
-0.43011664699715635
-0.49255144420798191
-0.61050572430092731
-0.35916007451974846
-0.77595689973149129
-0.540426170222298
-0.31448120356512815
-0.73992384649313225
-0.99902813639131938
-0.56538150155165279
-0.41930782972474312
-0.63715396054278839
-0.53250395593108657
-0.56860525072265933
-0.74325394960851865
-0.42184434889894512
-0.51525364115919348
-0.81386186257278237
-0.32667300420471435
-0.28840062751405005
-0.25914102690994145
-0.82016945429583943
-0.53265778840991407
-0.22109984715156439
-0.34569416500857053
-0.7581279991066906
-0.56762049267106729
-0.30160732854370514
-0.40257876551389543
0.068316093253426788
-0.26300464244408994
0.010432707757281653
-0.49891345164220752
-0.72179201817223904
-0.19648631211003501
-0.16395412487622332
-0.44825488744677083
-0.17464967705309795
-0.28107809017100649
-0.58513929537364051
-0.50140305021019016
-0.27415844442387932
-0.40433652323649921
-0.44854028505277571
-0.88755069106378681
-0.8332984427167075
-0.67763918773500065
-0.14795643727206528
-1.0622810399799576
-0.1359882850533024
-0.44140727366367594
-0.47480599849069144
-0.34627139821394221
-0.56013374611974731
-0.41822539108503132
-0.1984383731985411
-0.44046705072009817
-0.60901376702617871
-0.27985306722916303
-0.33256339679646346
-0.37882191558742417
-0.44059854764947326
-0.41362784322104484
-0.64758050980698312
-0.36115336300559198
-0.32971623335717748
-0.00068692270951788527
-0.45269881893645969
-0.5993556461890871
-0.62937671513226101
-0.1981881396288992
-0.093657240475220602
-0.55875817293655794
-0.3093649136124757
-0.39769853111924086
-0.57570794078312748
-0.54437007210597044
-0.34773611417061934
-0.55789524412256319
-0.35217564061421586
-0.51643387090568593
-0.12872586358504115
-0.30169211609109842
-0.74078281995018025
-0.53447009355679054
-0.35442378545984804
-0.35747202900130409
-0.76808927596943399
-0.67229491127757968
-0.017225314541868753
-0.42442139332706402
-0.11035924868489204
-0.36989699470857901
-0.20267090338180835
-0.47368801263232696
-0.41438439019948992
-0.34326352252844661
-0.087347591257080054
-0.14726212249006038
-0.083276416951704221
-0.042784340834339803
-0.38700221052138672
-0.3583946459072061
-0.31035084795214807
-0.25698757142937317
-0.61320451805873899
-0.79306307529331932
-0.39702804130490399
-0.26784095575587358
-0.44233087184305192
-0.29810197259801757
-0.4249465985718574
-0.1825216570631524
-0.31107299537628647
-0.30734769172553944
-0.5139729545888746
-0.55560703956956792
-0.44957717519220697
-0.7258115327099609
-0.25463606959496737
-0.59214082982387184
-0.45833598050259922
-0.58800997076679951
-0.46374868553858661
-0.24888778330973993
-0.12008869890968432
-0.38707339183635403
-0.67021474683240267
-0.34789058159606046
-0.23168660794832119
-0.17467436355083438
-0.097072659944184264
-0.33422341746575568
-0.081615110048937359
-0.43366523487537306
-0.3011235834976641
-0.37667630648080758
-0.35316440378133074
-0.3501750614728632
0.02795142376220882
-0.2493625174536642
-0.52493861189647617
-0.24416569408944341
-0.30202326769395943
-0.44555049102274913
-0.18161952157125244
-0.47402148773597558
-0.41587680537901345
-0.22891055509690081
-0.18296178680670655
-0.10663156269464202
-0.24575110198233674
-0.24643945418384189
-0.19961094251362332
-0.13610767482065811
-0.28225495056887795
-0.15855399950135696
-0.019488563685725848
-0.58648972933777421
-0.2918952408565621
-0.12692317343354489
-0.23957484793043754
-0.10961518278564446
-0.24074073533354962
0.0092489859082386695
-0.19328348965999761
-0.43391784962289326
0.020055165258971643
-0.16600238410466386
-0.39387366218185393
-0.25870615381860934
-0.10844993266416388
-0.18669658390387869
-0.15805592113817896
-0.2316207488321545
-0.30965683151983786
0.042487251167141818
-0.20310547334847667
0.027393112624167309
-0.23818230238459495
-0.15111095546445383
-0.16977499317650602
-0.4149162683815994
-0.14761360379788502
-0.054679714971163869
0.029572251350142541
-0.051404876131607123
0.034705297026495531
-0.2779569920016709
-0.025325004638289822
0.0031540564091012435
-0.50699092235308008
-0.010222652690971478
-0.36832001374475459
-0.29201767689784802
-0.013860249894275882
-0.20573892759531806
-0.2939166169173687
0.053370337977121408
-0.40352679642097161
0.2909479254082501
0.048153627935731684
-0.15307100523374023
0.017711371370666949
-0.19239539528870234
0.077694499653487195
-0.074579646786215134
-0.071481617836180331
-0.70445084699462468
0.024432110849004245
0.070873951302317786
-0.32577011185425758
-0.47982920772564536
-0.22543711605148037
-0.43174556080274412
-0.16250453139577656
-0.28782899802628803
-0.45521381032684155
0.14762749335445133
-0.010143752554461568
-0.1749389517663173
0.25811493276769831
-0.1692280210385492
0.088623959242378009
0.061405932746994747
0.038253427280897215
0.041473280640881356
0.15773037581537541
-0.098433306300078918
-0.19294476485716391
-0.097325738317315794
0.24966652070009379
-0.092310085169841058
0.13122857838300625
0.16145215999669674
-0.093475123874141919
-0.0021976565054020775
0.10848471724175457
-0.26056905630398991
-0.15790485245008254
-0.12163897439706672
-0.22145444355969754
-0.30791739223547021
-0.37495053233131093
0.17474412676817364
-0.064108196653767838
0.11513625325362253
0.13697776750650481
-0.16049533239433733
0.29779125554150143
-0.13013842494554417
-0.22613943745706303
-0.072472385241956649
0.29022553079649294
0.093650381947245842
-0.31240413023519437
0.044424058346106465
-0.029409360971223493
0.13728565498540143
-0.23457765197010086
0.15626868465226937
-0.18522222297274599
-0.053496161663277149
-0.21036423077743241
-0.020929115627333971
-0.40221045217658363
-0.44136546259962639
0.29892087101006981
-0.1057634532110077
0.051440605305907244
0.2441204715664701
0.065615274774235566
0.0052584541497816299
0.20282925423175724
-0.22269890975546838
-0.31728827382428426
-0.35640826919414115
-0.13931522273244176
0.088781396794210654
-0.35705174979240478
-0.41922696478368027
-0.06697938645654479
-0.039391352006110693
-0.064622281682970129
0.21906823941753722
-0.23712204012229463
-0.18770899953640094
-0.22079344023308067
0.078643122164410217
0.12686342301837533
-0.10895290698656884
0.033214148896946995
0.06815979521809945
0.048602426712103339
0.088322226030486214
0.14331187855026623
-0.5013059738084702
0.078185060581601684
-0.14012129646127602
0.23008376889452634
0.094151131897158569
0.11501738695905539
0.20129366659074568
-0.25681835317042473
-0.022501731718663532
0.35315044778715271
0.019238161693695997
0.031961337683890367
0.23660209547123628
-0.2265680547568335
-0.073297581554710528
0.0030150015410166527
0.17505415289762499
-0.11860421123527234
-0.1038749364900156
-0.06646327373450725
0.081623289883877778
0.29111859991201633
0.36736586276953881
0.3178685638458511
-0.14081215072392411
-0.071198680547945079
-0.25699760232752911
-0.14545837228334185
0.30519033994196437
0.11734722355795826
0.36263653823486819
-0.18616332838034863
-0.31475261311373331
0.13164069428682196
0.015172331378715829
0.12337858582802035
0.046926870290059285
-0.00050447407972802234
0.19635720451724689
-0.050036447849439912
0.4119888117873835
0.26852883864135352
0.056309171115411727
0.048704243353928311
0.32804195594569724
-0.097022755649401174
-0.06880722432671757
0.11494549513851438
0.099461347314156706
0.29719778733386593
0.19935787802590346
-0.011724109462605371
0.1906050143783817
0.30641229526875502
0.2212016951172823
0.0061203582517589967
0.47540442370357983
0.068053713846381828
0.16513123466969717
0.35043567412510263
0.32958570051484154
0.37384615952091749
0.28390766783551152
0.1852851122299651
0.23944160907417458
0.30751689530331294
0.21513144190475139
0.12024268163289407
0.32802117491978411
-0.067080392689765608
0.055022443240096017
0.059931999678208066
0.57689310536741134
-0.13465653792541135
0.46260605000137905
0.25621806515803158
0.33514768011101864
0.19371536533431655
0.25197101164097352
0.23400128865786635
0.16925720794150922
-0.0012973805698990508
0.26089068435848289
0.055520062647649124
-0.13998717496327134
-0.090562608963684718
0.18038624062035907
0.36800994413955929
-0.095896391801463379
0.30891438132966237
0.1484355668700752
0.29507865676142181
0.088914985013003905
0.07474574765685213
0.32144303243361766
0.03518115653588702
0.12060891838899528
0.51734707285529513
0.46045845831371934
0.30196052117903305
0.09840182459463119
-0.11759036655193039
0.11138554372996017
0.34321002486508934
0.13756624186973224
0.33412439471517114
-0.056616720988682645
0.23052784493934028
0.41369668444247265
0.48625393313365173
0.21651384803800849
0.24281408872004598
0.38295896928845369
0.4194755057481428
0.39100278845704894
0.054306263069966783
0.45783098311771053
0.15680324462808962
0.28445701791565975
0.051439386922009632
0.13275455967502728
0.24034703508226615
0.26840746733504295
0.60105011788042106
0.32079704963413896
0.33376929719319037
0.526767827666344
0.21411288854351318
0.11070558495152265
0.017567240769049031
0.19735048938722966
0.43111904025371073
0.18115296338827538
0.3821533904425285
0.3418659593236566
0.50503051925603781
0.12889236336504506
0.15351909480268766
0.15940729364417469
0.022375684749299365
0.35025969860017014
0.18568688318611093
0.36066095544819693
-0.18128580342391884
0.68698665221602528
0.69926258824607757
0.24336708002560076
0.45656603976442001
0.35981843644363476
0.28320391397565792
0.28724204125018493
0.5224362376820133
0.27387795595774
0.42220783933311418
-0.053577093255326343
0.088416142976573395
0.46546069175662824
0.35772793960646998
0.23886773261166719
0.38640053208808095
0.66192107846396286
0.39776507970748581
0.71071681028471445
0.2352506137453538
0.3037301397647329
0.47628452603552035
0.75655867482712003
0.26701251621287803
0.39672116715440958
0.35536885239120541
0.32888021375950544
0.31109394163115184
0.58580272127600286
0.14400616788900938
0.63059003367407751
0.48253019342914677
0.41888171443874611
0.58354398099963378
0.25016950652300274
0.25854799969085507
0.44916699642445246
0.54933212051965552
0.29809867612830787
0.53844853637746515
0.31691686766505983
0.53927126556240512
0.45967444590917755
0.60219513861915552
0.31715202421661404
0.56398441747112737
0.28316719585272965
0.25017929335150701
0.40585432695569318
0.13238385119562879
0.73393670958304114
0.34799294889529853
0.14459703247661218
0.65983489038718712
0.43672810444791504
0.29230069038962719
0.31338885878539252
0.5801713197377133
0.49913117003463275
0.41678831408853828
0.62686060361981477
0.60073676930685815
0.58329935131927546
0.45513115284222694
0.091643599265839121
0.31508549683975007
0.71083580362079823
0.27764103188990746
0.31586171423654574
0.48649318514741058
0.28855323777309427
0.417820218386461
0.62788248050411444
0.19153500366272219
0.57346858597852457
0.6160318766375118
0.5799928253175668
0.5525021308058724
0.52516392225773934
0.28728538225368067
0.52397104562045427
0.63900828624924
0.33715908463206395
0.38305702674952774
0.73455086657524327
0.45402125885027794
0.62401523425415284
0.59206874614386362
0.78408820014516456
0.75858118117687967
0.56235205349621431
0.27875730185556902
0.71966250399933029
0.38185699750790741
0.35255420860076492
0.61788528921065655
0.21794832340873918
0.40801515074082106
0.24510866711728482
0.4139034798089492
0.45518474775015233
0.50652720170866028
0.3863434206527479
0.68744020422859953
0.44719570628508337
0.41991032522273725
0.3876495371282388
0.13100435350505299
0.42009325424218846
0.7872390068608448
0.77971805814479722
0.52568273063782545
0.48624509047478404
0.83863700051062851
0.85851095922154119
0.35742439826588362
0.48107779104996068
0.67980838217551742
0.31233925335731533
0.40339762314856764
1.03797149815046
0.74437503035531283
0.7926182058694955
0.66936148363426429
0.39275414439711304
0.55151442446786736
0.48396700761449496
0.74807725434942551
0.77559524927462542
0.35401591223948348
0.6907681131206439
0.33637470310418194
0.40919822222382085
0.52175921918726675
1.0599466557128328
0.77859432213275892
0.28594347652772723
0.9372138852982731
0.84554318913294868
0.70849018111121354
0.53792031869384271
0.47069242550294943
0.65934979390107151
0.67723013460683446
0.44908300250453198
0.28098858538780702
0.4532627401707483
0.87173323574830064
0.67873627797160951
0.82034547143351111
0.72871576433744667
0.62149495816337119
0.38576303891341762
0.91667210450850223
0.26932302692116222
0.59610685053142498
0.50796023955941294
0.60398413375338544
0.81095508873921573
0.63050771596127775
0.81786875582880791
0.82737008066749362
1.0497930641812134
0.77548919568491104
0.59882820370563838
0.25943047227961935
0.83339716265779717
0.77660815113363457
0.63529259594603971
0.60548860001073701
0.54195981145987693
0.76598574028839728
0.66283441649383668
0.8658093699579833
0.96184973612861058
0.5835007575479868
0.63254848171591016
0.68380945969556672
0.6663864344233914
0.75171936309855492
0.66611368026725459
0.64016120486914974
0.65029756107154724
0.65665835149036378
0.65832900009488515
0.54508736977838257
0.69873181368522985
0.7792717479356478
0.64039978639805695
0.54033603766642169
0.81455112938004937
0.82031603966842881
1.013952509863143
0.62178997660579283
0.39828520339259832
0.49764236213887586
0.60369701428789202
0.60859090319705089
0.68571710198466007
0.1938563834391033
0.83256771318768308
0.60785263131971401
0.72860037806519917
0.57463436764273412
0.98581377785398572
0.80093587684045586
0.54386256235823638
0.48681786454971793
0.64469671578762866
0.63962977632351026
0.72533172870260521
0.56519042601360225
0.5040234045376828
0.8864688362685007
1.0113617912925497
0.83899496333332568
0.89167009843648137
0.56344026432992966
0.91550561074417947
0.7685407510762744
0.86846501759047845
0.72508014036124213
0.84867438615058188
0.87061737616041779
0.93898452627596596
0.65000689323740724
0.9232572128351122
0.72392286626150626
0.99074496079016783
0.40996333549264002
0.70834440233324547
0.4802139992134169
0.52114960950046552
0.81776873942942763
0.80252125861867585
0.99958085003105668
0.91357445950475369
1.0520719728762358
0.91683700098374454
0.62850659325117864
0.622988649966709
0.64990314977180363
1.0787146102082168
0.94027692746184743
1.0369050822215196
0.43359004558635944
0.94199105644320691
0.91682124204029103
0.8036702649074402
1.0789261275432971
0.94855684776977012
0.69471136112311738
0.69028307499458219
0.87955564048060875
1.2278233208295837
0.70170554685353981
0.69791211749449955
0.74546163298858625
0.82713831187058739
0.68362150000732747
0.66127250691701422
0.88442993078342835
0.4531100162765872
0.71112740562244003
0.64388069094474765
0.94579873862158503
0.80390663082031777
0.83594906656286527
0.78134553290188247
0.48342039923438207
0.82301905394184904
0.9909380157316281
0.98296605975803564
1.1583129323811834
0.83600139329819123
1.1478662448002492
0.9158679070904503
0.48748606861701532
1.0023153099329989
0.99746011041839477
1.037366225978225
0.73484709783676816
0.9039527481892915
0.93487624124824542
0.76279901500631619
0.75572503676948366
0.64400882179217267
0.79973849876601122
1.2659329053364956
0.80534633221745633
0.74768128039807036
0.73202396642442302
0.95031968200372885
0.49281468744956963
0.95956510619711077
1.4119928328908578
0.98985668035489449
0.95976902581233192
1.2021801027771566
0.93371826725378737
0.68354487174421252
0.64591985244830841
0.97972172403284219
1.1495288470042015
1.3032997818328353
0.77568377747674
0.73623146047175503
0.68746295862345841
1.0022064479277384
0.69449894679474578
0.89576886637644171
0.75916927287653402
0.67978357165744907
0.84859241862617663
0.89892259117551743
0.94469554029033953
0.93216769237044217
1.0006771122546092
0.97514975432370654
0.79986187910766537
1.0830104567074994
0.83158324265514183
1.2288215369790081
0.73705927067162891
1.0863371353144782
0.69609514656020677
0.96551974394349827
0.9661048956033903
0.70104657703750406
1.0666323897100407
0.80699100367813936
0.87415385672989632
1.098148955955405
0.8493298315209169
1.2485693246322889
0.89201379809319181
0.6343526219572857
