-1.1937256900177058
-1.1527002151503649
-1.2963576863744775
-1.1077653594987982
-0.82907453954422994
-1.0386779235389432
-0.82984482326239384
-1.1363138515291036
-1.2320517612501112
-1.3422806232543549
-1.2087865473690456
-1.0525074118680395
-0.87216838674489117
-1.2645359752974676
-0.9487729948223691
-0.93280596403588045
-1.1880185411168738
-0.93156922201043502
-0.84431821966417697
-1.0409841504216448
-0.92658471913984553
-1.3764749581240834
-1.0445410787265654
-0.80434908920582637
-1.0809595598440001
-0.90827801237817818
-1.0470159091762445
-0.83185877952592702
-0.71865161097500641
-0.9024346091899732
-0.91549277735054879
-1.0083034880146586
-0.90655049218125261
-1.008638814291456
-1.0323339208801727
-1.0969268772435392
-1.1459093049179649
-0.96863072067627409
-0.97669962240172903
-0.76425071681764301
-0.94906984338298894
-1.011126349957473
-1.1324128858528659
-0.94447029632761048
-0.79014752527252807
-1.0258128190194524
-0.82625229459993055
-0.71838442986410045
-1.1800536553984458
-0.91190880397116159
-1.041114835138405
-1.1251105194542383
-0.71074508620727428
-0.97241127440784669
-0.70043938678725903
-0.51398553124526181
-0.92402086911772141
-0.93891497464403806
-0.72480939821769841
-0.74836048335531546
-0.93965468841226329
-0.9157076094475709
-0.8351367038919566
-1.1818950003218094
-0.86936242853911372
-0.78197854576865733
-0.86735179693792219
-0.87494976171547878
-1.0748641136629109
-0.92398153037710873
-0.83448141428209965
-0.63008093659891307
-0.92193834386932172
-1.0728519795951241
-1.1656214800850955
-0.93679050446817447
-0.92849896370092111
-0.94367494628139481
-0.78140628304575788
-0.84957885419538226
-0.81492302532106564
-0.4287347145462353
-0.71646354036304427
-0.54632466893431075
-0.91981574958979995
-0.78000531113531479
-0.8146288840447713
-0.90323544212203877
-1.0536094904742048
-1.1506489217313127
-0.7723744121359315
-1.0271003400780634
-0.74847828385224335
-0.71861600291469307
-0.84005703600914772
-0.6838479669915658
-0.94923689889916396
-0.78677419061633025
-0.86641558531546392
-0.54296865951350581
-0.68283665165588858
-0.72516824998268692
-0.94766752852316805
-0.76534892107554575
-0.56026503520902238
-0.85139064970003497
-1.111860745994093
-0.74452441194722507
-1.0370373054380098
-0.79372467154500748
-0.91842748309129929
-0.88695343225326151
-1.2093086440690992
-0.51864279018675741
-0.52188494148373998
-1.0639941283414027
-0.84682057787874543
-0.70800773725862287
-1.1389046862177727
-0.41304636443250597
-0.94399760923816656
-0.86573998399576968
-0.94150776720735807
-0.82304803289681039
-0.61731298981879934
-0.82806030503834083
-0.86184344695578397
-1.0818326646657339
-0.81683425738870752
-0.50668795070967887
-0.57874858578945565
-0.79396989961000597
-0.83851300009845886
-0.73008957791189877
-0.60939894664618321
-0.71087040697749027
-0.48448486634541221
-0.72714111262693315
-0.87382091129806727
-0.74236777655033859
-0.79836572016022167
-0.49884380836898928
-0.8367112187942517
-0.78212776482598734
-0.76187430322287797
-0.98062748156851942
-0.93479977479440202
-0.75568282684938781
-0.59982546284257865
-0.54950961447518931
-0.88073843138377905
-0.64150005258893461
-0.77974668019943205
-0.68430806218081619
-0.41089616385693417
-0.61493125074692878
-0.40739397901679159
-0.28761211568125761
-0.68450253352630208
-0.4644496891934693
-0.53474347512092668
-0.830688710316004
-0.63276312619417807
-0.82895617761073215
-0.63839174087189632
-0.69264703411638484
-0.51609337177467873
-0.74705521413170861
-0.63199684863344485
-0.66388602441539579
-0.74472150817447746
-0.71024334959106872
-0.42619289843668806
-0.76420763004716841
-0.90084292506149988
-0.71493876247377464
-0.67300859102919341
-0.63876421586175269
-0.49616477987239788
-0.76386765208657059
-0.43569487385526134
-0.42053243809249669
-0.48324635434208335
-0.70692164519281753
-0.66240872512042492
-0.60537663950804732
-0.64929706098094198
-0.69188485045511383
-1.0681318766949714
-0.5661184653939797
-0.5378727945037215
-0.40365018463844682
-0.86328659331345425
-0.79146092863694828
-0.4681063451904845
-0.65272529052363926
-0.56214502099565056
-0.87727881659503526
-0.50561127413469886
-0.97263369285776369
-0.61703090789929005
-0.4501304065794513
-0.78121377653872393
-0.59968379322854704
-0.88531477330185904
-0.48083541180740608
-0.68676925920296061
-0.55195268741871917
-0.69242017901972586
-0.76171014999056175
-0.37208835007149249
-0.62465458859348455
-0.67719926450980905
-0.82375451539752365
-0.62899389488148505
-0.40275827450681123
-0.59402842814964207
-0.65701569303634733
-0.77642540540221761
-0.88225517313776047
-0.55303946058215703
-0.56849560572879576
-0.95655142848071784
-0.59527790609677822
-0.47012462346907752
-0.38137405963104282
-0.58779880419018515
-0.45175695831086216
-0.75841931664889484
-0.52157043126176561
-0.81465579223812745
-0.67039237874486446
-0.4500226911643358
-0.50573568264352398
-0.48859430563478251
-0.70346054155587157
-0.69887239621870789
-0.67356904206958312
-0.7024957845274048
-0.67943634298403177
-0.59465993781194759
-0.19322339829560387
-0.57185673937585035
-0.55957649169173307
-0.48718740451307352
-0.58439839561589157
-0.4215126984305721
-0.53442946604004271
-0.66463915948963448
-0.42684514929174461
-0.66162103863042965
-0.34118262116143527
-0.6077752885814558
-0.60338280050875981
-0.67727440076542633
-0.49223270143944009
-0.6023244277009473
-0.54656131079805748
-0.47861808689101826
-0.67695844273242867
-0.28586261527741363
-0.50444492025990462
-0.7241169377900416
-0.40946247677208791
-0.76656937461480712
-0.52381566828945081
-0.48354233083471881
-0.29245815992024266
-0.48477158056901293
-0.41569757129209817
-0.57892227469567492
-0.65925091994254448
-0.26187578535875017
-0.37493603061158021
-0.55638222211955946
-0.55950586194459584
-0.71846236877032632
-0.59556323098743069
-0.49496779241748073
-0.59792448763314654
-0.66637885625291804
-0.35806499863616215
-0.11967566062021534
-0.43247544322078807
-0.38785232011483917
-0.35718630393567552
-0.46508059895194165
-0.56214914795596016
0.043473087764593937
-0.46696645325172015
-0.35540100359101789
-0.50070666551929999
-0.61374530744214939
-0.36546167652110206
-0.33681533880159753
-0.185188517978705
-0.49380072678221487
-0.36342277205302637
-0.80965652134713539
-0.23666449869446957
-0.25876838798064306
-0.60982379430643352
-0.58466961486458269
-0.66307756717763922
0.024336250753517454
-0.3781422588164785
-0.23993852079690789
-0.12947883392309942
-0.23254956860241036
-0.38799247570731998
-0.49929165335214315
-0.61276298852609545
-0.47681241381097861
-0.46445666657142587
-0.15617633692507366
-0.6275546592512613
-0.44658076576731376
-0.25421315460109839
-0.46603949421349433
-0.46842176462467211
-0.40819246461575948
-0.14977516809501859
-0.73563221792937927
-0.46569532960357485
-0.52030984131431879
-0.10524138039566364
-0.59581620383572143
-0.49405858551319443
-0.36865096512283474
-0.24522643794906229
-0.21875136446839294
-0.1954240060322387
-0.29491589866303447
-0.33529875763920647
-0.35991206447483837
-0.48486282776635375
-0.34993165948565741
-0.54427970504745482
-0.5035309026067456
-0.56240307678176937
-0.43082344009311008
-0.51533546729915525
-0.58230827299703536
-0.40873618055501282
-0.11122667511247898
-0.27194650878081483
-0.3890273697260544
-0.37108683131162057
-0.2252295118925812
-0.33856430441369895
-0.43961335791110867
-0.1444396766319801
-0.26106391719201194
-0.14705856954028773
-0.13910513257175061
-0.30947537479095966
-0.35652324647081662
-0.27510157854540296
-0.24258466027547654
-0.024157109389131664
-0.57358673270211957
-0.21291301590376682
-0.18150694629935266
-0.44904410263240802
-0.37119203375137871
-0.30598554304708508
-0.3198092148505986
-0.34462666264956177
-0.41367805862393831
0.005998993656921311
-0.37627800233812442
-0.32122914164904975
-0.32311518201215916
-0.38395295623486181
-0.30387717792922675
-0.34807693650493882
-0.3026969709885764
-0.32062198039417528
-0.20689549716524461
-0.01895735671760379
-0.22704236685931864
-0.45032588838944115
-0.40712177389470872
0.16784097095374348
-0.44985679043822213
-0.026028331618897553
-0.24921518109787857
-0.14902324743607112
-0.43281580329364727
-0.25497326665199621
-0.25245415239571067
-0.33814104875800033
-0.3582377497490758
0.097515924969071466
0.19347939645872536
-0.1249032888617608
-0.28571414548863111
-0.029784451808583162
-0.2680070185141048
-0.49495054599467686
0.025204797939306214
-0.11745915307255608
-0.035741863530951788
-0.26010820129530859
-0.39509034011504102
-0.18667931563632886
-0.23915431731842848
-0.093317842450275065
-0.18831546377620831
-0.093646446382536927
-0.44997684524387421
-0.065622351177184804
-0.045248468623416638
-0.078480364823619753
0.029073620230806306
-0.48977701184805661
0.045812289674002887
-0.046034381288151252
-0.48613233177724641
0.099400381339447452
0.075434002867600408
0.053930655168170312
-0.16900693497946465
-0.095939679087541127
-0.50541772998977541
-0.59449496947927805
-0.11735675950047172
-0.077232405895629005
-0.19277992694709042
-0.021124948502886189
-0.2412973883016673
-0.085391863040035654
-0.36199255139818448
-0.3933059263160662
-0.17872796702685834
0.015851564498053916
-0.086049072274087174
0.033888904279040032
-0.13819773252460552
0.1249671341218946
0.11498869501038828
-0.23533976300917081
-0.03482690936372429
-0.081576890449321024
-0.23517956708609936
-0.33038242663520745
-0.075743736546654616
-0.15662677995808769
-0.10493066757858037
0.093641825993206168
-0.13484900161073052
-0.025053241708844633
0.18000746411878446
-0.1481800490148823
-0.18719427008047429
-0.21479269035646442
-0.0043533778819344043
-0.17839613590018205
-0.018244117664501205
0.051058198131392021
-0.096888390265685631
0.2256094900531084
0.26796085895844141
-0.4269693997550349
-0.01894671018085179
0.074186908304930077
-0.267426497770967
-0.24328393836981052
-0.24326368563295581
-0.065310967582170226
0.048136469129985482
-0.29799863533193299
-0.27317015402820616
-0.056995439391212877
-0.39107456604922552
0.035643941776375442
0.16865130081159938
0.048212066890084226
-0.026822561352026115
0.26642926395348077
-0.23137141084579987
0.010293831282118311
-0.078895675232644222
0.10500973233061274
-0.18119623877065349
-0.18260409097122757
0.0191623723917674
0.023259555368966581
-0.18047231371150768
-0.11954463327161775
-0.091580754797566097
0.082550305793812062
0.012049174942854889
0.05765323792472677
0.129294737321029
-0.23172621557291292
-0.19480078285273753
-0.33872883771135792
0.002333486812451011
-0.17270479268821939
0.12736922888569147
0.14477930313300036
-0.069600838533084491
-0.03576629050829834
-0.15414345773745369
0.095047009814634875
-0.052172706184598884
-0.084054463304087695
-0.15665543756584183
0.28081772781268088
-0.091779409652778587
0.13739097405942341
-0.15845328872550951
0.0784627576637459
0.24763929481090374
-0.1196298342565604
0.17834403767750437
0.19697183832717974
0.13472778413775038
-0.0043094032508330703
0.035110790491520529
-0.028989352151700152
0.22246745430076911
-0.079717139404035881
0.19152153439749101
0.17626535439456006
0.12739805676507987
0.17811359630552823
0.31726229841461867
-0.073219247202525622
0.047064333027648876
-0.14770497938080751
-0.077833151010901491
0.32835551323227358
0.27278577457300679
-0.33482683884623804
0.25218766058283149
-0.25216281926283057
0.15683584115694471
0.01571609482804286
0.008697049997449571
0.20120776361496262
-0.006294567769187881
-0.084421190807627944
-0.13733843302941828
-0.049760251098627445
0.13333556465027621
0.26626210656272226
0.19645745458524336
0.032863540209890026
0.18888036350168666
0.32276956500099335
-0.25093085569812917
0.2323865422362851
0.46851320724315765
0.088551817081512038
0.19661191263269862
0.50963281124427029
0.078427469189180171
0.18966597011248415
0.23482991274460088
-0.11766873245114771
0.07743610615922869
0.10848056384640195
0.29223875921151315
-0.14048716709062403
0.060895378964573706
0.1999639597317743
0.31188953038309658
0.45636070198535378
-0.13499063086227722
-0.024840072381575328
0.040675944759544419
-0.11731217257112879
0.15986662805114174
0.19886104028140453
0.58150302202206861
0.26006044949751811
0.11518444364040514
0.24122827375708866
0.39811383490655883
0.2483088854492016
-0.091547806279617866
0.37857575665301446
0.22949966194987564
0.16670414499981392
-0.16862449136624752
0.40320872375592426
0.10537962448501409
0.3479845292430051
0.50591040873114312
0.18111933055919788
0.20772688746627524
0.22957343107400693
0.47786270175027135
0.14488807678414312
0.29366987808515105
0.15550218389776285
0.27163895897821116
0.35899607808787765
0.28078323742870898
0.19853451625713961
0.50789604823971701
0.23298613891959499
-0.044276715236950537
0.11469585043587358
0.15983321874469092
0.29833679153034065
0.44901297663001077
0.35067772643128547
0.17968955081979671
0.094479474401908001
0.30468271283403842
0.48704663085965511
-0.085325445003146802
0.56616024794363462
-0.0057232972167568169
0.34201731207562958
0.40261714361443934
0.32707633401160863
0.46733427380092596
0.34519997855997336
0.047972985402281128
0.32751088281526913
0.30933638436755745
0.49197932615592882
0.34636562632412671
0.19501672595648392
0.25467969593440276
0.20232723187068954
0.24270907439098557
0.40103703542339886
0.3036486292727627
0.51693711741955528
0.37935931696804531
0.22846348120910492
0.44514980313084257
0.43264748088561866
0.094906146331597732
0.42526971530619168
-0.049278247570360999
0.23552696855546365
0.29803982461200473
0.068394167834337494
0.46041759722125403
0.22623938110899497
0.14479448483368146
0.3951543756474481
0.32871583798392401
0.26472003745207034
0.1146278313862453
0.39637127319722382
0.6720195958082642
0.2320775428138446
0.080868322289698355
0.22860377643336621
0.24715510730077836
0.32058861477968842
0.54267498510901013
0.18263570692070621
0.53220877838317049
0.17474324762617707
0.51486261701420666
0.58030252718745146
0.44883555541132769
0.38707200907190104
0.34724308018695876
0.33068161013958075
0.39182581277409601
0.33907323685658886
0.22011629026060847
0.36387374244558973
0.28823921314588363
0.36772769490313917
0.35982559616260806
0.15193139020610094
0.31877537008748097
0.41324953328702257
0.030384053766566409
0.4613727484278673
-0.068559720388767995
0.0091705615184826395
0.448207874797586
-0.05337792905587968
0.29580155851407397
0.49173587460859991
0.4298388722581814
0.66738643504814277
0.6734597670657485
0.49105997442380706
0.30368322174525297
0.62167058172862366
0.54376149136730045
0.52907757712365955
0.19911968635121258
0.17600748393443197
0.2639602267991788
0.23137600095623839
0.37992040491362472
0.27302798841714682
0.212223601711402
0.51443173214043758
0.20767672074997992
0.39779387844173669
0.2981329108507027
0.62279594441852937
0.18807800510115133
0.33469388295372254
0.33503520173218559
0.36167588623638108
0.25932531992660812
-0.059160784215380728
0.39576161749153754
0.44143064579717378
0.19549778929299816
0.07703584988057445
0.31902941448510724
0.41615555777260993
0.48280772822895784
0.41420033273367157
0.54127710513894756
0.54039673536449961
0.1607532289146108
0.29833838331873069
0.13278196743889495
0.42713676567804137
0.29996558824494501
0.68357904026731442
0.43456544241205458
0.66095505071331151
0.39552092855145227
0.56965035468669101
0.27674172612146808
0.14153244780285071
0.7085535734588092
0.71124553111284672
0.37093363893651793
0.56639383361261686
0.37493477653659329
0.57036122888487784
0.20231232324484569
0.66009971970230952
0.88332622279755957
0.64013822036580659
0.62685550577938365
0.34858936538242968
0.47339933540249868
0.559355335295457
0.3881488181657341
0.52326707944396422
0.61824443205592527
0.64857461700236763
0.56050009800923317
0.56353220164808926
0.60068027114238087
0.32527781392430394
0.53811338555784927
0.64969269117595729
0.18393144406361525
0.5061557904114049
0.90628357139596816
0.64514836316893731
0.54552591951876628
0.76799572262986748
0.60478234664611819
0.71901032997264547
0.48623786324271123
0.38805303551719383
0.66117104477495714
0.8617599770050024
0.47931505520467765
0.83926831064840279
0.59082676140552848
0.67530254313439531
0.54589260134046791
0.68625478983967358
0.74203850984145547
0.55985038423580868
0.66932953122362149
0.53432977345456201
0.47647530670145616
0.54544779850478298
0.49424737248336437
0.60250654052644037
0.54498938599080715
0.53239879070702645
0.62564899744562164
0.82514718794920616
0.53348875966289055
0.6847673603984209
0.50126124650042814
0.5217356176750183
0.50092542562706621
0.78638716898502725
0.63106308820215251
0.62658520250079075
0.72600051001785493
0.63997364436005544
0.22027253647085038
0.78250659129944511
0.83901030042795621
0.6106579258928243
0.98710490288038322
0.44801605482315365
0.66032088391756316
0.60046994461033487
0.68867786919019403
0.56863517302650746
0.55002340923301785
0.4415209736916928
0.76868728527078234
0.79754909541341856
0.51288767281636427
0.85672572304323613
0.60208426983907515
0.81433228094564136
0.65019246785399132
0.63436398157441487
0.62818659295520318
0.59448990395448464
0.78023997616746432
0.95904767351800335
0.62072188672219453
0.63094567408849977
0.56213282604625603
0.7194659490490789
0.80458085107751154
0.83162402019899317
0.59444312392387322
0.56611286243367953
0.34740315715705949
0.91710567676517529
0.41539784654022172
0.65276274884564278
0.78059219066136987
1.133940025863879
0.69312181484146629
0.74293252830210565
0.92034314012709051
0.64462846816768271
0.81905619749730629
0.73143038135511129
0.85780607226824102
0.82027014393333808
0.24753034622535036
0.4104421798710059
0.73940885502964571
0.90623689398377461
0.79912858692123445
0.69974697256334606
0.55591980063376178
0.89109848428896699
0.52700089811619599
1.0198110847389541
0.37839807149016275
0.87778456076038258
0.82871173354783734
0.70664387007457163
0.58255463703317989
0.64599374666666809
0.37520806646516003
0.66346187726258998
0.93376549777428652
0.66859989217293414
0.48885986176915336
0.78303009134742496
1.080217436607803
0.76086238906737058
0.59491434806705723
0.65707181632429035
0.5276811064159026
0.79735042213602536
0.77525796221773802
0.842550764530274
0.83230806060102558
0.73986264347809927
0.32325777955409674
0.8112722246630043
1.0723561151065351
0.56065053328820058
0.69603836505169425
0.89437901961205046
0.40202587810190399
0.9718957562285987
0.6148634340036534
0.70062944661885496
0.8215315434831707
1.0620766980030936
1.1318396557874975
0.83006360497276155
0.76839712121483184
0.93268712034575985
0.7868954118962449
1.1439609242733944
0.75842702234515524
0.76192589014399648
0.92244500715003186
0.83857245737396691
0.25397085272336617
0.7476544245258947
0.85192048672538767
0.58735445108912621
0.86724544530215486
0.62022824235975349
0.98803752894226526
0.98294652444257447
0.79270215516877074
0.64169955193295858
0.60354072038859197
1.0993025112623094
1.0088908627970863
0.94018769083785259
0.69930886438113493
0.56058505456089291
1.0692438929764401
0.7307983051884771
0.93882157392470522
0.9651916815303333
0.58467906432246242
1.062928932514893
1.0107184473880468
0.82656204933133115
0.82460640506118466
0.66683846733754726
0.84269291911940769
0.91607456228866424
0.8821960801581209
0.98429633978723774
0.92438139910983874
0.63197097187906326
0.62512773193746562
0.57946387052508275
0.87893163957868559
0.87110320136639985
1.0550372689393321
0.70387012881740241
0.96317882415212686
1.0621140030175538
0.89691763170099659
1.0134325808779303
1.172655383010502
0.81748409351324525
0.96287488132660537
1.2445832768474268
0.97200142345746132
0.79000223943416259
0.88931336208521361
0.74091802309480559
0.96777971677239405
0.76621585335160591
0.93308444932591583
1.0289768369629599
1.0079012847595035
0.93071141218051001
0.92065485388285462
0.92647439029886114
1.0654297061629356
1.09914864377521
0.78217529605127933
0.82680385480828444
0.44044421801700834
0.68651659377759566
0.94488528828577567
1.0495962537327466
0.70091324057398363
1.0553362129216115
0.9131381802192754
1.0178653673745703
0.85854866450293277
0.80904056426771931
0.98951105476189849
1.0393064347268937
0.9142196995207883
0.79520017632156459
0.75427921748049187
1.0144223143044397
0.94085274858360746
1.1759215988458744
1.2652802194488171
0.88895244420764208
0.89938141571118146
0.72713211312945558
0.89072369133315721
0.65586189240871451
1.0402312000294642
1.1027361067152224
1.0021701358904256
1.0105065643345801
0.92320257648635007
1.2445128679333906
0.89059064882064864
0.75852472972797402
1.115141381571592
0.88988186913690837
1.0061039858026548
0.93179139863266125
0.87806293023233484
1.0718145456803034
1.0623533583360245
0.7180176836651454
