-0.9347645407779317
-1.2534392856925913
-1.0214732990588835
-0.71605117983304001
-1.0882849056894999
-0.93699974446654821
-0.85264833674121188
-0.9171286006567092
-0.81303039929026921
-1.1922231549074329
-1.2047896762605674
-0.87908020068419179
-0.89615881746441783
-0.95832493904308158
-0.93045374414308513
-1.0633254623663555
-1.1669879997521164
-1.2087619297150163
-0.72732140509136378
-0.72082284628279936
-1.1651449462359658
-0.84354522383654262
-1.029628861458759
-1.0097044029011788
-0.79428900745444631
-1.0568784503907236
-1.1004740401361908
-0.97127385669659316
-1.1209625762165665
-0.61868114473570224
-0.77012248217943879
-1.1314701755425247
-1.0347435662751752
-1.0212192667754145
-0.76387124364466663
-0.75384739178424653
-0.97189952610071217
-0.86704362578130689
-0.66636725427251364
-0.79793745190430387
-1.0199070520580908
-0.86935502903022377
-0.74261718064204985
-0.95259093739941625
-1.1534436153449232
-1.2843475905762329
-0.97559697466740725
-0.76474865474999976
-0.47273085648788099
-0.93019695924396872
-0.75572247449401742
-0.99016970876871746
-0.61831176988125447
-1.0149648983255928
-1.0794639445924903
-0.93451005179710389
-0.97269820425700693
-1.1303928046573868
-0.79114739484018348
-0.65927688631385395
-0.99294795242893719
-0.60410831091543238
-0.81206827081698063
-1.046240117106628
-0.81814849979040472
-1.3696866740810927
-0.99885562953418616
-0.81162425588982212
-0.37510060994612104
-0.75623078117348563
-0.83456740049300637
-0.68074978245399342
-1.0212683037029502
-1.0364903340776364
-0.81133666639916824
-0.71294148141534508
-0.57439447619984385
-1.0154274033331263
-0.71584807429614228
-0.8127472558394494
-0.87259698512182682
-0.69591491918691439
-0.78970893315266777
-1.0575615002211722
-0.9616236812132436
-0.72470819257913144
-0.80507848491956979
-0.82263963715266175
-0.54168978669203838
-0.77565453583028399
-0.84390532367772009
-0.72505795513503002
-0.99119012587529443
-0.79906609070538337
-1.0099443180932004
-0.87663913134321902
-0.4559785275515485
-0.877028582015556
-0.98249003313872474
-0.51645990984358392
-0.58892238900919247
-0.59038839997493542
-1.0715183995759558
-0.62609248648938909
-0.68582721618581965
-0.96384452798408637
-0.6626319561283881
-0.94650708394390604
-0.74130692743977933
-0.73741023802264594
-1.0926020591138403
-1.3015233092924265
-0.79353311870032528
-0.55099756087971852
-0.73088510451272481
-0.83659601887184631
-0.93951817844989494
-0.64648041931268163
-0.54220603719104921
-0.76041929022672017
-0.61789856571363055
-0.69845403076758905
-0.74817745635763255
-0.46606086638753252
-0.73434648132864178
-0.51045341905301
-0.61407384167616208
-0.52479593999003815
-0.56738628180512574
-0.6387583402545689
-0.82986421277707523
-0.82584388346898341
-0.53250626626636877
-0.66362793654543506
-0.72650913116146143
-0.65098044007957889
-0.87601031966339649
-0.33729123068929184
-0.49892452448104418
-0.72240456360831851
-0.80020429556316941
-0.94863750854189766
-0.62816241282939622
-0.6956828079656876
-0.73915993062881657
-0.69257326024953658
-0.64304182198064219
-0.56414015149824881
-0.98284891055036461
-0.74771485408182203
-0.60131529894585989
-0.73393876313722939
-0.58631993083524203
-0.99690353770686146
-0.87255214959674388
-0.77600594322342786
-0.77298039647377181
-0.68012187635190158
-0.9889090574237992
-0.61582766355862995
-0.63493740253540754
-0.33913410139362826
-0.65885753898692268
-0.68387216940765638
-0.80025857220177121
-0.90098156986485056
-0.64853005217600734
-0.62221748510766117
-0.98323108446211793
-0.71621569052053147
-0.60147870118499269
-0.5919817921892766
-0.40291090438032096
-0.79884985684409271
-0.66519157213721958
-0.70059794582861279
-0.72486304408310409
-0.49610706560384032
-0.6454554906134532
-0.77643789424516996
-0.44062968592020546
-0.78213410808032757
-0.42491684231337612
-0.63832734577173977
-0.31856743784038244
-0.62177890013988879
-0.48500385800564866
-0.87088528933992249
-0.94414140773656419
-0.65223650975138536
-0.75535887675977487
-0.73858967590614866
-0.80199446339578195
-0.47799197306700841
-0.77848061708515748
-0.71636656767639184
-0.49975444448429285
-0.61220487957830616
-0.82059821760078477
-0.78290754424065823
-0.64550043000158019
-0.35486493866290986
-0.57348379636937641
-0.35084731755093457
-0.62521459811025482
-0.99950101977030492
-0.46337260103701394
-0.69043531443478878
-0.67695368001454059
-0.46201607187732907
-0.85389894482781092
-0.66931374470426064
-0.58465820354067444
-0.35291432954352597
-0.43364979700519668
-0.41415998987000013
-0.76828150265580386
-0.56980500567254699
-0.61232478334563001
-0.49577478594326935
-0.39548933956332116
-0.61530489255287812
-0.54551572768723888
-0.40681707976183978
-0.7835932497696918
-0.73571199748023253
-0.77310340528307597
-0.39120777987356919
-0.24484666538671904
-0.57707853700521106
-0.31037128488506283
-0.61548714045261987
-0.44348133747205626
-0.40346347614860373
-0.32346541939789969
-0.571389660344641
-0.37612673045561523
-0.70613182717978118
-0.80997416579010073
-0.42935937111798833
-0.40129768854419956
-0.83973766675666239
-0.54951488247093672
-0.13452692536366948
-0.56398600349383143
-0.4512291851684051
-0.60341922243451263
-0.40990366695739389
-0.15926343791517913
-0.61158797538192289
-0.35666298337936148
-0.62011522875194025
-0.45626609170906718
-0.78319377231225329
-0.40026065046681991
-0.47346217315395644
-0.39911740803349371
-0.37411070121201406
-0.26395440868397319
-0.4030356894925417
-0.61454901127914585
-0.66414870777830448
-0.34853394291566059
-0.59543853926349621
-0.49629382211764256
-0.80071414860931922
-0.18697234197142165
-0.51680751940968439
-0.40596869213733211
-0.25967196697584743
-0.36504920132668428
-0.48179278286105598
-0.66282797823170869
-0.53170765580667201
-0.49598086303409933
-0.25777792937099619
-0.27179034844218586
-0.56637763931133733
-0.36126053143800291
-0.19343992620374953
-0.12345452683574419
-0.2957520068970656
-0.45560428018319937
-0.39567036073593276
-0.6002830719183947
-0.43839688519608977
-0.39018986836659048
-0.64342706423343266
-0.51474954179447918
-0.40544151171327669
-0.57560105021070673
-0.40651741364858668
-0.68231459173868059
-0.56993360828166639
-0.49247220352595872
-0.5763253578015417
-0.53323807591364425
-0.33775284513461457
-0.63015016803944346
-0.2042528266594861
-0.5317133991437949
-0.25201609196134267
-0.69195805519959097
-0.49726962119298379
-0.36139828321458733
-0.59101791368305456
-0.60489722220160713
-0.26326194990585972
-0.49015798874873134
-0.40594351310600918
-0.55485547403504476
-0.41407983021379408
-0.33552179034990037
0.018679270171687773
-0.19388298781437061
-0.73039462908747421
-0.46224288165768185
-0.53068486337241383
-0.11161926183330215
-0.3861226744971491
-0.14546591046558505
-0.27111522907594821
-0.14817291549357536
-0.36887163259329747
0.098994042557272094
-0.33830811779942838
-0.2875816688144856
-0.29875256910358716
-0.37507008426334854
-0.70664291023424008
-0.41823226290223453
-0.27123197957369338
-0.23639786953419256
-0.54703484751285958
-0.40278338513232648
-0.42728902987801759
-0.51254863426781927
-0.47952475301866337
-0.12226329301274098
-0.28899398029746298
-0.16900618259752453
-0.34594888391860551
-0.52448793983446629
-0.36358944374348717
-0.35432715849221241
-0.10149372901424386
-0.38043185430938881
-0.19732742976536596
0.12479929251337953
-0.22408803526267856
-0.23744963062193006
-0.19379975862929691
-0.20827512797207495
-0.26044173797663062
-0.43677745684940084
0.17654404475627908
-0.49962354905760098
-0.046838854847730871
-0.083619770456133502
-0.45151993946808361
-0.28173048706661707
-0.39092148659573672
-0.49722740047306352
-0.23700134240851317
-0.12172971214754752
-0.11380468282194257
-0.28952029760870784
-0.4486865505547899
-0.02900568260732346
-0.39047344623466146
-0.035851643983262953
-0.16342168305315763
-0.089508997091573214
-0.26090508982030253
-0.34053318317813697
-0.49836477143937075
-0.29814616222231827
-0.57991809201079259
-0.39467693835622175
-0.49831596658414196
-0.23418281423521098
-0.61603960672755298
0.040655209364929404
-0.60340826640634437
-0.39789880531089106
-0.21719141651281543
-0.20300573901317678
-0.083111647672080263
-0.19594689927224204
-0.21516846359676656
-0.18491317496079823
-0.41973865614951594
0.034126897364216931
-0.0086377234978975374
-0.030026559657073449
-0.11799550247344523
-0.08553174516872239
-0.029330665692547577
-0.24882243846281263
-0.11735754066695475
-0.14443959348635635
-0.36375155854644159
0.051109446579011272
-0.10319743834705436
-0.30826778387577547
-0.26190341753111984
-0.14944738381963663
-0.075003750577165101
0.40000393050604677
-0.58911591097628768
-0.11141125869324062
-0.46414397033098398
-0.19644211466689859
-0.1434385303483045
0.0095498911450702401
-0.069599066502552695
-0.17398798498105381
-0.37111138023781315
-0.17630809427401123
-0.12800528235674163
-0.24302770516308608
-0.14876374284330654
-0.11930040192905302
-0.22530610856428956
-0.18569682344823493
-0.48882508517525269
-0.026978235177155266
0.31043675029004775
-0.0083472019825729608
-0.34082250879419485
-0.19066727037193953
0.077407023343989009
-0.24739090633906913
-0.063966623256505456
-0.30782743030239418
-0.12817446141101821
-0.18143304914329389
-0.19813748853352517
0.072810655951907569
-0.38484759788527406
-0.22890676097161936
-0.22131957179073344
-0.25753362902526267
-0.0023125851533546769
-0.22746813760522608
-0.27890344587879567
-0.34922103282676653
-0.2053299023825145
-0.26747754511303812
-0.14937505734639597
-0.43661253540581546
-0.094035821401560846
-0.13316120020774322
-0.25842669900940618
-0.18474485386868708
-0.12355686232200955
0.0570964641704544
-0.32503262272646805
-0.020144079889845134
0.34286308410776289
-0.41844074712178808
0.16729813794305998
-0.18797074721635937
-0.35528194459652135
-0.24296486585765326
0.07994769872663024
-0.15683098006721097
-0.34936791102868359
-0.077061279592891038
-0.19265333791346287
-0.18583832515676954
-0.070930350907473433
-0.17493417810983791
-0.12771727318883763
0.19307180569674268
-0.1068245657516723
-0.037240683437637416
-0.33452530493324067
-0.10684107180294028
0.061005467231803175
-0.30355049676770579
0.28052233148523509
-0.055869211519321602
-0.28801308828972033
0.23770065262399173
0.098073421635968577
-0.10958262671575941
0.32361576654976443
-0.087962244352259591
-0.1458391972941481
-0.16206484200186727
-0.13607388892848912
0.027847628620348938
0.11627299183975112
0.076092992942335694
0.01824534702540442
-0.39810419465081531
0.069123978286055182
-0.052844176502605283
0.17304318487531775
0.18211867303286727
0.03292036730587683
-0.0313738371631316
-0.012472707505981145
-0.06732677897668507
-0.34021792359627351
0.01816544240856301
0.32647767831729829
-0.057759123715686665
-0.038371261656956653
-0.1323170351877723
0.21629837306526051
-0.23297229396557378
0.15641130949556334
0.23020853824305645
-0.091746853260925285
-0.046976631063849306
0.064409266606596072
-0.048211591738760516
0.067854784701261273
0.27791673645599124
-0.064613037627191186
0.13566431065595469
0.15138352567218658
0.18614742443182436
0.27550033778196448
0.27339197266315546
-0.01650620245392008
-0.042855019203880282
0.14272176672186973
0.081610303268304513
-0.19052708089205717
0.26689180990496275
-0.10555977064149227
0.22831788613868678
-0.14434637792231644
-0.044547034599755307
0.02649108827540984
0.23345069491564296
-0.024147064929205989
0.033263441300727489
0.061423196141322529
-0.26490096752162895
0.012201553003989065
0.18369489968353725
-0.18138797883260077
0.18632782799548442
0.082485212606681527
0.30579114691430076
0.49429516310999022
-0.11171283628447705
0.56259387498517321
0.23717194488553089
0.0029824746816763553
0.36853335584992092
0.19052198534082526
0.064022019579754522
0.065715375197988382
0.078451788392694816
0.28849054420483394
0.10253121565869654
-0.078121627635479515
0.014799261783415996
0.32717265718665162
0.0048947960072480597
-0.14566751323908553
0.19507169862356138
0.22483125408716914
0.23988240581133519
0.13004308197356923
0.17752920292757385
0.099145050349547376
-0.021783016232796878
0.16266131488741653
-0.05333324692484908
0.23953565423468798
-0.1070672723800144
0.31035093982871048
0.18377051885648979
0.10953753180761618
0.10004788904139394
0.29378375692031822
0.11891042006609261
0.21561607087199203
0.0091863310753676538
0.33722991999608676
0.083711614497892675
0.66097716313960497
0.31712317097243958
-0.041869428356211387
0.13033620790526462
0.1717474430991206
-0.082706048704093732
0.37977201395526489
0.018142671866087923
0.15232613504400591
0.31487129802900254
0.06338453842789174
0.21003721652209992
0.43276758159900208
0.037796557445860281
0.0096103193635283385
0.051880795153641662
0.16608423484364557
0.39584482374585167
0.29691329514217402
0.50489913453720991
0.38866017086012355
0.078290250702648126
0.146164447689305
0.077764032278030859
0.42645553670307379
0.066893370707371724
0.14947551733814532
0.21922359542653294
0.19461255617702536
0.47047697377365055
0.3167288179077799
0.19300862572552208
0.22977705228953696
0.52138481912985191
0.41281630893043408
0.17881398270204435
0.36001342176757684
-0.010168210075084979
0.34045142666300388
0.16559552174455106
0.34225982414893913
0.49575477713534527
0.36397689206050515
0.50020211644051804
0.24100902704815047
0.066071285011981104
0.52328041802613667
0.26070636219220994
0.30288195807696883
0.096532221522507261
0.2269083124673639
0.61674954329523413
0.38635330513837318
0.19494613343470421
0.22396768028880149
0.067580823983408644
0.54019202824472567
0.38091443977090828
0.45390347908904211
0.45990549913497436
0.19601895434547659
0.42085115182012622
0.54786779101924987
0.57892905492459479
0.50648085583331426
0.27637014567634149
0.5963498730530522
0.17753217272440625
0.15199785403169092
0.43794488749319921
0.42534128400807936
0.31824135560518008
0.29765249326390592
-0.0068288416103707396
0.37379725997169461
-0.0093563417740250461
0.13753777058751479
0.46861098978955157
0.51329505837088552
0.51463799845633895
0.31494060714206445
0.26454456204361154
0.42992883932012516
0.11514679793727026
0.1987626109981315
0.44262509150110557
0.22015723305650128
0.46279036402193074
0.26936668486629672
0.40165141734071363
0.41875138964425979
0.36241364539627563
0.16499131220997754
0.4587069663975315
0.28244204836544112
0.21754744035171031
0.38383811750893626
0.18664143144450468
0.45258111093417092
0.31778796287575262
0.38329612904645649
0.57730965687566627
0.45804103720510497
0.1791490431673721
0.33229689208750501
0.55401644662154048
0.29900918074530614
0.090529697182407887
0.62268477666674604
0.1808832655820867
0.39986180483002426
0.48499550092438137
0.50915058540765645
0.36398806109149789
0.5498188857071995
0.69712182303386716
0.35566478523234679
0.24737301916238977
0.1796076058668129
0.67681787171737084
0.3892356048935906
0.28214787627002669
0.42530948485989339
0.86191116469246598
0.33691434084339311
0.74908519100657522
0.49621474020376111
0.59274854953867695
0.28241220763811647
0.51365007815563013
-0.074517579381858337
0.49957505989364809
0.39189264643502497
0.33496389309517688
0.3854797814163855
0.57754624318266223
0.49783455990932834
0.44130944914970854
0.18024756142621254
0.73304461931082288
0.47688291633658336
0.35253985044224312
0.58154865556391255
0.5978286023538677
0.23137425130449876
0.37111834393092474
0.49113595232951218
0.63907665200823116
0.21364908312326003
0.11764196156148569
0.8251923737773148
0.57586572065315123
0.88395664826016429
0.41729195508791467
0.29939951443066332
0.26178149318168464
0.54536453567636822
0.43039368944823558
0.67802027545738341
0.86941099790859167
0.91677901898674896
0.75099677669329945
0.38815172705977319
0.60033262068371884
0.6379674579222121
0.48480606826854239
0.80041984510197661
0.44137447230370691
0.64493739598537136
0.9215919622276999
0.46517261913707758
0.27595200501852868
0.77785510951791892
0.28958566964218685
0.5280947590621905
0.087041428874927981
0.56790204722693116
0.74828681374773753
0.59052746883836138
0.60084826166421557
0.6316146236948651
0.59159474604979523
0.60097883733503721
0.76558365179132071
0.45799145972581751
0.46718120401663421
0.57164809404244399
0.43968745480576754
0.59782868888261631
0.47475437981966867
0.90115392083119505
0.58375030421523932
0.44207492797243814
0.44390646643019005
0.47178858158618581
0.64188006618930638
0.5710938800356804
0.90975407592064794
0.38615740451355668
0.49630536409375881
0.55925254500787747
0.38354642828441426
0.27552951411693238
0.4391382325553928
0.41073110416943265
0.37497211207647851
0.7838198804846761
0.69356523201777964
0.60864476757589347
0.67738714215046036
0.80257706581866139
0.39996000868593928
0.52204125886773867
0.23013569733177464
0.46763301423604176
0.75236199543128224
0.5227309436227483
0.55776241139430327
0.78104368748762887
0.55826720624508341
1.0227022546003934
0.50744868216773753
0.53225469057831987
0.68907894329527908
0.48252780867480322
0.64924912416433889
0.5454940222156478
0.89804393212354083
0.56386690106884463
0.65748942804974286
0.59054824718499666
0.87028706172973991
0.68364645715135464
0.7657800276358242
0.28024527024335416
0.69885968668636766
0.82446946786188813
0.28923742395646873
1.0444338855723203
0.44121459973033095
1.0969412636327045
0.50907092772155671
0.63456649770697893
0.85822014607519015
0.64473658878393436
0.79237432694140042
0.60624887381875325
0.89061811423991644
0.82658782594634161
0.60448119897189645
0.90444885917649254
0.94213931892730984
0.74466576092528469
0.52657564234872656
0.78189116682863269
0.54102247277787296
0.62262922639812235
0.62727544538428948
0.65935286918322855
0.52659386400061492
0.39428789456531577
0.67601063924664861
0.62776496998714348
1.0484286149753863
0.78943979082162397
0.43475084559152777
0.54003343549777083
0.69900793833761121
1.1217105499132867
0.6494349650628588
0.79504572029148801
0.69145073860745732
0.71805510837848507
0.81754184628803106
0.51426832586542581
0.78509974987438058
0.69294414383758862
0.73611785793597939
0.70867166440851226
0.98453829350755584
0.4960674826423036
0.91213852887563873
0.2900026061295275
0.57771361740073401
0.75963534147520373
0.89262522459038884
0.45801592988098278
0.77412829477355438
0.67313077315329906
0.8149129270026424
0.66793443303491862
0.88726334232084658
0.80523483260275897
0.66352667399940735
0.82654026146751225
0.85089126501641932
1.0517044948241354
0.6288806486268721
0.51498844019561374
0.45982559756156627
0.77409093523029815
0.80302355981920326
0.64985775043486227
0.6366794644142364
0.94335715247243335
1.0237271716196359
0.68812406669540627
1.01160059127788
0.87635137340539182
0.97302617995050655
1.1299903124315276
0.5830344028091905
0.80556080205165637
0.84694113728135456
0.48451797395790741
0.89596591871479137
0.85712568513167586
0.52377754364104101
1.0207018914599075
1.0172335375510528
0.76997843010135925
0.92742132489461238
1.0695506618524009
1.0621065566372412
0.78612699801775843
0.88590271357142047
0.96981856387520005
0.93506560921592374
0.5484587954908321
0.90706808866381439
0.74644930888607242
0.76194373314475927
0.91520164371105628
0.80115178948174792
0.97779454257805165
1.0021982488115837
0.79886590548212499
0.7670857011826907
1.1664448081602152
0.73130329126676652
0.91127006138451616
0.69019519639641513
0.66172232038905232
0.84365635113789672
0.90187490463945219
1.2588009959466155
1.1261302906423356
0.96284176083330564
0.89022505322778178
0.59482110807885613
1.0030195982705747
0.98381817282199435
0.90164050778825067
1.0624192198999625
0.75835778154963396
0.94465097731992032
1.206852023093232
0.96003643825239382
0.84761338035341938
0.63445674942737085
0.5136558241066379
0.680109625671665
0.73173282136413409
0.8584651098292817
0.60336420214498787
0.68080165749111377
0.98428753355939147
1.0806208766900325
0.71995922389647848
1.1632176086817501
0.97648532289129597
0.77141946515025084
0.88866725331496921
0.87500982719610987
0.74791540037057547
0.52392050851740946
0.82419482421085744
1.0207790520391229
0.91914084269771446
0.54809600927919833
0.86753080119635773
0.99570482720350695
0.85619634017502544
0.85885670633479561
0.93564450767025964
0.94670418751614471
1.2468749976578333
0.79954866013222059
1.3926802456865655
0.74722692573440663
0.95250133807748916
1.1102366533014747
0.7167531800628798
0.87145536369718224
0.97004974568407276
1.0290917858289435
0.75331332991863709
1.0319921408135257
0.87097144013933225
1.0027352927763871
0.73674288192090387
1.2773022980980979
1.0183948542470844
1.3006102804885098
1.3233940710417027
0.90614437379279555
1.0423158282781098
0.80139122292007214
0.96011051190622532
1.186475503973931
1.0400035384641781
1.31569181221017
1.0262972565709993
