-0.94950822129771151
-1.2738404731475235
-1.0309989854402326
-0.70079689186259608
-1.1007415214170757
-0.94300943051958386
-0.85240133725278622
-0.92292153910957719
-0.81669779236189421
-1.1951960504475116
-1.2090616574984003
-0.86834791844388381
-0.89355170842264897
-0.98299574026302905
-0.92029567315512983
-1.0434180862682909
-1.1525134442081009
-1.1918874004881022
-0.73782531097634041
-0.72476740253063787
-1.1576197915110586
-0.85214646039736941
-1.0285379672708217
-1.0114046031059145
-0.78432192883355911
-1.0751316780801552
-1.098318105611654
-0.97503737165903259
-1.1234415744449868
-0.64621252225652304
-0.75259556875253464
-1.1409949455417927
-1.0658839394666637
-1.000742904201597
-0.74702213352642
-0.74761451276140545
-0.97228143808735745
-0.86759575764137453
-0.67309502341708294
-0.78743141637304248
-1.0028232412244376
-0.86687367265971371
-0.76355128649171244
-0.9309924161676475
-1.1766044629996293
-1.2847016095094026
-0.97638044216253028
-0.73851154485378578
-0.46983599034143403
-0.93030038995106301
-0.77289480737346028
-1.0104438433964298
-0.62196838756690243
-1.0164432577404487
-1.0648017081936703
-0.9344970906772474
-0.94117743827799183
-1.1382895368954014
-0.78126070802049241
-0.6506535249770663
-1.0150168697896698
-0.60204676828133796
-0.80327536360211971
-1.0390960754969978
-0.84630886104730862
-1.3760001548869318
-1.0335522123455985
-0.81208390056087931
-0.36977028859751432
-0.77030567624607071
-0.8620772713874566
-0.66205522579605935
-1.0217342551249091
-1.0175786530956827
-0.82166258651815494
-0.70635964611885904
-0.57569237562208775
-1.026636661216151
-0.7262088405501389
-0.81398238961877156
-0.88658785522072481
-0.69047139244928613
-0.80089853683203627
-1.0608382533753875
-0.95980808605537848
-0.71145097803046509
-0.81858943843023557
-0.80227167811861666
-0.56635926056208585
-0.79369611750821467
-0.83396279909100068
-0.70890879188154832
-0.9816131004577261
-0.80853966542356537
-1.0073664690989614
-0.8814281508634827
-0.47075670690736077
-0.86994661540575491
-1.0032471995873937
-0.52585204376277928
-0.59640311384492217
-0.6094504122193849
-1.0824171918444221
-0.61564186967013323
-0.70756596390331961
-0.95781077878155985
-0.65494243439916278
-0.95686398404792616
-0.70632476715097336
-0.75526167503485786
-1.1052708736771859
-1.3188431854955391
-0.79885315944638102
-0.56645279485288258
-0.73820710667131539
-0.86022867919774293
-0.92751706724267535
-0.63659748588888754
-0.57186815975362471
-0.77239019370872686
-0.63042850728532718
-0.71555862628189271
-0.73015949356076226
-0.48541979400141994
-0.73725946527899544
-0.51841928815275873
-0.61341493828070703
-0.51861615807061645
-0.55495739610113626
-0.65047172004101839
-0.81311848509596329
-0.8372684433423212
-0.5407078303838021
-0.67966734603889167
-0.72812953778825973
-0.65825266635849233
-0.8525664039457721
-0.3540043563397462
-0.4899673369511835
-0.71067110927598831
-0.82068720899434888
-0.94220025060268076
-0.62101804703036612
-0.7009629936384002
-0.73950200100235475
-0.67725181582975669
-0.63231313031897785
-0.5538256112523392
-0.99880540053120059
-0.73677472849997927
-0.57658613329149111
-0.72923662247782739
-0.57580223157856469
-0.99448532462813788
-0.87719095748500087
-0.77476761513200987
-0.75263869207412259
-0.66217952929339974
-0.96923787467131595
-0.62386383810990742
-0.64346710422222908
-0.34567535860783216
-0.65223188674693322
-0.70030147889806682
-0.77884663369775464
-0.91632981299078298
-0.63628470446026231
-0.62083531372894363
-0.98323510284693849
-0.70769430608774953
-0.60166867613424413
-0.5808994114799082
-0.40111754183002335
-0.79843982644992095
-0.65674405242984901
-0.70106602738204193
-0.71154775866584052
-0.51348490761946142
-0.62622502305113792
-0.77773054276858189
-0.451081046324602
-0.77151908970533845
-0.4402187312748973
-0.62254745605958206
-0.32105188714029093
-0.60402031842792714
-0.46148462034191812
-0.85631797309794244
-0.94670171011069015
-0.64030564328775019
-0.75521815704603878
-0.73302960037491227
-0.84042047881287152
-0.48851012763649654
-0.76766324094796456
-0.72061353080986956
-0.51217101445710744
-0.62589274975187903
-0.84003994766608459
-0.76277929145906465
-0.64202787030697606
-0.33499550960997998
-0.58282848064521942
-0.36236812962938647
-0.62384041831630099
-1.0071110979211246
-0.46289153871598737
-0.67476257908202553
-0.69368368110829171
-0.47641444633574048
-0.8708998070433821
-0.66406673061462662
-0.56907174530074234
-0.36772792595648107
-0.43402250271151838
-0.41332701948969741
-0.78411063637352618
-0.56844984661830411
-0.60746294592575567
-0.49913972081801522
-0.39482067872793397
-0.57817849736359683
-0.55782182924554669
-0.38515476411274896
-0.77774776148833469
-0.72037284769662968
-0.76635456918421885
-0.38539704525814283
-0.24376377655433984
-0.55317259600277791
-0.30899264860363268
-0.6142452780849712
-0.43259883981846636
-0.42691298341304934
-0.33696988798364091
-0.55893678961656268
-0.38671231936244249
-0.71631470230425021
-0.82168380682515663
-0.42208532966348078
-0.39519583072148617
-0.8388811096228268
-0.52220207671673202
-0.17371492999113117
-0.57593873943484963
-0.44479788446651169
-0.60600784321273227
-0.40942596535045933
-0.17070008086791813
-0.59563787600968598
-0.35692384325095106
-0.61176797123816751
-0.45948409599186751
-0.79532070654309017
-0.41464732000206811
-0.49894825285917621
-0.38803798631752784
-0.36792246057501771
-0.26657310288047875
-0.42727510616425879
-0.62579604133629241
-0.66874706701917064
-0.35907779131730011
-0.57711896804287799
-0.46805290533608584
-0.79170397317122587
-0.1848560696734135
-0.50558477276518832
-0.41480028007619518
-0.25912908687502717
-0.34405298826672798
-0.49994237537220154
-0.66043178825862603
-0.51342526289444534
-0.50142002846185252
-0.25332015584820089
-0.29014037468442477
-0.56516583519744512
-0.36628479067877262
-0.17763043416274951
-0.10361600942403347
-0.29150287377615614
-0.45017654935374946
-0.39173737486294158
-0.60324079019401688
-0.47500539724861851
-0.3969317033020569
-0.63805859668760301
-0.50595605247769826
-0.38124783708253834
-0.59186273999463002
-0.40408484110505244
-0.67374994309703207
-0.56593523994703476
-0.51133037276763615
-0.59387499591401549
-0.53951448150647019
-0.33317773637585962
-0.61375361083139923
-0.20174765039881792
-0.52723033805296582
-0.23424940414692097
-0.71414319930926684
-0.48671002768221455
-0.36720202177994743
-0.59582475072926133
-0.61168094898204006
-0.25674458304278508
-0.46645603526330176
-0.40208235921762692
-0.54595533191617651
-0.38924868165238541
-0.32705027987224189
0.010046890298638231
-0.17886149502903367
-0.73353099746440265
-0.45251961133336749
-0.52130243616457916
-0.074402045515565438
-0.37038537391193055
-0.12434541076296764
-0.27382262672528829
-0.15066604788005644
-0.36234069278477216
0.089390267915671853
-0.31383881715953743
-0.27451091191363164
-0.34380237236303313
-0.35845022842349894
-0.69736774202223362
-0.40646399671232192
-0.25131732382105954
-0.23273191680213831
-0.54240410018649277
-0.41410083569226508
-0.4234333381669787
-0.51907577361609414
-0.49189030970025938
-0.10657110091600921
-0.31063870275075273
-0.16468105231027366
-0.35205502823422458
-0.52143195201205461
-0.34886026577063978
-0.3364819586452813
-0.10826397645683225
-0.35705980950337812
-0.17192224352577057
0.11177053731228237
-0.23390518414021985
-0.25212038443038165
-0.18921324463204534
-0.20404589072666554
-0.25267434144101936
-0.42401252915321436
0.20741542798337473
-0.50187927853500136
-0.039616812192625091
-0.093829962348066148
-0.45187975598724506
-0.28530544687134834
-0.39389086101646803
-0.49508339019171432
-0.24549198886727225
-0.11129930428505622
-0.12332926901582579
-0.30764841963815154
-0.44863590183111601
-0.01694455629484326
-0.38713305743215687
-0.040269184305888495
-0.17317084215658177
-0.10248774853493056
-0.23674096191779076
-0.34916004638892401
-0.47655790167276552
-0.2899020928201107
-0.54703358897558374
-0.37716723871695768
-0.49225628013164413
-0.22532413531627332
-0.59793324349143728
0.044894715579022068
-0.5924020835884688
-0.39048083071254153
-0.20720958953794349
-0.18874328842721425
-0.12847105339258988
-0.1728256236716196
-0.21403182000503368
-0.17811568525636634
-0.4305542163695944
0.052067301594101341
0.0012805055069812768
-0.025428765344698446
-0.12871287448050162
-0.10442956632798508
-0.018382301466233736
-0.26317654455661732
-0.1019514965612124
-0.1244231686780877
-0.37309032613528076
0.045472156028956309
-0.11678895632347006
-0.30757990234236676
-0.2612203541907287
-0.13147739809345493
-0.078519773723573522
0.38668430179325375
-0.57988722457343933
-0.11142409451230663
-0.4598992347392224
-0.18283041143914364
-0.13544888693884174
0.010180276012674528
-0.056171101223022893
-0.16788942795127315
-0.35162798596372691
-0.18945981706767237
-0.14313331791034958
-0.22193053663139342
-0.16332443207137989
-0.12286185815531381
-0.24966806177017525
-0.20150225563171364
-0.5105663797809582
-0.014278241198029375
0.27342745333693685
-0.0065066952705091965
-0.32234108563903296
-0.20331688214258628
0.079089638789879402
-0.25287469401056939
-0.040581247618556797
-0.29404495629072158
-0.12594669552843263
-0.18282443205906135
-0.19596027191220486
0.068752545682475005
-0.38062975679320477
-0.25219994510942939
-0.1822273019322648
-0.27442219798865652
-0.025368775267606565
-0.2355256385281114
-0.2634296628736858
-0.34329382909449424
-0.2081540792788111
-0.27711078908323994
-0.14738163042928906
-0.4030946786936962
-0.10950777938812299
-0.14319243924031413
-0.26785948228049294
-0.19136289574945725
-0.12593611629872561
0.065622200889355747
-0.31667449159463879
-0.0028231707126478854
0.29304017578456631
-0.42959346890238453
0.15269298613084889
-0.18528656757005865
-0.36417813822462158
-0.2373520409731163
0.047531742697337988
-0.14157712528072131
-0.34592295229792286
-0.063901137091380775
-0.19136073238949089
-0.17039798864447936
-0.047115988644586021
-0.18464681622184942
-0.15083262870657557
0.20881201627022719
-0.10510371842665284
-0.041392652751571328
-0.32705482014703163
-0.1042376813174665
0.071748154780397699
-0.29412771168840324
0.29136478406959543
-0.054978678907716301
-0.31030589068182673
0.23779415341468133
0.092940887422246779
-0.092759831961374078
0.32214199826363182
-0.084033158589899876
-0.14609658487123733
-0.16742964242421632
-0.12919391942869457
0.035685839386967004
0.10049550676094056
0.068575398782149452
-0.0088874721333553168
-0.38211682008672287
0.069013085830429685
-0.013293608595754526
0.16664020132546639
0.1972953889774148
0.019875483120128094
-0.032703363419583555
-0.014873179182497288
-0.10247533926042535
-0.32588505208279517
0.037784205932042216
0.33317628597029658
-0.053571482790119314
-0.026743502107667121
-0.15129557153157189
0.21542964097153475
-0.18016709352496962
0.15519452152468161
0.23869734560152472
-0.10782144393689989
-0.047938717145253065
0.059147423540595281
-0.062713658339271589
0.068909847076310357
0.28277213331730749
-0.061253024170222777
0.10987773132959738
0.16920490290029325
0.1710960998960365
0.27960725950297372
0.30538101169701209
-0.019430540965722512
-0.042151449689678495
0.15519206956667739
0.066075724903705446
-0.20287403929929129
0.2913901059115388
-0.089913827367795587
0.24334055715476771
-0.11976092198079256
-0.045768357881241048
0.013760482591410781
0.22441612631062735
-0.036600006070455778
0.021457851057304189
0.079563028271148528
-0.22825332106451618
0.032539404725329658
0.18583258126033037
-0.17547389153183046
0.19530747128432457
0.07482619184798707
0.31642863555380968
0.49141574282854406
-0.12934460474869494
0.53823618917335225
0.22753129753007917
-0.0017603828840317007
0.35837432673870206
0.20705216177895092
0.073156467988952367
0.061925305506571909
0.11047800292893259
0.28539368594282838
0.097373512978769491
-0.08462656703281668
0.0079650062388066326
0.31330982059436463
-0.00083592242964301887
-0.11055829780322592
0.19374691519112433
0.2141297036216977
0.23140762383202154
0.14602134108657336
0.19571733715999579
0.095819778328067554
-0.040911341853859133
0.1352740324818639
-0.045468387005176227
0.26041941437525556
-0.099983258031692668
0.30245340817617744
0.18180924612316676
0.09679400571961147
0.089424834884601886
0.2731992512719375
0.097485444311884564
0.183045273066679
-0.011806662233982879
0.3188538829205434
0.0829625224671037
0.63632891702608707
0.30998960861453573
-0.075144282262020384
0.12256444730965409
0.16865465950856054
-0.066235644097927732
0.36851896494756997
-0.015464402610888373
0.14282630873777669
0.31112514373239453
0.062161086645024899
0.22781820915901377
0.44658629874245354
0.042855474351208352
0.0019506426060044719
0.033488556454160302
0.17543714042222652
0.40467604705568055
0.2945344730540897
0.49932980709329627
0.38539271477016168
0.10366146083754942
0.13560176735601406
0.077588849561068457
0.43369858805829936
0.054575712687478725
0.1670761737518687
0.2280955499715977
0.19161603519571954
0.47427799709926799
0.32794253057037853
0.17276758515825569
0.24466808723000219
0.52947105176553177
0.40025509599521514
0.17918208169372332
0.34870423534706729
-0.015268150409604248
0.31903595931328493
0.16093172676281375
0.36945324337778307
0.46987416385900016
0.36794984571079786
0.51202303348085465
0.25997378608055105
0.076787084862903726
0.52419580685802536
0.26115213453882491
0.31156576816382986
0.11968646075861697
0.20406791530893312
0.60676759244731848
0.38599464283622353
0.20270735208142093
0.22207022723960798
0.070231739119348838
0.51949902476698406
0.37448545310072501
0.45526482528669837
0.45586642417512213
0.18581336534872525
0.41925384574235725
0.5527950702559653
0.58399659774979462
0.49486731693445057
0.2671863944429666
0.57920676591119058
0.18635055004050971
0.16767313572066753
0.4509561450363328
0.40792835826631413
0.32364876251428937
0.30131802941782915
-0.02143440271790243
0.37464468810517326
-0.010191333663436804
0.17340081753192366
0.47357849801230961
0.53845638983190869
0.5176906765003374
0.31923076068333356
0.27418045330093427
0.42651100202643344
0.1028419999927473
0.20415888056771325
0.45655441717156969
0.22836555623518168
0.43794263800161254
0.25495912188355635
0.37667851538675673
0.4213758524859052
0.36865410638253493
0.17840169517125823
0.46098427189442509
0.28199678623603985
0.2168253433078135
0.38534308429070063
0.18325944410534961
0.46464084899475661
0.31333156046237298
0.39010786037436013
0.57705783579266445
0.44424321282931184
0.18266378008269316
0.33137210219918151
0.53988160815516917
0.30836406941115757
0.10303822044601177
0.64626183532135684
0.17875866470391649
0.38798626160917093
0.47386160128304039
0.51128879659934745
0.35698738162898319
0.58698975658611774
0.70401543587411974
0.37531221989988867
0.2239249118199981
0.21747018069256238
0.66847677673706973
0.39372274545432767
0.25666122507710537
0.42453809323208652
0.86568311881172821
0.33682340222668555
0.73595272154620706
0.47191828070562569
0.6022645080426291
0.29857515819471958
0.51931366093610842
-0.072019381921337541
0.5078938455433305
0.371222340886455
0.34632117694558862
0.36924488041262693
0.54890248584082335
0.49151451055114398
0.42134355437979232
0.1716801170283932
0.76897255148022614
0.47795877603655934
0.36049118766831212
0.55617574019153859
0.6051311793347689
0.261080645038123
0.38157135135308823
0.49359774535003059
0.64934831244467295
0.22154544090673187
0.13427710316685415
0.79117329603418418
0.57563079616091395
0.89439976566129076
0.42891869463844812
0.27203347245637766
0.25920091981091031
0.52361686613091596
0.44776748547185991
0.7013706310187704
0.87135792258985367
0.90802694778476878
0.73502501877390958
0.40636750994632365
0.61357631290440839
0.63458580522839958
0.48288383723610911
0.8138038090191736
0.42196071442319433
0.64383960931242978
0.91645639199703166
0.46772497070742847
0.25243321452768114
0.76193145520030892
0.30329112626701876
0.52355085633840615
0.057064693172027184
0.56351155876613224
0.74822089160018679
0.59399370380271377
0.6111035520764605
0.60758919399878819
0.58913915642889947
0.60804800091225508
0.77198640333492263
0.4665603527508646
0.47083222358138394
0.54482095848481749
0.43718548655485784
0.5996896850185589
0.4629250162299649
0.87960873907886461
0.58770061130680729
0.45132039058135082
0.43295561863562176
0.4980179020044504
0.64488291974318857
0.56498555413642282
0.90562333420011698
0.37039048831995075
0.49349203032532707
0.54190556593753636
0.37932069373588045
0.27476108126286808
0.44362231215583636
0.41752320178850122
0.35590142735522884
0.78891669823317556
0.67640218062941515
0.61709279556000396
0.65059960051356647
0.81587763754931653
0.40256061281177086
0.53304763109623687
0.23832345674068908
0.46666479541023004
0.75926545283002034
0.52532487268946504
0.54296782102534114
0.78162329416850473
0.56162518475362411
1.0148244451107782
0.50314982799183694
0.53835296141549316
0.69033331986318724
0.4825628490228821
0.66149079843439018
0.55412687444198805
0.88314139636067424
0.55466556926313026
0.64454415184178715
0.58432365495373806
0.86748443105418438
0.67865703032051528
0.74487139622235188
0.2856060596621689
0.70735170661589541
0.82442031792074355
0.31037518250750784
1.0423826298915899
0.45818332031173692
1.1016835894038901
0.52336910592469954
0.64199063192985106
0.86901152194318498
0.65665271355936616
0.78283634573584182
0.61677419650281085
0.89205944879107213
0.83038558865795842
0.61674494409125624
0.91520290198733312
0.93195611010101853
0.7448347460011413
0.53443889299160341
0.779300064276648
0.53200283826479744
0.59517565115644333
0.64371195999466257
0.65704846492367097
0.54101000957974055
0.40747872532036916
0.65767794268619106
0.60375197154711424
1.0329767935304783
0.79252490914988505
0.43582320828858861
0.53727602340732128
0.67914970148671705
1.1125832488408967
0.63826413087228828
0.80182710439325655
0.70456789520414576
0.70425967529096956
0.82722009348390013
0.53182005647828023
0.78537663891235032
0.71174926598253263
0.74503664617453069
0.69262700903602026
0.98901309299431639
0.48964607632743518
0.91692712660265252
0.30547071346437371
0.59834851253299848
0.75457848386015869
0.88177356569291399
0.45735235173246025
0.80130772204819145
0.6786196873263286
0.81754909873789527
0.68555681978042238
0.88689140055917748
0.7889727685154635
0.62689889132110199
0.80481113755312961
0.82391667228522225
1.0480669723797948
0.62516101808802238
0.53405186685324879
0.45453651008525059
0.77394059998275244
0.82576410563716907
0.65526907105774124
0.60960792725703972
0.93272069176885564
1.0309430973980618
0.6975720535895642
1.0014957204665249
0.89566921553918033
0.99143724238484321
1.1343549614912798
0.58072817491307749
0.81712005987871106
0.84076173688121802
0.47544290482664142
0.89558267859926433
0.85293103878451326
0.53015889787685366
0.99027163607089663
1.0329347772075337
0.77860353328037257
0.93308861885470906
1.066663779774385
1.0490608998816411
0.80290020920674587
0.90393518479627843
0.9727882719026324
0.93630538197521274
0.56605156157656222
0.91896895642822407
0.78272362053719191
0.75799452568503978
0.88869540700059713
0.8041316442090447
0.96689037118240806
0.99224797354172201
0.79958162115531062
0.77006180251052536
1.139348415444668
0.74243868069545937
0.92148819421791195
0.69176364264832246
0.6541312820695796
0.85533492079486984
0.87500170937561395
1.2506012927031136
1.1571022179002919
0.97518985624030463
0.84869037227408728
0.61191653113235012
0.99885099220703355
0.97439522912461152
0.88379419447076979
1.0502691601482466
0.7475872790966398
0.96528914190169557
1.2027865892470659
0.95879241973231544
0.83062377772604867
0.64621672169625877
0.4920055775069701
0.67611092623555813
0.71781538040953141
0.86534237967872607
0.58741928016331724
0.698472422117832
0.9830466182009614
1.0695831039105406
0.71736760591743876
1.1646288871928663
0.99258395912773489
0.76647732542366376
0.87271800890391538
0.87859983523528307
0.73748722292058388
0.53650096331746289
0.8237025512281736
1.0312216804981276
0.93576426680102309
0.5636299286313623
0.87542014327897844
0.98314139300199221
0.85570369458283824
0.85756888639470374
0.92862164400788383
0.94393254303881058
1.2551142295548998
0.82336605783472006
1.3970892085418121
0.74273668905623136
0.97196870921721013
1.09742452652218
0.74095017703835608
0.87508783530128798
0.97569545294881366
1.0703138827575891
0.74890362692151025
1.0206969985207019
0.8741354383897757
1.0059265718635797
0.73892984794441019
1.2718922223323355
1.0435372001390573
1.3119311830809299
1.317547147481211
0.90415732706503771
1.0356267114549234
0.81321253849093245
0.97064729033880592
1.1771857170314275
1.0532542373760438
1.3166183697767093
1.0143873244893589
