-0.53901011058918613
-0.88108795388738648
-1.2457573753186464
-1.2085966476332861
-0.91517066178923212
-1.4182454391864219
-0.96714569143128826
-0.78306705670258459
-1.0656517645873018
-1.0904073102896905
-1.0306694910701657
-1.1766114627582507
-1.0802392172321298
-1.0428640687865338
-1.208243112051641
-1.0001342957502355
-1.0672637204849964
-0.90488594495513208
-0.85236327538888768
-0.57309548220184225
-0.79912626870391434
-1.0371542966110774
-0.79872330367854283
-0.75325868711857435
-0.9675454362310979
-0.92343675791976465
-1.0692594877611941
-1.2152977329402144
-0.74005367867171734
-0.60746142732565456
-0.65735819509506566
-0.91183992655926582
-1.1992667739843645
-1.0077382085088946
-1.3062220676181366
-1.2021140713962355
-1.0593787642291086
-0.739959341029786
-0.81136321680803702
-0.83182364701312417
-0.9518973558803796
-0.72868103210951329
-0.76437289382606932
-0.99992339937612251
-1.1576234441183042
-0.60385583317000135
-0.61683871865999174
-1.0315183082115442
-1.0509442616957152
-0.94228768338422786
-0.87471246378096623
-1.0153201683825612
-0.73948932698303571
-0.8482991302410513
-0.832047806100499
-0.71977848356865692
-1.01214128757085
-1.0185252511936349
-1.0212195485872799
-0.70288322902189704
-0.86849402107647133
-0.91120865288641073
-1.0999968885127756
-0.98469592284789376
-1.117283143952065
-1.0374035188184891
-0.74805263785952769
-1.1321285810328203
-1.0898581872622564
-0.71685749692378642
-0.68074299142160344
-0.68294975241637479
-0.79533895978159275
-0.97567767432273134
-0.93330584199075273
-0.82463833952968124
-1.0417174721812879
-0.8699116895427732
-0.49246868358400758
-0.82985542906959153
-0.92191017380904294
-0.72104863904853689
-1.0911492130003604
-0.86867042249909787
-0.96889501614010332
-1.2257641040252121
-0.75127066723634472
-0.61102635127816429
-0.71741140004484338
-0.90512396506270221
-1.1640364541743353
-1.0442298663651393
-1.1037445638722798
-0.59909561510090992
-0.67473641883176194
-0.87952711665940098
-0.88129864473879449
-1.1094566059240416
-0.61786575395373833
-0.65873636828644977
-0.86283050956943941
-0.47533386913941728
-1.1034036035545525
-0.73621346247159758
-0.79968488385430347
-0.72117204545853009
-0.72048207709972734
-0.7966137355563716
-0.52203952943156584
-0.72164252056856393
-1.0400445319119482
-0.75331087618159387
-0.85760982429912502
-1.038254412914229
-0.76615296092531848
-0.91283552295380899
-0.62545164687432409
-0.47981938888757647
-0.65487930897974156
-0.5722898020519247
-0.71873346630044399
-0.71411581292526172
-0.76994069874233617
-0.68571595112853101
-0.82379533145721695
-0.83904884789055634
-0.64759702897735616
-0.7841630838708642
-0.95872581803421009
-0.61775295953672416
-0.5341865191427394
-0.49624538457624012
-0.63495993983771482
-0.73417857826997179
-0.9634760012224598
-0.78841407044403244
-0.59322953847979687
-0.18678664907164197
-0.66617328619799843
-0.75254397723635635
-0.65903137896853892
-0.54432577107553848
-0.47294940286664416
-0.46133225902479369
-0.46662214286592302
-0.53018939250058961
-0.59572584329425116
-0.8912673848253807
-0.86239732017056059
-0.53764906579481742
-0.87656139742232575
-1.0001222165468922
-0.61829393136355304
-0.33054047738920633
-0.5650486357147696
-0.58647583887144539
-0.47674651712605193
-0.39309811443456316
-0.48761811941018673
-0.74585914935504427
-0.7252152492753714
-1.1327448880507465
-0.81092173618329177
-0.89788047831892903
-0.64712846643020738
-0.79716462112183817
-0.61994338050798103
-0.97034569913047597
-0.87689219554271702
-0.49519992109204441
-0.62575258586025473
-0.59659925377079082
-0.59732949852500627
-0.5072602006850141
-0.5402968973973562
-0.7332326760372242
-0.7159455870378677
-0.50648539408113813
-0.83160713448897283
-0.4316485120388891
-0.3858953829298582
-0.75389366441866712
-0.48374550134391386
-0.82177788962353548
-0.37516484112234244
-0.3925682242753728
-0.8381412963441619
-0.33281624079113836
-0.38713603046929701
-0.58168031035429757
-0.71718415002917235
-0.60224407905917832
-0.82548581060173831
-0.42396770278041884
-0.67679761880578349
-0.51245873943264009
-0.59029140355054677
-0.8516751046519615
-0.91197099615893673
-0.71797025039876738
-0.77889841971968299
-0.63315530871835202
-0.72612982281542227
-0.45848747362301617
-0.44704926929265376
-0.51588833618811181
-0.83011789826220372
-0.80582081345374834
-0.46160339790222393
-0.6043894209288514
-0.50660385649397521
-1.1727978113014526
-0.39922058684566586
-0.82247335047930947
-0.33360880538283255
-0.49045090618257126
-0.76047994310311917
-0.35827962632777366
-0.26404712811365644
-0.38866996046414787
-0.60516757151902267
-0.619212084022989
-0.52856857186431883
-0.50990690258744031
-0.54759389871085185
-0.61908470799723847
-0.37155342144941561
-0.52326000944464601
-0.65148918897780494
-0.47099164648911662
0.046802807776351263
-0.4849608518785451
-0.32114898742549147
-0.72224719476626875
-0.51013254804882124
-0.42314779925533769
-0.45968423161205535
-0.85660097725909012
-0.48917552296474753
-0.55321557117002285
-0.401861709249689
-0.38685287249126632
-0.71272000613219688
-0.8603516764462833
-0.5408784983529662
-0.63367415587796327
-0.66660312311199865
-1.1279058897171472
-0.44554935183918759
-0.5465745816105787
-0.39664101926456835
-0.55764629371041574
-0.80072855596060388
-0.57141736504662299
-0.45964129106779655
-0.4264421378426419
-0.77357994783196582
-0.52583068168427216
-0.90875770250506827
-0.64712057738799944
-0.49436931060883021
-0.40590931895870641
-0.19858836815298639
-0.58935165992007388
-0.73379957739891444
-0.38899786774321965
-0.66736763228341811
-1.1181222911033264
-0.5075513610534943
-0.4244095595360427
-0.58865830820626408
-0.40570033971750208
-0.54504310579420767
-0.34065822218585928
-0.5520408684796031
-0.53989018730985883
-0.14625693958024197
-0.67711159027813583
-0.54261801466778659
-0.39019305612098282
-0.58271292551533937
-0.010270580678354485
-0.19904953309781206
-0.42135067145791116
-0.19191393603312618
-0.38582031973393721
-0.10777364165247924
-0.076925525812278434
-0.30104133342160627
-0.24142781442544339
-0.21201373428232961
-0.13752791232354872
-0.15459874860393213
-0.23161739936504197
-0.3849585783798421
0.060203611122832491
-0.66907791989756271
-0.11074632210911342
-0.40351694107562514
-0.17387090573130479
-0.49855214176538104
-0.27761753042392823
-0.29785310094905704
-0.57483532511626634
-0.50084633783612609
-0.066823836285089172
-0.49447494759843441
-0.14508435875760323
-0.51946366333443905
-0.22831799442190451
-0.098131410895446011
-0.39090394642154075
-0.30030473384404743
0.055891576931546137
-0.23782581282270085
-0.35389599038831498
-0.51228639960398636
-0.22733091044575443
-0.48131291403973298
-0.19752363102555456
-0.10625039653238041
-0.12342373529976236
-0.42233570546094917
-0.52973266322879176
-0.34349229415172622
-0.32518733243789361
-0.15153456251471026
-0.42348244515422362
-0.15656614625888457
-0.25760987137352992
-0.29974809160493865
-0.24271947403310806
-0.40373922252159045
-0.40510996650353898
-0.32544993945540607
-0.36509764342521073
-0.44285355415804034
-0.15869232534033823
-0.40931767431856653
-0.53853599949091213
-0.30209765843328451
-0.31733810436612298
-0.16889809671577904
-0.48348704908132178
-0.68415014138024222
-0.31430708893302373
-0.37584735911841982
-0.18560875228094489
-0.28347764908730788
-0.34560294176416118
-0.37349609089970315
-0.43986183464301148
-0.57229050814876681
-0.36739120959912797
-0.078292603941881797
-0.32068287932457296
-0.089733396040955163
-0.42974289596720822
-0.51406201228780446
-0.49720278628847592
-0.4933105239044176
-0.39336722759836318
-0.40830511044768142
-0.61218037477465037
-0.18017802833161628
-0.88698760346159844
-0.28013488386921104
-0.28673792638016543
-0.46456482496191426
-0.046478949650540197
-0.48741530182448528
-0.21942773318660189
0.024601249559008276
-0.054238565076199181
-0.35645352378016237
0.084215254342384471
-0.40974516809664463
0.15541512614317704
-0.071239507805965052
-0.29323285589661363
-0.43532393627433996
-0.38101278324106769
0.03197409130218317
-0.29235087358443362
-0.50840143435702168
-0.0066622680466028351
-0.23724300442999952
-0.34599543591809268
0.061790676934200976
0.026486110576931777
0.15041844943644572
-0.15653048188657104
-0.28544143348875506
-0.72388537589662594
-0.15147775095051214
-0.081912834666436743
-0.36637906463204134
-0.21180232380199329
-0.39828979221896593
-0.02674074078285504
-0.17436419377673112
-0.12628625548191963
-0.35278836108031159
-0.14981329328589796
0.16578604527130603
-0.29487706473724801
-0.30967904652624256
-0.24231625867430673
-0.39081406094908144
-0.13254168976250022
0.085538149376545927
-0.67193882883038791
-0.24542258095733149
0.18338706016421136
-0.41003799017573073
-0.34114135713696181
-0.024809972394690405
-0.037909817512325542
-0.25936239577428027
-0.2940212457180037
0.354090122235246
-0.43020275840445349
-0.29291357019300474
0.1094755892111169
-0.20380623205618503
-0.17407273422821964
-0.12286856906229718
-0.52683359029234689
0.039541612654621978
-0.12011408526399109
0.0159662151005922
-0.26069109317659728
-0.39841352717220418
-0.16072869866016604
0.41817702948955454
-0.064059597382071343
-0.11360770434766455
-0.48640966820692827
-0.22726585245002084
-0.15976675778922905
-0.31285583481436335
-0.04470224613379406
-0.11760591185812438
-0.39012863800176167
-0.060310085232919239
-0.079914856820058167
-0.31023619213534093
-0.38294029755279657
-0.082166139254659071
-0.4058229832415452
0.071597648011391402
-0.065670383955159242
0.091326795389074636
-0.33274045170290534
-0.10334324466078045
-0.055462983504114848
-0.28486522278895826
-0.34708106912664971
-0.22845983177945106
0.12156648484788574
-0.18367966012053044
0.083350771312281816
-0.17157593414717845
-0.36333574805181218
0.14106816728542526
-0.16037763961397736
-0.21388823533476517
-0.077993680056814368
0.018549321623509883
-0.026718464756680608
-0.15820874540261046
-0.075360629777516466
0.17698554759117729
-0.42544435895433053
-0.24718753819863204
-0.29148643287081616
-0.12567666511295575
-0.33576967521468382
-0.0056219679402200124
-0.10424904372973441
-0.15069555247250013
0.010211088384911582
0.095500938053228554
0.30024957239181915
-0.056373963981882588
-0.24645636123529024
-0.30636163846894132
-0.14643977605572461
0.0075017611613381399
0.02521756453444117
0.12124211812559137
-0.21494555142416344
0.099675566335510543
0.008745203144860339
0.25270265233296757
-0.18381069628130045
-0.0043341681497964385
-0.029874047166906594
0.1831447841765951
-0.27821379246004235
0.093335804478706902
0.39611603994417588
-0.2585744099477621
-0.20772852690126861
-0.0075751344604024825
-0.31050189952616208
-0.19796032308565434
0.18462930309436254
0.30979545754975657
0.060886878526541975
-0.032553596476471401
0.30481471827608775
-0.23378993354926905
-0.1536958531182189
0.21985832033313324
-0.1103789756163796
0.060265611292715654
-0.056489634332719946
0.10362598279826783
-0.12503511492460814
0.11234140219086819
0.26049765242369205
-0.14340408370151667
0.25109986468102252
0.060275043890817767
-0.18916321976886535
0.021411800812914779
0.19141240964496428
0.0054233438000929196
-0.13968632892056213
-0.10023276215700727
0.26278855879935226
-0.18250495462767852
-0.13565796554148671
0.038013464404429209
0.24439951358644421
0.19998354236036586
-0.16552684302025159
0.23035166282100794
0.054426017075893299
-0.034413825957191349
0.2649333193950813
0.11823536637060514
-0.088222793067351896
-0.23965620982568223
0.24289080007393768
0.13282516264113647
0.37425065647720279
-0.20893868499248228
0.056243391573739726
0.21862539815844578
0.22856770527857398
0.09418783178956891
0.10732960569196555
0.38557663981026502
0.17830139840234144
0.39229304573288554
-0.0059450536944290104
0.12443358483428676
0.22707125452873506
0.11293510891036343
0.066210712845469741
0.08577605502816768
0.22990528966799548
-0.024747778441864047
0.20240012280657765
-0.093397477712840404
0.049753199712575469
0.09563254957922096
0.45539511048696418
0.43645557119499556
-0.23113291714315082
0.097247372525211692
0.056054091240612509
0.12681649879063436
-0.24608627803246988
0.19863990590758593
-0.066288874039897153
0.14225335371929984
0.23866837680016717
0.3221188504869284
-0.071768844319058611
0.32334100634980273
0.40430650420483877
0.12607401764978052
0.12930187255932479
0.10013559758180554
0.072406498386977325
0.35339806866652862
0.37275001836847099
0.3043814284559232
0.38892341962126653
0.1954427981032123
0.10142983933662802
0.38816917626951436
-0.30950209684526203
0.14285829013638046
0.22946689543898793
-0.20052387937829241
0.012113510772543471
0.56260114157470731
0.37963758246385709
-0.082945050484529922
0.55037626716382171
0.092727005063824489
-0.20941394997861273
-0.051857667070453216
-0.043807576073284019
0.048070351171007553
0.24390893174191655
0.54767369088757634
0.099136813266929219
0.27879738732671988
0.27233909706255199
-0.11038800464839801
0.40572280153787327
0.021220605728161691
0.21180276635362461
0.30541306802587503
0.53218801420227291
0.25677482318203343
0.2061528446440114
0.4919156511573764
0.40863585591778584
0.58480648876589136
0.26433066097168595
0.18184103667066021
0.21077997761787973
0.039613186015686926
-0.010792141134358713
0.70881225391698155
0.13772440738804329
0.37283612353113754
0.58013000370639201
0.28238661238466506
0.52584853331846948
0.45868712551218144
0.23500373681451997
0.50180655065995872
0.35478773390130874
0.43030747482602977
0.12779264797149925
0.51312827516516879
0.646566737301703
0.51441040609955657
0.41325318219509966
0.2765726042383137
0.26854169132539474
0.55607167559382797
0.43318461238068295
0.64958918375214725
0.33800316324193141
0.35933558844986158
0.33340650654376203
0.16951524129206941
0.23362857673070048
0.15118872746294781
0.14568837523734796
-0.067732699401920823
0.51299094640023579
0.56186729827329085
0.4347566927839423
0.50363121753635309
0.43660043867033849
0.48596405101681733
0.44236062546981159
0.37266764819995024
0.20356568184980825
0.47802356036926574
0.28276201738412532
0.22016014454729385
0.7850218874636351
0.58860250244428303
0.7038151693076683
0.28398067437396574
0.46090357766769802
-0.024031478020495343
0.21175288508529269
0.34066465736139706
0.24864649721555832
0.10633896866997312
0.37531349221816102
0.35781905234823164
0.34253540578275438
0.40235024561210858
0.65855338402591956
0.27104320783343139
0.10180217278600649
0.15831723172985104
0.31230691690737528
0.30404893230628249
0.28595221744346089
0.16268283509810469
0.22364669764810374
0.49023656106284691
-0.0079260690829498093
0.23920595808845158
0.48166203461630852
0.51519845626060157
0.19499651988045857
0.39128450965900952
0.30268550943926609
0.08685592486338721
0.47009511405784804
0.45054804885252947
0.5762062740886309
0.44801198654112673
0.23924939432780856
0.5099509131701575
0.063901417030625851
0.30969181594689021
0.47143658535028515
0.3081443809118819
0.56388125489949847
0.29994694662952215
0.40445027799687233
0.45524169876328718
0.48117226292882309
0.53410811832534666
0.47575972105474434
0.80519699957802682
0.52978276171730043
0.69023023753846058
0.56785032315854733
0.34832053658870321
0.21012462417346459
0.50790642302705902
0.4022568352976475
0.6454234349578043
0.36112448439171035
0.36504116869200748
0.42977610119908144
0.47977709217192915
0.34384226210622909
0.37653086222171822
0.60206508903636713
0.48589010581755121
0.47822800220862255
0.24920361185603382
0.61605744429699238
0.5529079343111799
0.18569383685301752
0.51921546307192079
0.22150810612197136
0.53418510838616362
0.17501090008730091
0.5847941519873141
0.71187569972311826
0.48282582129863094
0.87832776489490805
0.39874860989951738
0.26738812979292598
0.52352082788347154
0.43232791663457043
0.1277404574455398
1.0295066992100959
0.52602043834450063
0.55128275289586659
0.84130926211948465
0.92909516629736555
0.48090018919206484
0.22590364899770612
0.5798689656083319
0.61111394658250107
0.22167985114665748
0.54745568033150827
0.82023856665119455
0.30095228975550281
0.54886263130849078
0.4896568543215426
0.58757741246351847
0.69261497013239703
0.22341279846289475
0.66003612614935125
0.69884804648008425
0.15898923592098399
0.57029332241031094
0.48715340451703937
0.6817675967569794
0.44995959233613303
0.43554396644590015
0.2845154357494164
0.30709314513022179
0.75929461459525827
0.91709580375487887
0.51574270741392847
0.81714051882924899
0.088567755984436738
0.61213912137030935
0.60146901598844826
0.40656570688117188
0.5915325882391147
0.5243278276637896
0.64027870439552426
0.64654051179212213
0.66956865349273798
0.56019857419084218
0.92618510109416419
0.91284943760689097
0.66451552254041357
0.56302833901614069
0.54775811255357321
0.92743912591679611
0.58932193381713283
0.82908793761173527
0.83307923515837923
0.47880605842644597
0.71088709301356923
0.14414598154332989
0.71722380127274499
0.62382108364841937
0.87429141163814683
0.91319429994009937
0.59460894686464405
0.9304359500211411
0.51133071222127979
0.51506758142845299
0.57777593751505019
0.64710185509613216
1.0405592800115235
0.60395139550078358
0.73170751727689454
0.68175223018148712
0.7436882974896033
0.59870810247531348
0.51921522230798478
0.3980765076620536
0.6490712150164798
0.85998898757180764
0.78392819191880125
0.30656185738744707
0.30868614989543774
0.82252166690183037
0.71065235322002474
1.0992034003025659
0.583018727979705
0.75212448249855379
0.79942978252141805
0.8322741384495117
0.46441006604472718
0.81179253408300955
0.73459237958692203
0.46024097146318738
0.96825170422435913
0.79945418382158462
0.53981540204885325
0.58093421319589555
0.98234458144905668
0.72069918995105875
0.5865910352295044
0.7459240842395749
0.91032494166013
0.9583260116946084
0.52137673970483867
0.51825479037551858
0.60603064237122539
0.72023359583406243
0.63796283297822665
0.9667799897082312
0.86329507606029987
0.84426327727728179
0.92774844460198735
0.67346369059616684
0.96393540877548989
0.93116321880105946
0.66206618124586014
0.80190626718374902
1.1030231369181802
0.76997981486543232
0.72195721121490053
0.86987963465620055
0.59000573557182845
0.82174676904746435
0.67852069309091478
0.71653900641208446
0.82442910781467982
0.69073593863662552
0.66905192265148516
0.94241452281616478
0.92038769474959392
0.63365172887304533
1.0002061033481562
0.85687152935712774
0.50434923013294131
0.57343139398705056
0.670616364485772
0.51151503423484457
0.85419050451784051
0.70570605180155876
0.60707215256874469
0.66578206758289604
0.88233866712467346
0.69554837096214583
0.65815414808685846
0.43661982359540807
0.81654029852938415
0.85156672055361127
0.75080805201989731
0.86677459999110562
0.73263178860070832
1.0158587537826627
1.0811090799965561
0.97072462895532552
0.78561184583291388
0.77400647652030641
0.93759283367480617
0.57931163647230499
0.74049720286160214
1.0199277530011952
0.75333012938872723
1.0050776993370227
0.95642716946234696
0.91068705451114418
1.0913122100744668
0.8358796801820525
1.0703238302131459
0.90540779151111117
0.86017986300962779
1.2116679240456889
0.76348182832110412
0.8970086607531218
0.65991968785813937
0.66823436295858563
1.3122520237931232
0.72530766210756303
0.50491261298146561
0.32148072110130754
0.8134213517205694
0.98834764220733429
0.78654899425082803
0.70825314572004217
0.89975685484854506
0.9498812888142667
0.7975783262077486
1.0018127482897798
0.81112429973586364
0.6700312820434362
1.069220949741295
0.87696592725255818
1.0752743762636878
1.1602115415954042
0.94401441741322456
0.92714505216051546
0.73861648639792021
1.0206015895812646
0.71938019467694492
0.9091048299293466
1.0639925380773105
0.85623999593830635
1.1931410490760161
0.94526892373094418
0.88896842381639829
0.67663057620018507
0.78225725094082699
0.95339907090785614
0.60505770507843371
1.0137480483980705
0.82146666553458447
0.85584255619950367
0.77101854151607752
0.87119623856338702
0.85601184562118582
0.98532192182474088
0.9150957800858438
0.90819514840990978
0.88707905770634987
0.92301127839984876
0.83672443019635434
0.93526146969593338
0.79263415800174841
1.081879627910264
0.9523454213126239
0.75759763478983178
0.87852994958261243
0.99135624630812658
1.2662956169510391
0.95575973707461537
1.1654340618687162
0.90295826767961329
0.99939225619660466
0.94383396856164592
0.90543963820112972
0.80589215261201208
0.95372050012750753
0.62622073368528652
0.62632879411863218
1.1873805461710845
0.9213251190502515
1.1680627861013324
0.60711501712315707
0.67849563619669506
0.83492209245359772
0.92653742840864239
1.1763753260597929
1.1103081351752313
0.92732410971625023
1.1487452621331389
1.1014954335293556
1.4659900802743884
0.68459900755062464
