-0.77945921362626569
-0.77623969553005123
-1.1010109611387424
-0.7762078768251458
-1.2199207170913986
-1.034535443692701
-0.75664116349943256
-1.127974758977826
-0.931681236231236
-1.1401644590421562
-0.95343277250235736
-1.2294021828755712
-0.9858411848002292
-1.1573359423971357
-0.77959524461750362
-1.0356867418860445
-0.92753218021235961
-0.8987529254588793
-0.85655533261027528
-0.74461949698915986
-0.9451483655334586
-1.0897148975983255
-0.95202846144135611
-0.82106705059186047
-0.68073674398700823
-1.107779791104254
-0.6132764195781415
-1.0377992423992064
-0.99952701310142478
-0.85654876149559112
-1.2530361327584534
-0.56396676475639773
-0.92263724450679252
-0.94697489426269754
-0.99721302951365287
-0.9169530430645767
-1.0908716677049959
-0.87042431393733566
-1.2324296965131853
-1.2129934245712526
-1.0229859268960806
-0.89052033205408798
-0.81087910478292768
-0.87382568109513692
-1.0150799368905838
-1.0511584079311445
-1.0482814510366352
-0.59273376812421164
-0.86127426786387917
-1.2138367031650765
-1.1635727626637167
-0.5987308363251137
-0.72337070710348728
-0.93642631238770957
-0.66720723648286062
-0.74938688402075293
-1.2354487701969701
-0.72002939370221919
-0.88295850706773016
-0.98601057403475878
-0.92001611074560807
-0.95816181907810316
-0.84085358134524579
-0.74055345504447201
-0.82286335374793407
-1.0834598019058153
-0.84815714890164973
-0.99986564249678522
-0.64768045318555312
-0.69361974502904955
-0.77063965449742045
-0.64475428883154162
-0.57621696315655713
-0.86596424027022922
-1.0423950361155683
-0.81508521551854018
-0.51920318709642244
-0.79391650660288271
-1.1439813978403046
-0.66062558051462916
-0.81621496863590581
-0.8047204638756873
-1.0404955172627126
-0.81968274563156296
-0.40180801998705018
-1.0491487780052327
-1.0348289003085325
-1.0170921002400302
-0.75358834798311103
-0.70729369441183332
-0.76010254629894691
-0.65810932261504673
-1.003356303104008
-0.56615779446259062
-0.37637225087832532
-0.84365949427697728
-0.93930626069993783
-0.67255286671867576
-0.71125103886729268
-1.0572562067344207
-0.73742370738044516
-0.7514502953500215
-0.92041012499578923
-0.8029744099157482
-1.0179142054285666
-0.74513891075919114
-0.71844704794746705
-0.8696682260371611
-0.79148824165480036
-0.72930931888058725
-0.67983879017991122
-0.75026395749611785
-0.63641799008939359
-0.66493801770042071
-0.83830268745128056
-0.81069906503946876
-1.0953990006309349
-0.50535831974666057
-0.50778962710229292
-0.84501873049120124
-0.8266764452432469
-0.87797584652030192
-1.0896452557509704
-0.61096562412546185
-1.0948813640448907
-0.85483590035450618
-0.91543465167995641
-0.57363801387147073
-0.56381734500638292
-0.63270184148018749
-0.70353737023405982
-1.2333354982335545
-0.74974077775775461
-0.56698866835013118
-0.86536138929400463
-0.86371006445284737
-0.9144841096821964
-0.90359875042186966
-1.2172307388549293
-0.43065697216172533
-0.57752949264693321
-0.67099327621110327
-0.69759628503189264
-0.68422843848363979
-0.73187601221744314
-0.94008190145620041
-0.91653575194822812
-0.86056047178162842
-0.3092050167408002
-0.44388852558615116
-0.38224749313150641
-0.50577009480743529
-0.86534951997664422
-0.86856533200142705
-0.80219617442782354
-0.65593745687807692
-0.8425215858958659
-0.71532546005100128
-0.62164796847291992
-0.53451119730750773
-0.61732734431992375
-0.89237335838208043
-0.59762923413722047
-0.85278619779656517
-0.74621748545186017
-0.52411360075695879
-0.51642701970205807
-0.90944317130205399
-0.66546455056627363
-0.39362847165543902
-0.70534791290230714
-0.75626410666562249
-0.74250221872693112
-0.59532496239032073
-0.45163708504609867
-0.60311135049757914
-0.87839883655195927
-0.58479524150991402
-0.91334435393900759
-0.10679303570890201
-0.54816040368534913
-0.83022489759755869
-0.1322469896739791
-0.84400917794116082
-0.8150134509512893
-0.82932830863594309
-0.42714189649255863
-0.62316546368044201
-0.25395623316823024
-0.63893323559937287
-0.70515054566871782
-0.24722216465898991
-0.42017300394681334
-0.56687979617859507
-0.90230517746641559
-0.40020644702277269
-0.8162935696045478
-0.6156739460488988
-0.31692194430188386
-0.66326744679797478
-0.85037716178617717
-0.91664714330608288
-0.45822076020439551
-0.4442793541841577
-0.81462744444157409
-0.72703548331361434
-0.28192649061705688
-0.57368215728730432
-0.80681895919515356
-0.63859380294616297
-0.60849950275570985
-0.5642554354011674
-0.39237185151876919
0.0096260076964324141
-0.4114088917122683
-0.4299263965320701
-0.27085050017167522
-0.59889485588365043
-0.28280906765838781
-0.68770135314198966
-0.33005198089491283
-0.48665181019757131
-0.62895861117877838
-0.44389109954427808
-0.49449464365691598
-0.61324802268034251
-0.35459667879342199
-0.7969225777111042
-0.56110568209350142
-0.33190420306846752
-0.75050605984504515
-1.003511883510283
-0.57657616807269052
-0.42400052666450461
-0.64641967769326125
-0.52245134734768883
-0.58396278696537351
-0.74702295845529498
-0.43292133453327974
-0.49171105208828358
-0.80592766270435268
-0.33374355252133026
-0.33633923652589726
-0.25789421477509039
-0.8042923495641896
-0.55333496173232277
-0.21953922579020502
-0.34204290040965446
-0.76774602540719872
-0.58742117924570791
-0.3079540163947671
-0.39377286035263825
0.051643060748819164
-0.24863788579002197
-0.00092559078754097103
-0.52051104393561787
-0.72825776814362231
-0.17938925804256362
-0.17109263955718948
-0.44111108640550789
-0.18007687567398212
-0.30309807764336472
-0.57218927953875964
-0.52653242759719243
-0.29161120979949712
-0.40187446857010661
-0.44429823239508631
-0.90783275285282239
-0.84749334127655374
-0.66983250187751442
-0.1453961296120779
-1.0522764484081628
-0.12038272683829118
-0.43900081728314977
-0.47091490825409449
-0.34823827644794614
-0.54777458783711575
-0.43195608946306141
-0.2056183569604399
-0.44605106710996417
-0.59968432681894601
-0.28845380151943473
-0.32213692129532684
-0.36630051192835594
-0.45923747166169238
-0.42826452798794518
-0.63195870898707562
-0.34683175377275738
-0.31376918961347866
-0.018551149002191989
-0.482679947271414
-0.59656808546474582
-0.65045490011324747
-0.20337297362747245
-0.075190854489790654
-0.53011632625364591
-0.30922954485397769
-0.38862228869615117
-0.55877795561760146
-0.53520828613666682
-0.34131974431173917
-0.56064668415078622
-0.37744957306035193
-0.51289864076299274
-0.13699885774339668
-0.27828410026137046
-0.73324012751913314
-0.50595599530210544
-0.36779384445243923
-0.37115523956066099
-0.76099990323657063
-0.67516552733682333
-0.0093607116021089658
-0.40634701903054543
-0.12166875101193625
-0.34845870900988907
-0.19495767762736244
-0.48067400694609197
-0.40259155126839574
-0.31237779485870387
-0.062152683538423868
-0.16147451210293287
-0.075136470281212467
-0.024201768995952461
-0.39061821418073683
-0.36852277006085121
-0.30183559307751889
-0.22835330943043414
-0.61527608697354363
-0.78859423128956352
-0.40099003863901594
-0.26878390816644127
-0.42689562522678398
-0.31432719586313856
-0.40843985865440263
-0.19405960455254864
-0.3046944885800521
-0.32638648609910526
-0.51942734705654969
-0.56390320292828777
-0.45366249212304943
-0.72020637379536978
-0.24900364980168371
-0.57644573701867396
-0.46310614030836167
-0.59772998560496315
-0.47736308121262139
-0.23947921133086081
-0.13421335296723971
-0.38725484127175541
-0.70915215823577205
-0.3373384998002894
-0.24078130998399758
-0.15715964517360917
-0.10550404960399407
-0.33836992205921412
-0.088827069619103291
-0.42650962368114054
-0.28903709683208134
-0.37027807701655013
-0.32926203367844159
-0.35266974142432439
0.037009145190670757
-0.24677334612744797
-0.52902794012511911
-0.22196374391176635
-0.30526432047845309
-0.4445647197531909
-0.19868761062701032
-0.48614654159694354
-0.41938421131486464
-0.22850240401140443
-0.17687405501973075
-0.1104107370596243
-0.22500385507165091
-0.25558020747707516
-0.20321947789707495
-0.15835029263749489
-0.2675793612015438
-0.1566644840565605
-0.020915575935190871
-0.60343482437094076
-0.29350382740357339
-0.13282770276390163
-0.24394613030906087
-0.093242760322016047
-0.23196841230002663
0.0084537561901790546
-0.21290185255082134
-0.43815317268852749
0.0092286660726642912
-0.14785302029494332
-0.39341982471237052
-0.25675096640276474
-0.14523850435408611
-0.17491805564811228
-0.17558778838184488
-0.21157018133837016
-0.32483350729264721
0.041282177645955168
-0.23930064869317308
0.030923359104018146
-0.25249105614079237
-0.14248152495159339
-0.17981341718061644
-0.42120080672254068
-0.14820345926212841
-0.034029270416393892
0.031203732278060805
-0.047554029623549689
0.018254777338504394
-0.26343026709969269
-0.046737712618394218
-0.0086935847354905216
-0.49802474935891389
0.00081601283491023933
-0.34310630231891376
-0.30376449583490783
-0.02406246464551981
-0.20449104372876106
-0.29213509673802329
0.058941658970265279
-0.41783563767594206
0.31045624312891645
0.053818156464521733
-0.14693031719374819
0.0076081864053832186
-0.20169039075346798
0.083897884294000136
-0.076566343903488016
-0.089034889077311524
-0.67249979785771452
0.026782773002541792
0.085175804664786386
-0.32078299139620492
-0.51650296428994724
-0.20929670276314971
-0.43463989721356949
-0.16748467545487516
-0.28153361651338626
-0.45023698240875476
0.14192691487470654
-0.014972363965536927
-0.18254428999259328
0.25067009263233336
-0.17791249083225996
0.096169629100517573
0.066229801082251974
0.028549113010633252
0.049835274533520921
0.16779040560864436
-0.10214433501209905
-0.17927655844701013
-0.078586769353607713
0.26414868382808515
-0.10058540499326882
0.14241659218188193
0.17566445402774875
-0.091652428216230153
-0.0093584279754781018
0.12012144336386998
-0.26542229495353636
-0.16598479199388524
-0.11533563051424196
-0.22827137391673105
-0.31590613935301876
-0.37263789365497618
0.19497635360554283
-0.057112053250372309
0.13045275222320515
0.14274901910740853
-0.1434847507356915
0.28899504651586805
-0.13026434584311755
-0.23821877981364339
-0.039398463449132226
0.30670582371490934
0.09416910457002732
-0.32773626816144907
0.052908295336227172
-0.026809119176038322
0.14677558782592309
-0.20579921182279692
0.14978262326876504
-0.19397750466332417
-0.062184095818982675
-0.20624436010159322
-0.045348018669914732
-0.4039685837647613
-0.45122094154098019
0.29349221266209458
-0.087241741996269689
0.051704749199944264
0.24839505804871864
0.056300802496498374
0.0093374120337449667
0.18225138344993985
-0.22300097045445236
-0.30518972898465813
-0.37933503548625491
-0.15224909689843868
0.086453258616239717
-0.36741693104737044
-0.42274443146289109
-0.056132692689795038
-0.033028715994798667
-0.062853198755195905
0.21375859690581289
-0.23956485054222035
-0.18154728379939242
-0.21121545466229796
0.065839981194836569
0.12037840773220439
-0.11984690667061747
0.02208204795530572
0.077502695471631328
0.044063107552407804
0.083302890834033624
0.15219595930686267
-0.48801212034491509
0.058399816852073495
-0.13649810452763236
0.23168709254059749
0.085810387690380144
0.10240243456846955
0.2081254921643198
-0.24854868385046611
-0.026570404323697942
0.37498065382435214
0.037503476825775379
0.031860827675511641
0.21523385045633289
-0.23292681161308335
-0.07701942872307338
0.022504529351172271
0.17130087998114998
-0.10216079807305357
-0.080096531588752684
-0.082670806928427487
0.098142673411698883
0.27732725971482081
0.37105403333138343
0.31871001793513432
-0.13116413992806067
-0.075009447781399063
-0.25449509310589891
-0.13423795194633587
0.27696380789393615
0.12568004172645086
0.37729789735718422
-0.1850924885206324
-0.31539462881892233
0.12993522910881358
0.012193604999084647
0.11949102287015886
0.036837944910438916
0.0028274180138273845
0.18026762636845031
-0.037736202367551652
0.41217824279563181
0.27650782708101995
0.050292120710975531
0.042122938332276941
0.3274054735184333
-0.065755279248629311
-0.047328087898176587
0.11389697666777279
0.090436520562366549
0.30336848576384234
0.18480523154328554
-0.022727159291316981
0.18108635573853757
0.30432019952459538
0.21300697086238807
-0.018638652245554683
0.45777317803926626
0.071729468313785863
0.176481364810468
0.34892356994099893
0.35982682137523714
0.36028340111324725
0.26582468123021902
0.16916736905482113
0.234114092694748
0.2994880711411535
0.19438833811309672
0.11866278923685428
0.32710654202087996
-0.059094212891657075
0.081594085121021495
0.06254089450794062
0.57507664670431702
-0.14260462481464836
0.45502912949457525
0.28836448247950153
0.34377521162464242
0.17688650850494786
0.2552456391246728
0.25141540372735349
0.17634222052277262
0.014998589152671746
0.24334441428355336
0.060218538460156387
-0.12628712183192883
-0.095216939133574083
0.17507528955175661
0.37176171393280905
-0.079760119475680957
0.3414316592484205
0.14374670241918516
0.30763316168862542
0.072583504117388412
0.069206836800829175
0.31430468348881457
0.040606426850824565
0.13648564849539824
0.51634981623156306
0.47710155641258095
0.29767687167491463
0.10056343604600017
-0.13026047526456905
0.13722523996940414
0.3583717918487998
0.10792027079566277
0.3466415323251848
-0.049907603216132454
0.24038209548821712
0.43670474270685172
0.46467848355087521
0.24384245669818708
0.24785993827321282
0.40109344339304004
0.42257069415761384
0.41192170338684148
0.063577390859594449
0.47316332564768987
0.17969450373087326
0.28019172354304239
0.054672547640712818
0.13005759602666916
0.24594192491357278
0.27642423045818709
0.6021175809541649
0.32268776073340344
0.35528499570846478
0.50726137437752072
0.21027008266158034
0.12607881837124998
0.040385363606425154
0.20996479982286767
0.42753014097023995
0.18344614971213438
0.3727486662402329
0.35786336481747794
0.4960003420066183
0.14126029549588662
0.17622702613097302
0.16899353260976085
-0.0073625142775565347
0.34696782796924869
0.19331637699787579
0.37489846657991638
-0.19376412695526918
0.68186745758178224
0.71866620824279837
0.23144541116140896
0.45209037887099557
0.36316666090883815
0.2777336713376054
0.28842367152688542
0.51474817210751689
0.2836696516654405
0.41789966162223863
-0.057627527173333172
0.094075213850087561
0.46436469660602142
0.35545414217649174
0.2645277841116529
0.36872032630498763
0.67258333306838913
0.42374137590597788
0.72172897949848669
0.20674664183682809
0.31995365676250709
0.51663216626603381
0.72118353770161314
0.26452654189573066
0.40920072437477156
0.34538538274045266
0.32363522319072746
0.29079203462720898
0.58017868398092998
0.16503393337364164
0.61320865878352548
0.4770490733188445
0.40202814041353085
0.57996932143228486
0.27463922316354722
0.25375698037082312
0.45737973356078987
0.54557957472593066
0.30179009726326894
0.51763634790579705
0.33340119787428213
0.5344356776639031
0.44846484373556089
0.60640086719284358
0.29428516295041113
0.58907342065015689
0.27791528600373788
0.24657235844507899
0.40017890976232218
0.13095937466177923
0.74721752195817437
0.35598816604305
0.15471288916571016
0.6767587015656501
0.44348235252169693
0.3202126438260916
0.29603540720619403
0.57127691425253502
0.51232687657701648
0.42508519012263185
0.63198824054634117
0.62247889977484328
0.58828186195941889
0.45306732068221839
0.10630215218255878
0.32470634239029489
0.70443081578867561
0.29961685694727103
0.31594086235997859
0.4847715092789649
0.29614609022071775
0.40803164212132781
0.61466839655248984
0.20328239910500848
0.53508148761364982
0.61417525117790994
0.57842128622712896
0.55027606546287822
0.5184745314494108
0.27302050505585662
0.53405946488245482
0.62626110712781058
0.33025847702580646
0.39809579285445762
0.73072331406626645
0.46909921228394119
0.62143028238367515
0.57885622702622397
0.79250348288652628
0.74670227288084978
0.55763533924396658
0.28500426192962175
0.69520668887573511
0.38040721374269637
0.37375383807444684
0.60200085756869226
0.22059760076922211
0.41928318400247716
0.22071661064699599
0.42489517479099775
0.4443914442890311
0.49605164810383601
0.38795077817621354
0.69325146433668938
0.44561810994887491
0.42745477228130735
0.39155880769574153
0.15095721862780023
0.4049474587955979
0.79746334034253386
0.76580366829333357
0.54326046953570717
0.49103622572930844
0.83675685039093173
0.8510767874587325
0.32497418877341389
0.46986930788376696
0.66874191959014806
0.30497089411933681
0.42957141206631955
1.0345734910444868
0.74218872839244132
0.77964585644359496
0.65937669902295404
0.40431782848237913
0.55475575215418993
0.46590797278955998
0.7367257762917403
0.78252541785898233
0.35204731810330736
0.66548748235424304
0.33737354458435009
0.38060460202891827
0.50504448883527231
1.0601426804001661
0.78260971538740143
0.28106350247114825
0.91257019103289994
0.85372115301346507
0.71141245852474744
0.52494099008360673
0.47253496709995246
0.66906511988325623
0.65206598282398764
0.44625580408054522
0.29133452758549638
0.47369335618389741
0.87824342028437408
0.6709101735293217
0.81982974341715387
0.75247681659993193
0.64081554947732733
0.40921509139600448
0.89141251757493256
0.25635001508062688
0.58124652001726662
0.49148554115779397
0.62542026437150822
0.81528566239799338
0.62618679583202286
0.81281025284395769
0.82021400305336445
1.0554134445943102
0.77015149194932697
0.63990756973151042
0.25524580511813411
0.81874944440588049
0.75507111078432088
0.64114017176888149
0.61999193684669573
0.52304754997083436
0.80186380589415618
0.6800469153748876
0.85078357249617897
0.9890697294177685
0.56557710937536487
0.63900781493934555
0.70045535915100554
0.664316454630547
0.73994432099701768
0.64426973989453618
0.65872912159059505
0.64455834222856101
0.66788237054355315
0.66186707788598398
0.5377049804501417
0.69078969539360413
0.78021277401229294
0.63663128293468607
0.55110134215125117
0.83292153232455557
0.82405854066996465
1.0192284020960112
0.59729262510375569
0.38841157118229741
0.50769115768773887
0.58076037322854901
0.60398994846151843
0.7096087636780225
0.17305925995082339
0.85545283073891953
0.59023372788505202
0.73590295298246866
0.56656487575017256
0.98540180696379986
0.79988704210928363
0.55103665512695654
0.50309315716829539
0.64043679770080408
0.63830123672414441
0.72324507802268667
0.57566482123681828
0.50451451326440422
0.88374254111462813
0.97913194449905527
0.82577601299636272
0.89000453286129422
0.53827201309311035
0.89220284040855657
0.77337516189280187
0.86422139861435487
0.7265751629127063
0.8477085255252369
0.85380711405577114
0.966127621688608
0.67256512057151985
0.91919832115466971
0.72786617224324168
0.99920034359146603
0.43423952339141675
0.70881719578370828
0.47323647326942025
0.51983915456962826
0.82632903528962454
0.8092564863457522
0.98901327148348384
0.92208874910451255
1.0392727916172482
0.91674161783820241
0.61933050279222845
0.6360708743562925
0.67215717797255015
1.0944539588642046
0.96194470490912687
1.0575885448959652
0.45370059210499042
0.95676076058527704
0.94760120228682543
0.80078586703334997
1.0595650223707269
0.94460557078215879
0.68934104830897691
0.70117608692475097
0.89761490040924041
1.2284949155632237
0.69938202545902417
0.70457661140041061
0.73667607254008871
0.83377963480540951
0.67555207725669841
0.66502024534522919
0.89218305801270903
0.4476694417358365
0.68703550829162141
0.65275542077793003
0.96316671208546689
0.79571340612740982
0.81828762314072712
0.8027606163702441
0.46825767178292793
0.83423916970120915
0.98341097490669294
1.0189328140759635
1.1529707439519494
0.8103370270200716
1.1380712005131302
0.94594615722032882
0.4650680406769227
1.0112037614408185
1.017731601582085
1.0607847764670297
0.73332572380334249
0.90694771478809821
0.94584266243410497
0.74949300917607442
0.77451983094842725
0.65994059979570752
0.81359704863496007
1.259747478843056
0.78546484242360748
0.77207954191070205
0.71636803274015748
0.94611655316587628
0.50435964885578366
0.96334553138333379
1.4033148608618549
1.0088642131570695
0.93827150814861804
1.1928869356648522
0.93259988963785267
0.69463872601845456
0.64837867451863929
0.95292145370556025
1.1454379483138519
1.2900668813347365
0.79115493704344397
0.73401395332850616
0.70219791616023597
1.002242132068315
0.6769504665967796
0.87561414124112746
0.75452131568167691
0.65254115417015124
0.83514791745713945
0.88647509424214999
0.94217957059807989
0.91427620616135674
0.99161951974430096
0.96766088175299192
0.79840448077396609
1.0965223058662856
0.8210470800795816
1.2221973601078731
0.77254557716000249
1.1091552766691961
0.65636459158537741
0.9807547542248054
0.98590766225585591
0.67128276332897097
1.0525736555313212
0.80697150405102835
0.86888649056561618
1.0896651747509405
0.8393904423649784
1.2352373552606717
0.89980689343904696
0.62873227786873642
