-0.92501081534487739
-1.2450639173042928
-1.0063418730445397
-0.71667600212464189
-1.0940233845823173
-0.95055119629593365
-0.86352844913822735
-0.89817955107094516
-0.8142926957281057
-1.1787610517552733
-1.2069448455350922
-0.8773605710749075
-0.871366052358444
-0.9759305925863242
-0.93765024426762855
-1.0481488605319844
-1.1496520364864777
-1.2064509003307422
-0.72601193636965677
-0.70782778373609923
-1.1475100837017778
-0.8379874778795372
-1.0038933219261732
-1.0090469157759911
-0.78674268803115288
-1.0362936670239051
-1.1180174754019647
-0.95820114857476801
-1.1056447120604231
-0.63770903694671122
-0.76661499399126853
-1.1413787595766034
-1.0566089116025117
-1.0196798332705845
-0.75757824087672798
-0.78213860855599415
-0.96959017526200741
-0.86744024709144552
-0.68339048341294828
-0.78830138615335588
-1.0145111274201064
-0.86536530342931695
-0.75768689636387054
-0.94351799039737805
-1.1528904380423546
-1.2906107927846135
-0.98424780515607069
-0.73474029035532762
-0.4689017671909031
-0.92769068763657436
-0.77845954377381543
-1.0068349219727069
-0.6403198315567773
-1.0065014293396537
-1.0774089550911534
-0.93929870330092824
-0.98102245250262432
-1.1437524791221012
-0.76050855269197182
-0.64107302176501568
-0.99215456315715667
-0.62022872158271802
-0.80404927588179775
-1.030665922466703
-0.82041881305622766
-1.3627420224467062
-1.0342474947455895
-0.82346726253582347
-0.36728286174681002
-0.76383109850891828
-0.85538814609620517
-0.68251761537045352
-1.0224110911636888
-1.0298197481366094
-0.81725693147628997
-0.70992269551632803
-0.59154054373602472
-1.0273843152015496
-0.72915723842980695
-0.80224807974079182
-0.87188910537669417
-0.7072742106955342
-0.78666715412294541
-1.0662559894190429
-0.94564129338369307
-0.74035852954292247
-0.82589903873249382
-0.79801554472851566
-0.56081475080388699
-0.7835776607583228
-0.85414017798623598
-0.72595781850581353
-0.97604773227752839
-0.80524658098858237
-1.026691473664797
-0.87181885843593476
-0.46614768172895016
-0.86712025839157325
-0.98906647064075448
-0.54082364107202896
-0.62193845705095252
-0.62317677775322067
-1.0845624924422366
-0.62885151766974401
-0.71573058135482059
-0.95450180355202674
-0.66052643411464196
-0.96407778021354762
-0.72463489251917923
-0.75352416304148839
-1.1117411190608768
-1.3102024634319476
-0.79190127045950232
-0.56233621134555256
-0.73969202417902191
-0.8440503337256392
-0.93985624231866094
-0.63058213161215038
-0.55769408082963179
-0.75371650082084451
-0.62661826679708665
-0.7057662639964718
-0.74529542661184101
-0.490404979825252
-0.73949052907131507
-0.53435219126764977
-0.62177407039275556
-0.53164632603217055
-0.57069086419122206
-0.65011535141979215
-0.82728143345205962
-0.83853514571131094
-0.5361402973936148
-0.67020661946861182
-0.73631427593481724
-0.65669858863547226
-0.86722470661016615
-0.36285865329128619
-0.50423195794887066
-0.70475382564613975
-0.79399606057628869
-0.94857321393192762
-0.61541592123406141
-0.68574819381926599
-0.74839895811546098
-0.70156967312698437
-0.634862872557731
-0.56887842297666202
-0.99380447140775363
-0.74109037254963972
-0.56781310531583562
-0.74482419993446547
-0.58159717576726089
-1.0066114119540692
-0.87427828234283445
-0.76702954155245462
-0.77492289630634947
-0.66454045057608291
-0.98034625669593434
-0.62145229062695839
-0.64960816363056817
-0.34910358168633854
-0.663159764044151
-0.69517529421175939
-0.78452373473597625
-0.8879822757660415
-0.63075269342859908
-0.62311750225227558
-0.98532760350340787
-0.70477217462217168
-0.6145219594723661
-0.56663054663388801
-0.41892618887671679
-0.81843324563738085
-0.65446179066331123
-0.70193260238551103
-0.72127302247067016
-0.49343579309546554
-0.62233553946970599
-0.76513799580790276
-0.46799489507519321
-0.77739745208332378
-0.44452453335861214
-0.61108958313455031
-0.33119381544240861
-0.6245572375096714
-0.48104872288820633
-0.86541897134391044
-0.94702406804805639
-0.66039405497904902
-0.75153863035885404
-0.7324201998194978
-0.82967205261177768
-0.48030243585304511
-0.77581643779141918
-0.72792043959047792
-0.50981204137679281
-0.63338452591894856
-0.85873168880552586
-0.78492423087061602
-0.64861638971594826
-0.35456614219357641
-0.58636283936237432
-0.36403706858333296
-0.63758281780165649
-0.97665710711195497
-0.46633820239233797
-0.67640089264416225
-0.66546109218479765
-0.46960333598647369
-0.84551114690944307
-0.669594107682701
-0.57230165219232298
-0.36016880576215071
-0.44195418598689357
-0.42212974806237868
-0.77563934034414017
-0.57233963808934174
-0.61315911949201263
-0.51723319878003859
-0.4102374722126394
-0.5996951304315743
-0.5611771151399283
-0.39105828510957508
-0.77684877032645361
-0.72989033309406981
-0.78328245975587218
-0.39987022610634942
-0.26585475947223652
-0.56824217810386368
-0.304580836402848
-0.62013498086780594
-0.4566187128928012
-0.41102646135117249
-0.34686409240324317
-0.57294368761489578
-0.38088720854375024
-0.68297920524955291
-0.82363894870897214
-0.43242538211295306
-0.37136795015978857
-0.83592677495183043
-0.55202559284937125
-0.16884899205823575
-0.56565672263113087
-0.43263238090529715
-0.60382382389546763
-0.4189141298958925
-0.15210040937563088
-0.60666786017349872
-0.36624478656498938
-0.62396648523720244
-0.46902997691480863
-0.77720090157775723
-0.4103505305459571
-0.48132814454212003
-0.40226946223711246
-0.35919404383340331
-0.26066906504348403
-0.42211066846078255
-0.61713864046176226
-0.64542286185417075
-0.34676198939108138
-0.59170466947981115
-0.48080954989924357
-0.78048770286758506
-0.19013957083596789
-0.51372581454113064
-0.42474787688146898
-0.28207447818329673
-0.34837795643131719
-0.50557253886825315
-0.67124859693510741
-0.52770811397375916
-0.46958744084799231
-0.26282854513041776
-0.28350760817102039
-0.56523797222972627
-0.36529995843817137
-0.16759572513973095
-0.12952261511781815
-0.2910360983055465
-0.44729647537170536
-0.38894957529188812
-0.62732439671433626
-0.4662116629983854
-0.3888056714653379
-0.64387887800558652
-0.50934113302967543
-0.38599307927783555
-0.58498888629184331
-0.39302027748395196
-0.65549402232055631
-0.55658836217106267
-0.5080550787288387
-0.56020956173288783
-0.5042335598654597
-0.32419256772666399
-0.62182048316072391
-0.19878699591830851
-0.54961705067780309
-0.24759101933498806
-0.71969783887587646
-0.49108470868154658
-0.35649424568377297
-0.59986992638852454
-0.5907762849984709
-0.23782034400058963
-0.47431997649098379
-0.41839941860400348
-0.56114105463286934
-0.39393635518600034
-0.31202677875514917
0.019892034336552622
-0.19481071085595039
-0.74152776395952846
-0.46612579426692469
-0.541131908273353
-0.11381584360421758
-0.37566013562806366
-0.14218700389971292
-0.26400464615876834
-0.16998753692631247
-0.36902646558539082
0.075227996498167013
-0.33230300293551407
-0.26801750704897748
-0.31658628657728988
-0.36583079783694311
-0.69439480290067379
-0.42310408351029427
-0.25197778038131435
-0.23757450491310111
-0.55991102342556409
-0.39440642472044096
-0.4366079078165962
-0.50119419184838188
-0.46438110184204234
-0.099168325017542372
-0.29024219469943274
-0.15317999482257977
-0.35152629043033112
-0.52052423478977372
-0.3528028302807919
-0.34877085280675102
-0.10650684374012406
-0.37454754148596048
-0.17494431147436978
0.12339484133270144
-0.22577741335008694
-0.24240631540257604
-0.17974104794729256
-0.21864188186322858
-0.26650691613330257
-0.44431437790147227
0.20050186796645952
-0.51218208278413635
-0.04026127191916163
-0.089227790921889788
-0.46328074881156028
-0.29779685673760609
-0.38334889914977271
-0.49860389194989346
-0.26259258163889632
-0.12000175804948288
-0.10416603322549571
-0.29810712955197327
-0.4373116544258473
-0.011415356704436866
-0.38608770933342229
-0.03763677940666809
-0.16628250008244724
-0.088411288338587732
-0.24626089473239499
-0.34210627550344053
-0.50025117085605675
-0.30394797413083197
-0.55871837074672026
-0.37251644469335288
-0.5001348815482487
-0.23315964158340025
-0.6214930604786304
0.046219664382303551
-0.58272890625777707
-0.39665168357724523
-0.21128755788196552
-0.2063826527068684
-0.091171049793201203
-0.18811114081369898
-0.2185700438832342
-0.16635265155728232
-0.42235730671386645
0.044849266316295773
-0.0058609890339165419
-0.032979947210127446
-0.1282588825891654
-0.087131962914091407
-0.042919875269124622
-0.24918196005030252
-0.10362495950273318
-0.12532725301311551
-0.36413679447496705
0.03334965909640026
-0.11440116485247934
-0.29061639930896233
-0.25211195898017968
-0.14671511311409863
-0.090990977156314018
0.40726067198133864
-0.56680736575851454
-0.099888365962184256
-0.45092976221507547
-0.20205514648975548
-0.14527647753114892
0.0064871625424164107
-0.055885505694393427
-0.19594593208988015
-0.35423578714255882
-0.20460769590844188
-0.14771656063257926
-0.22181857834677518
-0.12502036108744818
-0.10705678239258472
-0.22202391976471211
-0.17944322183079117
-0.50543384188570872
-0.016264787013313641
0.2775831852509823
-0.0010651763212089146
-0.33580068537076996
-0.1838720311270263
0.10124566135135978
-0.22918894288502059
-0.054883421678005327
-0.29477456814782971
-0.12635635980877297
-0.1814569829159306
-0.18892512230708769
0.07036333295007649
-0.39148477323949382
-0.22477640250333319
-0.21125270321262526
-0.25508362511284594
-0.016849424334284612
-0.23183843082621494
-0.27313385348626129
-0.33467754577470016
-0.21673627120105424
-0.28727509505923227
-0.14958621445704187
-0.41904393267724394
-0.10311638455084519
-0.161804497930428
-0.25538510022149791
-0.18736569496723068
-0.12862140709096864
0.054737569414869867
-0.30147958434839423
-0.0045939372971794809
0.28529989337446116
-0.42525045791301147
0.16938387242850247
-0.19094049331957949
-0.3654594596349407
-0.2476211355702857
0.075402881774927058
-0.15554969977808022
-0.35564130969289237
-0.092124594157639461
-0.19277480945859368
-0.18529943789751363
-0.059971197772820645
-0.18360896841854957
-0.15199228697561015
0.18831724634704855
-0.094022012191290014
-0.048194078777645873
-0.32702013837529925
-0.11149440214467379
0.048354236178634435
-0.30387142290159069
0.30034696706330721
-0.066098722757497827
-0.29582047331062783
0.25505368104445758
0.10160275339838447
-0.10493598559112488
0.33060272048768535
-0.09572012442768571
-0.13673678584962104
-0.16561866617153087
-0.11031542442218113
0.017044440056300778
0.10075742530434098
0.077125076512707808
0.01001253548899202
-0.37955404468191734
0.060655038428912511
-0.035622033675941446
0.16115142481593653
0.19426810979212827
0.039233220199574169
-0.031011919996907732
-0.0028860898899759316
-0.085680846412299741
-0.31841186963778023
0.02541906818466207
0.33945301895615559
-0.05647792649477458
-0.011219300422846345
-0.14335005963972086
0.24243869630558937
-0.21245605679774202
0.13863442860154171
0.22850032958663358
-0.088776465586218697
-0.049225604387769718
0.071287116113841462
-0.042437513419032964
0.080250867717441721
0.30117132517972806
-0.064848513307818517
0.12400933491622013
0.14704360677321654
0.18025845141670369
0.27985855671906285
0.28232700506038327
-0.0095840740293261575
-0.033443449495920145
0.15965419530274791
0.091346241983862375
-0.20689431167110794
0.2858427974429435
-0.0981198439588057
0.22838811651323443
-0.13800286077531335
-0.057158195616115598
0.016627082836272355
0.2108135374186117
-0.026188082269523447
0.015642844502743072
0.079865184913878062
-0.24179930253566648
0.022718924020914258
0.18007409288812321
-0.18014629898456166
0.20833326593843982
0.086645087345833136
0.30018931829400491
0.48860223111001311
-0.1364787752884721
0.5417564135354932
0.21865605326358709
-0.012901595409260457
0.34925624431089153
0.19626142302519081
0.066149963285605864
0.076837339588947076
0.10222732459938896
0.29634172035488959
0.10156012150554021
-0.083813165968871367
0.0089218142352231744
0.31260067753031467
-0.014970551013815702
-0.12599638371095531
0.17867367518604918
0.22687367498363623
0.23765710388126682
0.11905028412495935
0.18537770483803512
0.09086606050272529
-0.043603251773005808
0.16180355701547827
-0.049676536510211033
0.24602514313396001
-0.092663594477323474
0.30774343261531217
0.17753657886056076
0.11044310948693557
0.093598827598871601
0.27466777140930387
0.10613508492524049
0.20712111560075946
0.012085183705111113
0.33784367928003772
0.077884421844447868
0.65829053424665873
0.30140743495780387
-0.06844095952931821
0.11959459524054239
0.17219225875289992
-0.071212229038651279
0.37614843380230467
-0.0028701731099972433
0.14630210513182912
0.30162434639059182
0.073511100909295093
0.22032161179783846
0.44535972339700292
0.071288807111636918
0.016860513322284779
0.063298796445074232
0.18131056942427307
0.38550198159775495
0.29839740515642382
0.5042831480623815
0.40785755883876279
0.084325738036983025
0.14883391968945628
0.091300125199734739
0.41881378939162911
0.048291056828678625
0.16133181435493704
0.21704941563002142
0.19170559913907217
0.47793167978866113
0.33764868364803424
0.20345971516216316
0.24517821280094115
0.52942163243562346
0.40233680350573553
0.18942567715432884
0.3511617084438719
-0.009895163156524573
0.30491546754276372
0.15535974031222266
0.33949526839607591
0.49088955962030573
0.35459853835618216
0.50397897365411704
0.2350310040603156
0.083996124778341258
0.50779567930216873
0.2746895810095748
0.31835056186977834
0.10995956803122235
0.20986621719884532
0.63158502360174207
0.3813120137677603
0.20298534383120359
0.19775686154301467
0.069131705577932093
0.52253769077257273
0.36649509201329949
0.45546671444994402
0.45698896663164423
0.21692717961400471
0.40152127174008473
0.53485755737651375
0.58062837445269899
0.49753209924134895
0.27493687692372182
0.58326635597449505
0.17219473987612299
0.15308262477491372
0.442440352524123
0.42218950508437197
0.32283882736235558
0.31124129177920656
0.0024118543903574575
0.3869073406608497
-0.019667720703083032
0.16672259462740285
0.45989631381871782
0.51859353197905356
0.51457711151837804
0.31778355753231158
0.28167601808481013
0.42065297718977579
0.11094660619342744
0.18952435095265313
0.43159815104023019
0.22304713738213225
0.44338929068174721
0.26595821650267976
0.37354121606129348
0.44001506917009098
0.39386365186836264
0.17464905689177229
0.45860961063207878
0.30638828455175626
0.21329009291127413
0.38742960147423683
0.17857615455877326
0.43473588022914983
0.33249326451473604
0.39538478993747334
0.56047180868080082
0.48016258079289703
0.16535504176884644
0.32597548742410282
0.5691304240360836
0.30354423101438649
0.094001338311086119
0.64431252596627941
0.17854990297590412
0.39127130837248891
0.4852401733827611
0.5113274651909967
0.35466273885284039
0.55072509138108161
0.70579852542845989
0.37133881214256098
0.22168139607493725
0.20707558746151145
0.67994144624156916
0.42697173841239883
0.26299975644477414
0.42763025472475047
0.85677687003868175
0.34223010775054075
0.74231838442869269
0.46296354565230441
0.59013505556241741
0.30099070991597632
0.50150950943702055
-0.078643618360535711
0.50357795497541913
0.39036332778977251
0.33048830777543114
0.37404990393420234
0.55557748316456812
0.47747370871979478
0.42076941379435123
0.16239633032399289
0.75089554859177399
0.48774303878967479
0.35558110656587111
0.57552095037301398
0.58572803477918622
0.22185803604210133
0.36815959325336911
0.48531909308887689
0.64691917271197541
0.20803973036549939
0.12689973711758698
0.81771526796248117
0.58270268240647816
0.88759697084392875
0.40072066125050598
0.29752481724964941
0.24337981275315043
0.54411860001887635
0.43261177044557986
0.69076772307188017
0.87979796637897756
0.89940899121687445
0.74236806814198197
0.39730985710028249
0.60792333301555812
0.64462095757512372
0.48014745968591421
0.80926643380620356
0.43653271202475724
0.64242877813681876
0.91844037953421143
0.45623611477032433
0.27796085482701433
0.78246577672686135
0.31138881407150265
0.52357541526401707
0.089415822657663666
0.53834498315520296
0.74800832304967135
0.58089144913081947
0.60332064067848434
0.64093806110784712
0.60721924825239715
0.61569654800448192
0.7563668215201822
0.45704401245312376
0.47603547503447419
0.56087690717310523
0.4332108414061917
0.59698062305519317
0.47507068570634259
0.873050960080336
0.5993605036644758
0.43938454803092147
0.43802644431698234
0.469798414045348
0.64440806497578662
0.57427005424628064
0.92530597510245893
0.3790673306554202
0.4930568727380929
0.54597157835887977
0.37656658463053655
0.27468649850021287
0.45985576238739323
0.4037353221634053
0.34144821241746409
0.77660388374769118
0.69022766444171002
0.62017197826511461
0.65367782289043985
0.80407585253641711
0.38892818739700086
0.53528673812661443
0.24598312813740564
0.4529893111551187
0.7599481735358713
0.50612503991623925
0.55402159169034171
0.77539367642992019
0.551651214300941
1.0152280393472601
0.48267565248007482
0.54780676334362055
0.69367380257680344
0.47218526657530924
0.66416616774380544
0.52120463016837082
0.89514535850989052
0.53993944929866622
0.66720957858327445
0.56670304066956156
0.85476954758813173
0.68884491382553203
0.7468387279503812
0.30655997147053204
0.70395763138273915
0.80709905247515534
0.30093001343273779
1.0449523327972596
0.43059873085550138
1.0952666998395719
0.5134739678913538
0.63697695090196482
0.86905485149134065
0.66180775344241971
0.79104631782592738
0.60028908940524572
0.90319955772716443
0.82906732889793344
0.60249648071440376
0.9211951125574942
0.92099233486973353
0.74486367506550022
0.55157261689481873
0.78158165286604553
0.55228738043519709
0.64028841016679161
0.62731132759761365
0.64701458869753337
0.54114414534092525
0.39134954072409961
0.65555932206795564
0.6163896088528773
1.0414215982928565
0.78968625086523025
0.44634594889051565
0.55572919137038412
0.69702139476704017
1.1213640912358882
0.64263600432134904
0.79297768397554114
0.67772420334179151
0.7069806343908811
0.82811481466792036
0.53549004711788861
0.76283360869653771
0.71164461741232732
0.73800394440533301
0.69926413255353792
0.96557172714021167
0.50566510826897793
0.91329163390859502
0.31986301906015363
0.59308527151117096
0.75625088025126996
0.87135935144369936
0.45996023487370358
0.78356151556140774
0.67455506186502823
0.84214422225709507
0.67116494086864509
0.90155265739694657
0.78326264813385527
0.65300945750261796
0.80450696671645616
0.84023423315133861
1.0559917447945291
0.64430109048457762
0.55886799244036478
0.44272944918809365
0.76052634927341622
0.82279179047020101
0.64925770843927177
0.62004879350349995
0.94618771455560924
1.0342494803607876
0.69737797053505701
0.99072762636571476
0.87631075859370067
0.96016886348094543
1.1492775455432578
0.59252098863293168
0.79202998197673602
0.8503411823095568
0.4989019137363595
0.90596859096641191
0.81605745712205258
0.51607746392255349
0.99780748691275978
1.0186868622417626
0.77198587018512033
0.93108666911435112
1.0744927061199014
1.0694445081532284
0.76682202667945309
0.89221256950300198
0.95766996761410239
0.9317189188823185
0.54522616667073021
0.93724292290788958
0.76155585370140499
0.76685298911268107
0.89791216913684757
0.81441918565947558
0.96291237373444916
1.0358955753705084
0.81092427991384575
0.77682669596158904
1.1319085423896138
0.74301153517542806
0.91070683963818366
0.68267610963033798
0.65124556685365864
0.85691646517566245
0.87959643481757155
1.2588537404615743
1.128423423049834
0.95978136908317624
0.86405380491860184
0.58620096383237053
0.98256952240213968
0.98883785509775313
0.90551709876521014
1.0464214124278344
0.76298046356603355
0.9573047270825048
1.1786517262293255
0.95041752928753309
0.83683101986324904
0.64761094071997638
0.51133266497123164
0.67309381341481678
0.72198036255357312
0.8398990383398024
0.602339814135885
0.69384248569437434
0.98023781443064906
1.0848936501618067
0.72786179787631877
1.1606384504171166
0.97217595582415706
0.75541500922974181
0.86351467308258523
0.86892478841776566
0.74145799254022904
0.5319547975404868
0.83610066549964501
1.0078500918537294
0.91450641516598186
0.54345516792935322
0.8553291508604175
0.98913724058172425
0.85867251050365823
0.85609881244669073
0.92826955532172661
0.94687156707703302
1.2344545777178719
0.78669854457058475
1.3962448043165561
0.76256316199910612
0.9782097045230369
1.1298445137501614
0.72299808503330798
0.87684456318733006
0.97300261332851701
1.0813008451473241
0.76226804173463447
1.0303501860546094
0.86928567154367409
1.0139664956993195
0.73372681728014988
1.2659571801102985
1.0154923369700326
1.3155199099901924
1.3318989352956148
0.90227951327362432
1.0430844764760776
0.82592079094024695
0.98134667545837917
1.1980226160186529
1.0563063379238855
1.3013300358340381
1.0286274945361533
