-0.94041728904379707
-1.2449707354254793
-1.0264672919464981
-0.69019467695812153
-1.0807206849855979
-0.93637275093482597
-0.85278782323016022
-0.89265028537041635
-0.8252162495439912
-1.1868035766156
-1.2231697074066885
-0.87934755987042335
-0.88038641996278577
-0.95290109037671833
-0.93417777166403859
-1.0464483177243733
-1.1364154825616475
-1.2121881026895762
-0.73738817129491696
-0.70331732179180795
-1.1579215228006485
-0.84618736362633529
-1.0152612466196622
-1.0012989766032174
-0.77976089162818896
-1.0489637668477265
-1.0952878409425015
-0.97010139987191235
-1.1135259631862817
-0.64327339626543811
-0.75237784637366301
-1.1468586817798752
-1.045791232450257
-1.0242662078415166
-0.75717323841575634
-0.74635802870135215
-0.97545113795502048
-0.86825627891734647
-0.66842591110025107
-0.7744068639817645
-1.016247364204921
-0.8687458353737153
-0.7764252155383542
-0.96300302666406468
-1.1728503029710278
-1.271037341430487
-0.98737893072548266
-0.75806828796693493
-0.45975580522918474
-0.92763349176038346
-0.75917658784598241
-1.0127357071120748
-0.62275882258334248
-1.0201604660197436
-1.0800957934252786
-0.94488200596262129
-0.96122599414099397
-1.1534050782684337
-0.7887921915017676
-0.64220111412894432
-0.99287667772764299
-0.60238554062236582
-0.80779853353928832
-1.0461830334823674
-0.81148838629916187
-1.344335751109492
-1.0186716863466054
-0.83840178579248925
-0.36296664912667281
-0.76164479951744013
-0.86756057304572676
-0.6927415880598633
-1.0105107747355286
-1.0461098471924275
-0.80955646502449707
-0.71347868703985129
-0.5896254242815121
-1.0107844664418435
-0.72454117570279453
-0.81326956426043107
-0.88281247528599782
-0.71088719987674309
-0.79366072823172218
-1.0635617188652631
-0.93863563308244002
-0.74092881303039348
-0.82921014559864781
-0.80889228648506706
-0.5653845041608776
-0.79418908700764212
-0.82337694057100075
-0.72160355185984504
-0.97386061173820782
-0.81680370563371685
-1.0044527571078252
-0.88142216957166175
-0.44975793557593141
-0.88793987113718198
-0.98636460434952511
-0.50461784948914357
-0.6026524361446296
-0.60046499113797158
-1.0529417357088235
-0.62574908502476345
-0.70391339173567491
-0.95517558252392043
-0.64894611818081838
-0.95983812351030406
-0.73555866633791911
-0.76347796249939603
-1.1105828714331347
-1.2815748766490274
-0.77524714780445214
-0.58977654448713179
-0.73666319549441739
-0.83388328536142386
-0.94710679598695169
-0.63854876233376534
-0.55892265417680609
-0.75524875585636153
-0.61659216391940463
-0.71829058084224162
-0.73215517647863548
-0.48296731797844716
-0.75573628551276495
-0.52117634338119478
-0.61387086340677777
-0.51307716365029366
-0.57956850304987562
-0.65031700583294871
-0.80887268500855003
-0.84626023773838299
-0.53887734486725836
-0.65907426621769782
-0.72240379602312565
-0.66089685179405111
-0.86682223153776761
-0.35841921459634246
-0.49006577033071169
-0.7230094042898032
-0.81117901482230681
-0.94086873945780625
-0.62928689912471136
-0.67734384984023499
-0.7311855438187127
-0.6971097476509136
-0.6307901575371806
-0.55341293356916554
-1.0007360174417561
-0.74549236670728558
-0.58454698465421107
-0.76201823444469297
-0.58602682873030898
-0.99202710321463816
-0.86673837428457212
-0.76148228368755311
-0.78249656903940212
-0.68189845713694242
-0.97432374377251874
-0.61103425931515642
-0.65854845328178324
-0.34918992217252431
-0.65616042000725106
-0.69166281955635811
-0.81450994982119163
-0.88877534916938283
-0.64152598107238312
-0.6155417800139259
-0.96950076540897334
-0.69574059074969308
-0.59624808656494543
-0.58060506782887522
-0.41028528921765706
-0.77742804598363102
-0.66341149282638923
-0.71827349919607675
-0.70646124725040871
-0.50154530520139018
-0.62040382605868516
-0.77866879646339138
-0.4657932879923718
-0.76574970234279538
-0.44669407243686121
-0.61492130526919442
-0.33512700337427559
-0.62114265515683398
-0.45175995591150936
-0.88237909244444923
-0.93546644503277665
-0.62986556656248704
-0.75867253877085772
-0.72867522453377831
-0.81011764397903674
-0.50111196889772225
-0.7759407697886701
-0.71694585498418451
-0.51651731012260738
-0.62817574298175272
-0.85796533868572733
-0.78038631740582576
-0.65428847762349818
-0.34398378852884431
-0.57875455900232031
-0.37222022315791525
-0.61420929539999392
-1.0074594855513699
-0.47623775004242541
-0.68802023017928893
-0.69703528650396995
-0.45685243401449216
-0.84486781661381916
-0.65139866483101549
-0.5910290230047881
-0.36499280819287255
-0.43396513093329114
-0.41393664935058516
-0.77756417204645134
-0.58215566095922566
-0.60824667419961731
-0.48619865716382055
-0.39563022244722224
-0.60200029518526099
-0.55810984289170984
-0.38254200370514096
-0.77743764825542894
-0.73978878723508901
-0.78697419381845701
-0.40596052568420748
-0.25663525248023927
-0.57178469181929259
-0.32427808402202496
-0.62549809362615283
-0.45100732645955494
-0.42056281439724014
-0.32654383329207715
-0.55612799755450426
-0.39287907889168472
-0.69256891762984385
-0.83225504208403811
-0.42355763328244389
-0.38604392109377006
-0.84368721029113003
-0.54974763418444528
-0.16225217620418245
-0.56137425310412437
-0.42527116892621031
-0.58928501968927338
-0.42059905364315037
-0.15864504585992054
-0.57941477459244584
-0.35222450235635661
-0.61075101416189714
-0.43685245357966818
-0.787828457682334
-0.41709859910460123
-0.48685737353465797
-0.3854577513489742
-0.37705227056835844
-0.27826383194399568
-0.41471852793792158
-0.627994324544629
-0.64348812355164486
-0.33498713011065884
-0.59503503315806561
-0.46226709878864053
-0.78328622315877028
-0.19472043694770474
-0.51180323628340629
-0.43601978712183614
-0.26631696110682657
-0.34032602362061354
-0.4866087217233015
-0.6761872291500195
-0.50983933749927535
-0.48115004271171513
-0.24961082172385107
-0.28856646598860464
-0.55980161002386974
-0.36779207853491674
-0.16062541007353048
-0.11334171357435335
-0.30553438242613035
-0.47123445767000549
-0.3829167764195095
-0.61614275030501231
-0.45635027350506824
-0.38744478655276349
-0.6284068255081583
-0.50622332053025298
-0.38944862227543259
-0.58369265667447834
-0.4046832211357736
-0.67458732810471955
-0.57149158477980611
-0.50843876424671597
-0.5576077199812699
-0.50661827468040366
-0.34133387439158802
-0.64524516142435662
-0.21978349333160679
-0.53559786158685441
-0.26092253935992871
-0.68165746910703839
-0.49408944486790995
-0.38003879414076153
-0.61080292127666869
-0.60541479501644102
-0.25140552769669222
-0.47663887801334109
-0.4102549177615224
-0.54441469876625004
-0.38673527276150688
-0.32875662436142827
0.018592758121307968
-0.18555237722063295
-0.72560243064580909
-0.47202170055371484
-0.52547302498388959
-0.1122681444247899
-0.37731633918099605
-0.1297912820085407
-0.27213476979213036
-0.15577357412448423
-0.37033603126502485
0.085186457090895923
-0.33063334744299605
-0.28573894127842137
-0.30917802617344003
-0.36014936767767181
-0.69683970656334937
-0.42262372219939598
-0.26238928454640204
-0.25752246668361484
-0.5410178274824764
-0.41290427574465738
-0.43712349800156369
-0.51302395905904019
-0.47215273079082265
-0.096263421723334991
-0.29429082161159537
-0.16521427508907549
-0.34228959627233208
-0.52885607941168022
-0.35781019169341505
-0.35309266021787555
-0.11303102109919629
-0.3823032702033356
-0.20113191994244817
0.12661303308677346
-0.2265728052942525
-0.23799409173211816
-0.17029049052123574
-0.1906520153888806
-0.26111208874653813
-0.43418819771574485
0.19698471296351103
-0.5226422674335629
-0.055665934223631912
-0.079020147069143037
-0.45959481320164114
-0.30092447727890775
-0.39884444717589723
-0.4892809633396295
-0.27850632695231198
-0.13295294623721421
-0.11612897039964822
-0.29581286774957505
-0.43876197105583947
-0.023288700351740049
-0.39162996873184674
-0.031388437863560908
-0.16872131457399075
-0.079048245990482296
-0.24766996836194879
-0.33964749728739951
-0.50960625643554103
-0.30138284426394657
-0.55278950414760686
-0.38663168681733157
-0.51336336433459417
-0.23714687179953561
-0.61257742727428444
0.036596502298368097
-0.58445877836883253
-0.40668663132064531
-0.21246285916005614
-0.19248220729395932
-0.095929038160081984
-0.16964566118114466
-0.2050128659300812
-0.17706392456987705
-0.41373073619231882
0.039222437337329247
-0.0086892810581774386
-0.048847091280943764
-0.11830459307068857
-0.087845701765735848
-0.01516022238057615
-0.24258724618038224
-0.094820723554443417
-0.12095709840880434
-0.3678848966827486
0.027627306428156036
-0.11988525156820555
-0.313208832560044
-0.24049517043053256
-0.13844906183933062
-0.089909978084910594
0.39909453145326929
-0.57838540701633334
-0.10190950374650337
-0.46176081801729141
-0.17333052057262688
-0.16764050300394273
0.014962775940526815
-0.065060306480505051
-0.20670583015651428
-0.35681251857361151
-0.19345922944221161
-0.12000459035061474
-0.22534984560916796
-0.14088759129509767
-0.11590038074783246
-0.22321517628204304
-0.17740663413959784
-0.49956439189917445
-0.04578917971167909
0.28308734896099752
-0.0085174039975932439
-0.34414038862257951
-0.20215482657660711
0.07709215155423868
-0.24648284461738992
-0.049220640813302796
-0.29925376987920788
-0.12523167891425011
-0.19211198161746812
-0.22256270698321654
0.072487937104950564
-0.40352365700630116
-0.20475402597736353
-0.22398935849849322
-0.28088194076835415
0.01701281903330135
-0.22102599041435478
-0.26543833611022227
-0.3471681281680829
-0.21126455312464285
-0.28524137582459291
-0.14878453318808557
-0.42239967284699892
-0.10391496971326136
-0.14875606211401768
-0.25633671974645966
-0.18118078552436442
-0.11586196177039339
0.041370215301322733
-0.3135666465310602
-0.02577122328995737
0.34005025184596599
-0.41832000919505674
0.14591283655100776
-0.20396842864274672
-0.36018358181293075
-0.23905547413239933
0.06536914739253509
-0.15030337407361377
-0.35564805575224245
-0.079626006733980209
-0.19906987434640011
-0.18462414556669979
-0.063404867638705675
-0.17191188303027072
-0.14356276292072059
0.18398876315058676
-0.11106636569073536
-0.036987899046871289
-0.34848393475541134
-0.12451500738145529
0.059350519414678324
-0.31008781308742633
0.27860598760504679
-0.069709960405591603
-0.28978747581762732
0.25655483213579555
0.11052760965584156
-0.082208182999488025
0.321685008821745
-0.085642888857167726
-0.13215452870472968
-0.14387193966920259
-0.11905527274444896
0.032514880833130387
0.12108985006661012
0.076653885852021889
0.015601688704744203
-0.38777959532215661
0.074598119547214486
-0.039758706219093963
0.16323371571523473
0.2155087248343501
0.013211764096621543
-0.052451721480242276
-0.0066516528052313591
-0.08221040174595784
-0.31348322521883459
0.028047450030365711
0.3390730741002585
-0.049980852534515625
-0.031581824228238062
-0.16236118241809672
0.2298631173415642
-0.21249409912034647
0.14019185637657902
0.24719767386861718
-0.10638489627909173
-0.036290998689019791
0.064962981818052087
-0.067110406306230178
0.077921521229327398
0.27847448537250452
-0.062974774069322254
0.12841128137202268
0.14644791801231027
0.19267384091597642
0.29165262973209211
0.2859189088561564
-0.025784730686714327
-0.030708523119623809
0.17571872015888465
0.069407967295148393
-0.2099637819622831
0.29553141982521147
-0.10690707399037688
0.24150023204479271
-0.12928516229115197
-0.048816413243944465
0.027721208753700263
0.22599393050408506
-0.0091190164880177605
0.017161396320934809
0.081673903202828649
-0.24233949100714675
0.016195552505055857
0.19237381182938282
-0.17229813266695407
0.2027836742825464
0.082314100020668884
0.2992760609058443
0.50913220557533834
-0.11698653247452506
0.55078137633979574
0.2340278042374084
5.2878300752192964e-05
0.3675242543926216
0.20382590972992939
0.064870838597975683
0.054749004743868866
0.086071375059081884
0.28027970141894798
0.10126698613664402
-0.086036850413729243
-0.010414686854008119
0.30271180714267309
-0.017894301270066099
-0.12957792017959879
0.19073628049085903
0.22691218801422297
0.22145848519682232
0.12920396474810428
0.21931031545799326
0.089474311511079166
-0.053675513161816756
0.14151001256107679
-0.048346658471932709
0.24053072658654631
-0.087799488614837662
0.31397633346550502
0.19489478741416219
0.11147980325423452
0.1432415820049501
0.28820816110951708
0.077577432136115995
0.20748492528362336
0.001363492403436115
0.32439784535522331
0.092581196537898161
0.63301552200668998
0.32179296065667617
-0.069830055989104647
0.13536785370963358
0.18610830362874717
-0.052336518096140226
0.36829268711661117
0.0027681113775433015
0.15090673157652654
0.31464038107113396
0.058613721652326672
0.20656889389860908
0.41573687942452803
0.06500429755651814
0.019360784163732971
0.028198890066701308
0.16283464782437179
0.37458161852259375
0.29022625706676858
0.51783067608147704
0.39505612088944642
0.09693632277515063
0.12730427420164606
0.084723723100485815
0.44222380173807579
0.058610065741285813
0.16478305624284506
0.21930490787566226
0.20783003641641318
0.4953625374673315
0.3063014400067256
0.20964394626189609
0.26389319516840243
0.53531333130758885
0.40831215091720047
0.17248400207526038
0.35604914187783299
0.0052712728844131231
0.31559694157967516
0.17159760468189725
0.372285826558439
0.47869137346693569
0.36306178629650876
0.51886806097579496
0.24805018636191609
0.060820066759797967
0.52815041816159991
0.26475475849561797
0.31258553671768574
0.10894146131284395
0.22272881642108194
0.61762935812956732
0.38042323907944098
0.20371869042412183
0.21676052034905216
0.073045446996584815
0.53890864283323081
0.38762887471999963
0.45447263357371498
0.46581466847675829
0.19419310789665334
0.41209673603435271
0.55530969095788374
0.58548946690547388
0.49882121190814621
0.26546136751887411
0.58815307589480081
0.16058879702945988
0.17252155906368583
0.43637318790820884
0.41986921462107069
0.30703360523034912
0.32494997983075224
-0.0077698234411083906
0.37658096362628923
-0.019939339364614138
0.1600386261870953
0.47162354931778794
0.54299226815359758
0.50789544592162017
0.29797532990796349
0.27694950003067809
0.42382542444319349
0.10418472706753427
0.19314137665436915
0.45193817307509526
0.22158007816964809
0.42865270250169529
0.24152343449817204
0.38988242644607346
0.4080743825879074
0.36018818743351971
0.17451707380355924
0.4854864433874963
0.2700035380994088
0.22792387842205869
0.40067540412692615
0.17209713886200434
0.43758175697116858
0.33360158804060464
0.38796282215515865
0.58669106970624552
0.46916441306126444
0.16612624811655655
0.33840593540259167
0.54425649080428284
0.331382694786378
0.10798123646408862
0.63359860109741983
0.18496223849692195
0.41129666014815613
0.47260160927394917
0.51768303384176784
0.38087071865624372
0.5478830248910308
0.70208005214591096
0.37596523038785679
0.23839069250155728
0.20188444291754662
0.66033138307745509
0.40790383926023116
0.27480249125938394
0.42285109277961164
0.84483669965254871
0.351812749897364
0.7530844666851525
0.45712239024915086
0.59358271179891686
0.2806320669305738
0.50781163928464834
-0.10191464921979285
0.52012247962178038
0.37267816941150517
0.34756486438779149
0.37184126516387628
0.55712806379865887
0.47446628170117611
0.40675265427994717
0.17039095237878765
0.7208838003092638
0.47864327098611353
0.34019542392500057
0.56395091829110111
0.59673540147031889
0.22916704661115977
0.37279580732579998
0.49393499894507942
0.62708159072388914
0.21740830190756638
0.12501736024451526
0.80202396480941851
0.56530896710336209
0.90217866988802642
0.42053758896294097
0.28299878417630142
0.27362030917051583
0.53718110364487692
0.44808546907766433
0.67879147690366548
0.84095406565563968
0.91959490816370293
0.74109446173062565
0.40954166108618423
0.59522259249937326
0.64570556480085228
0.46979820498154407
0.82323893011289329
0.44985238578782655
0.64631000290068108
0.91593308128883577
0.47620992177789001
0.27688342613654121
0.77074518737307518
0.31962783475793499
0.52777727635099281
0.075918355246112026
0.55393070847070724
0.76602963321084194
0.58944129004636758
0.60597196433419831
0.62124264181261779
0.59439565454858423
0.62049394716826056
0.75640764972547936
0.45961531486127655
0.45701040392144071
0.57262527767809335
0.44860523193905671
0.58185426432686227
0.46349853430370164
0.9112750355314333
0.58390954953140317
0.4325268662435019
0.43236474541527387
0.47302003618622906
0.6670750171700035
0.5624817932659667
0.88831670215191993
0.38753321797883239
0.51198945868958246
0.53698739562649533
0.36991142520711101
0.28059863627913095
0.44687100688906262
0.43175965357244123
0.35020459908489338
0.78353727842762111
0.67770036996217176
0.59410415041026232
0.66301515030900504
0.81031042411894905
0.38337022447266078
0.52643641588591195
0.21188850121709626
0.47479911015708826
0.762602021632797
0.48872223441774731
0.57210134652060751
0.78215941332357053
0.55802361297952441
1.0149474023386105
0.4908699478125404
0.54095784428161697
0.67335632618301255
0.47595167929733767
0.65775335701596882
0.55062489645397916
0.87748720262810076
0.54548296773371918
0.66472130208988456
0.57916602935083217
0.87625489999407313
0.69101436830499219
0.75188415027739652
0.2680726646096217
0.69501692580957963
0.8129393466633611
0.31259982912347273
1.0374583601524281
0.45184922748826406
1.0996255311371941
0.51573182509413529
0.64174432379762958
0.85596088264037995
0.64895054876268299
0.78849451663453241
0.60485122849080619
0.91225974385782516
0.8405331701006985
0.59105552610340661
0.90605943318631199
0.92062869628056887
0.73370142402187688
0.54491292698274607
0.77017850923754561
0.53209864315666022
0.60305939209589865
0.60515864533032937
0.62425120296523973
0.5283894499561006
0.392273515888382
0.65957741087948385
0.6182710374070759
1.0284032900983673
0.79645854312224185
0.44576444592678671
0.52888186741227794
0.67722136646880637
1.1227286845370597
0.65575718585824494
0.80092902387025888
0.70872048241870622
0.72818133309339206
0.81213248045747033
0.53077367939232234
0.78704048649292968
0.69200029243672168
0.74341136544043529
0.72084442509882551
0.99339134013370956
0.50432666362443934
0.90901562431381422
0.30556243077173784
0.60252363489667748
0.76424487092245685
0.85345064577844099
0.43027021722254793
0.78922169627379835
0.68536148842673006
0.82279522618453704
0.67258086134359973
0.88496286931596158
0.7799642193973928
0.6545140785178023
0.82259859153829373
0.84409091529538083
1.0605339034778329
0.64193434216059575
0.53762240116115811
0.44385605205345297
0.75663588425366357
0.80633664478253453
0.65273917079883914
0.63233287613915956
0.94762230034753714
1.033505674246912
0.70717865769779431
1.0034086437587448
0.8939517935191118
0.98707451311304062
1.1445850124154311
0.57184792345167235
0.80539330783286434
0.86619122057080666
0.48316591407466586
0.89278974535216415
0.8383338126118044
0.51699792112853082
0.9897370093866813
1.0367329531898504
0.76361819889661398
0.94486887498013006
1.0751464322478319
1.0470270443244578
0.78756911098738935
0.90312191868694724
0.95515744844338502
0.90643180278778102
0.56004151089652654
0.91559295089694226
0.76178689124686061
0.78073818272446815
0.88638026269324288
0.81515684699582869
0.9920566816668136
1.003526391218172
0.80507749035572218
0.75744526968875947
1.1446435933131935
0.71154715084623388
0.90674785100052158
0.68017914472978225
0.6782625949430332
0.86297089793416859
0.89973930583199513
1.2572864706237374
1.1198484593835205
0.97447066865235066
0.87110646714403128
0.60323081939927869
1.0053056824156186
0.99733376313675748
0.89785003713201317
1.0530547043612457
0.75743218591489769
0.94954592238103508
1.2103344527085929
0.95656107995387729
0.83679460194535205
0.63291859760835967
0.49104589662855375
0.68408839204348926
0.72046044967823963
0.8287773592108344
0.59394461855621505
0.69255111990259255
0.98916532076680252
1.0880988414180786
0.73100359702035111
1.1393693696551246
0.96815605488383216
0.74353042667385894
0.85918749664863026
0.89057124793071907
0.72942163895474987
0.53488167811818665
0.82583554302554874
1.0238144363961192
0.93139902770689509
0.55056006604555607
0.85424732823241756
0.97535157158554608
0.86609864769736433
0.85684582318787883
0.93356502899607641
0.9566713601330038
1.2683870754692197
0.80826316446949453
1.397114120054711
0.75885926178104768
0.97443558324457891
1.1079306172531684
0.71419798333973983
0.86849462465869376
0.9706785532694403
1.0794171601636282
0.7408146555378804
1.0388724454445124
0.87730978659784886
0.9809262933614632
0.7328315535740838
1.2788780241090922
1.0312852693928058
1.3238475690757932
1.3278065181188448
0.8966426441370412
1.0208801467575146
0.80757120788015746
0.96867445270908814
1.2013028321241594
1.0769166281747014
1.2976702672303313
1.0215245156268715
