-0.93786478374051241
-1.2447312698875506
-1.0477370384128948
-0.70217307002887219
-1.0919614895917393
-0.94219031696162636
-0.84474813815110783
-0.90476602974983356
-0.82451371715265243
-1.1973913442616373
-1.2318750859884022
-0.86082040601510812
-0.9068726473151737
-0.955710794467308
-0.9526216244889012
-1.0564534989622032
-1.1395996460572615
-1.2043748427490597
-0.73340298625805433
-0.70242754607737312
-1.1624146658885695
-0.84492510101213725
-1.022265703286088
-1.0091263109882092
-0.799891832014751
-1.0477546862200813
-1.1249744543612648
-0.96761934715135856
-1.1188676538966711
-0.63473073735029195
-0.75462930671133288
-1.1477950485231581
-1.0422803713057118
-1.0009689409225473
-0.74441457352870277
-0.74566745779810428
-1.0103229934153974
-0.86885401680382313
-0.67552518215227042
-0.79690635964055645
-1.0523378496470184
-0.88886170270738518
-0.77467144938699728
-0.94830251940036592
-1.1638705287442057
-1.2769485567553105
-0.98476703165253299
-0.75810300127739649
-0.46252518628487393
-0.92612080647153905
-0.75335819291303618
-1.0123486158475703
-0.60849995637146248
-1.0230201485192336
-1.0824793044403371
-0.9405303712428511
-0.95743081761419335
-1.1452581387351257
-0.79170217564387102
-0.66617494610434969
-1.0144320758869096
-0.62763528955739634
-0.78703092593648283
-1.0134623916115941
-0.81738850390731421
-1.3584343082704062
-1.0158961109118203
-0.82699043442000864
-0.36504615573878624
-0.76986210866963911
-0.8526062269639787
-0.68604959266944832
-1.0129455267226708
-1.0309749910724719
-0.82262285737786989
-0.72062842510413982
-0.60870728288196774
-1.0018811178045155
-0.72851765478808428
-0.79127174000001455
-0.88366564097387335
-0.71997141560610833
-0.77558252090894575
-1.0684642632998709
-0.96104500768821932
-0.73063552632083273
-0.81401520094437263
-0.79415561317452676
-0.55187084640807915
-0.77411144190645087
-0.83424882382763632
-0.74137688464671925
-0.9959674895564834
-0.82945202495544867
-1.0105035121003738
-0.87582226060073431
-0.46359971896272328
-0.87268945178598178
-0.98657878014907785
-0.49594889438659867
-0.60190297412927962
-0.61222154897552494
-1.0487277355691222
-0.62839611580272769
-0.69482801441772279
-0.96533978863266712
-0.63866899515273279
-0.95069847932625096
-0.71982327374788557
-0.74752573965977209
-1.111545958851474
-1.3036243596113244
-0.76481574265034713
-0.58040439036179181
-0.73589071919067361
-0.82951653612465404
-0.92149859979280335
-0.6258148061939024
-0.56077593397879577
-0.75446206135199589
-0.62067454598227367
-0.71785783478181997
-0.73989451514599724
-0.48247733678012511
-0.72916626679725083
-0.49267915501411025
-0.63451747886060683
-0.5501224335499485
-0.56533820442057825
-0.65669433672834177
-0.80172266723374452
-0.84765971676650065
-0.55012911745059923
-0.68247108200016771
-0.70055756325999108
-0.68558017197145982
-0.86494859618167697
-0.33493759946715823
-0.48185174620178312
-0.7088633490842069
-0.81511593124366111
-0.93989396770060607
-0.62711434461070337
-0.71021395733075088
-0.75521875172996367
-0.71235887402183706
-0.63415632313328607
-0.55347188095530309
-0.99158890849089165
-0.73752620120549828
-0.57221338340165262
-0.75436973338322133
-0.58431195488959642
-1.0100282431872452
-0.87220805537697332
-0.77834599439849983
-0.79715316317881857
-0.64952210079382289
-0.97468443528600879
-0.64253989049250038
-0.63637327571170732
-0.33940016634129111
-0.65049206566863693
-0.67445693003779572
-0.78887271783844881
-0.89553304106771381
-0.64394946784222507
-0.64480015953649683
-0.98612070852081435
-0.71514298650566654
-0.59512879902602167
-0.57089902307855989
-0.37779166111609941
-0.78794513431660651
-0.64372599237837047
-0.70427024700266327
-0.72338245170087256
-0.49763360586043942
-0.60559909418570812
-0.77490058990213762
-0.45306375112090641
-0.7788339505386902
-0.4510617906783379
-0.6201651052649082
-0.33854089963116707
-0.62988741564202078
-0.47834524120452121
-0.86705537427205304
-0.94388589107663867
-0.64656320070262774
-0.75580894095099882
-0.74352997652428032
-0.81855272792017142
-0.50486033353069959
-0.77107550868568064
-0.70800976895654288
-0.5361374737125838
-0.63758487736961433
-0.83432945757346366
-0.79076151703605502
-0.63972061272576985
-0.35065740572346626
-0.58486233268832388
-0.35634228420740771
-0.62742986252683519
-1.0079749353687717
-0.44366926218633296
-0.67407598263187007
-0.68568342941465132
-0.46019102048792271
-0.85239845296968997
-0.66507831688972419
-0.60001314586572518
-0.38585290277793433
-0.42838230726095849
-0.42422751966919692
-0.75726362045790829
-0.58885533843997817
-0.61599043611818971
-0.51307308904018856
-0.39305715979490463
-0.5886192135531616
-0.54527530062618934
-0.39955945578807561
-0.78104117843524423
-0.72993788870529286
-0.77605335256463182
-0.3788206387237848
-0.24024531313039299
-0.57615565550436121
-0.31441406209864731
-0.62527821042693332
-0.44346437893923141
-0.41133433580652434
-0.33324316737805371
-0.57233051363020615
-0.39150537957991849
-0.72056847739609509
-0.81285663736481006
-0.41294892970012764
-0.39207241589689368
-0.8322853543370301
-0.54730016487514366
-0.16150015357312192
-0.57094206171925643
-0.43734834587330113
-0.59877949096910987
-0.41027466598598461
-0.15702330572160383
-0.61216679735430002
-0.36855132134115165
-0.60782555823867801
-0.4291872821355574
-0.80273095024224184
-0.39879587582916243
-0.47413760862986915
-0.40666348964997279
-0.35845489728028157
-0.25314150253303763
-0.39789227245731451
-0.63524537906739187
-0.65878935482984291
-0.35879981935451033
-0.58483763209962658
-0.48673252480021467
-0.77912504775957803
-0.17307514851026856
-0.52291256167154698
-0.42529691628667293
-0.26654557044883032
-0.34857354850618583
-0.49919526124310343
-0.68565230046288117
-0.53160840010457622
-0.47192010980909449
-0.26164235149034193
-0.30043822957171823
-0.56904313787222049
-0.36911985932793762
-0.16604756310642332
-0.11294769909695535
-0.30904619681348083
-0.45646566410866374
-0.39484508491430959
-0.59204339621452351
-0.46641225304951511
-0.41714891722381237
-0.63685731215413088
-0.49556644199801436
-0.38393705318374738
-0.58072156638230199
-0.41465834955323194
-0.6859084587569354
-0.54793613474083258
-0.50992965168191684
-0.57325343639454429
-0.53216571327544782
-0.31072781940632599
-0.61684424726730758
-0.19563218055143886
-0.53124193216453386
-0.24845583481331923
-0.68238831773316211
-0.48619833647360572
-0.36886432202858854
-0.61545430863450579
-0.59683544462883698
-0.2564054803335854
-0.45098440436496068
-0.40158303542445156
-0.55329176449192652
-0.40964978558181597
-0.3238450694312241
0.02837116508254663
-0.18249980554563841
-0.7363111883582214
-0.47022669578618331
-0.51417310410626293
-0.12299003113666404
-0.37253643125573327
-0.13869852524764581
-0.27259866660187232
-0.14454741732772644
-0.37266696022763401
0.08166462862717927
-0.33797760488799539
-0.27850184540938289
-0.31215700418983011
-0.35532195058323873
-0.69245955658790548
-0.44440897322650708
-0.26270366039851789
-0.24030934268728116
-0.55951190168448584
-0.39845524766126761
-0.43781509548629038
-0.52335023617182452
-0.48662520454204539
-0.10317253313516106
-0.31381173266860896
-0.18963896432449479
-0.35187292881744175
-0.52526033174046638
-0.34162483395287513
-0.35386867241766295
-0.11474561527975977
-0.37738556269407125
-0.16322417515044518
0.11956471224198914
-0.22498930338324968
-0.24159279801854688
-0.19672007299765029
-0.20366466088656845
-0.24066493395823277
-0.44396334688456413
0.19667419775607331
-0.52296765616996943
-0.037489777502120368
-0.076829864054147171
-0.45185029127642717
-0.27193716412498553
-0.39097966985397103
-0.48759402582123657
-0.23137148883622879
-0.12027199052203712
-0.11816840217936764
-0.28184454920519281
-0.44885174786302751
-0.037035127593396423
-0.37161205849237389
-0.039338553611371826
-0.16155052082635643
-0.077774651744030587
-0.24471901154999637
-0.34415318707449488
-0.50347473674273491
-0.30837354678446272
-0.56528314032519544
-0.3969166368942833
-0.50293092749046298
-0.2164701755110511
-0.6049076138019206
0.027811668190678495
-0.60646145770029847
-0.42231827916905451
-0.21298593171442412
-0.2102958335674032
-0.10379928214009745
-0.19261071131617791
-0.21900310192142466
-0.19213611918350451
-0.41975442468870194
0.046065340381453115
0.010469157024628003
-0.026126500160361874
-0.126787188610996
-0.082488106937696037
-0.016040451501732732
-0.25506673460951795
-0.087215341359838744
-0.12393571864821139
-0.39162122647256165
0.030820906622013949
-0.10913894846371447
-0.30297560161525483
-0.28213317778089753
-0.10790898127420305
-0.081369671988225922
0.40530200697094187
-0.57065231781779036
-0.090585490544111136
-0.46308041037145353
-0.18636899932238879
-0.13086091732861904
0.010560066907021892
-0.057443892659992252
-0.18260046059944612
-0.34854179758983533
-0.20213524389213777
-0.15559800764500972
-0.22291515424795685
-0.15182270351101684
-0.10247335870851283
-0.21521317285861349
-0.1835934352701151
-0.48925803020535269
-0.029883458963283226
0.27934996541631713
-0.020436912431452754
-0.32730877935485558
-0.18717820382830846
0.084447834386183057
-0.24786045839526105
-0.062446018747851793
-0.29232631076852561
-0.12628668182175179
-0.18204223813083373
-0.22099614517910254
0.072764518560786653
-0.3690498045050975
-0.21549185027293385
-0.22548434150704133
-0.28011308563071602
-0.0050356753845463096
-0.24109518147261638
-0.27177590967288284
-0.34847083505841148
-0.21563625550762749
-0.28138412298341897
-0.16773964550276349
-0.40409253284975716
-0.10669959114731944
-0.13424737103601922
-0.27696627229187981
-0.1871343737018632
-0.12188205300719797
0.03941722318164953
-0.31015301312286786
-0.010117191512564057
0.31336649618939888
-0.41173130974137306
0.1659506549908106
-0.21651266674951619
-0.34527814885331581
-0.22971564336350728
0.055639692235362713
-0.14838804185065155
-0.35680623546868551
-0.074807907403378837
-0.17803676442540367
-0.18738066049698635
-0.055678925113641156
-0.17212724625429232
-0.13331739899106182
0.18606686736923164
-0.10336750735756768
-0.045275218951199153
-0.33901301418856605
-0.11146548178416435
0.077889580065497496
-0.29619699245017478
0.29476092717529723
-0.08338927293219317
-0.28092346640141347
0.22213069304875935
0.10704316618945785
-0.10266995890417553
0.32404783073818771
-0.088916799725646783
-0.14564107540294388
-0.1574596118362486
-0.12869415219839467
0.049314196207557323
0.10993757950347136
0.057779195780312716
-0.0090628461566993456
-0.3950369456401312
0.031600143868624454
-0.0067160043472837255
0.16815583610933393
0.19666796385392382
0.012865288044740169
-0.038838849967633857
0.0061011851460704581
-0.097757954586618762
-0.32943432609626405
0.017588497420629508
0.32151842727415214
-0.06246702171905115
-0.029538503871683306
-0.13882090762181371
0.23211662630229571
-0.20287246885988255
0.15881463347183741
0.24331757188422901
-0.10522116665235234
-0.046817284696071319
0.042722128440034854
-0.044685937569881838
0.064973276229705043
0.28910072291655176
-0.07580517317877615
0.12244703268239247
0.15796793315970054
0.18947485876687856
0.27364854126131016
0.30311785029421312
-0.027871357671654644
-0.039617642645839127
0.17006179368173438
0.091206613983185303
-0.19469562568993184
0.28953608732702718
-0.1052081997931143
0.22807941940847901
-0.13831911053581331
-0.062312964801729376
0.024696546421117481
0.23083820290603813
-0.016884293788498171
0.026589745497917937
0.063345530531109334
-0.24187871891212309
0.039477634917088236
0.16156729325236804
-0.17852355618810031
0.18825366308317362
0.081485549578488206
0.30582661802470423
0.48102250777574695
-0.12408761882354247
0.56035507452941624
0.23849624614939199
-0.012156965058817523
0.37065646973304639
0.1873233083849892
0.060760248087201416
0.054305365203005017
0.11051900459758762
0.29613952404918109
0.10750480440222644
-0.08849490330904479
0.013299991834348346
0.3123326244939405
-0.018050476427550692
-0.12396080416068778
0.18909212637874756
0.21321452717310391
0.22432470112948794
0.14880672615681148
0.20534676220043802
0.098533527621299175
-0.047798364914488072
0.15340243045807403
-0.062731251849030195
0.25426004468566626
-0.094980676248100623
0.30463541522003629
0.18459123469639743
0.10734538658904272
0.10445190540931304
0.28452460077777353
0.096172854046498307
0.22037874510487451
-0.010493351912753992
0.31670741155894999
0.066958317205505838
0.63885524569265728
0.30783419682983848
-0.048171926744905426
0.13328028808840503
0.18011798263848983
-0.080393127938849673
0.36931664688213783
-0.0012614563686613037
0.13531208014586332
0.31768844555426784
0.039755374104809837
0.22297965211705648
0.43960038604902563
0.06145227054807724
0.015464672079679389
0.047961907937489993
0.17445156818380633
0.3962609009267814
0.284354709726234
0.49866113133282047
0.39759226584500817
0.10020525683512853
0.14356254240636332
0.093131314101303334
0.42406811055525379
0.086011927925571316
0.14505486646545071
0.22926800632694477
0.20066146704465426
0.49355550081277683
0.33105285354803288
0.17937927348265439
0.24578696672363015
0.51825651103700288
0.39649026476819116
0.18155882878307411
0.3676155319178247
-0.012877459118170479
0.33043291826659593
0.17504629861869445
0.3647992612404039
0.47334328020422001
0.36272094617150119
0.53157355719345789
0.2449974513546668
0.073003048255141034
0.54526529363593002
0.25438967269383478
0.3200069275334988
0.11356468805743601
0.22469087835936202
0.61473875928945731
0.38321510221976229
0.20127688069154098
0.22491444846252456
0.045099421743136699
0.52911044940791829
0.39506831272623405
0.46804885995324758
0.45142462896734969
0.19572362081919428
0.42743895986919406
0.54350274549722521
0.58013976693459912
0.49289324709584187
0.26501253699112115
0.58730629398170975
0.19183488395911114
0.15568464982775779
0.43707756751907811
0.41520396775369917
0.32313737958140287
0.2961237676721819
0.00866932260749167
0.38377107691871137
-0.024258285262315944
0.16567088813089595
0.4622142782327216
0.52705042440180583
0.5269355461419345
0.31528851469568592
0.27805719390975253
0.42718778533292567
0.10526567894564438
0.20005199068776583
0.4479050659251213
0.21248981953045629
0.42757192726064691
0.24182402557692348
0.36618492074815534
0.42936773532073969
0.37440963929809168
0.17626629126482646
0.46189454608804831
0.31008752410232043
0.243563047311775
0.3789889550156304
0.17663509483093143
0.46532007076224186
0.32439822746211178
0.39983586572972013
0.5728194214688257
0.45880800356806428
0.1686175138534548
0.33337890687504901
0.56466759454713711
0.32006782938182593
0.096540306338840268
0.625582938127897
0.18113552511667269
0.40734758210617439
0.45961963263094086
0.49963325744281101
0.35734904686778141
0.53582110104683589
0.69763696849560586
0.36143964756088792
0.23348186048457259
0.2020231377975705
0.65719940692118972
0.4083186186705054
0.26580845527269459
0.42014346531213653
0.87944935608545904
0.35552810310562416
0.73902405201948052
0.4661476458362856
0.58582017183832558
0.28157208165842251
0.51585325013905592
-0.076722738599128218
0.51633710887210971
0.39339708492244851
0.35783664441105134
0.37145774388372105
0.5401786513906347
0.47000402921405315
0.43229919058743455
0.16829394783052845
0.74096743949811206
0.48091968660302958
0.35838588898891649
0.5597946893255471
0.56941453350293958
0.23896310142920629
0.37170260530630828
0.4767406978683319
0.64034213335063273
0.22032417475877442
0.11505777872402638
0.80989322237048622
0.55649196784401289
0.87390920216450529
0.42265592430057863
0.28180809823130526
0.23698743150862261
0.53419084370280778
0.44411530786602027
0.68728327709729942
0.86694867939888764
0.90199337193887741
0.73224178641506366
0.39471449883072524
0.61317444716848679
0.6382633413474289
0.48760753988859762
0.79592639179278268
0.43136410838467132
0.66266851401797044
0.91194970092039773
0.4869707587350372
0.26321528410416373
0.76245105997922991
0.31487431609475275
0.50793465824728667
0.087041898319055247
0.5588650809158191
0.73693443540947334
0.59845525893192886
0.61048407463979959
0.62684046951211947
0.60402641550139813
0.61258439909126838
0.76109358990426701
0.46448197091211901
0.46806805807779017
0.55399574024300469
0.42916787169123566
0.60012866150575295
0.4540068172230437
0.86251521926083652
0.59339787452413728
0.45019368753548927
0.42792747608748294
0.50478177029796556
0.65760824609222268
0.57146769107626705
0.91209781535983037
0.37640805587916665
0.48549668924324052
0.56219896280234671
0.39398324813704749
0.28345120799600215
0.45176059489805875
0.40750608472543148
0.35235489315887969
0.79253210763769488
0.67512706940521094
0.62849596976334032
0.68388751502881628
0.804445839744657
0.41522200488970279
0.5391631417254128
0.23907276366010197
0.45280733335124784
0.76683516599047219
0.5307812308791342
0.56144843917051379
0.7823098791138372
0.54325404518760534
1.0087357617555766
0.50516331906659151
0.53023290304339321
0.68339833267761185
0.47723057817744496
0.66304896482120312
0.53015773049936932
0.88037106049778102
0.56691950644901845
0.66294532960935615
0.57845941340729767
0.86327448174585264
0.67414727210505665
0.74183839056106193
0.29481183711517478
0.69730103638055285
0.80582609747348599
0.31165487538800479
1.0274957496104213
0.4499945833841586
1.0885414464603873
0.51120700218295945
0.62996636845886966
0.85620041538006753
0.65430778662320677
0.80510285400818637
0.61484639194554025
0.91944994532698343
0.83571311645185375
0.62927727171949577
0.89358863027953972
0.93064072951859589
0.72099673439640644
0.53340563006100516
0.78081265257621391
0.53195048061737793
0.6086427957515762
0.63834569411974074
0.64808028111232518
0.53774496934525429
0.3867900644548784
0.64540605094458814
0.64301149055347695
1.0438274370816027
0.77501632866429604
0.45335747860430192
0.52955282506016443
0.68984114242735506
1.119470994905728
0.63102681576218267
0.80548553939478151
0.70267203486137397
0.69635722344941409
0.80735636287247325
0.53675919700089048
0.78183712378459402
0.69602010249925472
0.74757037054953146
0.69440034391005412
0.99283439656345518
0.51300487829413233
0.91975876510979138
0.29869641633408339
0.6035628691424102
0.77341598628989727
0.86809183671267609
0.45619177051438703
0.80165996052370347
0.66572486568151312
0.80969478325330113
0.66822984823813292
0.89934007342709388
0.77790123968060532
0.63903573203796582
0.80197362810940631
0.8373490853835619
1.0800945174666585
0.63078209232385962
0.54305270300038677
0.44878300533961524
0.76465616456939267
0.79606226230327615
0.64274943404901552
0.62489012232126318
0.94844361525495469
1.031584507192659
0.69981592275961158
0.99413874770056709
0.88588398987295003
0.9887113202316401
1.1582378126431261
0.62377919486434741
0.81541281206308713
0.86042934703115892
0.47763251147045055
0.89919261402858364
0.87067836010500965
0.51498636971216982
1.01233796668012
1.0133841996625548
0.75575323258579941
0.95417086579626598
1.0612467267817347
1.0565758054855685
0.77810194416570178
0.9075139703452455
0.96683475902578953
0.94309643865557347
0.55325885465292224
0.92824043816127855
0.75711247808050419
0.78599950254688444
0.89310745752098331
0.82540727406234016
0.96440441482634942
0.98934188568417081
0.80141054039224835
0.76179622374220968
1.123305158165234
0.73073881710563027
0.9049558487585434
0.69243220603122835
0.64851970752795485
0.83512249280887718
0.89507800273888527
1.2522947803112781
1.125267304332185
0.96997677249579173
0.85834536407464268
0.58764865863132132
1.0082787416241763
0.99443860819139174
0.91161639275218942
1.0579108144401859
0.75271376048132965
0.94842747302271924
1.1917743965273329
0.94009549718082697
0.8482960897391898
0.64217031770893573
0.49823297906050429
0.70003048039559768
0.7316910567411683
0.85945841929644295
0.59000056646281052
0.68921877280722399
0.97982939452481133
1.0659811682030027
0.71690822997008252
1.1598513662348553
0.97014432542103579
0.76359393420312738
0.85654363424581714
0.89436770025592027
0.73305070049398413
0.55011566035937043
0.83091402804649994
1.0130471331883106
0.91623632429891511
0.54377248274119638
0.8561003658193499
0.97293659780727182
0.86396355536559011
0.83887080116959567
0.91760341267479784
0.95191224197603086
1.2396158586501902
0.80738191449246299
1.3935003105879644
0.75424518260413487
0.97455474769702732
1.124403309120257
0.72663775366979455
0.86741804599128136
0.9672037014132131
1.0537665968905254
0.75111854698278313
1.0417750721057355
0.88032886441550229
1.0041169233527965
0.70896319002530006
1.2903462676067665
1.0305606129360341
1.3133473644442157
1.322295977222647
0.89956560241240158
1.0400492429754362
0.80691498714967802
0.95487576470350466
1.1971845157835248
1.0442834078046053
1.3106343318870513
1.0245005719036122
