-0.55073315896114661
-0.89911263162344601
-1.2661269732245057
-1.200207426979057
-0.91678071875289524
-1.4037960495620321
-0.96599531239316749
-0.77394929152067038
-1.0349112623265666
-1.0752253680102124
-1.0355352790775296
-1.1777943917153877
-1.0877250807927965
-1.0419048999411253
-1.2300755622608719
-1.0063017760404001
-1.0589426614475566
-0.90851435861448993
-0.85346212173478186
-0.60281425817481848
-0.79812341124214381
-1.0411867625370947
-0.82224543100496217
-0.76035972162140752
-0.96059510393159286
-0.91976151663925654
-1.0590101751274901
-1.2085578460180066
-0.75803145579891806
-0.60646600219127211
-0.66030020588132665
-0.90347243014683987
-1.1923368421631977
-0.99093415024234155
-1.3328436094560274
-1.2039896949585194
-1.063992627255411
-0.77096704294732998
-0.82827379424327341
-0.82718214357431863
-0.95111495162665805
-0.73851396600351515
-0.76225181433791633
-1.0264541216089353
-1.1624768340492879
-0.6073972211936054
-0.63773832614386161
-1.0310608879351382
-1.0575904509525622
-0.9586990027351846
-0.86300336575929992
-1.0109313384056362
-0.74654613625554289
-0.85048359243078375
-0.85607765001207137
-0.72542976454783537
-1.0059153650787698
-1.0164344869110724
-1.0229621150422583
-0.67638486364107731
-0.87199966163697151
-0.91561975827094932
-1.0897912299202499
-0.9902593330849071
-1.1133100712188997
-1.0550511854518316
-0.75587571763915773
-1.1427174998624741
-1.0704013774169499
-0.70174171761078852
-0.68577730753936827
-0.67552791174065852
-0.79162790538806471
-0.96955991104014871
-0.92679975926884328
-0.81695155709072598
-1.0632837677853177
-0.85556800703177183
-0.50557696984013023
-0.85870652791066837
-0.91305099546118529
-0.72454635190661898
-1.0941310691955595
-0.87323238093529887
-0.9771923830472502
-1.2201016489841947
-0.75885598648406949
-0.6056828334368477
-0.71363497075608096
-0.91732446801250456
-1.1739213335945873
-1.0459957714262931
-1.1034015778896207
-0.60320266391549304
-0.67547483440700906
-0.89460983703467656
-0.87964151403795565
-1.1050397990518996
-0.63199081261118417
-0.63396260292421924
-0.86776775978421306
-0.50013461093427125
-1.0899080720740613
-0.74055735602918493
-0.81441900831225933
-0.69713202003633035
-0.72266298413521057
-0.80826067307725091
-0.52370294870615319
-0.74200608051549211
-1.028728796191114
-0.75161121876495152
-0.8470625873598232
-1.0174619472989199
-0.74802717024101939
-0.93245511931941971
-0.62000307670964461
-0.49733845064196869
-0.65557561449854418
-0.57850715685085119
-0.73017483489201462
-0.72212312560558511
-0.78492897184807819
-0.67018720490604733
-0.83482138563721564
-0.83040609023268808
-0.63906720692227748
-0.78230079700303956
-0.96960931109600679
-0.61165495243234347
-0.53705094058686154
-0.49217980688177099
-0.65339557601164922
-0.71166772831650649
-0.94724989943644233
-0.80260581310130241
-0.59823726881904205
-0.21303442446454446
-0.64915826089352124
-0.75378002393812704
-0.66826656429875675
-0.57175610912895358
-0.4798289260111499
-0.46001169527487995
-0.47961989177587455
-0.52203889509119439
-0.58395971483260833
-0.88216358426516361
-0.8562651187739212
-0.54222185294153713
-0.87824543304014158
-0.9929095649747639
-0.60470231263657992
-0.31657231973905875
-0.57906928040280625
-0.57023725363532918
-0.46882163306308805
-0.38608249123051508
-0.48872554841354293
-0.76061081063981084
-0.72567291337827711
-1.1316106442354144
-0.82327420201303081
-0.88969059754273783
-0.66020847583884523
-0.81228002800903076
-0.61290012365927071
-0.97699137919220769
-0.87089964680441634
-0.5014413840139853
-0.60766543045409405
-0.58973553358421305
-0.57393170766682833
-0.49696393532058741
-0.52001853230131634
-0.71726454769450476
-0.67533968063464056
-0.51596618563390939
-0.817575153890713
-0.43955403377089325
-0.36958672480285448
-0.76298556535912521
-0.48547566441195861
-0.82171407719366618
-0.37862863746079484
-0.39407641939152993
-0.85364537460769363
-0.32452572527823736
-0.40221665495478076
-0.59853491150517446
-0.72611176362391838
-0.6075344410498158
-0.80966497798630144
-0.42656565264000762
-0.6835468160074204
-0.50987045222741945
-0.59061535294145773
-0.83877420006319403
-0.91286507813842255
-0.71550414286983355
-0.78608909354337053
-0.61909363293950548
-0.73050801170500634
-0.46494895604876724
-0.43625523030403124
-0.52189369227294524
-0.81514663358452044
-0.82011338275939871
-0.46481556844796412
-0.60713816769931617
-0.49998953107335753
-1.1650000935899225
-0.40141102752116758
-0.82595238814728134
-0.34840451745045409
-0.48633160478677245
-0.77103821284103913
-0.36347705577201139
-0.26021805395488579
-0.38307099380181547
-0.61188650428531655
-0.61482342095291598
-0.54557323817576653
-0.50672369046592258
-0.56409411117299002
-0.63867434581483518
-0.3542627684848389
-0.52998516690822228
-0.65646664725610016
-0.47254563671415989
0.044827393996705094
-0.51067598866642516
-0.31434098546530187
-0.74345556594977813
-0.50263580692105136
-0.42771582914063111
-0.44017241961344739
-0.87227250860344419
-0.47675713391484514
-0.55289548477707973
-0.39804375892964372
-0.36386302437789214
-0.7278025201207291
-0.86320783987066796
-0.53959441720991286
-0.65894073484778304
-0.67104872080937294
-1.1317513332359181
-0.46418413049166712
-0.5738898494333825
-0.37756792113627474
-0.55393015763503906
-0.79126972667474971
-0.559428891709283
-0.454111070775092
-0.43036569767161836
-0.77852188183081117
-0.5258819158597382
-0.8820122832988635
-0.65344973259703554
-0.51578802564330573
-0.41073341106234346
-0.20553984715207924
-0.59822123114187087
-0.73588711563512266
-0.38637393696361744
-0.64795402651877099
-1.146542960066544
-0.51464972565973843
-0.40643792135428908
-0.59009778887572872
-0.42479754019675647
-0.53663508854463926
-0.33855635505857412
-0.54944798244993764
-0.53990116737398852
-0.14999788952583004
-0.70666858500443575
-0.55678036200657988
-0.40040039108814723
-0.56940983223061581
-0.028201359278885001
-0.18551970265642612
-0.42868160912062958
-0.19188385984344725
-0.36786723804124566
-0.11369455627777154
-0.09037237964778877
-0.32119144748245154
-0.22211212177858958
-0.2175693282012014
-0.14425069100141685
-0.1619924559196643
-0.23798851822172892
-0.39337994959426009
0.045717354600308187
-0.67762764454805025
-0.10462130850952382
-0.40351938413112154
-0.18080065293032477
-0.48705853998320819
-0.29084785127306717
-0.26804733769996969
-0.56263103563508332
-0.5042350890364391
-0.068079234280331344
-0.49088035141107006
-0.13261173272157195
-0.50990200894431181
-0.19585652909435472
-0.088935669310894999
-0.39726524182983536
-0.31539821656491374
0.061618344510488178
-0.23805510270583627
-0.39299009594823381
-0.48885343144845922
-0.22486474317096986
-0.4895659196729184
-0.22160856639830739
-0.12287249253761326
-0.15323612164314562
-0.43551093789070711
-0.5139019636100377
-0.35070675520776334
-0.34615763890794238
-0.14920754142108333
-0.43745635191414534
-0.15206239440242889
-0.23723409590464892
-0.29468884465284667
-0.23598303962786257
-0.39585762027162291
-0.41787001666466117
-0.34182054817704194
-0.35832829076835598
-0.47101084489658573
-0.15905011673232616
-0.40921606191444343
-0.5393650796324736
-0.30021509974410177
-0.31626761282458821
-0.13912760023796192
-0.46695017445780573
-0.66242643699417258
-0.31218295167465804
-0.35235910233928935
-0.20806490476084682
-0.28461605711006877
-0.33117993295030096
-0.38709170970724888
-0.44353451048823844
-0.58962969634042373
-0.37394799320193839
-0.081595817144371016
-0.33509909053550002
-0.078327003784348259
-0.42617438902898191
-0.52525570276178879
-0.46823320687392816
-0.47180043932230936
-0.39181744758756448
-0.40221233905146009
-0.62305135148652324
-0.16446923748916698
-0.89001167232716405
-0.25583790365926284
-0.28756949525407566
-0.46144110494966989
-0.03310211394231128
-0.49219754405437499
-0.23150337502348006
0.050963653969626412
-0.047989902731258659
-0.3572209216531097
0.063238121879885936
-0.3906719874756952
0.15678844688650384
-0.090702772749729196
-0.29510235800007217
-0.46416346588602408
-0.37227901813888875
0.016081298036875767
-0.29274638506301615
-0.50170187161030422
-0.019486160300499454
-0.2335755132033972
-0.35497576623797422
0.078739824154775179
0.0069619866906031128
0.15801708732296599
-0.15774191326841586
-0.27811990919474217
-0.70161109457872572
-0.16440984779803286
-0.072520258465917337
-0.36711694354909208
-0.22193277089101338
-0.4057287017544185
-0.022092522481056323
-0.16951061609531357
-0.10054731837326356
-0.36437993761479559
-0.14764296089996531
0.17511358949233183
-0.29492894456250479
-0.32959547825822411
-0.24398357253197747
-0.40280270976410731
-0.12260813961989073
0.11094838340601912
-0.66957512046340784
-0.27708291875880831
0.22515141454186446
-0.41320931519269005
-0.31836340766852855
-0.032916363906540264
-0.037545511479864964
-0.24077307747782259
-0.28613425459462427
0.36537352709399384
-0.4371913028686093
-0.28370676211230883
0.08879749888740858
-0.20767917985812834
-0.18758066012550348
-0.12238827752315619
-0.53757793037147095
0.026101650974400436
-0.13137163331273005
0.026124274167363765
-0.25062816680818562
-0.39192806762221416
-0.15634597850379223
0.40964665286175622
-0.033714109483457468
-0.12682994027263431
-0.46960049968776524
-0.2278894708886734
-0.15354571985403398
-0.30464708431259474
-0.032974693167299195
-0.094786225891297773
-0.3951135598198614
-0.063626598820246627
-0.074277616231174654
-0.30307393417562778
-0.37789382402968336
-0.088393158245111014
-0.42539400612062056
0.047138968551897809
-0.068959735879762035
0.10154197968047722
-0.33056534774226676
-0.10645233200363442
-0.040097488611226223
-0.29848488142940227
-0.35113342953687099
-0.23713847231056312
0.12584025370831894
-0.19403572398623634
0.11942718702135192
-0.14317927290226007
-0.34902007586762857
0.15403188924579014
-0.15784966157943031
-0.22531740750223031
-0.086811078945132264
0.025067813247671419
-0.055110851283085127
-0.16211109425778605
-0.074768141435622826
0.14763149520731333
-0.41391332621495946
-0.25036418364276819
-0.29690249008477998
-0.14436496263257648
-0.33138840177144352
-0.012184577755469137
-0.081657778728725372
-0.17998356896469142
0.0021326840774184412
0.061979162431780289
0.27331917371931702
-0.068311036240631326
-0.24483481362577458
-0.29363492010594222
-0.14848290316539481
-0.0066487004249886758
0.015753273859039119
0.098758638048058872
-0.21098382405102939
0.11031654360669524
0.0080167392879106226
0.26565304439887266
-0.18423462800275156
-0.010167441092673707
-0.029639450354073896
0.19179056920747234
-0.28787508282921592
0.073606191466190518
0.37310462654714244
-0.26537768782880072
-0.20881072997232411
-0.028148564990152152
-0.30999093036905861
-0.20495005491062732
0.17693857491832279
0.28578920902643856
0.085147499603743793
-0.0053366653329440811
0.31445803393435451
-0.25205629424811021
-0.16089847992900189
0.19267204740085916
-0.13230705378466859
0.085408528324128694
-0.042430150057552102
0.10871703143125361
-0.12541266923871347
0.11462636042694624
0.25234289667505105
-0.1336741074066381
0.25436031384174151
0.048219607756305891
-0.17226933130020419
0.035087069709558445
0.19169715915567928
-0.011207719847929757
-0.14120995463722211
-0.10956326158441378
0.26041165007028289
-0.19757232475082717
-0.13128877748404402
0.055609868492341286
0.25008046133813711
0.19660221357676327
-0.16725806752092257
0.23858289944836664
0.050474031097475267
-0.038745591316156444
0.27366327221197811
0.13635598978687372
-0.069032300562481844
-0.2390088603242394
0.22626546041660331
0.11908992817972849
0.38367995587490844
-0.21770322207601511
0.063773877360942907
0.2193357206297733
0.21706452110384183
0.11179286023998754
0.086984891847282239
0.3774388716675422
0.1725963228480672
0.39010045645377595
-0.0043238070024786352
0.12957140035305201
0.21964916408057289
0.099510648326527243
0.052588020694444855
0.091305475334353153
0.22175002127660812
-0.017330738293297409
0.17458501511042038
-0.10204915324499637
0.065837720573108216
0.063205800638619802
0.47109499832571877
0.42698769621518168
-0.22155207954010878
0.092512124165069626
0.03806507342601681
0.091927760077349707
-0.24277509164574637
0.21163101403633844
-0.051726002365253744
0.15731061901782728
0.24460671121516819
0.33791292881296148
-0.06481233945391332
0.32826328924166159
0.42641555799115155
0.12366941269566251
0.13965963779618396
0.10994178050853975
0.083645537365063166
0.36597544376503999
0.37829362857370835
0.29078266903651867
0.39785386457235922
0.1855187276256719
0.10010717162290006
0.38746660309016301
-0.30910032579285834
0.15128909300746909
0.23770904506240123
-0.19295424191386976
0.0060007870689121829
0.59455495195400254
0.39686739460000153
-0.068382678961865159
0.55967973520985792
0.092574869530986134
-0.19587208053142782
-0.047619306550076235
-0.014961226173038154
0.033285472494584696
0.25928994064002242
0.55127579570000329
0.1091063911062317
0.26677266406779881
0.26993859862347436
-0.11820660468309249
0.4061430468461692
0.013556335949390796
0.20836728484090719
0.29154651795679021
0.53130690794638846
0.26645036441702419
0.22176622173435026
0.47684487481820226
0.37828288215112615
0.57742646392251229
0.28511578349241051
0.17610313947216136
0.2095628518091468
0.048126080550469179
-7.2565670543613589e-05
0.71659200031262693
0.14008354037244741
0.37956844436329107
0.58417161167543707
0.28673926841928404
0.52956128637053401
0.43545922285961008
0.23160323280326608
0.49753563555032626
0.35249892092608576
0.41399548074515635
0.11707291152622892
0.51126217321320278
0.64107434391664342
0.50414596035956927
0.41079107391179237
0.28918462255648403
0.26151119049236166
0.56874696974238625
0.43510927017358692
0.64313032581478236
0.32344489594148657
0.35893920063540907
0.30285493023485316
0.17608646688341104
0.23508507685351965
0.17596094012566574
0.16845259457806053
-0.071704276379192189
0.50103666407489156
0.53490909950694632
0.43607590511207067
0.49959104274161609
0.43538760124771697
0.4747215475733404
0.41490858232426475
0.38470382349421578
0.21838605082089474
0.46527148579316779
0.27188395494130374
0.22386213025079016
0.76485592813660408
0.60900457536093067
0.70333005817932814
0.26488713842679468
0.45615062196190592
-0.0090148991035206624
0.21389464154448071
0.34492352317267883
0.24119556761032027
0.1025134012164837
0.40091886526657738
0.37068040668139601
0.35876672770317858
0.39401472496675172
0.65911170340994318
0.28411838856890814
0.1085476204366046
0.15108054528869838
0.32104139226667427
0.29961674654742132
0.29580537891195724
0.16556949819460859
0.23160675834973973
0.50452492690834883
0.014455735386488323
0.25101289807751842
0.504865090087803
0.49919658737757905
0.18487794426135723
0.38856325020939309
0.2945749564181967
0.099034747960906042
0.4610855426899042
0.4602508102588147
0.57030720944475388
0.44497046657254813
0.23841032994518305
0.51701015244370729
0.059511699422294749
0.31032409224743607
0.47676761247514565
0.3093047639079925
0.54852572999655158
0.33311543993905174
0.41466040702578016
0.46600264844696443
0.474644594739558
0.52081207642741834
0.46359083075798213
0.81266798418534103
0.53592538995273964
0.69105196923514456
0.5761774466804398
0.37081240416446182
0.20913182282781032
0.52041440678971795
0.38682998869391355
0.63776990341485595
0.36091689428522189
0.38689015112655367
0.40376821588288031
0.4765968428140463
0.34762758496919965
0.3609638068847405
0.61448311164525926
0.49673801547774221
0.48047357634819798
0.28009343300971223
0.62826010499974494
0.55918234972479808
0.20743283916228861
0.51964883024940456
0.22942297315193877
0.53653410907426857
0.17726828663616898
0.60051658264749541
0.70035897130705371
0.45820047276340825
0.89072385465045445
0.40880146298591113
0.26574959142738769
0.49865044869078123
0.42445129378216745
0.13475223058201347
1.0475350685047928
0.51952638883792324
0.55777508753346705
0.84323339451728963
0.94067560270514128
0.51670371189486586
0.22801494418387835
0.59537896740016372
0.60808529542075429
0.24321683829739091
0.53269101809484654
0.82429020455617141
0.290894377922995
0.54968688378174357
0.48432697129121804
0.5766445688927031
0.68858987778522807
0.1911043460986849
0.63992621967742425
0.71774177001764117
0.1509586355428422
0.58093835118276149
0.47162932071952213
0.6888266009731695
0.44988038806447578
0.44871177840855919
0.27180313440577364
0.3001760685409614
0.77004153579793821
0.9249658638253806
0.51726391124525561
0.82906371694899061
0.099016089502796167
0.62837378135964606
0.61237996848749698
0.43573540552433787
0.58839066160278231
0.50673150388885413
0.65649556525380715
0.63130233062309371
0.68522627094320154
0.55618405714297292
0.91445949896837853
0.91335895954047586
0.67507743593460567
0.56332904831527986
0.54226254812881691
0.92641454029249959
0.57073669337399924
0.82169932894960795
0.84638012895463
0.49573321240038243
0.69647467561246412
0.14842021761968419
0.71213497004140414
0.62674946855250635
0.86291610406093733
0.89560795563623963
0.59442607990650143
0.92398531147384644
0.53650127658298241
0.53592380476408563
0.59745121786329136
0.64813464918706043
1.0387605687974846
0.59865672258634528
0.73140423344300554
0.70069305805876436
0.7287154731745028
0.59691789719873845
0.51774563690708841
0.40667757198506804
0.6479878730205485
0.85520028113162028
0.76891602686432869
0.32320643971205071
0.30320941170122695
0.80244206105708249
0.6904582771908756
1.1025230577358742
0.59471009352372739
0.75216636058043684
0.81227404542330539
0.83231001044664643
0.45277159592578392
0.79858208130164798
0.76810077103933194
0.46388509831869418
0.96350130905014664
0.82072100707984907
0.56991150687015957
0.56665524449286175
0.99750311618043508
0.72353015618747729
0.59605108175224264
0.77428624883570096
0.90959435631935381
0.95182763685249139
0.53172287126321527
0.49781182918975186
0.58595634472423952
0.71612667586353096
0.6240971244911333
0.94609176945562112
0.86916842673565364
0.85216950316313556
0.89738417130820713
0.67832191948485776
0.97439065759199661
0.95038251033631171
0.65806027414347934
0.78489231983545904
1.0611704625529428
0.77539611871036107
0.73682752038363419
0.85748846256540445
0.59029981362363582
0.81916462811497592
0.67754813345741494
0.70136150194014657
0.83689770388884999
0.70179246656789851
0.65534182069499169
0.88689408301780548
0.93546884141027886
0.612188564568236
0.9957384838449882
0.87014309902019316
0.51583437334288373
0.57056278470494515
0.67012473975231246
0.50169009801154618
0.85829306726656751
0.69100637969935075
0.59839704858593545
0.66573765604530977
0.88860990846517851
0.68507600981856775
0.65691945458498702
0.45122154190666053
0.83096566367060865
0.83763318911885398
0.76868712542269846
0.87709126972234797
0.74108773667890104
1.0075007826513218
1.0922964431859274
0.98692700740285555
0.77875829036961852
0.77743066920911752
0.93861487379477526
0.56846543018067941
0.72883172431706811
1.0083284370396419
0.7221383017427796
1.0363425249791125
0.92784189933322248
0.89412414572158894
1.0988725211620003
0.84523974929588519
1.0769427267709917
0.92631541075383028
0.86287803800594642
1.197828739719351
0.77357868595565937
0.88871025350102084
0.70652957979735198
0.66019032976902337
1.314424306349643
0.7399781886325808
0.5056909077720334
0.30855415107501266
0.81951968518592977
0.98813799746375874
0.80997985259298422
0.73075081875147663
0.90123193783148514
0.94347461737207527
0.79563734590191237
1.0095492290644947
0.81172415079401428
0.66265095184512546
1.0524102774203865
0.87424770678179864
1.0815021598008523
1.1651373798207816
0.94220326032702706
0.92941933653907005
0.74667584054489944
0.98478229200461187
0.7118760273113518
0.92215145986470992
1.0557136779337402
0.85132265750926028
1.2079591588953562
0.94355593775240609
0.91994468628567683
0.63949041314955379
0.80290311024006544
0.951014751431151
0.61227255458066565
1.0097011052442315
0.82053422460430114
0.85534297720271268
0.75999283400172934
0.85276682217937017
0.87430846624554237
0.98752271610585962
0.91223731940850994
0.8757011061016059
0.88624535901418744
0.93413698247801247
0.86026667727492967
0.92694368205964994
0.79517515585030074
1.0851121687452199
0.95226868208486304
0.75220514364187108
0.88666119423140755
0.97082019443166623
1.245407636585091
0.95773728482954312
1.1885420680411738
0.9330295252436297
0.99134951583357078
0.96051330431810999
0.90047259091688103
0.81830761988210199
0.92781156761102257
0.63482895239258685
0.61071209914129077
1.2050996682629729
0.93259253079236748
1.1553001984671507
0.62563157710413253
0.69708090261417077
0.83599383919497672
0.94432850321455253
1.1560731420354984
1.1096613605898762
0.9498654842215537
1.1417593416589498
1.1040387489565762
1.4772049705877899
0.70082163640716533
