-0.75652668659090205
-0.77470570831845142
-1.1085714452653295
-0.76875320246508838
-1.2071177386208733
-1.0427439716513149
-0.7511918905958187
-1.1150415452729656
-0.94296862089540623
-1.1244170889891756
-0.95623817013057688
-1.2596694752790571
-1.0092441873813092
-1.1827858182385211
-0.76758627173187133
-1.0462516209751527
-0.90956300612404761
-0.88702565114032028
-0.85193541580251675
-0.73609460125102388
-0.9486873587885517
-1.0892025821784681
-0.95855562333045063
-0.8170593905852519
-0.70089180770621273
-1.1259174569807011
-0.60823390318443193
-1.0530813354270749
-1.0168470517529653
-0.85076569213053554
-1.260550817607994
-0.56155018164050474
-0.90827500007688022
-0.95243717517889259
-0.99853291366170782
-0.9304670152291119
-1.1086446943887456
-0.87852980017018978
-1.2408169626826464
-1.230992320269616
-1.0427211612846179
-0.88505204869675902
-0.79566166314158648
-0.88244925964171705
-0.99680561507742782
-1.0447913078670679
-1.0186522810420471
-0.59883727852546353
-0.86587926128277726
-1.1920529917186906
-1.1199352325257124
-0.58680836739217057
-0.68491805806053752
-0.93729163160388673
-0.69362554010764976
-0.73605717956719341
-1.2550490151739204
-0.71577472533397635
-0.88151224662557826
-1.0042504588789034
-0.9288945579896869
-0.95795487978320293
-0.85351133636217669
-0.73996107243516762
-0.83939451622165984
-1.0783789735205795
-0.83304893557827842
-0.988339253044202
-0.63709931932455499
-0.68065036635383902
-0.78912583656777935
-0.64913721865744978
-0.56816943681247878
-0.88172784536669524
-1.0251448414567281
-0.81634530066577993
-0.53231767733741431
-0.7989604849150751
-1.1280176436030522
-0.66146209265538314
-0.81782661073994145
-0.82037870895352538
-1.0425587716510081
-0.8202663344468577
-0.40344490785998793
-1.0159599144278824
-1.0251018994516288
-1.0023200825932326
-0.77267149972167803
-0.72245964120451678
-0.7592601592323871
-0.6468137582445832
-1.0018959162573422
-0.55883525913670518
-0.35735290831352595
-0.85900677713897644
-0.95463705374396335
-0.67334863384800236
-0.69418859013117284
-1.0389361733165958
-0.7447535092338321
-0.74958512826509538
-0.91950407273439871
-0.81157535075833764
-1.0135321586486992
-0.74453713188969683
-0.71977732609439693
-0.87266255942328341
-0.79729716850174426
-0.7059381369559532
-0.6986210876265605
-0.7423226141725251
-0.64931196167311422
-0.65648655789996879
-0.83833268186478205
-0.82041516664446723
-1.0959236974061173
-0.49907107019315622
-0.50457361793954103
-0.84348319730337229
-0.80959918983295853
-0.88228243207750223
-1.0665986293824083
-0.64083414012486051
-1.1247992264099069
-0.85787854416066989
-0.91889632414940892
-0.58700036060341343
-0.56393198027129199
-0.60877704361258489
-0.7180089161203741
-1.2178563057041591
-0.77979482869714356
-0.55322948491275781
-0.85288392747356967
-0.86502479795889597
-0.92539053993875287
-0.88061188613629326
-1.2257003248994032
-0.42327505834406981
-0.55538930435349743
-0.6718836642006214
-0.68441197691294664
-0.69384731610530004
-0.70793755166789329
-0.94402098185355621
-0.92491024422838541
-0.85395477638140194
-0.32054755536331409
-0.4296520832683226
-0.37847831063532728
-0.51875162930155272
-0.83686274198721833
-0.86792298434038639
-0.79707213855642189
-0.63886630030133296
-0.85861480909982768
-0.73004193188188149
-0.63147437909997772
-0.52292430987581606
-0.61457852558834725
-0.90597643071375922
-0.61446878883917033
-0.86427874592611675
-0.77839802210889364
-0.49225812919884215
-0.52187948997678446
-0.90195725333189636
-0.67575922744995465
-0.39879774747720098
-0.71196561740948594
-0.75430248146970003
-0.7372117679921395
-0.58062603907144283
-0.45154319404335208
-0.61461233469531884
-0.86220080199185589
-0.58088564975415502
-0.92067262467052435
-0.10630368140744209
-0.55959821586681679
-0.83152810825638257
-0.15220232241178816
-0.85133312534287253
-0.83101053838641425
-0.8360808181921342
-0.44876626555848498
-0.60346711678620846
-0.23393003794880624
-0.65771418238208079
-0.68468121795108539
-0.26405778137487496
-0.43000855277489791
-0.5772735719511658
-0.88362975947015099
-0.4082736133273675
-0.81346405684871115
-0.59873629988906052
-0.3039553784386973
-0.66341938539069489
-0.84314644361759383
-0.92156677508579843
-0.46297779883638029
-0.45155361137196726
-0.83762969147970034
-0.74397692675990146
-0.25583132065979158
-0.57248230291401581
-0.80469229739698778
-0.63106591574896487
-0.61609703033699181
-0.56251422346872104
-0.38868591820059328
0.0056663598248805347
-0.39908234040860169
-0.42297182220363116
-0.25025684735119003
-0.60247995579017066
-0.27763999625727692
-0.67921298755421355
-0.34167950178156936
-0.49568085312680293
-0.64376665598082639
-0.45518985453201583
-0.49180487643259985
-0.62014345260820281
-0.32336108381342704
-0.78010645385226329
-0.54548780166000843
-0.32873936523705444
-0.74693832976112084
-0.98196556808148805
-0.56388563219983501
-0.42279453102953529
-0.64716651009396109
-0.53331737694202119
-0.57541729121619933
-0.74596580608933916
-0.43918024677753081
-0.48563057208079163
-0.79692910425661245
-0.31586821892647743
-0.303177781005876
-0.24159918182207946
-0.8094980218090766
-0.52707162154867782
-0.22326561343778883
-0.35887264884605896
-0.74754456199888641
-0.57347163180750904
-0.29605339546619602
-0.38998345667293299
0.056386682229035021
-0.25850828885658639
0.0035555819259257644
-0.50596081228275758
-0.73036164192611941
-0.17844307581707985
-0.17737956080804398
-0.43359032140375098
-0.18413297090968517
-0.29109861979030022
-0.60319811858908068
-0.50437638682102592
-0.28167010565515349
-0.40355352908719389
-0.43116436993712071
-0.91958061102969868
-0.85019280615211479
-0.65329146900575041
-0.15812756119492524
-1.0396643366594671
-0.12870640947539674
-0.43488749215136002
-0.48632492416233092
-0.34054751200878292
-0.54641642139604307
-0.43396128158765113
-0.21180800020972268
-0.44176942515565942
-0.60251179645468189
-0.2924695664587702
-0.34556344361705449
-0.39119401365113932
-0.44684774834289565
-0.42723878189426828
-0.64170484377480974
-0.34630110159907473
-0.29033647756642372
-0.021823039450233412
-0.46797753517185003
-0.59961203035464661
-0.63435079054218113
-0.193295937432441
-0.070849048274779974
-0.52761650045304365
-0.31762826229716484
-0.3854599869930615
-0.56120544501480263
-0.51226116847825975
-0.33616492060352304
-0.56476321481794944
-0.34729977941763412
-0.50605433082181095
-0.13571747302661513
-0.26873947992372432
-0.75267771328699129
-0.55180956440902096
-0.37376174834443154
-0.36116000517116975
-0.7697739926179139
-0.69445922543351757
-0.017113176732662012
-0.4014049527013005
-0.10083891912493699
-0.35587963567888581
-0.19037898452531279
-0.45943502541677583
-0.39958240346050644
-0.32030488867385198
-0.097663349405551533
-0.14343642380624977
-0.063592080352102523
-0.03090620244503187
-0.39408315014596057
-0.37441255742081786
-0.30538477014234683
-0.23156904727065095
-0.60395798088456221
-0.78348577208451031
-0.39967445065327073
-0.26395804436729181
-0.44537081496067166
-0.26181029611362361
-0.42357467992271808
-0.17846918079887483
-0.30723461943152974
-0.31789755652685331
-0.53520281710408679
-0.5156750438233918
-0.45491101099046249
-0.74325472217943911
-0.24935612936721785
-0.58278858841393988
-0.45595548131752822
-0.59054721855853887
-0.49899997723871492
-0.24109818922017065
-0.13583410925258363
-0.3895418321446219
-0.69547221827196914
-0.34639396086114249
-0.24746796811838656
-0.16954237214385179
-0.10809310240813386
-0.32423877832946152
-0.096345464073425452
-0.43225532322254701
-0.28968185436433802
-0.3859482158901365
-0.37481895425161316
-0.36663199439441141
0.040118603098533531
-0.22476233802615161
-0.50952723256646404
-0.24591137870324267
-0.29619192075527095
-0.44748409447946397
-0.18709841195435001
-0.47613095608823086
-0.40219265719696939
-0.22275975224590225
-0.1812832342081028
-0.12648975237454696
-0.2423993961190844
-0.24799462158990074
-0.17144025397284296
-0.13412802686881731
-0.2518062161477761
-0.17954552713598215
-0.023263838375266858
-0.6033376936271827
-0.29224878912932017
-0.12851601210404243
-0.24482260103411321
-0.090007997997609182
-0.23088943448064084
0.030482459129673851
-0.20464360056028921
-0.43674545218590483
-0.0043182351140993759
-0.16680714608037892
-0.37564965304876491
-0.25454841674357526
-0.11083651609766067
-0.19442019709012612
-0.16096308086152852
-0.21693501770151119
-0.30942042675042147
0.051715068279681545
-0.23709408368809418
0.048509362440901933
-0.26252877497095733
-0.1465490281068714
-0.16544439621167606
-0.41897931373367886
-0.15509140581579936
-0.027448922738935084
0.026785979040754727
-0.072777436309878471
0.053703234418038405
-0.26393651398446455
-0.030209105631496955
-0.0021468189675671982
-0.50812918865301093
-0.013356562934848829
-0.35497614556697132
-0.30813432031679711
0.00017240499370093095
-0.20142904714440846
-0.27146540221893373
0.037452222819898899
-0.41598571047819405
0.30409712392866939
0.040795617387890705
-0.12949870866148613
0.024989634905598721
-0.18546522706377155
0.077068343840175663
-0.058790497049435606
-0.081654335818478543
-0.70668710462578321
0.032700446424681402
0.080115874967990441
-0.33665847338961802
-0.49855608862726219
-0.22379675411039018
-0.43968972485124674
-0.16645868163904293
-0.28787838579798086
-0.43941458393808724
0.14079001822049733
-0.0095919870334336549
-0.15840619990997362
0.25536276518128431
-0.14886028790940836
0.058104626404288588
0.06680281047393366
0.03844712350226847
0.041460277250038029
0.17915155248127443
-0.10120778109790253
-0.18934239274519959
-0.082619331247861083
0.24742368731017517
-0.10320791435819174
0.10989293939709079
0.16695712329618201
-0.094020318769132596
0.0027571363867349929
0.11350507695170625
-0.26701228571665225
-0.16181032716903693
-0.10975368041687497
-0.22506437601293705
-0.33044598637433825
-0.37773040309615902
0.18053627656372587
-0.070945429086689021
0.1065158837341357
0.15592578627083084
-0.14664809680582541
0.29596734641547312
-0.14731370548227038
-0.22535380239111361
-0.044294321804165281
0.30087899368258375
0.11359750642690949
-0.32272228715188733
0.046600496322436277
-0.037660850170336539
0.15998201277589708
-0.22615725106883078
0.12590127917669888
-0.17390072357062641
-0.032868109111534385
-0.19911225919300932
-0.045079579671438427
-0.40299294636129351
-0.44050681143350562
0.27376355557483578
-0.099304509902226723
0.058895534565452989
0.24350428261737295
0.04952760629249657
0.022660293891691059
0.18347777902726536
-0.22598863367993902
-0.2947797270353763
-0.36387305532914432
-0.17210815282031369
0.093078483603062603
-0.3757360458741032
-0.43172477355419731
-0.070905893838774312
-0.054489587220418495
-0.074854153080069111
0.22228056413221997
-0.21785335577335901
-0.18922301892569959
-0.20485986256274891
0.06512819241691184
0.10895380820170175
-0.11281124734608022
0.018517974091653018
0.09486940533756219
0.064275550262449049
0.06940731560489552
0.14226345923927564
-0.48185715310513039
0.079353230170172179
-0.12968597886300112
0.22706921585483733
0.071055200863981718
0.092817384802530864
0.21265809515172243
-0.26800336837025635
-0.028361944882123461
0.35327532336827855
0.024136968633952444
0.023037315518729451
0.24664285912042805
-0.22899792667436061
-0.063729883435617918
0.032686907500848565
0.1581355838153459
-0.11550232007618316
-0.10247245830880089
-0.064324501825776467
0.074558617907646965
0.26396838343202322
0.37155794442118151
0.32654526136042578
-0.14523492203333932
-0.073081156929752936
-0.25816461169482724
-0.1443867336751489
0.29939887287159628
0.12615840855391242
0.35841209007886421
-0.20224285522887278
-0.31063870751126971
0.14227415848127101
0.0041482612908457219
0.11852564087473701
0.054819736152915077
-0.019137366009909767
0.18259053744179113
-0.051617355455165041
0.4256502685459318
0.27773444304558614
0.068075683590708008
0.028254589974097903
0.33558412925207004
-0.086544771446281837
-0.035476887868267817
0.12669239073533078
0.093324436001518546
0.28168709351089233
0.19894521336975693
-0.021385622496100428
0.18951520645026923
0.30787508810306957
0.22491190629831581
0.0049741415767958902
0.46497556703138909
0.037328922315784691
0.16966364887428806
0.34197276531955367
0.3191337301720813
0.35918316693263536
0.2806423023373516
0.1665161947273977
0.22648327067234
0.34222393267867973
0.20267116472043264
0.14324563214880834
0.32634397546283567
-0.061391765102355909
0.081912527372224847
0.06735961666026262
0.57638264659829885
-0.16660012946314612
0.45964835299636336
0.26449310424408945
0.35405032990317314
0.17193897378297626
0.22817077226821839
0.25046099270676814
0.17454134978836677
-0.0035411524553874596
0.25505362514676894
0.052074924804080942
-0.12997497754709464
-0.077208355674730347
0.18103894205207788
0.36521767693460383
-0.073148841761951466
0.31122137672279632
0.13654297245908367
0.3155080370675723
0.062391524245300103
0.099279745446512385
0.32788648090518757
0.026047915298403643
0.12843037635844987
0.51690216272500822
0.45308262733076349
0.31766192123258974
0.10240223465909992
-0.12736398301698895
0.10938751200657017
0.33664502753978459
0.12151046388489038
0.33476742080465216
-0.041801904329235438
0.22734278204171432
0.4472759635477247
0.48300367505406988
0.22143964375930075
0.24445048102301725
0.38083856224174545
0.41788562124085848
0.40731812049991178
0.062100459676360596
0.46495400519659175
0.15602539522303738
0.27937366722353968
0.075280680366025227
0.11311681619842336
0.24117548616028195
0.26837638761566851
0.59305975658287891
0.32381065069511544
0.33891008797749217
0.51738349627280567
0.23398888292404588
0.12064411858785297
0.015688092031320777
0.21388113268222483
0.42611134034586784
0.18187220997149425
0.38072798002630204
0.34969250738303648
0.48973668644414325
0.16354687455851399
0.17036375394480255
0.15176667451343803
0.0080137752653036739
0.34845838287579395
0.19654907246858944
0.38535681101468888
-0.20743829150841567
0.67823623819915901
0.72673282660573413
0.22411436790591288
0.44671619125044248
0.36984934898503918
0.28472707905878708
0.28753696824315977
0.52499534373209888
0.27764637210499538
0.40572005934895389
-0.054496297776394365
0.094554004837683364
0.4567766556068516
0.37469705392064212
0.2591808749584944
0.38783950682009899
0.66892806242588809
0.40122613832571025
0.71731595889844058
0.20608917984835545
0.29988610384942532
0.51040901926554227
0.75027513704971238
0.2777750741875108
0.40437787268129399
0.37089337805634642
0.33155578388313556
0.31266077906200929
0.59241192934120623
0.13615255214787284
0.6221331954841065
0.48212624708561991
0.39872820723278429
0.56779774499263558
0.27216534076163756
0.24254117425474297
0.45508503579961618
0.54282415941745665
0.30570446269517115
0.53196367072968131
0.31620188534337068
0.53527796382809656
0.46795221886671012
0.60186911583113423
0.31760579740431011
0.57989614355410135
0.28332563877067568
0.25085199144629466
0.39891095284558575
0.14217276018716096
0.75887539907306267
0.34916770501691635
0.14217682023955439
0.66298122284252758
0.4347180862731202
0.30329072321331768
0.31272953185095193
0.57157201540481262
0.49571296009246102
0.41004132837382762
0.62717427690194383
0.60936677161164787
0.57925110994958784
0.45208987113506577
0.079257574614252688
0.30776410851027719
0.7033695654601706
0.29348412468535612
0.30952875382245726
0.48746070191697005
0.28057465584686064
0.41183390741568676
0.60721344124442267
0.19669501365625885
0.54211380511848706
0.60231229817103304
0.55752885018795739
0.54641513360264127
0.5205297764026281
0.28848120974342029
0.5292966353379992
0.65250822709528311
0.31989703481531306
0.39319881514400462
0.74874739675022262
0.46244145048627483
0.6196644087973705
0.59393474086660059
0.80582190794876807
0.76147152481867542
0.57690373849660648
0.28586176550618236
0.70149763964042611
0.37600238752412934
0.36929713740467945
0.60826159693413773
0.23401450679587979
0.40711750355692561
0.22174374531989985
0.43088366324142335
0.45073417500975643
0.52150841040928397
0.3840697509830448
0.69295345925107443
0.45515112889737047
0.43860904067209833
0.41030992851498604
0.1589942766692202
0.41439603410383291
0.77938392192582284
0.75934115929656465
0.52253299687486277
0.48669030094513438
0.83945618730602001
0.85405233609533482
0.33540247140796131
0.46879728290275274
0.69141787335154758
0.31903841919476406
0.41714986576989199
1.0390233804039062
0.760030516285786
0.7869514473263951
0.65527503172938384
0.40771821266590608
0.56404000697770262
0.47796390426794177
0.72311804674755153
0.76104647028185357
0.35073196604859985
0.67032465765202431
0.34020880658958735
0.39511224163926117
0.52939587467976212
1.0536328198465836
0.77333399492523824
0.26649165191353974
0.93654246148868847
0.85059783286273249
0.70453352500379629
0.5360243271774392
0.47702594829569755
0.6484282757356612
0.68030476181016886
0.46099741493896057
0.27762723540825412
0.47369265386969511
0.87793231940596195
0.67491488344915773
0.80409238021430907
0.75087920788846685
0.64266995856355114
0.38491799117163594
0.91886582090960534
0.26166351967626683
0.59601939444172292
0.48440947972057619
0.61561780458188187
0.79789088622725912
0.61461859232772365
0.81990400534241947
0.82621589881844804
1.0406254690574053
0.77105374680665129
0.61326305217862587
0.2471173079843314
0.82449243976682007
0.73406627383475953
0.65569709827578293
0.63144570005679079
0.53033884321532032
0.77246831240688585
0.68466124610078649
0.85767342298579208
0.95710102596997204
0.57176965645657252
0.65806308072611008
0.68095129385300368
0.64489235581444337
0.75152292195579395
0.65468963473919395
0.64022244069650958
0.65617889864390533
0.67480995837333602
0.65255309138037554
0.53401411350939876
0.68584037895037619
0.79587264781662947
0.64893149628844615
0.52117939410914838
0.83567218529355891
0.84537724080277432
1.0108199118144188
0.61629794897237355
0.38785708577594447
0.48480503228563387
0.58382683521247181
0.60781397120109248
0.71043778991606754
0.18514038549008463
0.83802800951800416
0.60470553579830699
0.74905391825294576
0.58972323425599782
1.0002475958821162
0.82067550266315248
0.54572509008892245
0.50603469616106289
0.6518717575878934
0.64808984900171507
0.73150065121107632
0.58833066224950115
0.51185246679834473
0.86777947148088885
1.0042857955506896
0.82563074460183361
0.89578515142641824
0.54488295645272344
0.88081207239147907
0.79363243114856896
0.86265888030541282
0.74055632588685516
0.85551904689244274
0.85499346893225447
0.9473817532217681
0.67210579627987121
0.93836640698959106
0.72260097727039918
0.97939385120652722
0.4262198598156034
0.71328616315679993
0.45492033935299719
0.51716233105221898
0.81530962305085108
0.79661642207245387
0.99804582586241086
0.90478684857645286
1.0435691230588471
0.92421875073373794
0.6230394415993572
0.64611123571198781
0.65855827536075473
1.1038660302126593
0.95359103479442442
1.0378034743907427
0.44450902412624582
0.95501187882706062
0.93184786758706672
0.79433762004577746
1.0626641342805951
0.93535243056843465
0.68005022014273608
0.69375105780101431
0.88572546195956736
1.2338529830106388
0.68961947630137799
0.70505647851056874
0.74200265972181978
0.81965875737854599
0.68231499916388427
0.68502442884478032
0.87321350687466426
0.44461889786917724
0.69932675521683685
0.63547969696422602
0.9609459911372864
0.81643244705081486
0.82706080759275435
0.79536567207010311
0.47822010639978785
0.82427235619518413
1.0158228335676052
0.99249096270153792
1.163894849045658
0.81934677826201008
1.1185314107875792
0.93716173651109747
0.45562348177779727
0.98271781645461231
1.0205638260345957
1.0501143351673736
0.73807964986363028
0.90127618062468251
0.94053193023205561
0.76021449115964068
0.75824604011635044
0.63654857932870279
0.8079873403199731
1.266655018008042
0.78571663853186757
0.76721171972834801
0.72432641500018113
0.95296919946697067
0.48882873032707624
0.94885796590553695
1.4196396367121025
0.9985867385429501
0.93937057952788827
1.196432953759762
0.91977441005360372
0.70442407421031705
0.63316833282797369
0.96735552300847372
1.1527457471169662
1.2810733182065253
0.78456862853419862
0.72063176328975542
0.68956110781120694
1.000747156564886
0.69965941585698554
0.88961202268016826
0.74212590852719296
0.64664336607456796
0.86382459605158168
0.91390977485836467
0.92182546811678567
0.94267580392251393
0.99616622650870867
0.97480123608110547
0.7892187575930939
1.087394838758351
0.80830569170594257
1.2416047611376351
0.77470386522590506
1.078477663214483
0.6509141776240096
0.96063653421812989
0.97743675794471185
0.68765691358197201
1.0811486719382224
0.82614235792367519
0.88555755074994669
1.1031483928893988
0.85940246806234699
1.236857618454273
0.90501530460970592
0.60318837040388673
