-0.93504528039010293
-1.2456106193454641
-1.0532013942281513
-0.71057244930030372
-1.0925168818643958
-0.9281069981479293
-0.85314895845431327
-0.91891360084984575
-0.81761266943834565
-1.1894787393085748
-1.2270874828555625
-0.87690038277080729
-0.89057655612848186
-0.97527998605781652
-0.93420959365191181
-1.0572655418978685
-1.1720074358701216
-1.2127111230592345
-0.73444510486326675
-0.71195621996031699
-1.1586471239420326
-0.85639484905929697
-1.0083559606705674
-0.99185177074318265
-0.79261205972870608
-1.057382495512885
-1.0990593923111627
-0.96966679984391824
-1.1112754177374939
-0.62002921201447725
-0.75571322467645885
-1.1520870258679272
-1.0468143979107187
-1.0082745064029301
-0.74538758607457256
-0.74459475525594654
-0.96831514492938342
-0.87228899628986578
-0.65398588033798888
-0.78772396145845169
-1.0236189258887061
-0.87631686485692539
-0.7446418855799215
-0.95955027888550481
-1.1716083712727112
-1.2979319082491916
-0.96759334342005288
-0.76337463549961859
-0.48111322740947748
-0.92364559466790264
-0.75270244932608521
-1.0168271620438483
-0.61376882513202657
-1.0172132637283573
-1.0869224410766267
-0.9358823791591071
-0.94935471016884487
-1.1385705521701766
-0.79149371126610213
-0.66180315725775196
-1.0288956370749307
-0.59474910415620952
-0.80919290779336173
-1.0249049928030298
-0.8289371812256251
-1.3695818454089033
-1.024684854469079
-0.81867884886367714
-0.3746090118882201
-0.74105908218926553
-0.86303624598409101
-0.67991732414677897
-1.0096948255748479
-1.0416492658103225
-0.82879932197076167
-0.71755370439747002
-0.57226684230645297
-1.0250091608239305
-0.71616289411178968
-0.80733404288221677
-0.87775844253265445
-0.71924385648327338
-0.77504825124248777
-1.0529235397562569
-0.95889323678080751
-0.71843371657752275
-0.78738463957221216
-0.80771658950988434
-0.5461924967653794
-0.77635919039338219
-0.85298248601950166
-0.71227120350132778
-0.992778091986522
-0.81291881207308825
-1.0258637458589619
-0.86820771562036148
-0.4485843193509344
-0.87643565340510321
-0.9930286191008606
-0.50469740261749563
-0.57826324216587011
-0.62558519837751136
-1.070295050208572
-0.6354940671887026
-0.69222488425617745
-0.94996396730977284
-0.64581115728299199
-0.95924164545600843
-0.7220263260113795
-0.74685209109267381
-1.1107360966055908
-1.3070490323408377
-0.78922316519607327
-0.55705897827348716
-0.74555296885172329
-0.84907823974560415
-0.91996961789881104
-0.65757734701061488
-0.58243977430789262
-0.77030734622038366
-0.64126623384608239
-0.72513156570389214
-0.72467977495088254
-0.48268558201706313
-0.74980670594280774
-0.5267468511572907
-0.62571971487607603
-0.52326762884485278
-0.57688577056419665
-0.6518262363869215
-0.80293258458614758
-0.84424721530910196
-0.53689061457124965
-0.68069901087383267
-0.70948518295662988
-0.65838308416451841
-0.88737168044951986
-0.34976951533853806
-0.48870623117303508
-0.70024311385597782
-0.81880523859741783
-0.95217140399428757
-0.61234711907317996
-0.69060915615599572
-0.75808211417969462
-0.67987125888504585
-0.62556394846359187
-0.55300045840361001
-0.9908608749739819
-0.74074486752962343
-0.58673170572707944
-0.73324297863211274
-0.59479596314639838
-1.0059250614377189
-0.87803411754674721
-0.77311578461383246
-0.77491623340209781
-0.66150201844883927
-0.97566621742622583
-0.6213177875339686
-0.64096818305707715
-0.35426084984190759
-0.63713170240728445
-0.68731362352972003
-0.78497029352877945
-0.90814202027777435
-0.65023073538341625
-0.62995951042426601
-0.98116321693992437
-0.69994095526249023
-0.60333128120844548
-0.57817425601623185
-0.39484523461647297
-0.80191940015081054
-0.66381832632727622
-0.70634984737881656
-0.70902899372910733
-0.50562993856452043
-0.62850021576439008
-0.77358027649054806
-0.44529547324800811
-0.75102740149614255
-0.42712303618612191
-0.62137608749519591
-0.34144793864211054
-0.59739084412738908
-0.46790395327064099
-0.89021311824243421
-0.95040771883535435
-0.64592569433549563
-0.75333348507410181
-0.73661554760041503
-0.82743394287974803
-0.49582695603684701
-0.78626711785886594
-0.71378966122345855
-0.53318963371870398
-0.61604063599435377
-0.8388922499619994
-0.77988766716793023
-0.67737914401796417
-0.34611562174731964
-0.59616366399628606
-0.35701697498951884
-0.63245772347859464
-1.0042519916543704
-0.45961857300882325
-0.68403294264690795
-0.67997623249646788
-0.45521006965447508
-0.85691021984999627
-0.66591752482475708
-0.58781697711528103
-0.35244380285264115
-0.44306453320528283
-0.41538171617634895
-0.7711014399405075
-0.57845036697253838
-0.60512557671296463
-0.50345297470039263
-0.38568182390162209
-0.58270997382577328
-0.56900892076075826
-0.38702942635661042
-0.77497344548305769
-0.72735853694086849
-0.77603010660157823
-0.39867670930211158
-0.2348988908124576
-0.57344508441352782
-0.30209472246613928
-0.61551412951550133
-0.45806712695462659
-0.40321348928092338
-0.34107222593719383
-0.55078681695655729
-0.40450717751938114
-0.70478710502295561
-0.82977933273375004
-0.43463701069167882
-0.38998667827222544
-0.8379646181105217
-0.54033113515606401
-0.17497359153976308
-0.56535662672992359
-0.42745719477783106
-0.60226003591381749
-0.42284551255097386
-0.16026390657630471
-0.6074754466146548
-0.35924207704412175
-0.64891880469173113
-0.44103733896614067
-0.79387703546732014
-0.41468961943418403
-0.4962295938302938
-0.39602830019502616
-0.3705185331883305
-0.25806525532187941
-0.4214065459971722
-0.62005661450972815
-0.66345410652592707
-0.34576532456397541
-0.58431283924062227
-0.47227218030601342
-0.75095894408079888
-0.16950619510600914
-0.52299360569958875
-0.42152380133050626
-0.27043276780181219
-0.3467182379383465
-0.480237950401952
-0.66544778276495697
-0.54066699161059062
-0.49082078102461657
-0.26378134478562298
-0.30257449143153275
-0.56443144266684753
-0.36475208445001489
-0.17854615825643411
-0.11161392564736355
-0.27726661931708463
-0.44619679383357269
-0.38587086816184085
-0.62342396376491915
-0.4280909885141207
-0.38358666475396269
-0.63728410634578425
-0.50788006610873893
-0.39235065106121181
-0.57512210979230494
-0.42689978065475553
-0.67871116247316909
-0.53975887121857524
-0.51660439073988096
-0.56605258296490391
-0.52326443924980692
-0.32117480121384157
-0.62926409119708426
-0.20212415572632675
-0.52681142550991222
-0.24754300158775244
-0.67042443844967192
-0.50319725827970674
-0.34585173109763001
-0.59850548535239156
-0.58485331296352361
-0.24427105870070687
-0.47142544877170711
-0.39807991987909641
-0.5373787223344374
-0.39747955919589056
-0.3251043704947521
0.023013800884292432
-0.19008965174025388
-0.73882365932974425
-0.47226509256983462
-0.53812282518511012
-0.10192490533020415
-0.38928769521227091
-0.12131007364810333
-0.2784279495699386
-0.1633156144276019
-0.334958035875835
0.085990263863868474
-0.33577334820507088
-0.2886568933677755
-0.314978720621442
-0.3704245730815714
-0.69642558676146804
-0.43476532832878306
-0.25652161468229817
-0.25214217771009401
-0.55158993267492762
-0.41024494066815081
-0.42942975974410708
-0.53162234504660122
-0.4810494374438844
-0.10036638679577728
-0.28393898952799751
-0.16866830283871428
-0.33614869781224899
-0.49409401852557944
-0.35043258390523224
-0.34097434784315001
-0.10723189035327142
-0.37200379000787587
-0.16831126378425243
0.11743737163830491
-0.22685999129579168
-0.23141294890356304
-0.18459613310496514
-0.20135569121034402
-0.25943909672756327
-0.4563531373469949
0.18737095155194078
-0.51390283398277903
-0.055396155252015772
-0.088496321230606176
-0.45467625718856131
-0.27904504865826052
-0.39396619573161029
-0.49819003511729665
-0.24219607444259378
-0.12660428581014993
-0.1210382899908377
-0.29849853566877171
-0.44018917748770697
-0.0089139008461280103
-0.38596348456599572
-0.032218412457874469
-0.17092581051109426
-0.085032530941094253
-0.2423461906748422
-0.36719140361030211
-0.48897230876319575
-0.29323241900878161
-0.55298087921857464
-0.36062481607985708
-0.4807532683758648
-0.22904344305695118
-0.61847880455457216
0.047938653667679083
-0.60842044683676322
-0.40521427868432958
-0.20431339841084437
-0.20516141875182362
-0.076737198687723149
-0.16726825380869545
-0.20250801596746223
-0.18256970285465404
-0.41046985342233322
0.051590784040640533
-0.0094365132342520489
-0.040993916110419484
-0.11796513427491469
-0.095915054201593908
-0.040690999824587633
-0.22027408576615226
-0.076628823298692639
-0.11545133770151343
-0.37560957236007031
0.063357883498522602
-0.1130230124970885
-0.2980789553167667
-0.25753703272492706
-0.15841489252585622
-0.074403739528466364
0.40115821432312432
-0.57991148507793233
-0.092178356545035034
-0.46138211832545439
-0.16538099462950293
-0.15041340856200833
-0.0016887681720649946
-0.062964459219886762
-0.19037488134252717
-0.36694619154427927
-0.20575616971671576
-0.1499208890427996
-0.21018783235962143
-0.14186565143878674
-0.1143997873865449
-0.23115791269980254
-0.193294153098374
-0.48430519000912819
-0.032273969122928868
0.29144694747520383
-0.022319370813787369
-0.34071655230658998
-0.1892096352431005
0.092275918981870667
-0.23852852731491922
-0.041960548149234056
-0.28679840202583246
-0.13369597750228859
-0.18512138880008819
-0.2119490637160176
0.077971779787169029
-0.38907948338506393
-0.19580523537021324
-0.23870220738125308
-0.27595478411119029
0.0092662340796130799
-0.2432918082220793
-0.2947138216004232
-0.34175371645098829
-0.19418351418303681
-0.27692887313134973
-0.15817455443615788
-0.41001504047789356
-0.077036799242373111
-0.14426776893553461
-0.24999470183605252
-0.1940496926671465
-0.12313094484614294
0.050379153031134015
-0.31623139833746111
-0.013954605724951002
0.30475635875854107
-0.42257721082698285
0.1561911355846464
-0.20774270308896375
-0.34613613901483004
-0.23967337704497021
0.058487818423295639
-0.15775359064762329
-0.37019416783179104
-0.059246628831404698
-0.19823072261696992
-0.18423310563414
-0.067058601094893935
-0.17829914778151074
-0.14537036980153786
0.19739251803346619
-0.10867482572653936
-0.04355023381606217
-0.34257504858404914
-0.1114580295804882
0.062049436643127544
-0.30015350484363679
0.27044931652115284
-0.076576794022657005
-0.29108326649359595
0.23707138065026001
0.090791009824505192
-0.093654449241183477
0.325622124755992
-0.075442070791668814
-0.1498163767418316
-0.15539628627628949
-0.13596569112244852
0.017993045001294176
0.11826640405477584
0.080664623446775385
-0.0010875394000843571
-0.38860768267232482
0.044149336896690441
-0.026523588376232428
0.16544562527831896
0.19181886779558943
0.020569367893079109
-0.030484764853958016
-0.011993172585951379
-0.083630226300289767
-0.32442898645491047
0.026629991093227435
0.33248899997140824
-0.047723257839743766
-0.034042798123372867
-0.13758534636679012
0.23653733881471639
-0.20545582842082996
0.14264779854405232
0.26383493914815387
-0.10398052669748474
-0.066481083379170025
0.07069445978583791
-0.046345573213289117
0.075423030515768583
0.26484070024004214
-0.056843758614872619
0.1315059403635114
0.14316606008645721
0.17547567566513947
0.28165805208904465
0.27456195895864427
-0.0097886692364054593
-0.042679777538753648
0.15311971502225713
0.066103150374220446
-0.19449876903413316
0.30022538920207098
-0.10158788082494402
0.23867541147672902
-0.14123039927777553
-0.040371767890064247
0.037602250807687747
0.21334946794298301
-0.019631906863054004
0.024415653718008707
0.06908531208913006
-0.24406190034155104
0.032963735966781024
0.20472715942435066
-0.15989244642935777
0.17938068443119959
0.096229202835876257
0.29496720688461403
0.49624120248601156
-0.11754935052749889
0.565377696709772
0.23760153504688278
-0.01481456797904576
0.37342918567072031
0.18590482857610433
0.074350574951212542
0.059801636607654342
0.093167764781189724
0.28948429377579493
0.12507742691155913
-0.087331715610614855
0.019032987404316123
0.28915217923717179
-0.028534211660595412
-0.1398081210214154
0.18838145543372758
0.22471485613645192
0.23397403673074782
0.15911354264448491
0.19154945965862658
0.10752889230503579
-0.046469662926411234
0.14676771712924788
-0.057185073520547164
0.23896234958175067
-0.098406736057193578
0.28258721382422169
0.17858770373607968
0.12234259396578744
0.11278264967375833
0.27563419181109111
0.08168368351978253
0.21491627099262356
-0.0032636575308498451
0.31767929925830335
0.069440670095723536
0.65380606397001584
0.31701879468741212
-0.065115665506662312
0.11804242550110433
0.18440170910815343
-0.070576597064886809
0.37145768762831799
-0.019051721188875794
0.14188105577753765
0.32037515128998278
0.063711378651390191
0.2272490775566684
0.42543995093731068
0.050435220991798452
0.019832013784858379
0.044809871179328976
0.17271525239358154
0.38726547657900628
0.28420448917579755
0.47610671401233373
0.39537714782974986
0.10815747405045069
0.13247927727326414
0.082068744641078398
0.41769102157805615
0.071197270913096702
0.16747741410430084
0.21707412584089608
0.18346340035667563
0.48228170474810128
0.3264746761017312
0.19304456633042646
0.23508589196612265
0.52279513653203047
0.39324895936619841
0.17811480855332579
0.37221630805269423
-0.010561082626409032
0.33920007827819926
0.16543817729076335
0.35029399932247696
0.47251767949668144
0.37726525708091291
0.50443012007542909
0.26291537697395767
0.075813448958804153
0.53797146352909908
0.26615431323491912
0.30724474068650143
0.11617910129654989
0.20997772826595759
0.61249605480747538
0.38614027927203259
0.20042903427291534
0.22519387280203224
0.084346497751873417
0.53156482512494363
0.3881865598124401
0.45047612669381948
0.45879267186684325
0.19926184152702037
0.40870126520439681
0.54967728291877382
0.58044465907392728
0.51755448645278601
0.27504881217709004
0.59834869236305321
0.17068314410975607
0.15574726517946802
0.44724406211420453
0.39438413796870847
0.31829243498270227
0.28848033566174353
0.0025254310491588162
0.3705017061094405
-0.022527821771243385
0.15374403697426328
0.45173814989216893
0.53366495388599033
0.53083615199119716
0.30032536730860715
0.28534388421997836
0.41913355845645428
0.11202885340993832
0.17041773165646068
0.44319370962659238
0.21888358086387197
0.43243343653279043
0.25589366243767137
0.37710589098307384
0.4392492147719646
0.35944720623060961
0.1654230563388312
0.46421753925703557
0.26349982834189639
0.22031163162724565
0.39578948560101962
0.17095111467323656
0.44984295941141994
0.3135569896382282
0.37963238419015921
0.57964052875811056
0.46152984743272435
0.17789151055696581
0.3519513700009585
0.54420118519763805
0.31445275113555787
0.089393282818418074
0.63946169549050436
0.19010223633111267
0.40381605416995642
0.46880662388563316
0.50684852525377655
0.35185932605322529
0.55178592981766728
0.72712697338575749
0.37284920228926216
0.24433887578234842
0.19917410297692573
0.66377437476170431
0.40665232868669882
0.28081117832192365
0.43975343695380614
0.85552677092343732
0.35715555200575511
0.74686357843994899
0.47386036264622533
0.59493971422969516
0.27545339788863704
0.5225817715657548
-0.093807448645707656
0.52328177790192876
0.39317700704742187
0.34175111552037096
0.38654444560124113
0.55831030521082281
0.4624695701531405
0.42197466335830175
0.16449493618171468
0.76378560793223504
0.47435508006696669
0.35722959166597251
0.56502212098561477
0.57976375728750495
0.24708316160796417
0.37613222972989047
0.48919160964527753
0.64190482955997707
0.19176748678566602
0.12270905142715613
0.82597482502306574
0.55554305971689544
0.86464413181267863
0.43652109109361636
0.32265149095277584
0.26068357658456648
0.53742594107016373
0.44588445912608815
0.68175490317743304
0.87845119420981821
0.90685366884580387
0.74212684622418812
0.42310796516386634
0.59199662420739052
0.61464149747329544
0.47396134973854487
0.81671664324247173
0.43898275152650429
0.65240470340515944
0.91818695700573827
0.46381079101699385
0.25488720937387138
0.77824978932955335
0.30733135671043876
0.5104345467990693
0.069213969469155132
0.55695322839226369
0.7648001193240801
0.60092508890678131
0.59531514516462147
0.63417143738455706
0.58885625575974732
0.62187934182810722
0.75709418044850674
0.46436595671296671
0.45860671276750414
0.55946130444050512
0.43440491449709262
0.60039093942381438
0.45652792319246727
0.89460153106769058
0.5957997115650796
0.45870363083662891
0.44747649488059527
0.48409264508560934
0.66116627736129829
0.56541649590621856
0.90687057315541597
0.3796070414427225
0.50386380741177728
0.52939215673228035
0.38495263832282639
0.28407473753129875
0.43355337910798608
0.42161543282888758
0.35237865775496929
0.78422999912400204
0.65984085191490038
0.61395841491099057
0.67863745873847003
0.83267041659808838
0.38898810568558512
0.5378348519865036
0.23321066519789813
0.46432464163233522
0.77827768621849791
0.51202553712938415
0.53337259528427294
0.79515370038624977
0.56419875148197918
1.0390899871466033
0.52001056466230611
0.53589955828207458
0.69128028808999098
0.48649071737423549
0.65992043740268358
0.52073200512851447
0.89598688352732803
0.54955864178385139
0.67640219758303399
0.58344479229465596
0.86908964083378304
0.69542814067035619
0.73329328404694682
0.30000353749243824
0.67917346463118522
0.81824589101297662
0.29326417927040493
1.0510569780093653
0.4404550178818637
1.1111315633806444
0.5080527018023997
0.64162564174935355
0.85738338327901253
0.65009691343389087
0.76872557006098219
0.60975330448698239
0.91112866554268945
0.8332306801626802
0.61778883032338161
0.91618603875168581
0.93090920121154486
0.73787326550995858
0.54705252275628535
0.77196798791057153
0.53813024429654599
0.61785264248984217
0.61449229729565258
0.65653750146594891
0.52882730360088226
0.38495683743529502
0.65260264213950769
0.63271341338196152
1.0428180652324162
0.7910048199621319
0.43877350334690474
0.54155881363458569
0.69505920369787844
1.1221879486670581
0.64527286087204927
0.80504428224542746
0.70816878209135015
0.69824321425636049
0.83831857790864805
0.52856048917731235
0.77358018771182557
0.69273129376426701
0.76088260225444981
0.71853358194135675
0.97771865082159048
0.4957554477620002
0.91376424227617203
0.31289162535360082
0.6027563497426045
0.76780641517237291
0.88805440990626161
0.46457293696910418
0.7884624375797743
0.66899890408373341
0.82362268607643374
0.67528267895584582
0.91157877152811684
0.78800383365013016
0.63990189879049109
0.81965217180327898
0.83120523130009616
1.0328133638150436
0.61030965533478432
0.55315163814807955
0.44642449250736133
0.76115112744805136
0.80532826607190777
0.64853045626378325
0.62971495695604152
0.9415789342865899
1.0121264615752923
0.70765754416254645
0.99750844742495737
0.87534755487467275
0.97305514157339346
1.1243780882055912
0.59291220040033066
0.81671174260213042
0.84128365004805317
0.48559181867605206
0.90419825776647966
0.84916481435641922
0.51121883767426513
1.0038836768686805
1.0253188818244943
0.76111144208431558
0.94897708702152639
1.0504550519807521
1.0543362749204932
0.78101166675691569
0.90506454448270623
0.96952316626940693
0.91688511944434181
0.54888714720885767
0.93351943152034556
0.74877848356566401
0.76952021012191063
0.90536974549710481
0.82046706975068862
0.96672138111360806
0.99230434283796254
0.79514823325869899
0.7486764650934149
1.1443671392150294
0.72745297721984992
0.91960263342864668
0.69602350141031832
0.66367813281443588
0.8515350040657822
0.8957549046622123
1.2471373877921064
1.1430853432603143
0.96993458272666666
0.88155461557557957
0.58617956126125415
0.99168090725018165
0.98099509090019621
0.89087836520786179
1.0682191360545612
0.7380474592065307
0.94211440220858889
1.2007976137799616
0.94160350626492784
0.83615169689467828
0.63793617192460017
0.49777162688677429
0.68910098508995077
0.70923970453669494
0.8426606712100867
0.5946498682914404
0.6908739063937881
0.9924460236787338
1.0791005063423196
0.72037312555029165
1.1555328652485393
0.97869718729895416
0.76745048654894943
0.86426445752466774
0.88547356614262362
0.73264435407229889
0.53152109097026334
0.81772876505586101
1.0211830343422348
0.91958277489485585
0.5467984901019054
0.86473994225601991
0.98978302990396561
0.86220567353351885
0.86609109613294533
0.92431829901989371
0.95885975613147778
1.2527174098504374
0.81260459540611318
1.4026785070345236
0.76745137533211305
0.97102374542767789
1.1098935287234832
0.72482136014687093
0.87506818323688706
0.97338806243183862
1.0670207058324914
0.76281295576241659
1.0168508737899378
0.86351445917972047
0.99799585605864516
0.72050580321065438
1.2710192496444948
1.0412925300563878
1.3025353126348216
1.3136911346718745
0.91870177944813036
1.0499881266728135
0.82102257183562088
0.97207095218064221
1.2078002638875236
1.0474407932102863
1.3122808791973499
1.0148326838288699
