-0.88971961587005866
-0.99428679395906161
-0.84157709284768467
-1.2406722657849925
-1.1931481055134667
-1.2448840732046689
-0.9318609952508079
-0.76905114243979344
-1.1888331731622104
-1.1625124722192302
-0.98871236322948386
-0.83994307357674791
-0.94637109212820003
-0.97317970439653156
-1.1250033314769889
-1.1555315595448987
-1.1463038230244411
-1.0612161589898408
-1.0110635271838042
-0.96499760432897097
-0.78986865247211779
-0.7893969394897461
-0.72013045324168612
-0.84663875937151567
-1.1537720260121498
-1.0353744977024644
-0.81821915488482166
-0.93766644540867139
-0.87295506345086626
-0.62438137800062254
-0.89810412588282418
-0.93622975819535126
-0.8372200273204089
-0.97674700119104974
-0.69645381600686351
-0.84223592131917668
-0.64666981851587535
-0.94997106138844556
-0.83159274036708253
-0.88714048596211181
-0.84226748732065038
-0.78131502218978854
-0.75712909860297928
-1.010202694579909
-0.62013522137642341
-0.93115649750397167
-0.61874130087585921
-0.91190054990874991
-0.84325081877646446
-1.0840285403028729
-0.64025637371798838
-0.82081078577814059
-0.95527423555800506
-0.61241613050810428
-0.9806496225116178
-0.78626646150964175
-1.0755242244014744
-1.0396430452544165
-0.71977299084979174
-0.9205946647740092
-0.69389526646023536
-0.67403742660753008
-0.80378155210155289
-1.1607714620137239
-0.98965874730499548
-0.75878278216945394
-0.75829919229565224
-0.69388411427152219
-0.81654674964701268
-0.80681237805755301
-0.73075903236912176
-0.62824235460500399
-0.91369910617605476
-0.60893710146838487
-0.68129653202051632
-0.88392997417180563
-0.82816904354910736
-0.81653476630555955
-0.85426037235393781
-1.2390289192710229
-0.65449240540640874
-0.51315661345558738
-1.1613741723096815
-0.81679688250158189
-0.89339545259424413
-0.5884401086807709
-0.66747024164675595
-0.7516473479782535
-0.74072269036309923
-0.54951592701215224
-0.62136867907962179
-0.82360672990240069
-0.95909819109967154
-0.52002980093021711
-1.0816092246429201
-0.92334173517640072
-0.74634028306504197
-0.94285332455223059
-1.0427553883688625
-0.75469366717765496
-0.83720684282182189
-0.8300034880484316
-0.5062153124019394
-0.90803758493668529
-0.77629924804271966
-0.68847507333830693
-1.0458106801615847
-0.7840898210765096
-0.56184691391272734
-0.59314341475084209
-1.0472474245545245
-0.78524559867872579
-0.84184157151943173
-0.70563514095223234
-0.69203229446536474
-0.55857885949163333
-0.83750195664234239
-0.9016653141460782
-0.86142839777998914
-0.98369348372215548
-0.95133965890865313
-1.1818085409936805
-0.46586765655705337
-0.90076172558643786
-0.41670927775948419
-0.56889134193166169
-0.81735920832918318
-0.49446861143447141
-0.84782983955078617
-0.6707442742574089
-0.79014324115304857
-0.3407873815369965
-0.61685045898021229
-0.53552226968924821
-1.0622154603471694
-1.0062572821798357
-0.68733065580274755
-0.89498249717283684
-0.96751218253338345
-0.69279071822388727
-0.92619408176100093
-0.83699221871929386
-0.8807286363810517
-0.43748816724416795
-0.86076519659062423
-0.59937297752239571
-0.72447611896452402
-0.80568729618352319
-0.77658332519296669
-0.75627269403895958
-0.96397275979084907
-0.51594141973741392
-0.74388547792058379
-0.64023826497263114
-0.95922754837963387
-0.31839721756412492
-0.69480013132675278
-0.72118392917369034
-0.65252483970314623
-0.37763129928121064
-0.44356127229498349
-0.52689649057957311
-0.70433053463419193
-0.65248996968032513
-0.6851152852890422
-0.62562006458939068
-0.59007708624957556
-0.61330442705991628
-0.70741682308758913
-0.52475690166311317
-0.4183534529708835
-0.49025728414354985
-0.72753463261637674
-0.75430918238053735
-0.90704154690975558
-0.26934142814576539
-0.96770583866522752
-0.87453904414673622
-0.42493329995350987
-0.66557943413661114
-0.54256304320609827
-0.80860134047325416
-0.66987896452465523
-0.81332083401936361
-0.90421515471159342
-0.69482073805403155
-0.50479367911911677
-0.34512558893896628
-0.67933653913409686
-0.81531334536824462
-0.31399495435378666
-0.48664446420710705
-0.59488233388597633
-0.36844749733276322
-0.67052608819500248
-0.52838983287195362
-0.60522249198732181
-0.66547500431612439
-0.91123012194807496
-0.47788689611255292
-0.54787317997437757
-0.59920956794501523
-0.41750024412916953
-0.44999552719701896
-0.39824347159240964
-0.53510727971730998
-0.80344197786834426
-0.43754175442543564
-0.99944770140373385
-0.5530856154880438
-0.63207048405512967
-0.41363611557366781
-0.55277807117816724
-0.58552120683216624
-0.66863845204133865
-0.69594136830980402
-0.43085853157851439
-0.87791572560402475
-0.71680932158609334
-0.16779042033876812
-0.55165391450863654
-0.83449670199811865
-0.4657225522715151
-0.85387474027203436
-0.52039410355381244
-0.82196893686740558
-0.94219582468803942
-0.40829700784404827
-1.0252429844603401
-0.33965241944852526
-0.52241421129815824
-0.71241040413388601
-0.23044486335181782
-0.54165703352905736
-0.8823919631606717
-0.88559235420882165
-0.58007955038372905
-0.61798486113775231
-0.39065829062659152
-0.35916729731488528
-0.62208867772979692
-0.49230239681353977
-0.39918992403111248
-0.53688714968976226
-0.56069580285176257
-0.23128774937058549
-0.65583530842224669
-0.19716245699022944
-0.4875318259106074
-0.097147562017887212
-0.22323712939135049
-0.37963935341710864
-0.72886118495188812
-0.87500764335441006
-0.71791845212069882
-0.23936963430909206
-0.60114063589170219
-0.56959556750767848
-0.27745772541942154
-0.40959588760509869
-0.75705286173022468
-0.52057716754536143
-0.51071252730260486
-0.2668853075216317
-0.80113484838784055
-0.33922997042777642
-0.47204444730053952
-0.49091557135062586
-0.42283609291171753
-0.45132453051211835
-0.44306937628562376
-0.34870738293365572
-0.22438812840071662
-0.49225964324942451
-0.24678587694151982
-0.22848950302169502
-0.62748907660606301
-0.39796465114906032
-0.46870888483193646
-0.64748609293930748
-0.62376399949824646
-0.56787973788339352
-0.086831255878033878
-0.27157316610469384
-0.54479036435804484
-0.58297454819899763
-0.12392581992830606
-0.4694181393331695
-0.51857832300213924
-0.30870343692304925
-0.62807948414629911
-0.40521822524364493
-0.14572633374985317
-0.34519995453448737
-0.50739267353684758
-0.35494568581265051
-0.58847503383798672
-0.30844733363784871
-0.25539502957167165
-0.67846194127974291
-0.54498723992482789
-0.044169246767715893
-0.51493512461457935
-0.095339327641954866
-0.4987669860711062
-0.56923040844922446
-0.25091100624927698
-0.52838184139385447
-0.37276850596186212
-0.23354690967891367
-0.15165714259083979
-0.40790782086157995
-0.63388904422001491
-0.64657676702676625
-0.4453616747342482
0.012455932407059072
-0.058090973823935313
-0.1026529206440303
-0.62632626703247951
-0.42638294458156895
-0.69087169022594863
-0.19705623006587616
-0.59908960798893041
-0.17533444050751357
-0.22766978765515969
-0.36640545453108797
-0.48682365282739687
-0.47026203061660332
-0.069850520897178719
-0.3949128273989021
-0.31320233096594285
-0.39890472058277887
-0.21100833891787224
-0.37667859385677743
-0.29869827745184141
-0.66421801943174053
-0.40424049637135201
-0.013249839757603556
-0.18443228465754391
-0.46897076994554893
-0.064222064537581072
-0.27486686947235922
0.043438803223998797
-0.063705349003692111
-0.33696947232092195
-0.61418147995516836
-0.31508163723475135
-0.12772190608909642
-0.46115989867903806
-0.2553803005889842
-0.49295810228121661
-0.39673323267425226
-0.58524943883059344
-0.43824130087627222
-0.040741920042324541
-0.30316618425691078
-0.26756328485070879
-0.22028022715957263
-0.35913827633353751
-0.22559940081402791
-0.21010081892871812
-0.065999580093536986
-0.49503023205473906
-0.51423894185573316
-0.19210057448690304
-0.31866722606338227
-0.46244899955404295
-0.60710789943293075
-0.073900775575665614
-0.25502363821172536
-0.11466871844185036
-0.39499930860224236
-0.21384605514935404
-0.16733992199244804
-0.26059781073189214
-0.26345789167212208
-0.33522546627962102
-0.057759531397252185
-0.53952654103754483
-0.43093984771966093
-0.33837280141347181
-0.3956017682438816
-0.48782090851950133
-0.32935543153324043
-0.35787294768546157
-0.26263544241673414
-0.34547949103543268
-0.19922210958301545
-0.54357521731536229
-0.4591833929560753
0.18869474547946913
-0.072550249598881331
0.040235733681606163
-0.35476578431384592
-0.010200802429746655
-0.20600680436077101
-0.23961362692953203
-0.11453959973257957
-0.2480973425707359
-0.382134987869864
-0.16772990813216868
-0.14112887380133896
-0.046723433531785118
-0.35124056273049936
-0.22211379857595601
0.19688561503861229
-0.32035265690358156
-0.074565247249563621
-0.43941517852853224
0.16665994931503089
-0.093211010865448016
-0.42365902763636387
-0.090415741030639429
0.0023064527489260493
-0.022106448593866096
-0.10793440328471628
-0.18322565829867646
-0.14794076817596191
-0.28011989938926402
-0.14341732314732997
-0.28504323975434925
0.21093689259000453
-0.17934730165710058
-0.15400097100131918
-0.045815894120711756
0.20266980522152117
-0.075444456597383427
-0.3021920160415219
-0.16621896636972699
0.040800984616971347
-0.37761321800754305
-0.58834934795213967
-0.11032709191450744
0.15087241038982294
-0.52536157455162225
-0.25239828677283921
-0.23509447506026701
-0.078079182993188737
-0.32740446194171802
-0.30260512031730052
-0.30977874713233294
-0.31664295395037217
-0.25043858677367009
0.024831773399770139
0.094967632952193598
-0.35833382040744971
-0.063387511586814188
-0.25219229466597676
0.039904948311931525
-0.23084987073695032
-0.25809941758193194
-0.21206718079554296
-0.28572131875255102
0.43913174147649975
-0.16583530451865316
-0.31081028818544598
-0.0050667996560000289
-0.20296321118835253
0.1054129766582905
0.025321040398492391
-0.035071016569537032
-0.14794868796185034
-0.082402031703297809
0.066687150272166776
-0.20919235884760598
-0.03908163338328665
-0.26329707400457603
0.22865756214350236
-0.073923459648176162
-0.18607947320646659
-0.11924875986261627
0.026701458219524587
-0.042074073936344318
0.031453427291863539
-0.23574989075746391
-0.26419193412352948
-0.28891889683442668
-0.57219710915485411
0.11798951599896487
-0.089882033945230547
-0.1867248554399194
-0.087190281196444133
-0.16516151157542963
-0.10516938214660108
-0.1449361261156282
-0.11685402332128132
0.10265337485798803
0.0067367279501796161
-0.34896831325032479
-0.55358548049626466
-0.054592037205050938
-0.29293895618569499
-0.27294505618907861
-0.01709099549262354
-0.034169849086310891
0.093599063102479535
-0.091934597644399763
-0.38062271844215584
0.11176289986294388
-0.42491777697376809
0.19423352404612049
-0.33918142473484963
-0.089739453756459989
-0.17371004004633531
-0.29207273843927839
0.13596082032005991
0.071350973773135998
0.037664542936084039
0.18187080403270409
0.096010459860242314
-0.088304293598460259
0.11740761023666396
0.19419190025033364
0.026046383400303099
-0.13399873092073991
0.15478320287266134
0.29500256816751602
0.33383458550370326
-0.029128730567231663
0.025053550471004715
-0.13248674096504445
0.2510224217306764
0.0021663215085836619
0.17073451143595805
-0.13576285623131606
-0.0452555546721259
0.23497377814087478
0.48351688836606399
-0.12940494324761428
-0.002096875356340607
-0.066503021382130947
0.28927517220303861
0.23022731371300387
0.10479037798362122
-0.0037083624599279119
0.1471396075983766
-0.059703104550825621
0.094723908880155097
0.033501132875022696
-0.073620236517562471
0.022318212944894202
0.31738643792623683
0.036983567652848638
0.17801460552379186
0.18613125363456631
-0.013060970171882642
0.33610723369036816
0.031871300080883673
0.21386981701788685
0.10431441204928746
-0.02263952648414231
0.15334171520011794
0.44379506355669968
0.059383648278000314
0.20907149947946982
-0.084450962902697546
0.055934041259569398
0.15625291716559683
-0.028648688680719354
0.13070289451983191
0.27020040726138234
0.094229976907094726
0.040717320148679584
-0.010944376372209741
0.46279887646284151
0.085787845191451023
0.14070415770511352
0.38561432008040381
0.041531635694954411
0.21646940414144467
0.28952336765898007
0.29225983725297772
0.17546534171804784
0.09662971132215907
0.33939406802978589
0.050582408723727677
0.14056991491139037
0.088574166468921148
0.2428901366291582
0.23945273249766993
0.10665383546115927
0.15082261293180357
-0.015557510922156161
0.08159822474301609
0.36528942383619839
0.41175834808790374
0.064380008202180303
0.028383181807769883
0.48149621647371466
0.35846311033752121
0.51547823420224204
0.47207829152495084
0.20581805042721882
0.36347503787637203
0.060852464874431057
0.27663615520733198
0.20063636056826117
0.31795913532162251
0.064661094542529329
0.10508552190280532
0.27227568367091537
0.15715115239045196
0.14919546059371414
0.20128646380024734
-0.0058011785121294896
0.29623704802016448
0.17247843937344054
0.61455145925332966
0.2277419578147471
0.29375614311066306
0.35653391585970545
-0.069866111707822837
0.021493695804250416
0.20813174892123881
0.15586457800277478
0.32628113305171402
0.41438711347546248
0.31548169006355231
-0.023401232051657082
0.11315146946767195
-0.074700927316917021
0.22741531427934997
0.096125955752054432
0.1751421096398198
0.093455617481359096
0.25649019307899817
0.058136489152883643
0.67388662256110476
0.63704014612163506
0.12859296824553076
0.080124487923586452
0.3639671148184051
0.21288247919593048
0.29414418888890836
0.60489761921379481
0.40477885521226398
0.29701983877973448
0.21647013600175588
0.50028106217014301
0.40620997582932039
0.41009915891433829
0.40677481749819894
0.70353188882481155
0.47638307366406685
-0.11112307488993974
0.11389553800597771
0.28779591522128961
0.067905657316505511
-0.059691500080802894
0.17350704294884001
0.50350137144411355
0.29774066671123517
-0.082065687604583284
0.25824386139988742
0.26493004894205674
0.071722220929408803
0.31976298569174921
0.2624962726083428
0.29861308300921346
0.24473462848586208
0.44756408897589456
0.35810513675716021
0.36648576871598415
0.3249862401804014
0.32628501293724177
0.56362223278860468
0.09885951517534565
0.084513223041166
0.18893351721842588
0.55421800037572067
0.48414059719510649
0.4314290279355964
-0.15287728830516592
0.31164838821694874
0.55327618473730533
0.23167226185283593
0.34313488379450041
0.48647158336528579
0.34878538742446757
0.42240783267013576
0.49951947247964806
0.42734253120952276
0.43581545277390255
0.25224161167869791
0.41962057220870519
0.4619527403136634
0.24436294218517518
0.011394132397449044
0.24476786572737086
0.078966373423838152
0.58062327171092243
0.55853191955555426
0.02935704970993502
0.18996298516028851
0.43022669591057427
0.41323088458839502
0.39958214603170006
0.57482815846488033
0.30016200843579871
0.21087077831025869
0.37259927599165138
0.11563478049638522
0.79250975416549352
0.13349912467358432
0.56831609241659031
0.36663756960280319
0.14982571685408755
0.27396269201849349
0.10109572895131456
0.50837517173251101
0.41563059999301866
0.34519665261990523
0.42200631948577116
0.37080315439341721
0.4919614547010972
0.24866337538454286
0.38580591821092408
0.21459616383995486
0.13301608207915247
0.023267020534333716
0.47122627452588656
0.61499103490408014
0.54144251781406538
0.49376623537838804
0.3916026575475563
0.25290295163873228
0.4162906755506342
0.34805892474072092
0.25978115457940415
0.37920993578823531
0.71694755649455522
0.54897065993525318
0.64412093712954732
0.35307882549660818
0.56828580337898837
0.48533516962207074
0.47277851106743995
0.5711988978737893
0.26673973843117332
0.82685148508323636
0.41280598340449992
0.58451566008487088
0.65009556815218406
0.37181007340879962
0.68239727237469638
0.6222758616135543
0.65450474113287715
0.6579352486665897
0.34913924304809629
0.33469811603220395
0.57502682036339514
0.58737678391552239
0.6864574259939884
0.58621077815182254
0.05653147987825647
0.8003511323797351
0.64151152469693928
0.87389916798688638
0.5251344540105799
0.25325976782268877
0.62802484101462885
0.50782776701345944
0.59377552233951025
0.83504828652139096
0.87088320542088093
0.38969715393565513
0.26412709992304317
0.34247240914132449
0.15003497610192604
0.29211175354041213
0.49242406157726992
0.65476823252957195
0.23634705031116379
0.71460945930230502
0.40758279268830178
0.51746500781097982
0.94516822822639202
0.71826148708698012
0.67491651767212091
0.24033521706455113
0.6065760608781946
0.49182868689966447
0.40242237584125901
0.64398900311153884
0.097781795380714825
0.64265226581066448
0.53869901934125175
0.34419527381117759
0.53690000471507648
0.098145239652359786
0.51440849783122944
0.68998462769541213
0.3811569982519345
0.56286914799057797
0.76577300162810047
0.32059768372754738
0.40044174208092637
0.543415216111231
0.53469962727025322
0.54131941999630184
0.37116984237785189
0.77090351009502489
0.7569063519735566
0.30792246625461411
0.51141988889531853
0.66636951798028343
0.72792863602312052
0.64793600390599637
0.95837505244566901
0.80510902088516889
1.0835275925987391
0.27740629315622123
0.62128366856897865
0.723733630936091
0.93923295939676843
1.0019191911757366
0.57202513679039946
0.33855559078828817
1.0768900770732279
0.50761211192515376
0.52259866530775201
0.63586301907969034
0.56829291689866235
1.104363215081883
0.65383724715306513
0.83072571681351848
0.5658474778196253
0.94377653741698697
0.66188209626633376
0.64603591352183121
0.61510178969833174
0.69003305316357033
0.62609814709414535
0.38041474667330955
0.58996649086738384
0.79580085482141594
0.54163355536341362
0.35332369313596823
0.73390540840407659
0.49908722392629973
0.62703961773405847
0.58963012882909971
0.52996688206224529
0.47619175655946527
0.57409201687032563
0.36469985660687193
0.78123691282309748
0.68719260510783198
0.55435462163551974
0.80957691398636789
0.93064612159477667
0.54452848654372599
0.69803606265459028
0.35648234801031464
0.68400544686804632
0.76064037766240522
0.75449239643383292
0.85330714311330225
0.86938212403087167
0.54414372821202439
0.76768911933901041
0.72841289841580548
0.77167983698832765
0.77507069361900249
0.71549735395463576
0.70148624348992983
0.63991133236502973
0.88102817876556627
1.004531570289446
0.69389753700177603
0.64000034634154856
0.57626924924268697
1.0452284768067428
0.69043192024963951
0.72644124267121535
0.81636851250593445
0.93183402619094546
0.82434254576572175
0.89845231770608724
0.52170932604488485
0.51778659784400471
0.72379582225218853
0.89974449787012278
0.89981652809397339
0.64707707241260681
0.8754038200264983
0.58500772145758229
0.80906518930903537
0.81045722987566193
1.1893042771616307
0.65007413378144263
0.81560316618408879
0.68214322855970477
1.0228188700098231
0.37670457316933359
0.92384654799551069
1.0052331463811868
1.2507236326288587
0.7670727427381796
0.96520515167625631
0.66103797990892399
0.86909716409801829
0.9160731853208115
0.63995216466168492
0.82391676256253199
0.91377521191081867
0.71526122501922285
0.58397276521134567
0.62000532964392596
1.0701434974512991
0.84258275595205623
0.68174078430966301
1.0048638547372182
0.66543446698020547
0.83696595618256386
1.0252952001528919
0.90879782337030612
1.004590532183453
1.0733286154143988
0.8301112468726769
0.76068775920896248
0.68117603923168035
0.73472752361962523
0.51132914551434805
1.1872998831078145
0.63415438066260754
0.89516224465960692
1.1444851108526923
0.82740142896085489
0.61344624221926181
0.68260366821769214
1.1249699356720466
0.76519316434185114
0.92663999219829329
0.89309572605226029
0.5118513063177812
0.64366518476259682
0.85305123894030011
0.8298750026617866
1.1125497359994507
0.87553842166583962
0.78099491485739991
0.79518143004847519
0.63744241527384482
0.77669113103734844
0.86179976939752845
0.73189325974199837
0.69529764815307726
0.95757321911525128
0.72379212025698869
1.0101820055962809
0.77350801908773636
0.74667323546634734
0.86619880590921272
0.8361728614724776
1.0570089110996723
0.76860308095578866
0.91994146838362423
0.96771650779577212
0.77946365501074633
0.96590852632934754
0.85214893596046049
0.93580430884864962
1.048792169379249
0.39588075372460457
0.85438443854178936
0.79083054182363122
0.82438817924041607
0.92603784350715435
1.0866622548902816
1.1298640384364076
0.91345494200576272
0.69692580494327183
0.81199271435108555
1.0078250754086104
0.78066426000056033
0.88882212007783234
1.1367455469300933
0.95610518355549901
1.2707043540475342
1.0962529979078077
0.70737298122306502
0.59945085473295867
1.0919769360229379
0.84541943396332186
0.74055080355597236
0.38928219807731168
0.85940256445574292
0.89735548112391139
1.2482155443386007
0.82299413271516564
1.1327041733963112
0.9986171285965163
1.1536289384091998
1.0880928449749143
0.95241528987226898
0.85647530015812201
1.221468625848475
0.89413969236912694
1.0451893492477291
