-0.53242203431513624
-0.88789634359100644
-1.2409950529451854
-1.2041738695714159
-0.9148402439256621
-1.4057367381542314
-0.94848156590362165
-0.78192569008292578
-1.0446558831750139
-1.0758039187624604
-1.0324114256833532
-1.1730072103969846
-1.0803771989492315
-1.0334871617903691
-1.2392397202965657
-0.98953233907335802
-1.0570619983347771
-0.91026583662805272
-0.84251777933572247
-0.5698859082316724
-0.79201132717261946
-1.0514346581091263
-0.77225488023642552
-0.74818712633522022
-0.94202111071273764
-0.94658016521712807
-1.0432778138885115
-1.2155843621664091
-0.77067825089469288
-0.61116251394993026
-0.65693992105372534
-0.89124321531660555
-1.1926281497308633
-1.0123695359932017
-1.3305799720629579
-1.1893208603780634
-1.0484090304664218
-0.75189694127573559
-0.80584045103396185
-0.83669106544738914
-0.93554017169012949
-0.74011100904444116
-0.76958518735453918
-1.0204811454326075
-1.1549020260164351
-0.59620207632361732
-0.62246287098566622
-1.0402555008946173
-1.0290153634286396
-0.95963971768562417
-0.86878218289174269
-0.99917369593810845
-0.75698984981242423
-0.86225907588370498
-0.84903835237107617
-0.71430952291496719
-1.0176283780358255
-1.0190007094758076
-1.0241761043676643
-0.67679978110635752
-0.87502484524095792
-0.94545231206256231
-1.0989172303333279
-1.0040324346135512
-1.1016451988732949
-1.0468319238867267
-0.72841094500018566
-1.121580220853303
-1.0948320007276069
-0.70250005253032266
-0.68984097365150443
-0.67322337587915371
-0.78347191612947931
-0.99276585762115677
-0.94068123953471261
-0.80259295558143728
-1.0570583900471302
-0.84380688642074342
-0.50452422820539866
-0.83126482089797482
-0.91590652878558176
-0.71369230937241579
-1.0793033862704082
-0.87046754388709469
-0.98062732185875867
-1.2359449571066001
-0.74386826527243677
-0.61158125844101197
-0.71063180799630155
-0.92794452340576439
-1.1838357900193792
-1.0227884902573914
-1.1013498498860927
-0.61074101474769849
-0.66560644509737776
-0.89133946679278864
-0.89931367817886532
-1.1187610810376269
-0.64152746359332979
-0.65109678030919704
-0.88464222691669359
-0.46920837953657796
-1.1126564495347078
-0.74262287409239713
-0.79704875071719572
-0.68944589057855921
-0.71175752290011263
-0.7974984855085725
-0.51392618000156209
-0.72069268283652654
-1.0157461295819759
-0.74952262170434769
-0.82998630780126992
-1.0355497853588336
-0.76307349188096518
-0.9327832560876973
-0.62653613007446685
-0.49332350069953124
-0.66463797892252363
-0.58335999963466634
-0.7198511861038257
-0.72079804267780767
-0.76857410831721829
-0.68601502065487519
-0.81561838687922528
-0.83568316765882522
-0.67425177489634769
-0.77620327391092869
-0.96479422909820667
-0.60321266005846463
-0.54832371591771034
-0.49457428523746993
-0.63860050582027195
-0.71325519665127879
-0.94696204703146936
-0.7842681924054965
-0.60628414258209073
-0.19738314419648137
-0.63863283673071447
-0.77830308634872603
-0.66235038192352513
-0.54903638823100942
-0.48699982547109399
-0.45509190623830892
-0.47872402435155875
-0.5283021793550311
-0.58942698942097127
-0.88608245440354272
-0.8668196615588678
-0.52312219990258835
-0.88565711437564409
-0.9963609549458069
-0.60558529397520677
-0.34083568368931449
-0.59087862229715815
-0.57749383634205376
-0.44466748433334174
-0.37232160438900441
-0.48793519251895917
-0.74206747128744099
-0.72351498990386476
-1.1430538467241951
-0.83075831110564369
-0.89065645503822954
-0.65041944290383003
-0.80927661438090281
-0.59890633419555162
-0.96448605152238931
-0.88396726626015432
-0.49560608350218183
-0.61194399236511288
-0.60829255750261835
-0.58154896936244227
-0.50138852220682673
-0.53828767793179422
-0.72792919249853327
-0.67589512183639111
-0.49504674072513533
-0.83064453974100982
-0.43622139311380081
-0.38097738175913676
-0.76029449972325003
-0.49432952033311145
-0.82275900949839076
-0.37853908845519579
-0.39166232484423202
-0.84705428908751979
-0.32733229472483083
-0.40943410424131715
-0.58981534505337319
-0.71209140258413106
-0.61941060444945117
-0.80757468597138582
-0.4249153198276055
-0.68284410314190647
-0.51466135521873901
-0.58585902818895863
-0.8490327517165458
-0.9025667918335385
-0.7200515863153264
-0.79357946096149656
-0.61557547397214907
-0.7389618964948319
-0.48113602584471366
-0.45658589650574183
-0.51604257255433783
-0.79479026250737883
-0.81543131071422292
-0.46569769166326375
-0.61846627027021295
-0.5107287938072963
-1.1595122249953456
-0.40597618749100528
-0.82644551765040053
-0.34127651952695437
-0.48636391329222617
-0.76585500592227762
-0.36851093469699836
-0.25993525315637145
-0.39634886060130764
-0.61101882945467334
-0.6045981841368242
-0.54777327727586045
-0.4906543859601154
-0.56438029047748217
-0.61166273257162518
-0.39215073162723663
-0.52335154169927256
-0.6632348255041659
-0.47318532318057938
0.029582051423646706
-0.50475703872409772
-0.31155836405095955
-0.70909745945143654
-0.50498626710243122
-0.42931146693636468
-0.43136101362444096
-0.8568593635852515
-0.4773061260116116
-0.55915388368934626
-0.3773174758112306
-0.36657008135928648
-0.72129395783346251
-0.87569141575691667
-0.53949350443513466
-0.65982452850974826
-0.64286264960105299
-1.1061396407901105
-0.44753848818651082
-0.57569054876164971
-0.38271699628260192
-0.54138424646751016
-0.79524332989759228
-0.57652867736296032
-0.46542991329086864
-0.42869191392549288
-0.75413682045493668
-0.54090801896814134
-0.89069781582633401
-0.65634284079229377
-0.5227661584115294
-0.40417678292104736
-0.20864440497646003
-0.57770209905393288
-0.75043686244435226
-0.39878254549024938
-0.64087267992072205
-1.1476881274629984
-0.53170156850690231
-0.42493401466298797
-0.59623855928794001
-0.40384231280693711
-0.52228923670036198
-0.30620092452523789
-0.55260972809848585
-0.5148182208322557
-0.14684706227027164
-0.67433036769517274
-0.55943869634497179
-0.38285637005918011
-0.57243571993037423
-0.013367230827460896
-0.19241581223086834
-0.39845274088682853
-0.20745464138793288
-0.38878790049978484
-0.11842357055432576
-0.090117134643165162
-0.31601788543798132
-0.25087654013555516
-0.23022390593202069
-0.13222738946273613
-0.15217510700601164
-0.24636696094281926
-0.38903314969408964
0.058476075827206181
-0.67875084096817784
-0.11742701420468676
-0.38655630581725492
-0.18327038822977051
-0.48896988319930962
-0.26798183906022005
-0.26519279263188861
-0.56911243422310664
-0.51651904102987589
-0.065958184618180246
-0.48982178258832582
-0.15045395554400159
-0.51305326426848319
-0.18451424299108768
-0.11396622837595481
-0.41056048980868276
-0.30445710152107608
0.046122815024002166
-0.2531500239207744
-0.37614034283981646
-0.5083137043404542
-0.23357940416980064
-0.48711953924019358
-0.19722499882596428
-0.11558166623760116
-0.11464240940249815
-0.42066321753762831
-0.52327406089715278
-0.34504110763230583
-0.33478784910533799
-0.13137614111980939
-0.43250801518779552
-0.14517435998521941
-0.24576317145873944
-0.3034872824414942
-0.23829104502091672
-0.37609025191593565
-0.42633343248009437
-0.33256037937114774
-0.35317048907000087
-0.45329612130817515
-0.14188096788259325
-0.41620126772291094
-0.54682253058876396
-0.31468830763257161
-0.3233491332546875
-0.14102482165079538
-0.50726757940532263
-0.68435289383277276
-0.30681998539974664
-0.36839412192094106
-0.19908143498732686
-0.29912592271555327
-0.34670314448010586
-0.36430414046710841
-0.4449717507986512
-0.61473320137969367
-0.37098127164601574
-0.093131939260663335
-0.32970549098373469
-0.080373045725248074
-0.43597078861289751
-0.51909567742817153
-0.48518429969150167
-0.48145639446686012
-0.38164218201679861
-0.40445707903925043
-0.60533407493070079
-0.18371769290898785
-0.87400574365102079
-0.26080553599118689
-0.29458381179564308
-0.45971253231131515
-0.032296033857357478
-0.49408320882725953
-0.23191449186898985
0.031146311910717268
-0.02818078692899962
-0.35310864460804625
0.11228735401854696
-0.41329768419557295
0.16176007949940227
-0.097599093616014959
-0.29559143200945481
-0.46026815489518014
-0.37119677523896377
0.013439057307511599
-0.28024296764319567
-0.49004915998397175
0.009110051677359671
-0.24619434801553666
-0.34800553001053142
0.053881838511562821
0.0078392357923966864
0.15249366294574143
-0.17301458063754571
-0.28674618269080471
-0.70604288131470805
-0.16600737693918347
-0.064839398684163288
-0.35974895268081414
-0.19439723013272642
-0.42679514792733653
-0.012053408482895366
-0.15430694772584894
-0.11475065037349345
-0.33356625931382505
-0.15717502405955153
0.18879680715885541
-0.29857150860028603
-0.313115896717229
-0.26051055601728007
-0.39246811922865193
-0.12182586867556616
0.093915037214383337
-0.64772551277239421
-0.27619721989547275
0.20247829203749823
-0.40429140770364974
-0.32181109376927391
-0.02466577699162251
-0.036603817280817082
-0.25025992837169586
-0.30281294566126365
0.37265799716817444
-0.41843167813582416
-0.28247251675825691
0.084331050972834248
-0.20036020630577128
-0.17324829686485627
-0.11769099981805656
-0.54600406882592156
0.040577093184456715
-0.14572524993077537
0.0071679073036986611
-0.25847024424773979
-0.38445799122602642
-0.15558985300974709
0.41119695787879207
-0.049240479188151214
-0.13750054420146596
-0.47903198996441954
-0.21718358000254451
-0.14676483539029703
-0.30096826962947393
-0.035645092349194378
-0.10743715784260841
-0.39287528799274651
-0.068098614356173787
-0.059406567106139167
-0.276678789348415
-0.39028926535369862
-0.085507271004231541
-0.42993187758536272
0.052768606437722257
-0.076830861156853336
0.10275060099116021
-0.33794257323185944
-0.089886868709157963
-0.032553804601932974
-0.28676093312640866
-0.36242079893855833
-0.21866938922735141
0.13277177777447485
-0.17754382244176706
0.093641024679089663
-0.17723865250914531
-0.34089634362664667
0.14973283543113811
-0.18503466778443209
-0.1921108028492873
-0.095416840295328764
0.031348693775088803
-0.027218910719098002
-0.1666792572129086
-0.072401243638154839
0.15181117661395027
-0.40503988322132517
-0.22859452133712135
-0.30239426872767744
-0.14668409472142632
-0.32548697302637852
-0.021166290912876529
-0.084500770020622479
-0.15503211917080761
0.0043434205683415706
0.092165459502968269
0.25657193262778677
-0.043230603173209543
-0.24952480980019512
-0.29878363622819015
-0.11599380190860806
0.016716701312771545
0.02117377795522268
0.10668523429059616
-0.21376255394086116
0.10457936800898483
0.015609926068837791
0.28250975708884624
-0.17137294843049417
-0.0031950513307912399
-0.01899275550741706
0.20120996218625925
-0.28742525040441458
0.068712564539285065
0.37741247076092299
-0.25801953543181577
-0.22457048540207766
-0.039332997599611008
-0.3080519729431932
-0.20909043361920576
0.18899051799041891
0.30069009632056198
0.087727759435540523
-0.010650834221546444
0.30164154751577588
-0.23672606957799619
-0.17097342500559734
0.2106585017428993
-0.14131399579920803
0.076075996413947022
-0.047565802102994249
0.13447798355173746
-0.12793704830181157
0.11007348643578224
0.23830198850741408
-0.1394579543828848
0.24461850953964598
0.057157698512739788
-0.1850749344661945
0.014265344368093172
0.18320506517956278
-0.0042964221848369941
-0.13508566676841915
-0.1040516155043381
0.25953239035470943
-0.20034862793680733
-0.15278751583880681
0.035016566222622697
0.27160617855252944
0.21147299295595806
-0.13637572430605713
0.24941493930023328
0.044161023793749712
0.00013181941074717342
0.27886720582292923
0.13495064483627178
-0.086966305186482615
-0.21106271945728222
0.24232233417058535
0.13223040895203414
0.38251243432394672
-0.22622446734050117
0.054312326597517148
0.20848478066104292
0.21320734442116482
0.12751248511415461
0.11627265215153824
0.38116360319855813
0.17250250477929982
0.36475672366774303
0.0078197890506823409
0.11374898201702592
0.2522917620687265
0.098674204717597941
0.046141936332532017
0.069756002147276897
0.21001127167706435
-0.0097774473286605657
0.19352843437719211
-0.10856066759101257
0.060688800007553986
0.084627358115529086
0.46248053649977722
0.42925603567239223
-0.21656378123085507
0.091283674266585069
0.048459305962566958
0.11618387904226886
-0.23770399554654392
0.20327187728079851
-0.05739562962228803
0.12515030646580014
0.23729638141696829
0.31976644900797957
-0.075468016807787544
0.32524323054296717
0.41678307620124322
0.13092826929977802
0.12982423442997917
0.12129284811966758
0.10505470878416022
0.36154724471741306
0.37724708049286992
0.28102474756678802
0.38829967502410773
0.19817285146306182
0.087094852212154933
0.3991983336248216
-0.33134796982681075
0.12618704243440584
0.22656531195916102
-0.19271338948764227
-0.00029517446574385873
0.56631370677042703
0.38120449532106199
-0.071841309223017291
0.53909416667572696
0.068154601889448232
-0.17843291961305066
-0.016641928585648627
-0.013603395676814222
0.036103181149822923
0.25057413034759829
0.55246981908898929
0.10419018650913155
0.27304263795325229
0.27093576706968003
-0.1071729343958264
0.41091839124688095
0.014818600127350862
0.20797151786462634
0.26584658895771623
0.53432756814469284
0.26705283308025046
0.20005159683705623
0.48028707511641433
0.37711599122901801
0.58487035410614552
0.26360245816835259
0.19501180256180412
0.21307374482325006
0.02706454365562461
-0.0041795001279315751
0.69640354773095625
0.160250352606154
0.36813221889325459
0.58131590096083063
0.28050482137322547
0.52769099701271982
0.44374496052846807
0.22329188201597225
0.49239735506190796
0.32694790320318973
0.41273549301592394
0.11622029358817669
0.50006900883724081
0.63997934340188134
0.5127155352607482
0.38896118391962337
0.29183727940760434
0.27278571407846419
0.56302266951217905
0.43920502029216135
0.62990673842230149
0.34691135344044616
0.33667040981677449
0.32711275321316735
0.16752651688006923
0.22911799413494208
0.17376607938603708
0.152748588186364
-0.077698487108755709
0.52277125508155242
0.54102810334518481
0.4252100830175255
0.52084778131124376
0.44703925042626963
0.45804405217980204
0.42057040457272066
0.36143159179234569
0.2305541420937062
0.4528196957404933
0.2707987449238648
0.21759208112476427
0.7675880264297783
0.59751436913578826
0.69545428360332329
0.29892995380558518
0.4583351823050742
-0.029374527327936665
0.23488518521744484
0.33562501499449215
0.21155313914450796
0.11192350813008733
0.39451791352123089
0.37168673846684386
0.36111195324443718
0.40639547386158265
0.653052324745791
0.2655153463726147
0.10982513233539581
0.15527881585448894
0.30856677685559158
0.30241793478553441
0.2960831192799343
0.17335648576658308
0.22481197090794719
0.49177331240979266
-0.0037091657114240372
0.23466810040328887
0.48366491304191578
0.50468382308878745
0.19341168954051632
0.38899171866027255
0.28051508221257082
0.078980782151262224
0.45445075661507922
0.46265218224051591
0.55674289569469049
0.45576315861505229
0.23934519439668139
0.50337665352628369
0.056243607257669755
0.28796366009657742
0.49416399461755245
0.30899369263405446
0.56795398823375476
0.32075087604271069
0.42527443456785646
0.46993506025536702
0.46950665066003394
0.53222914691093082
0.47341235236209139
0.80955267000190734
0.5293201238357963
0.68375934777827907
0.59765082188532348
0.36742676858505208
0.19184004220480549
0.51864976445461908
0.38889801665839896
0.63240262124806845
0.33523844700415961
0.39470775360619476
0.40631716791979616
0.49377041111845676
0.34590061916194853
0.36487434725254325
0.61558662330268554
0.49737129845252825
0.44411283877987551
0.27804757644608197
0.618893975941054
0.5681571021976497
0.19636402233990327
0.53321761856205196
0.22274361561341574
0.54961565897226872
0.17533025780864095
0.60281582051010674
0.70345651392423425
0.47769805651747327
0.87384471767143779
0.40502173821275128
0.25057522686356243
0.51222067665354332
0.4060613352917713
0.1259201500845103
1.0540127112241868
0.54933144866737782
0.53252881165089416
0.84900731255487538
0.93460886487480133
0.49105958921700898
0.23350922775466798
0.59949744408487926
0.59690502643632404
0.21767855191638183
0.53951673934012434
0.83748540542935168
0.30166370532106812
0.56725257774336757
0.50483000174526116
0.58240076768605509
0.70114025883183928
0.20087006274654456
0.64891313278723128
0.72237783206726103
0.15757804567097683
0.56538331685870014
0.46981054146664064
0.68493711623213571
0.46313173595973983
0.45555775525218678
0.2752550768942128
0.28206923763335284
0.76008640404198224
0.92089440372825726
0.5141415282495998
0.81795478872069871
0.098768003255439427
0.61165356840949381
0.61320543961198015
0.42043088395498057
0.60687313721323333
0.51702670422293007
0.64560579980462152
0.65049189014815922
0.6700927151893934
0.54425355700613076
0.9193193129512347
0.91148749900109249
0.67767981057065996
0.56928132130941123
0.56308111155246587
0.93288699711832046
0.57701901474713424
0.83622965200675181
0.85093761224297604
0.47473889245589773
0.71551485088053413
0.14307196941641678
0.71767444040131179
0.62889770499278874
0.86436581434267445
0.91468069037287525
0.58946300063538859
0.93124996758330159
0.53094492984700625
0.53232887713742794
0.57100018725627322
0.63317580149083841
1.0347212667807457
0.60693311846659814
0.70915841846732686
0.6841861356896789
0.74266680136164653
0.61651252372431808
0.51342381644773083
0.40547841952813418
0.65083291477337935
0.8610140910277887
0.76329648610952128
0.32405633364598585
0.2967378992070514
0.81004444396653008
0.68899218020257025
1.0989088114584336
0.58711942726333932
0.72899139634453625
0.81345554182829893
0.84381703501162963
0.44001973021484486
0.78876416174076058
0.75425352872678086
0.45871828135310139
0.9856880095141356
0.81877412039411201
0.56556917586630162
0.60236075466811079
0.97371239955130262
0.7081972292067793
0.58970873864687434
0.75952509982911098
0.90711665098408145
0.94574318485842868
0.52960240425983562
0.5032019288789954
0.58864864868492617
0.71068575713999071
0.63395557727595564
0.96772734437179653
0.87322506995190297
0.82094651940332053
0.91322092254363985
0.65556894837148461
0.96004052768336212
0.92680431847521649
0.657193578021109
0.79543959135692299
1.0712042844971965
0.77393592058614746
0.72972467294779608
0.85077875865434438
0.60879511260899799
0.83792816516095092
0.68107266384338438
0.71172781491363246
0.83132270239818862
0.70133305106784594
0.67584474443598752
0.90230174856479972
0.93373092502526855
0.63681571736564024
1.0006898411776779
0.86614922951001594
0.51710670854615315
0.58831672375727417
0.6717338929670007
0.49199592171155215
0.84481722178224561
0.7089486733985092
0.61361544856832184
0.66248090067449494
0.89959605956195832
0.67978100380353701
0.66334981210992627
0.44911243509985216
0.82703111379256489
0.82981822741097366
0.73124833582715976
0.86015851371046437
0.72679120129934449
1.0035438602779581
1.0868418281949683
0.94512795995552767
0.7948680250112361
0.75813855467875646
0.94158787142803191
0.58256035787696192
0.72862508685131666
0.99904522329550349
0.74446174616788474
1.0198393304655953
0.96567722341916784
0.89501095394073993
1.092061433769409
0.85591510742099608
1.0726478604894552
0.91631602362765685
0.86430853592567847
1.2063491597851967
0.76229012563978538
0.88150886475236856
0.64731518311951564
0.6629842532519149
1.3299603544421119
0.75522460071298647
0.50714390151564648
0.32466916196661394
0.79567054180811903
0.99108452203992492
0.8004018310485973
0.7128396081741748
0.92343040240099594
0.95722571554725444
0.79939656344346954
1.000472823145377
0.81404723809922264
0.67651630688534869
1.0425215001714752
0.87970089222934311
1.0777771218434891
1.149106880441523
0.93922781526376697
0.91363567635249421
0.76407207840402436
1.0146038972772788
0.7405378303963609
0.92092554495746015
1.0649072217344726
0.85448321878061417
1.1756978268074241
0.93134840127115381
0.91892834231629994
0.66405413481190778
0.78783085409823617
0.9596270796001477
0.57928812508378669
1.0144144177084358
0.85098777241436419
0.8461455509792668
0.77058191919229457
0.85843095853484352
0.86327954476084501
0.97820459791667724
0.91933699854328732
0.90007482010629491
0.88203872752242152
0.92927493545532303
0.86418132048509888
0.95932592142309381
0.8014753949894855
1.0712453286511912
0.9505565741830454
0.76823269144018003
0.90737344392277619
0.97171731622226232
1.2404458096575248
0.96265202269615513
1.1712278778923362
0.93129718876368739
0.9989189838845467
0.94320417355448238
0.8999384210446747
0.81681973030232102
0.94810295195913696
0.63453155127438921
0.61812270852264861
1.2137359476295198
0.92802793920758264
1.1433614897395217
0.61889159188235943
0.6839422443066554
0.828743002951282
0.93448162575721427
1.1698945772679434
1.1132351621672727
0.91706872667553996
1.1418634772090577
1.0957356608182443
1.4813827199890675
0.69640979680994153
