-0.94236974642891314
-1.2293654693248905
-1.0291151935835721
-0.71664173002964282
-1.1030463176031515
-0.9350467084755214
-0.84968365580854832
-0.91619435495158852
-0.82125211111902452
-1.2070937046923074
-1.205630535600277
-0.87626981658963432
-0.89846314360393253
-0.97322101559358232
-0.94865820678692758
-1.0513051940595615
-1.1620353220255899
-1.2022984760233659
-0.74970521870298346
-0.70662426845190429
-1.1572377873021129
-0.85203113352918469
-1.008137820333959
-0.99399131432209964
-0.79111682712068787
-1.0470230331421164
-1.1031830644896683
-0.96373409359577367
-1.1266912248028731
-0.63496115427583044
-0.750643380389861
-1.1314869560602983
-1.0587071842978482
-1.0069512808983889
-0.7585726154476149
-0.74368139480172923
-0.98825529323120598
-0.86445041508805098
-0.6797337978032808
-0.77971881813103761
-1.011692469314085
-0.85337154503768031
-0.75840154352441069
-0.94005231364609676
-1.1710542178622487
-1.2878652560357005
-0.98764706231733357
-0.74495511157169803
-0.4689077188896269
-0.92781392696246179
-0.76199571815827838
-1.0047943709197196
-0.62691795870812173
-1.0072403180180833
-1.0719153559773562
-0.91503529900161906
-0.95994655190436295
-1.1247526152088994
-0.77498940377012282
-0.66939876855590219
-1.0168355767750812
-0.62035680300545704
-0.80980540806999701
-1.028243528253266
-0.83188575917420104
-1.3709552955856366
-1.0252028954782586
-0.81815057138245839
-0.36565536672919335
-0.78290151577975053
-0.86040373178214757
-0.68959609685155998
-0.99709323607333034
-1.0577922613383994
-0.80430641877005993
-0.7066433994003769
-0.58069272131707128
-1.0186480842429242
-0.72003591672755896
-0.80237194601911266
-0.89040775428952557
-0.69997632046283209
-0.78902966762374871
-1.0487683504549821
-0.96205380749564973
-0.73458880397423487
-0.80912407997262714
-0.80551997829299482
-0.58371722467543941
-0.78799650822325484
-0.8355088798517516
-0.73081559393992002
-0.96773329035512856
-0.80393480205972445
-1.020575183848937
-0.86521645986522167
-0.46044798006075732
-0.89341115436183161
-0.99283019978860443
-0.50731538192239012
-0.58216305735858842
-0.61619812481640368
-1.0698695329289403
-0.61067792922496711
-0.70287137842594527
-0.93183987387343437
-0.66641253153808599
-0.95924344590977195
-0.71932559395867834
-0.75604117493215528
-1.108314829905779
-1.3098554561403724
-0.77548350669427835
-0.54637749338230046
-0.74269385955416167
-0.83854811351370684
-0.92307252524265482
-0.65948321146571542
-0.54717813035706953
-0.76220768837292019
-0.59949583158654496
-0.72473755730331801
-0.71795283222132089
-0.46581270151080323
-0.74691328685414882
-0.51170890004312486
-0.65033520584829596
-0.51812148616395048
-0.56288753134068836
-0.65122783615156454
-0.81986526023192263
-0.84960871738160659
-0.51621972655589177
-0.65314843001611911
-0.72389772818620635
-0.6728713999629401
-0.88069127510833689
-0.35157175745497832
-0.49459363150817831
-0.71241077295825905
-0.84850503438580593
-0.95226650709012384
-0.61647844194110679
-0.69295983491799673
-0.72792792736959522
-0.70307853164187273
-0.65776955755390365
-0.55626688041937689
-0.99911030317621896
-0.73823737945320111
-0.5633228183303165
-0.73931292541164739
-0.59763856092932932
-1.0045483938417936
-0.86524365493348665
-0.775905589067584
-0.76618420554848488
-0.66408262956086705
-0.96849945251753178
-0.62287349088395183
-0.64108263876105531
-0.36181571442698185
-0.6619881360510097
-0.69623400075372954
-0.78375316300713127
-0.89084030564229533
-0.64577107391964661
-0.6260639630511794
-0.99066643343621508
-0.73188432869830944
-0.59882757003978904
-0.58577635015073992
-0.40673385381941729
-0.80472046740438918
-0.66397154719514673
-0.68621706751881661
-0.69688804148594607
-0.50805333546833353
-0.61225223892562264
-0.78230488874684612
-0.45783558983883527
-0.78486266025456808
-0.43307436875287736
-0.59956399353041534
-0.34330344003032959
-0.62611536975482707
-0.45934136681901305
-0.88147353669135498
-0.96655954166694857
-0.62404715566677826
-0.745424542811571
-0.71245354667104199
-0.82844927721185702
-0.48073007357735975
-0.77060940289477853
-0.71361733013061979
-0.51376234059108783
-0.62448842690163331
-0.84637575736489468
-0.78973773271813241
-0.63770257038867262
-0.3327738420263649
-0.58620157244381366
-0.34311222658690954
-0.63014848284111624
-0.98093479898673164
-0.47288852732609948
-0.67001484786778198
-0.69495001233685438
-0.47453912936978471
-0.85331001666360917
-0.67382077749728797
-0.56909188256520371
-0.35943487498844001
-0.42485411726409483
-0.41704202738134138
-0.76365089326133562
-0.58577670138920301
-0.61641862383215262
-0.48941654025789588
-0.40382813615920776
-0.59313019077010376
-0.54746854939081058
-0.40058390574547836
-0.77482697274070944
-0.71817382911182348
-0.78354886346134223
-0.38893669970669154
-0.22629279359658397
-0.55645022025229418
-0.31547123401473487
-0.60493567876532028
-0.44425795889906566
-0.40381968902581378
-0.33356331853340948
-0.57340493012784166
-0.38994465251457672
-0.68918132081696404
-0.81034542411952237
-0.42868395599723097
-0.42177848672212809
-0.85752136531706524
-0.53697351307938601
-0.18134865590950064
-0.56598162881649583
-0.43724518138024543
-0.60283175179151649
-0.40179012427211708
-0.14864824772067584
-0.60416081390575904
-0.36627266977945389
-0.63786952406184572
-0.44618618620261496
-0.78680760662879157
-0.42316061459177701
-0.47690466558903033
-0.41749818667819205
-0.3655263001205552
-0.26906433556306497
-0.41345953786151501
-0.61772775379878797
-0.64764249505066385
-0.34375022306577763
-0.57518175767180546
-0.46528963481809965
-0.77959295993352506
-0.17781771901573243
-0.50869067751155794
-0.41325330993558057
-0.28222930787311812
-0.33822909030284798
-0.48538909398821911
-0.66250594074653146
-0.51004548207755884
-0.49719867515942068
-0.24520593797201592
-0.29599933886038615
-0.56268558517571721
-0.38575879141839209
-0.16968027230295776
-0.12284907280364399
-0.31681887607412151
-0.46303382101244878
-0.38528989998370367
-0.61533692303221166
-0.46242270681909037
-0.40571058212837868
-0.62579151591252924
-0.50839347199211526
-0.39030813023846628
-0.58286769133580296
-0.41619428152201088
-0.68266697967717871
-0.53835751575873314
-0.51738771919505855
-0.59030582566962475
-0.52249919524140187
-0.33941234186674885
-0.63732320448656987
-0.21381765232794109
-0.55384007851654449
-0.26681369499115243
-0.682656736575595
-0.50203424141855391
-0.36161123315415433
-0.60296897010037909
-0.61341592777998288
-0.26654080823718967
-0.48526016725648652
-0.40794507467893409
-0.55127340272564895
-0.4250568556339141
-0.33890089165152992
0.022635344278043822
-0.2112013993682465
-0.74040507450415305
-0.45512297208998292
-0.51233463811944613
-0.11035817753921233
-0.39022459796157605
-0.13977380196021078
-0.2551774578304043
-0.13510760562203677
-0.35630172663570042
0.073803424603731349
-0.35496617548110743
-0.30381250703293106
-0.32389716696775961
-0.34581192822562262
-0.69476465550951061
-0.42105877046745144
-0.27034099610808171
-0.24700221895256658
-0.5351859288590467
-0.40280634333360565
-0.43227409580411236
-0.52352653771539481
-0.49288908787469432
-0.11158508814438793
-0.2838827702108172
-0.18212958291131012
-0.32959949829961699
-0.51841707307243068
-0.34320740215116496
-0.33525771249799124
-0.12950694209830824
-0.39756315413467935
-0.19570135937464678
0.12122502344149844
-0.23023664997575918
-0.2533363441895975
-0.19367700674206456
-0.20355456753817819
-0.23216476477269107
-0.43803952715340716
0.19193724660081243
-0.50997056619447645
-0.051965844885725226
-0.087688175126109769
-0.43523980254699424
-0.2885784873001897
-0.38732979437412113
-0.4921052099488567
-0.25802283120968345
-0.13370147917006059
-0.12486571590690743
-0.30225663040473061
-0.46397614865616427
-0.032360588658604222
-0.37925570645725781
-0.038898554650214849
-0.17211306089303616
-0.071872360121595549
-0.2556159875240025
-0.34989252386184089
-0.49441371618978142
-0.29655166451036463
-0.557853136960067
-0.38367513107262169
-0.49572820389607386
-0.23154013513364616
-0.61703849042635173
0.054520309020090231
-0.59427652662362662
-0.4057505509096625
-0.21015614818488715
-0.20155955395537722
-0.08371624662662383
-0.18723418963651464
-0.21903845554607779
-0.18147081194396258
-0.42565228588528797
0.029561486089866241
-0.0089472526447172823
-0.017249510136691067
-0.1055999326397237
-0.094349254580641237
-0.037444898085084166
-0.25024101707217988
-0.089917375021087917
-0.13458737241101063
-0.36338098821825071
0.040650592112705768
-0.12176498465410043
-0.30251402267949379
-0.26085027195817884
-0.12922671037121342
-0.086501210987438182
0.3974142592396917
-0.59257582829256383
-0.1074166948507512
-0.46474451510627546
-0.19585775446589926
-0.15227688332064379
0.0099669366139036528
-0.059771263425533641
-0.19686579004720423
-0.34616444410626046
-0.19166876684043574
-0.14096615176497046
-0.21124124675802061
-0.13979293058200087
-0.11350302436193727
-0.22983882585517096
-0.17927887121887012
-0.50710334604824314
-0.027116764930513584
0.28820361786034443
-0.024026264237127101
-0.32788649632928507
-0.21025085682521782
0.066251956405706386
-0.23692679540672354
-0.03921807636621448
-0.28280424567438872
-0.13081781658603447
-0.19816707109698567
-0.19855869541466431
0.065596560174968371
-0.40649244356520464
-0.22214806551168417
-0.21732668961508506
-0.26173414850341381
-0.0063498469533958624
-0.23968368795763886
-0.27353645506265428
-0.35024198125308104
-0.20845121147615123
-0.29034568506672392
-0.17127374558462199
-0.40667709295747356
-0.083844176493928946
-0.17211688330795907
-0.25032681511551602
-0.17277388712932648
-0.12460333597038292
0.062788511270627206
-0.32727309897597845
-0.022054986763957247
0.32572055099309083
-0.43218183962996304
0.149542748952778
-0.20358314325217625
-0.34494693678746302
-0.244294353465768
0.062445962486097822
-0.14688140479340761
-0.38016043108898656
-0.086963142116739806
-0.18552083316876186
-0.1941799188182903
-0.074903283761972861
-0.17759339350224579
-0.14873803158702548
0.18946746635887116
-0.10071340553866254
-0.051452871621897947
-0.34016315700093236
-0.11909227495455239
0.057574166746769705
-0.27790257549041908
0.27318635788138079
-0.067087710077342572
-0.30065206674136341
0.24296693547798967
0.10688776419140117
-0.10843771726403909
0.32922983646796611
-0.096279683788049825
-0.11654133312193671
-0.16422942391543263
-0.13976133747551217
0.035244863587010226
0.10713375056659351
0.080830304761429966
0.012425629390255202
-0.38086288480232844
0.065120001550401249
-0.037536299919848373
0.18444590604182898
0.20137203975564485
0.029011386292469854
-0.046273012953224557
-0.030594316595070784
-0.078216920322925071
-0.32755876043699289
0.016553440912072701
0.33940063836974615
-0.035214942837054231
-0.035126849990527252
-0.11984803517839572
0.22228615212909889
-0.18885965323411721
0.16432807376014583
0.23685629422510929
-0.11158023554075742
-0.050739710005647295
0.072190934346003016
-0.054390619034925362
0.079026471648460328
0.29285290513281825
-0.057108253294655617
0.12034044037447439
0.14889380803529567
0.16141668159558534
0.28139349923558504
0.28587005890186912
-0.0069949244587652927
-0.034277988328334501
0.16304888746488458
0.080574004919872697
-0.19330484609854592
0.26755885802859192
-0.12202666619981212
0.24347126253360027
-0.11646511378231141
-0.056326636710217648
0.035393770499961605
0.20965053853678511
-0.0044532970142036861
0.044169043052948997
0.069619565621038257
-0.25120826329453111
0.019403249698464194
0.1885511208318405
-0.18085523369630332
0.18084559799097458
0.096675015379066559
0.2823225298002055
0.49880023208915986
-0.10222768318274816
0.54310419018183298
0.2202342729206084
-0.006254604672324502
0.3567472767811839
0.18676172036434613
0.069543165442851454
0.049282675428654055
0.090485316277935574
0.29179424897276385
0.11200399741408727
-0.073423914666566364
0.0074537360569733304
0.31264108488682352
-0.019173437692471113
-0.10828352176914287
0.18323314974493349
0.23211033604037964
0.25883946070040026
0.13813441385284755
0.1784339660844679
0.096534597548926807
-0.04754248299736611
0.16968004331817882
-0.04689550589584774
0.25499209571520509
-0.084358157717620341
0.30825908079232872
0.18504565964375042
0.1244983376202945
0.10866512775771354
0.28627071124400338
0.098537806125496952
0.2029253238503432
-0.0080028718491100635
0.33673371752155878
0.069489762296348082
0.63426884742249401
0.31867717795163236
-0.04560929886938514
0.12486719652195093
0.14926482687793369
-0.072221954502025121
0.35732053923005963
-0.0064179402984363256
0.11141669127176666
0.31301307096340192
0.042070840430005856
0.23237373947231746
0.43025449263625304
0.06675468493577108
0.027918409669212149
0.023053072155020747
0.15411407817043982
0.3858916546279646
0.30753839903302471
0.50586340283637965
0.38601857340291135
0.11591435498913814
0.15198525499345095
0.068943802085640521
0.42111573910210237
0.071344624080775312
0.16906697864314696
0.21698652662817838
0.1898741642758347
0.49082177457018467
0.34813640491985759
0.19641334907112526
0.2491089201241356
0.52571134438803391
0.39924317957610866
0.17647400470260641
0.36084179670928701
-0.02274280342781107
0.33246181855352391
0.16109936263907099
0.34353277892140616
0.45617685805323327
0.37572848180607288
0.51184156090607869
0.25811392204177352
0.060091566873486761
0.54074347909729048
0.26820418890681152
0.30786112605637855
0.11732432022143403
0.22132470879538865
0.62932197052482286
0.38000552284755379
0.19673465867761875
0.20809252661646963
0.070388636624088077
0.51488234249442111
0.39358158558255923
0.43709658834860238
0.44063439082595435
0.22199876063242299
0.40246124433271196
0.56327422645242009
0.58065654946870604
0.51222756565025385
0.28036732155721561
0.59044647293285635
0.18089645856283709
0.16780479297863454
0.44941879301615933
0.42431718164876531
0.3203333570919758
0.30583119708133988
0.0060236371732778808
0.37657583342032197
-0.0064150301047242253
0.15787738424361467
0.46908803869144444
0.53709451763588922
0.54155414937132984
0.32300180724311706
0.26947206984958
0.42162796815254933
0.084757340783583435
0.19019930732253787
0.44619593382253658
0.234046911590924
0.43988233351695583
0.26137255195140841
0.37287026846706367
0.42016010891472017
0.35560272843587032
0.14259276516059619
0.46299625105313397
0.28054706442062988
0.19402231032108033
0.39051653392600771
0.1744592293944662
0.43160034639874095
0.3252634634200714
0.41901351257953307
0.58366012883129981
0.47571007513128938
0.16158943046694491
0.33412424750065944
0.54494890081725078
0.32343168159133562
0.097694271512549127
0.62796498243925702
0.168334060833147
0.41243629140596721
0.48469438795549807
0.51777640140804693
0.3602190162053609
0.55376093742630139
0.70632307831421104
0.34013697660075859
0.23203238392770215
0.18194205713542694
0.65825613156543683
0.40341480975396538
0.25535844529358176
0.41741205009345039
0.87065769496935441
0.35896940383961329
0.7382386552292326
0.46744377131298204
0.58502872803497918
0.29399435541569807
0.50882250392007988
-0.067670695419967494
0.52194725127127739
0.37990202026262976
0.35103394008798561
0.36734761802815863
0.53982112411646643
0.47763523184515799
0.43165546679335759
0.16138108831877307
0.74060398393862115
0.47622222978004569
0.36670739145812692
0.53490624361413797
0.58251787799220012
0.23350752984736489
0.36614101535525362
0.50499703369664295
0.63167451654366391
0.21538987282862729
0.15566269227207924
0.79605673292538415
0.57068304066016828
0.86152483248784606
0.42036975739873639
0.29461812951180821
0.24776236612043961
0.54000673392446696
0.43641685998325386
0.68834779140458824
0.8733299566747067
0.92029123891364373
0.74826791417718119
0.39052166479637523
0.60371069256092413
0.62405534833215504
0.45481072324241756
0.82137727961794271
0.43180769846848455
0.65247315155829111
0.93095335029818793
0.45853674850669784
0.27801937465726173
0.75059980765469736
0.29827359816128562
0.52010474073804314
0.073952177293471727
0.56464147270482157
0.75674181294831289
0.58331714675290713
0.60848332027467189
0.63364415462969648
0.60608151899242302
0.60318710470429704
0.77588811056250739
0.46843844295907799
0.47575185597544217
0.57349611672802947
0.44236673175282792
0.58823478045917044
0.46676445480899281
0.8800073650889314
0.58805230021064281
0.48091265600658389
0.42690346466660239
0.49008443396006163
0.66003551614739475
0.57091952501382648
0.89381896908429614
0.38988109545031402
0.48221596736217948
0.53826584117739451
0.38712927921156393
0.2987719244459664
0.45310005636229389
0.4031999389145533
0.35489546358785612
0.78934137613317312
0.68137692851245912
0.60681173712001135
0.66800696046438268
0.80407480395569497
0.39160828912528262
0.52685900542145314
0.21218280371553519
0.46795761026948879
0.76511791509729155
0.50636640917240683
0.5423409939893743
0.7884741484778589
0.55135142259772829
1.0009663884539586
0.5010790731790663
0.52222016411695582
0.69691800372270274
0.46620578462030487
0.6688966681560532
0.53476775998438619
0.89466383744943478
0.55956933198886649
0.65941994040799345
0.60817531372413325
0.8845094267405359
0.69773362952692841
0.74073162837423745
0.27763895731499372
0.71144359460091222
0.80599071977709102
0.30691454302653343
1.0280671308764939
0.43823185035704909
1.0964846245255444
0.51904386049279128
0.64324016028473763
0.84850288429384257
0.63784771006359453
0.78058519174377461
0.62226755700231506
0.90432335976274292
0.8286513248932289
0.59256314198431936
0.91646578540933976
0.92501761815292927
0.72909811297136606
0.53984206444056348
0.77076027474390696
0.54620278246664944
0.62513607374231561
0.64044271520935769
0.64815952743377536
0.53133834350140585
0.38808385312226384
0.63819959179959806
0.63872639767243022
1.0232433647050536
0.78227395687695478
0.44331141636835231
0.52458496072204119
0.70160345272478819
1.1345258950108776
0.65087519143354755
0.79607943159078909
0.6785619467473768
0.71229834405873949
0.81274754175994923
0.52587538491519281
0.77190806988283667
0.68192071932746812
0.76727871841204109
0.71999609800326281
0.9796696715865586
0.50075031033581907
0.91114522643707596
0.32271252862180472
0.58483410298846084
0.74391652940624098
0.89554003350923883
0.46787476338632344
0.79943740986900613
0.66953268608725325
0.8204701321513943
0.65361169521089135
0.8831254136196599
0.78820246749014777
0.65470283900858639
0.82409635535128833
0.83790063974994278
1.0489074522910906
0.64142285511549524
0.51734140765653946
0.45489214261019917
0.75686802402706788
0.80567254156445767
0.63230077961031661
0.62212851538912251
0.92924209343287889
1.014963480316937
0.69797203092996329
0.99993633576918761
0.90503130245620678
0.97931475598730755
1.1416769764235619
0.58374416350622893
0.79201029551795277
0.84128428046027204
0.47775333524836505
0.89882273975974647
0.86107886138754697
0.53207475849257935
0.9991997663359351
1.034771225907841
0.78809250481319282
0.93841327730558355
1.0734732190689573
1.0811954029844018
0.79731698315439181
0.88489174358226841
0.95111623689821734
0.93547892930190502
0.56566748873178174
0.93685882196451975
0.76724312293991215
0.75908888210923919
0.91027196627269913
0.81021713358930425
0.98292764232347707
0.99191697037158222
0.78779357902929614
0.77820480474476894
1.1526237743282566
0.71731831838822824
0.8922732157601817
0.69399694568275827
0.6523172287787864
0.85588931309994021
0.88177442296094266
1.2446080148970062
1.122177266362792
0.977031430810676
0.86117695867179622
0.62032068729030398
1.00504070780062
0.97262846011118487
0.89858953311229806
1.0445490351704885
0.73942894371176504
0.94984260414448496
1.1866321930433976
0.94187903279056828
0.81824356623861194
0.65378005377208792
0.5129145349605978
0.69747505982863955
0.71865271229148731
0.85219711939965392
0.59353988720979478
0.69048534887904744
1.0042003839198832
1.0832539006942261
0.70200464936046392
1.153996746624828
0.9621802694886239
0.76570051019628849
0.87890186176108331
0.89125829163191017
0.73437287225032644
0.54909995181659865
0.83426366359358273
1.0124401907669247
0.90762455724120694
0.54436281745819315
0.85421608286812323
0.97618666934386555
0.85483215975757021
0.85906591784081865
0.92420891190625376
0.9649891730640956
1.2650790830272145
0.79557289454397473
1.3958690564684877
0.72922403591310003
0.97745725893629509
1.119266445030471
0.729929327776767
0.87474241567036437
0.97834701472464136
1.0622513695730122
0.77051397360870666
1.0268781214039104
0.87704445687119226
0.99358702282988565
0.71591296064224019
1.2813676450651155
1.0434553578643397
1.2986481134841077
1.3343519839588711
0.88214876775422513
1.0383615202307275
0.81354552922155765
0.97666918163802774
1.1975369305531469
1.0518538653865306
1.3150149655260228
1.0058744152235106
