-1.1909531569575131
-1.1621029822469027
-1.2937673181137368
-1.1064724923985028
-0.83132579178052912
-1.032460540806841
-0.8290658661318121
-1.1324013571513192
-1.2295900821017658
-1.3564056177785728
-1.2114259481039313
-1.0462709496625315
-0.87203252134710485
-1.2638813802336768
-0.95229481747843181
-0.92155110975333121
-1.2174372527997324
-0.94671017554983106
-0.85684035150586935
-1.0416492983626142
-0.9374512267349755
-1.3826801672034412
-1.0421221335608046
-0.79352395453536662
-1.094756268122375
-0.88944302223020633
-1.0551403166728572
-0.82994429416518289
-0.70682794989667497
-0.90805453997193364
-0.92437151705218024
-1.0112498769956915
-0.89483732836373864
-1.0146266921156264
-1.0260142736375528
-1.1105501079705604
-1.137580860721122
-0.94947606616523095
-0.96320103383755262
-0.77064534787854544
-0.97376256738982092
-1.0231568712655308
-1.1440622532278828
-0.9719950701067942
-0.79397479277554683
-0.9904117371328125
-0.82429969525626712
-0.71969264595782734
-1.167319041838494
-0.89037770194327692
-1.0240772025715561
-1.1444848560551462
-0.72991092139292713
-0.96763473945541589
-0.70344350470765926
-0.50725673355265455
-0.93120911074829182
-0.94529720537717199
-0.7044963885563349
-0.74578041911783199
-0.95090965513911907
-0.90497645033449536
-0.80083929308259283
-1.1982865224993187
-0.8757433672646372
-0.77041094511528219
-0.87037948567522849
-0.86980547655632501
-1.0865878015386556
-0.91083335611484795
-0.84731113078954479
-0.63988200282207197
-0.92035716115149246
-1.0595589149830729
-1.1706400600626072
-0.94635371808703617
-0.95743844848934057
-0.94158509856869743
-0.76523151408880941
-0.8406787630803142
-0.81258718087999704
-0.43745024273213634
-0.69086460208341738
-0.53407921352325005
-0.90127085300737353
-0.78543877173662646
-0.82156129206985362
-0.91316818652395992
-1.0722011544638244
-1.1297115915923579
-0.78692916501498933
-1.0008060246745567
-0.71745258577837356
-0.7226410702818904
-0.83683429851224522
-0.68284612545338408
-0.97300165777693226
-0.79891645429806679
-0.875400432486934
-0.52970518841786784
-0.66440451905779285
-0.74638760213005639
-0.94290135029715116
-0.78309676881531765
-0.53844681545340067
-0.8374330417342758
-1.1239388504867167
-0.76365460745145652
-1.055453168237914
-0.78604694136173725
-0.90968000100076118
-0.8735616707420002
-1.2192754042769367
-0.51090361826093944
-0.50707845069787827
-1.0629550481882932
-0.84475098970573148
-0.71731073716306992
-1.1391977600251619
-0.41413291513556832
-0.90374580502279767
-0.87054825068516051
-0.90666272577806695
-0.8088606513982427
-0.59643631709693401
-0.85372797903168118
-0.85944262862201048
-1.0943194762132247
-0.830573291905499
-0.52000368044111123
-0.55972207085389558
-0.81204261385394916
-0.86142797837123253
-0.74777637136076291
-0.61074792415538748
-0.72975636595587257
-0.50117410068556645
-0.74963555719639796
-0.89222218959339261
-0.73249968336712257
-0.79838492322037824
-0.50874949994815699
-0.83082017382586537
-0.77869349646026387
-0.76215748729694122
-0.97635872210597352
-0.93744172075172538
-0.72621624926671413
-0.57408783957456222
-0.54561182146683951
-0.88265857750224463
-0.65132520625884949
-0.78487096106305543
-0.70054524612075708
-0.42256257953801202
-0.63317319444049813
-0.42542873814300514
-0.30340943466951137
-0.67910444667693071
-0.46431564760003718
-0.52899893192590786
-0.8292926248436352
-0.64865166981652722
-0.83488839363863099
-0.64990019355383111
-0.69233332043906215
-0.51838814852306681
-0.73407181096265517
-0.61204572753539632
-0.66941982792532795
-0.72550058858475808
-0.69862505595391733
-0.43089764054854091
-0.73827679711787964
-0.89663870906997056
-0.71857139085173616
-0.66135711942909425
-0.63021171888355965
-0.50304927145872358
-0.7679619650199242
-0.43585243695172848
-0.40754226611690891
-0.48926860318187976
-0.73435413052503873
-0.64846149973868128
-0.60969207460248753
-0.66710176952481404
-0.6999395986450605
-1.0582551748494795
-0.56758293310963259
-0.51876533365625188
-0.39917118765179233
-0.87886835300144317
-0.79978508977680485
-0.45852534166450487
-0.64911485912324751
-0.56679972003043
-0.88670142488035497
-0.50137883799964533
-1.0024893117135043
-0.62809244277606679
-0.46370699125340248
-0.78448438482082983
-0.5869476976693534
-0.87811885577336291
-0.49351688204747113
-0.67669463685105546
-0.55566142040666044
-0.68115111628954461
-0.74754243953034738
-0.37216781532354948
-0.60934207417223651
-0.67386157941940306
-0.82312065396927758
-0.63350553020592837
-0.39209499214042887
-0.59028017714202075
-0.6563590494661401
-0.79153464210304292
-0.87221874331047444
-0.54828245646609497
-0.57758389387753784
-0.93234230996365641
-0.58145473428060557
-0.46248084934550909
-0.3714464829960662
-0.5837482822934863
-0.46575272832794029
-0.75590838804808114
-0.52053759499657293
-0.80952691417302458
-0.68571859684738767
-0.44388020393842287
-0.5219358669127554
-0.48579642881089308
-0.71269326763620988
-0.69085272094274397
-0.66499840037879965
-0.70040960473533087
-0.66961201979001961
-0.60521262704415224
-0.18211273085112625
-0.56146447527595778
-0.55951349213291668
-0.51043305313271514
-0.59656335894603918
-0.42659305770719524
-0.5116245903918395
-0.68853685689177035
-0.42932776141706486
-0.67866407391366579
-0.35360980953534338
-0.64853263361990177
-0.60820150559569108
-0.66973195009332631
-0.50798692698849368
-0.57760621238004828
-0.53388074882527692
-0.50443086755228328
-0.67944556970617986
-0.30443609231791058
-0.50138935312945021
-0.70534220535798842
-0.40738845010037072
-0.77640007590518534
-0.51991663303628644
-0.50358726244633378
-0.27965195925229214
-0.47713773862783487
-0.42257975722460123
-0.58166233381080656
-0.65195305423559169
-0.26124910470544593
-0.37943440866788175
-0.55918440369072375
-0.57460652686809532
-0.6932608699867524
-0.57369173710427257
-0.49250795394340868
-0.60729935045063888
-0.6708564424547363
-0.3648425463660081
-0.11483128262995522
-0.46457010185866821
-0.41174424000509247
-0.36903421698232425
-0.49299724498316549
-0.55106264204984734
0.044385510610211655
-0.47405571250050471
-0.32624783846256566
-0.51484782309307364
-0.61437114389109215
-0.35785549192736382
-0.32899468037291113
-0.19608036786970182
-0.47313693228562825
-0.36881237856969612
-0.79579715737613987
-0.24255647019110904
-0.24572970229717997
-0.5849700241454493
-0.58579945239497577
-0.63863097956205739
0.02996010327851456
-0.37212313418590576
-0.23622593926464389
-0.14001948426337663
-0.23690129525098064
-0.38229219661947172
-0.5132017865942986
-0.63151044884706387
-0.48393661149720085
-0.46788036488320794
-0.17159794358840272
-0.61134287289926614
-0.45027349675232581
-0.23633635781224957
-0.45307699719190841
-0.48436439164236833
-0.38157349367172977
-0.14795644420873957
-0.74672326518307686
-0.46348446447654451
-0.53532494078507609
-0.083166234451958934
-0.59673912683618613
-0.47830666538651478
-0.34629171266194808
-0.25534021881592228
-0.21721547545579897
-0.17448688366717235
-0.3081437830502794
-0.3304352870428246
-0.35118105293868024
-0.4936532079190416
-0.35126582053343652
-0.54549425838282695
-0.48924377803069774
-0.56072017777073491
-0.44162550410558693
-0.51472397379345947
-0.57289368138332342
-0.38001294991368201
-0.13379632279909523
-0.27849514464904118
-0.39867469001642758
-0.37759618574780635
-0.2217509561566485
-0.34683352478046653
-0.41737416272647015
-0.15271963565617541
-0.23804308007764924
-0.17345848971539785
-0.15205675613076719
-0.3048216716073392
-0.36378831850295762
-0.27438824632451253
-0.24635038102836165
0.00069801312175929789
-0.57523006982134328
-0.19358749749513748
-0.17224666128583521
-0.43529352372795571
-0.37710024677173759
-0.3005294914201001
-0.31231794026476511
-0.33295103156572375
-0.43029955205935283
-0.0063417807915089781
-0.37510279526586421
-0.31639424949851391
-0.3293414412414512
-0.35481109191664928
-0.33649489046347603
-0.3372582417877476
-0.30948197242318637
-0.30707969407727814
-0.19823028980164745
-0.0066914052075850456
-0.24712948116989433
-0.44475929044909218
-0.40384127153370308
0.17796768199721505
-0.44833039942082825
-0.019698872408271246
-0.2591873841019886
-0.1583014167863854
-0.44308646219078146
-0.23099277198588103
-0.24924336892338572
-0.3342284508559733
-0.36202437460696141
0.11418869577451232
0.19289736409727035
-0.12652052404129893
-0.32051518390990585
-0.018676890117563415
-0.26946369736689868
-0.4963867445457486
0.012716247131076755
-0.09199822514967386
-0.02821212215252826
-0.28284060504175884
-0.39509363511990298
-0.21327040105496445
-0.25242398419741496
-0.071299783919803475
-0.19453443807878748
-0.080329310684076949
-0.44614411252546332
-0.081816081585394856
-0.027135085748644351
-0.096398050708055696
-0.0045950220905058084
-0.48888745388346327
0.074968649207176011
-0.054036706030366199
-0.4798738465768746
0.079020442484776035
0.088563312271121089
0.043279860266517874
-0.15922672525934359
-0.10901306654486251
-0.5134110802864712
-0.60729668778828261
-0.13440717124190593
-0.072045049541035827
-0.17898527220146157
-0.0027607826516446248
-0.22054893282485466
-0.075103299097305412
-0.36096103683738062
-0.38230727374424944
-0.14581592139016697
0.035487089180543108
-0.090041442374473188
0.037693050572514257
-0.12488692794303255
0.10448628512471843
0.096697422006288489
-0.22792889574402117
-0.027889091728634716
-0.073015464957325374
-0.2345040993585237
-0.31773961723234956
-0.077496693743355535
-0.14010538031484185
-0.10759317017153328
0.10712488783313587
-0.1462016019613826
-0.020477013867924925
0.18252869230645327
-0.15060415509820152
-0.19123657963378585
-0.20918934825327704
-0.01813511817048314
-0.17187067833145725
-0.018946284574450804
0.058281590775738114
-0.089345648566809113
0.19788616301782841
0.26079646118671646
-0.42099567622903894
-0.013856387826790734
0.089159412044551759
-0.27936096376260106
-0.24228792339781824
-0.23997722615775097
-0.063432536947254994
0.05895276031375183
-0.29389771092099443
-0.27161101483572886
-0.059406549094185787
-0.38297322060191863
0.025825990324908687
0.16929678508953855
0.035190407296854895
-0.038680549982187333
0.25955401806654999
-0.26034936509970902
0.018492113500921399
-0.077704168269352586
0.10040228002954377
-0.14843644096309211
-0.18889043797483687
0.004785437817033774
0.047008418295230343
-0.19648968572936867
-0.12959586631883435
-0.070755101140179771
0.10378380375783006
-0.0073386017744864491
0.054372820927926349
0.11965624208066927
-0.24953274447410836
-0.20639382709745843
-0.33021985263184023
0.0007432120875249191
-0.17881032987378417
0.12433168220192344
0.157924119880542
-0.088203249589344279
-0.027840943879622632
-0.1233667179572551
0.1185774324009352
-0.064625016445887112
-0.070519352474774283
-0.16425165683643569
0.27778622290090549
-0.087516438617041448
0.14267153412776651
-0.15893087118762772
0.084370686025074262
0.23833766192196268
-0.11703488074220757
0.1800720592238256
0.21258547909182551
0.14458524621091798
0.0035519414041694859
0.021866253903482753
-0.021296873777228539
0.22349964691710128
-0.10039967169173931
0.17644292818699703
0.16782284392817914
0.11552881360813975
0.16978107628120898
0.31022446148923755
-0.048519795376783796
0.041293387625269809
-0.1710354626851075
-0.083826830475122877
0.32608405469911078
0.2796240329679362
-0.32911782390650246
0.26399136645980786
-0.25384855818439001
0.17657505689023834
0.017736084705057584
-0.0089818072675524174
0.20029798561896536
-0.0095743777353581271
-0.08748554832334475
-0.1289599749470963
-0.053632736754884835
0.13716220325802503
0.26277323380297596
0.18358210553786741
0.049436970440556879
0.18397157129334432
0.32504525450564908
-0.27993561254319388
0.23671653475532203
0.47329892939764046
0.099467700918027535
0.18002148459343778
0.52350725123666042
0.066355008411822
0.18750704694280382
0.25092909071662411
-0.11352892861249125
0.082583135995378518
0.10599120265446282
0.29268615107318147
-0.13683634507819176
0.040525325630368585
0.19487806006275937
0.32721152521038488
0.45255059142174314
-0.14606713943805255
-0.021244164094332392
0.010138155889585663
-0.10198154835654775
0.1384034545491237
0.20126639211016745
0.58385362420219789
0.27016029420768178
0.13938398910424885
0.23220471712333399
0.39446244789120227
0.26208674455851111
-0.092589685593651994
0.38010970954453732
0.25214369906966505
0.16793848630997252
-0.17313564040486931
0.42405354362909298
0.092582947424277029
0.35690472310876575
0.51234822122175261
0.19002799284776753
0.21528743399925507
0.23255386865771041
0.4690272236186897
0.1333900496441742
0.30332582023940424
0.15742163322240876
0.2817258126047173
0.35643567719133235
0.28643732717421722
0.214449990286777
0.49349483312665193
0.2318512736890749
-0.042983135059819669
0.098972822889004067
0.1714898582388254
0.32294884511118604
0.42575054536690338
0.3244780198149011
0.17348247332907518
0.098215615635050754
0.30487110445842797
0.49280646168820913
-0.090247321778781336
0.57126596639543981
-0.019446625700608924
0.34502976478768937
0.38727466550360784
0.32540664831047245
0.46802937024999414
0.35150274726758185
0.047975809750893168
0.35026561066824585
0.301235094219724
0.50285225502465214
0.34592524893289373
0.18174831791563345
0.26965926310955884
0.18101781923052043
0.2720751984818669
0.40462231114385888
0.33225518102289803
0.54354486905880162
0.38963677257243778
0.21632397292461741
0.4260583812733435
0.43971187193987021
0.10442438742126506
0.4202547278243246
-0.047909239032291551
0.23175619190702587
0.28787016878245547
0.066711001686923649
0.45952738340201604
0.21407234324159274
0.15511792453369769
0.40242705117559929
0.31067985274091764
0.27253887982981373
0.12956056998884835
0.36344403814658627
0.69233277675015314
0.2606859037369037
0.078419040333924411
0.23863705560829249
0.25777803901847718
0.31026237706301263
0.53201714834447311
0.1823395586789984
0.55723961973591851
0.17559202782158942
0.51883911028157748
0.585438364705271
0.44167953229516871
0.37889513656086554
0.34608330175564794
0.3210942033502992
0.39189947157418958
0.33430408627312691
0.21976932580431849
0.36334425956844302
0.30954525853890269
0.35979139931340409
0.33604057285533351
0.15371577796112276
0.32786205859072931
0.42622625026733357
0.014847296961951025
0.46906883190311677
-0.060546954179831192
-0.0083513743163043438
0.4824465059656825
-0.032830568355350469
0.2989998036090542
0.48867089977674383
0.42765851263262644
0.66241239136336016
0.68123649364380978
0.4918235959072948
0.32025600544831945
0.64423847456322925
0.57849978789386491
0.54293381046629396
0.20399297402782232
0.14046910067552243
0.26656438664034293
0.27481547931715089
0.36521715123783866
0.26541544483389168
0.20943361488848297
0.49907340168277026
0.20696356642379787
0.39454522106071194
0.31691777420054212
0.59843833729701756
0.20870132987758727
0.32196984677753582
0.3495689584242419
0.3413509867990594
0.25630554499493452
-0.052082310280104488
0.41039364095898684
0.44946517822256227
0.18985031986609235
0.073148472278377938
0.31405867023150652
0.43241182467198125
0.48826135516240188
0.40786014936268838
0.52572373419437257
0.54665839114034043
0.14284341331678199
0.30789100157481802
0.11320657919674268
0.4195090072450296
0.30347052405093056
0.68827196251625578
0.44289052105982296
0.68927077868829212
0.41083814616121567
0.54762105026417585
0.29230990499963472
0.15263707559691173
0.72413443345382456
0.72051964277008029
0.36595446436495416
0.60235662913970744
0.37806707321844318
0.53586558666140305
0.21561468833845929
0.65203335384273398
0.88695967394420305
0.65131848655761693
0.62983317000562289
0.3323316613369583
0.46844275614067193
0.52926807174292434
0.40332848547213074
0.52844872645567031
0.60367364583078409
0.64585288054873746
0.5593321371540424
0.56212732445460856
0.61149633268478099
0.34316070412828337
0.54827174944316681
0.6384743801177496
0.20492587372574622
0.50338971552864531
0.91286732276700533
0.66049313387208863
0.56160767566074099
0.75015711909541138
0.57898031019317098
0.72690032259145554
0.50588876596149346
0.40364338550517237
0.66789730699097505
0.83785025701806348
0.47128839698731162
0.86220686809194691
0.60567285002013183
0.64086159737902171
0.56093145762084407
0.66796404848772006
0.75017327507883447
0.56024275140449675
0.68655389246369902
0.52307941568863225
0.44834072633032923
0.53862398747865659
0.49726354697529845
0.60594201595954789
0.55298354128951877
0.54103589946562547
0.63473995580134535
0.81226658263652296
0.54956299536813635
0.71197649274478148
0.51631978387321598
0.5273691838215856
0.49261072281935842
0.80795041444432503
0.62517942123369907
0.61916623431858298
0.70771563509324842
0.64472672473117076
0.21377092923895596
0.77962932438068244
0.81784098718526177
0.61107015831087907
0.98483252501055585
0.42713405864321458
0.64772169571804195
0.59049640195023156
0.67111622305769059
0.58054237409109399
0.56097415117480831
0.44605602245471154
0.76126261212396107
0.7943793107775089
0.51727192782328235
0.86968540623953972
0.5858883634499138
0.80838539019736033
0.62411362125324588
0.65493789531281099
0.62636413902626542
0.5820511164713984
0.8117008031686922
0.94806093876831221
0.62233216020661541
0.63141010832340461
0.54269998571106448
0.71664816863669834
0.8334062687778736
0.80051620097069975
0.62264500896548036
0.56361022555243845
0.36728153597693719
0.91019788510702515
0.41276534496573825
0.63541902762984193
0.77944355582553804
1.1317675971639509
0.69674444714449213
0.73758002848729309
0.92064264372292626
0.65043620501889521
0.78385119855386132
0.72202780645147602
0.86149823631246436
0.83526705195883677
0.25440438920842073
0.38898320300027572
0.7276169101029214
0.92565297340709607
0.82751548572203648
0.71549508712817089
0.55203617089156931
0.85606787602566081
0.52581101784530682
1.0350975046626338
0.39387645111803887
0.85899682788237475
0.83504441909894489
0.70487065988024633
0.58917026042508136
0.67047662339781733
0.38235482617871563
0.64969702664222673
0.92912346540326063
0.67663068975610108
0.51169580421122829
0.78596192580636171
1.0857127222242138
0.76688322046808421
0.58106941849188598
0.67249026127056644
0.51825437628151183
0.80782221227521311
0.77541240314145377
0.84800170415163212
0.84014725432532633
0.76588361953429607
0.33343865133510248
0.79292397426704586
1.0653760845826663
0.56447081979554636
0.69186892480497475
0.93349450064013784
0.42210654117568919
0.96075836379050417
0.58726197447583228
0.70287075642292252
0.8108039252477971
1.0531939061240583
1.119780713388383
0.82954544700872068
0.77505319063051492
0.93123341144929916
0.76827941580783132
1.156467358758702
0.74742262668392268
0.77788525232059857
0.91483750027747612
0.81651617601131021
0.27154134694607396
0.73942394087566787
0.84802679562615979
0.60901656814503791
0.85852378015629538
0.6227316475190412
1.0075430535614369
0.94396458654761328
0.77998347065582152
0.64527940818613594
0.63020910504626804
1.109049851381861
1.0070480691318615
0.91540132451974576
0.73184177787835536
0.56053513961403056
1.0673979376637057
0.74363752853402909
0.94149417340890962
0.96111087783309712
0.57253542638939781
1.0450914049208169
1.0037239395598101
0.82748125394061056
0.8437421117573306
0.67148492156236794
0.82945979836014017
0.89192612017467032
0.87092195365820457
0.97990447571495631
0.89904384978407292
0.63930391362763983
0.62053707843922801
0.56770416463138496
0.88655947185171269
0.87433737624138697
1.0365885192850202
0.70076233861719672
0.96220181976957742
1.072010708522019
0.89526411392573657
1.0336682102059762
1.1551717345387
0.82066402122220528
0.95589635329684264
1.2275389423855405
0.97579492582030591
0.78041755018487824
0.87054813439640921
0.75994617423291477
0.98182968978659901
0.7659491394154051
0.93552840994450592
1.025428094387665
1.0234357794144278
0.92807141715183528
0.90101990392455189
0.9283356542160115
1.0471781861726392
1.1157843509790351
0.78891977886086551
0.81965111639440469
0.44394928054228394
0.67950081753873626
0.95617455179965771
1.0648167739669205
0.6895591444740079
1.0506145135498233
0.91796102768069809
1.0317912730332162
0.84573766531633809
0.81256333238534229
1.0033794189447141
1.0542724818747327
0.91257086604720317
0.80623652181284089
0.74297470194100046
1.0147527700920407
0.93958735756277567
1.1681394900241231
1.2714853272798641
0.87156091621015452
0.89953299369824724
0.72302883762618075
0.91336973667966259
0.65368077286345772
1.0414905265879482
1.107398870246024
0.99509109868433621
1.0118502029652046
0.94158897395119356
1.2410516632705728
0.86469143830377115
0.75354296960639011
1.1185993793447104
0.88124072150449761
1.0197020448462071
0.91550015653609595
0.87814702422922197
1.0644651606964248
1.0775906357472562
0.70767531599508293
