-0.54951013291674977
-0.90243812875188889
-1.2478133556443118
-1.1950968604550829
-0.90674677612884125
-1.4171535963530528
-0.94618787044362973
-0.76564606362400789
-1.059142199046764
-1.0739690082216942
-1.0296757449438116
-1.1706217318284584
-1.0751667237530642
-1.0374014482135292
-1.2367938323307903
-1.0123182275437204
-1.0725704129532416
-0.91304195604727112
-0.84979543172919281
-0.57275369974660773
-0.81155276572242385
-1.0426668470044715
-0.81548940518040602
-0.75302987620900164
-0.96129779163672358
-0.92994373167634992
-1.0768965289086487
-1.2189757053969066
-0.75337246619708254
-0.60017654613072358
-0.66491029026200099
-0.89495590874264463
-1.2022203296328524
-1.0115380559422067
-1.3324999342252262
-1.1949524437976151
-1.0646879908146294
-0.75817215282849604
-0.82170050556840102
-0.82919259048560501
-0.93931120846987504
-0.75500060477288167
-0.78576906332082563
-1.0231685406142412
-1.1647244470984777
-0.60463834355632529
-0.63696763634074527
-1.0227802754882196
-1.0098100378620749
-0.95994082258198232
-0.86457422625478864
-1.0159736842345619
-0.74383046221938398
-0.83427688140792389
-0.83573667585878542
-0.72241152874788783
-1.0156785055753221
-1.020255268809164
-1.0288850776917045
-0.69535594150545599
-0.88999729838940955
-0.91457167477685852
-1.093118651147345
-1.0007076070650016
-1.103767900312639
-1.0328632052280462
-0.75965424687116634
-1.1280960694829842
-1.0783666977508199
-0.69978119955121765
-0.68838574113003625
-0.69181549488362737
-0.80584072553208641
-0.99870620651840114
-0.92926923610151135
-0.81190208965426025
-1.0665744595254463
-0.85526983919562227
-0.50052634360070847
-0.84013692104856563
-0.9237873462228432
-0.74326709578658423
-1.08104264556439
-0.885559073284099
-0.97675721244713076
-1.2274004360886215
-0.74421925075191298
-0.60666023483767273
-0.69376378619656032
-0.93568271396732605
-1.1700641829739968
-1.0558533972735793
-1.1026492433698123
-0.59857831839730258
-0.69145617820160143
-0.87753147740985016
-0.88818011393452423
-1.1098770353465188
-0.61850815112530977
-0.64207940843446598
-0.85585230472296325
-0.47952550684108541
-1.0709602851008029
-0.74282835495833777
-0.80826195806209045
-0.69531556910791459
-0.72230803016073941
-0.77515506884576335
-0.51279739825880577
-0.75261816230666756
-1.0253622736430108
-0.76638930569307551
-0.83851404959190934
-1.0126780822928372
-0.75780364408626077
-0.93211057063706848
-0.63369465434515315
-0.48666236227674931
-0.66570869240693242
-0.59344569572148775
-0.71208747064452449
-0.7017013255751503
-0.75971368703877751
-0.68202039119956881
-0.81783785344947169
-0.82960036132949733
-0.66785450269378044
-0.77350769915113538
-0.95470545137915919
-0.59511737440536938
-0.55507862469208269
-0.49917943209264648
-0.6394731426708925
-0.72314150121917964
-0.94271450278934998
-0.78489819332290134
-0.58818233138594322
-0.18789393090642198
-0.66206695769546198
-0.75566041507134107
-0.67028535934278655
-0.55297263817650588
-0.46957844852937197
-0.47714686710443516
-0.46927217916279074
-0.52857825576262119
-0.58908512865745133
-0.89633288878323036
-0.85264387484544679
-0.52332583779044972
-0.87150209847047444
-0.97396036559824106
-0.6251028244088358
-0.328748366720161
-0.56833844023803959
-0.58231514869691592
-0.47708542753344851
-0.37621367868348166
-0.49730966365817064
-0.75562271759078969
-0.71359011983491916
-1.1457465618824083
-0.81670341467263285
-0.8842421448947595
-0.66761043322455904
-0.81936172817427866
-0.61794675775711494
-0.97067722207183382
-0.87303142711356485
-0.50979936929863767
-0.60721617771209391
-0.60031457178235048
-0.58534110598388756
-0.4898396005305628
-0.52668593918028161
-0.73168919202424987
-0.68623157061382734
-0.50850687096165292
-0.83770031521553212
-0.42253880317458548
-0.36829993531293176
-0.77652375143151897
-0.48677144052632049
-0.82570537188300375
-0.37553932078355529
-0.38240799380192281
-0.84530986685772191
-0.33103054648366687
-0.4018879262551347
-0.58649276516819693
-0.71861660642660752
-0.60673031460761251
-0.8118677866923838
-0.41014359943056
-0.67597286921760524
-0.49958791193727725
-0.5711962280195092
-0.84434182780909939
-0.90361404280483804
-0.6920215332637274
-0.78308497827978729
-0.63868345638858448
-0.73092963772179342
-0.47241890568306855
-0.44371951288908174
-0.5228414771650286
-0.80665082630882279
-0.80024220814134317
-0.46796496175018421
-0.61392472975345258
-0.52597912944793102
-1.1664214453391561
-0.40228342892433328
-0.83402050663529659
-0.35620522237561808
-0.49479235016116602
-0.74569550141413243
-0.3601340036001921
-0.26644093922932049
-0.39609618505622224
-0.62264611521701774
-0.61316964331252088
-0.55451388402654644
-0.49693281003390977
-0.56293254727345987
-0.62372955542713182
-0.36173634422107581
-0.51531429942983531
-0.66356055456555385
-0.4804186174432617
0.056105394042061281
-0.50695486906558074
-0.29963722403780291
-0.72687804755360685
-0.49608963811689832
-0.41753941710410181
-0.43999516399840094
-0.85489647754357201
-0.47258048811050307
-0.54819011216930469
-0.40195757247971758
-0.37017280026022009
-0.71966619609267268
-0.85571134094365842
-0.53591449677178737
-0.63372322130320768
-0.66285225067084219
-1.1170281261938249
-0.44460224915858038
-0.54003892262398423
-0.38906059456293524
-0.55140533148109483
-0.78926970040078637
-0.57617841503574052
-0.45624631570511959
-0.43543081376830189
-0.77306294411178478
-0.54501677424251116
-0.89978957928474812
-0.66720981743298768
-0.5211376964201585
-0.4083156513317398
-0.21620152608728305
-0.58586070656055655
-0.73026353377362729
-0.37917523579325518
-0.65686866285643986
-1.1267334766110793
-0.53515369425763293
-0.42612093231991227
-0.59589334644223235
-0.40900541065147328
-0.53165191472858964
-0.32402394191742584
-0.54005319470805035
-0.51601579523257379
-0.14675516496517488
-0.70118964159319364
-0.54904056653561772
-0.38046186813722455
-0.56857451438988504
-0.013960020882539734
-0.20733708505757173
-0.39743403954268436
-0.2206772815699948
-0.38452970466343805
-0.12406014788712535
-0.098884190634019251
-0.30771518961745264
-0.22768292384932459
-0.22196947335033909
-0.14765785003593199
-0.17056615406077222
-0.23704913608638381
-0.38908757241290237
0.050436796333086308
-0.66713037400904318
-0.1152314757517001
-0.40813177332066314
-0.17219138141620122
-0.47113626716314772
-0.3002329832640061
-0.29131571619307545
-0.54240712618558207
-0.51960461923418333
-0.090886716280430907
-0.48102268570042106
-0.12689083420957525
-0.48772996945884389
-0.21333710183805563
-0.10125763234609528
-0.40307654081315947
-0.30907528473393414
0.053906284949152734
-0.24993146225903204
-0.38669493467840549
-0.50107342730057658
-0.23249889791404008
-0.47989383561260512
-0.1973250144292478
-0.12386034429988792
-0.14507182615620187
-0.4217400352967195
-0.53916722792944427
-0.36164125095242344
-0.31853138687831217
-0.14393260487275511
-0.43484678044268105
-0.13313281938655461
-0.23743603520759751
-0.29735281246028422
-0.22579421992110524
-0.38579827879492773
-0.41362628127066425
-0.32750554776181229
-0.33560687397154038
-0.45084484676425779
-0.15269919408522403
-0.41174532464139063
-0.5409060258445727
-0.30948746458043808
-0.3444722699464029
-0.14778088522876118
-0.48161535603632544
-0.67149962490064019
-0.30215432983889762
-0.37691638028941737
-0.20437551032122397
-0.2959930429185969
-0.3388518188510799
-0.38366107093203738
-0.44599900985154789
-0.55598892943990019
-0.36443696343202309
-0.082080649976340278
-0.3122522383136091
-0.063368831602497039
-0.39473704065205162
-0.53885760832895957
-0.48531090517772907
-0.48832618234114361
-0.39318621954964578
-0.41004509597515226
-0.61780960960822695
-0.16592128123542785
-0.89464843419296913
-0.24424642615188399
-0.26677666824024793
-0.4561459377262217
-0.041382146612110822
-0.4804717848592267
-0.21070618151211418
0.045257844576195014
-0.043825199675087002
-0.34107325516329118
0.096241278911929462
-0.4188083164990587
0.15009930108166053
-0.087052877806939266
-0.30055820829634522
-0.46737954199198944
-0.37290630056929752
0.020708347281548665
-0.28375611099360254
-0.50065832045420677
-0.018360412337877247
-0.25085963297457053
-0.35903376701235667
0.06168887944494314
0.021404958660730833
0.163666082004775
-0.15863307191494139
-0.27479602864511993
-0.71974899433834605
-0.17789896425691429
-0.082510147333391043
-0.36153050567039458
-0.21373500762868333
-0.40632228725106728
-0.016895819113403217
-0.16848105108069103
-0.1042925138850589
-0.35872527695757073
-0.16186571006168365
0.1776286455318781
-0.27932521673245087
-0.30561917266616467
-0.26571107886096518
-0.36633088571783029
-0.13660689053373021
0.095926378119056771
-0.67301816129714909
-0.27378044037825294
0.20243754125836538
-0.41109246446379927
-0.34766758880825632
-0.021925925090494576
-0.030685567468372879
-0.24664174768200153
-0.2967917655188469
0.34242537527201972
-0.45112064979898042
-0.30088140366918481
0.099407672247654497
-0.21194918204116867
-0.16743439993493198
-0.12870387630231375
-0.5477094125750861
0.035259002933587538
-0.11847438874031908
0.0078563496954519533
-0.26203968698815394
-0.37976136154819012
-0.13762504269900028
0.37693503721597932
-0.044717237165815465
-0.13650965763234924
-0.47886157539838192
-0.2200302590432818
-0.16445803555500815
-0.29964818128493076
-0.026356391238249038
-0.093989456458336021
-0.39183989700703487
-0.080034800266370693
-0.079398365357230535
-0.29023739335039367
-0.38825076558686067
-0.091421280191908275
-0.43765529721325835
0.044925516729853503
-0.080257155391388058
0.10033699994236105
-0.33566595652295461
-0.083081539311530256
-0.026142746975563291
-0.26937816216179938
-0.33292415071273757
-0.22482564173927347
0.13699050085275269
-0.2136970267078474
0.10793588096567514
-0.15919991395977387
-0.34437947658600648
0.13236370762805677
-0.17632999160292562
-0.21601288601618868
-0.073534237123928758
0.022398833843901803
-0.011338274105741973
-0.15844187398765475
-0.090758574846588322
0.1495878643026585
-0.41593677513961075
-0.2158275568403229
-0.2965616871468636
-0.15913657645573095
-0.31909408876083323
-0.0046522717216006372
-0.094018391691673864
-0.15464394384993407
0.0064049464743497608
0.096890283951511211
0.26582777321098966
-0.048901000838191502
-0.24925971390474438
-0.28442007079009674
-0.12912373385970913
0.027366747282830849
0.018929197861773123
0.11445030811167374
-0.21610660506646431
0.098550319469725714
0.031068398625638288
0.27363413756375476
-0.17717952022888292
-0.0098072496450039431
-0.030658701071900114
0.17163868488476411
-0.30239492975804871
0.062155492660256981
0.37197622370331368
-0.27731940299461355
-0.22507381381057281
-0.028115613340866614
-0.29888977549975021
-0.19234080244958132
0.19576183874948266
0.30475956670082505
0.0955657367472727
-0.014488311970063786
0.3084864373078533
-0.25423098012156503
-0.15860292319564259
0.21349598635858322
-0.13156764882878413
0.087044019745347534
-0.048841457131527106
0.10696295800410567
-0.13884612503754809
0.11706170444751728
0.25709428310289195
-0.16223803858348521
0.248582218797569
0.055832547291940524
-0.1821219216983129
0.01700663320737001
0.19141174140150602
-0.0060088176174985415
-0.15612704842998695
-0.11403748301337009
0.24494654113963996
-0.19347963506542343
-0.16170313035256381
0.026257214035098113
0.24857658026991056
0.19792572949511128
-0.17518995818379327
0.24562888465022656
0.057161509519683872
-0.019713283965364155
0.27365471672984698
0.12190934447539364
-0.07599284004832392
-0.24084558036062872
0.23303766615334265
0.14403304266115188
0.37469495236057376
-0.20562839930853624
0.070529670578460393
0.22797600860019657
0.21578363594057118
0.11506674788222722
0.096638731310481452
0.38105993500552016
0.1715675298485482
0.38681651956609225
-0.0058505346055196267
0.12356476153423918
0.22554742141363146
0.10568218979533851
0.035350428900781841
0.081419754178271103
0.21594663766894973
-0.011060859400410985
0.20010572123742684
-0.092045738607723152
0.061050648726566958
0.080679804400228178
0.44551596962820023
0.43985934436174018
-0.2254469104542447
0.094720169789236738
0.037496809029513196
0.10280185055752682
-0.2336413011809117
0.20238937048042868
-0.061170992625441886
0.14324950262364514
0.22861090632666564
0.32261797102788509
-0.089979643938501608
0.32715287050188724
0.41439804708614991
0.11136683881271481
0.14539767988370253
0.13322162723241485
0.090948048492792477
0.35672947730393506
0.37279512026048134
0.2902946432493308
0.39079144043570763
0.20255407791149899
0.091309617432451126
0.3847308196231069
-0.32200155426922794
0.14132699004401111
0.24069390607345276
-0.19659099179726941
0.023661921569823476
0.58590146399362153
0.37113775785877928
-0.070498200991299331
0.55070461349124211
0.075412262288078319
-0.19689328856276722
-0.025329965211650048
-0.025506120419540389
0.049523721296014303
0.23760670441955042
0.56724202097969378
0.10144371381473904
0.27609830673268032
0.28800426571936544
-0.10400646950025984
0.38814932113761202
0.011642046877369954
0.20956477655889791
0.27873000705904738
0.5411116517382506
0.26609252220604218
0.22438973690128949
0.47045917109216634
0.39424527107585317
0.58592397273064523
0.27179093174492014
0.21261690562241459
0.23203038171801382
0.040683237015445649
-0.0030700077606932124
0.71296723442850329
0.15907142608326438
0.37820489827808618
0.57203265135875736
0.26461805565810559
0.50648246025526944
0.43588259939925539
0.23433817208490346
0.4917598289105084
0.31564033178926526
0.42087898290092191
0.12693103262254252
0.50854591323601361
0.63388496246192128
0.48201734095057575
0.40013467672671876
0.29881993131348317
0.27794726625079619
0.56284431858656581
0.45255286933774674
0.65065087777901531
0.33990308303553524
0.34571088718683413
0.3286436965383
0.18274600813740177
0.24022982655129019
0.17075959763704646
0.17042210542236186
-0.062634760012374072
0.50439553617492061
0.55493642313732028
0.43508265199506907
0.50147889470053597
0.42436143998932652
0.49712813210420048
0.41278265326989522
0.37189430602455786
0.20233715155161053
0.48791012478766171
0.28234399778060176
0.21146346192734949
0.78839513931095495
0.60611956429435765
0.67757693518167206
0.30852688345807544
0.444265880579926
-0.029237086350220102
0.23574222012015042
0.32456863408939829
0.23417812544230393
0.095484129826365935
0.41102186245373673
0.35860961337618386
0.33820196685573001
0.38863371759870552
0.657759916644576
0.29125104398350932
0.11987668489760382
0.17277762280616069
0.31213998223234479
0.30478732063200026
0.27548052119806277
0.17828315014348381
0.21492397381992634
0.49635515126621832
0.017961487668588742
0.21847353981928869
0.49527688898026878
0.51289019642555633
0.18030592672292231
0.39508999640823522
0.29601852779900995
0.092714063777029454
0.44937055576881035
0.44547243515570262
0.56693519648109514
0.44876861864023565
0.25625099738458273
0.51041086351011489
0.081204604345320203
0.29553545526426894
0.50266279733895236
0.29555713519589644
0.56437618785048893
0.30170591630278087
0.42466472717570114
0.4675365425671878
0.49316029423570629
0.51705629221014904
0.48118630324161249
0.80421122053023142
0.54021643111060347
0.68771269228047438
0.58839466064315538
0.36522819426316122
0.18671673490724772
0.51171706887695512
0.40294828697743312
0.63935537009232524
0.35006519087588184
0.38880701427923808
0.40534430432974183
0.4844544769735587
0.34438504924357605
0.36787757271024119
0.61540444117301463
0.48864832826664573
0.46533656968594267
0.28106619030731617
0.61096780675517426
0.55334060635798166
0.20203549183700112
0.52277246593633098
0.23204926982510796
0.55618005386587444
0.17063800515467259
0.59098883595288099
0.68203127893332682
0.48275732654489578
0.89059589615562185
0.4027687762375729
0.27335214845954392
0.50059124528419341
0.40564433275870537
0.11314935373404267
1.0223201238425228
0.54635093321372064
0.54840041093408032
0.85694155652254789
0.95104244023587747
0.49951195889421374
0.23604117038913186
0.62152064008086227
0.58956494877555055
0.24673237238946077
0.54718276127537713
0.83723930882472819
0.27826659278255816
0.55016850101672332
0.47707241830501557
0.59156646436160054
0.70461004085899204
0.19735719513894195
0.657226518546001
0.7286501514176047
0.15254830978140888
0.56531908691967292
0.49165591858368041
0.70842436417105403
0.45806080957233697
0.45689411886960685
0.2815100593762081
0.31092764832010567
0.77689637791761901
0.9241878643955368
0.52178941260373779
0.8274887110708663
0.10522991879784171
0.62209220543231125
0.60341797112347684
0.41091517780548609
0.58931807978315376
0.53492430645108502
0.64185250050237386
0.62080143683778144
0.67843473706028445
0.55903488963099934
0.92989545122311246
0.90614970389851568
0.65576162594416965
0.55517449823910303
0.55973812388897493
0.9293437437669555
0.56045702181408219
0.8324936409955952
0.85394342650079846
0.47447989171248944
0.69678345395783037
0.13986143040547647
0.72813817077302179
0.64095537337630282
0.87041533891111966
0.91759549046164068
0.60530074268538914
0.93692501646616033
0.51026887972071266
0.5338062321888708
0.57625906448562592
0.64402261386722315
1.0476333559464892
0.61853114762481898
0.73804911419115926
0.69656196406371884
0.74048401433835587
0.59786739161176883
0.54065262604504694
0.39554486964815233
0.63043965574925764
0.86404830914221342
0.79420963965646407
0.3187168064674652
0.30635243908010568
0.81934215437805091
0.72521904019723937
1.1079190869919515
0.58933007587731689
0.75580405923808225
0.80063714073392256
0.82619617912418697
0.45876978860854062
0.79970983326580314
0.73060160040123578
0.44620258481279279
0.96801391130206216
0.82217576853329755
0.57076396842485777
0.5862653625388381
0.97611746901532936
0.72135925020257796
0.56128210969147285
0.752898814512864
0.9143124349796361
0.94599611095531078
0.51569335921028325
0.50612623600108009
0.59559427148181832
0.70803379747478257
0.63804271223199716
0.97463746020867548
0.8659160434057418
0.84601688524081353
0.92159246596577571
0.66779726746488433
0.95131800430133362
0.92627698223190014
0.6616119529056782
0.79037447172332609
1.0935859489603941
0.76616456398146282
0.73147779808600377
0.86796185129705083
0.58270147673043604
0.84054612542727292
0.6816023387491984
0.70371675349419427
0.82293021403237787
0.70392228327358497
0.65823636364591964
0.90076496314832966
0.92517838759240989
0.62882500991570023
0.99627899895371486
0.86008627605974308
0.49904056444631012
0.57755181347756357
0.6781990695036636
0.50858494171357127
0.85077595923009974
0.69867304603547642
0.61418622779527832
0.686445358897535
0.88434081160534472
0.67612853205032242
0.66990808651376155
0.43882088295715704
0.82133661591045592
0.8278117783674529
0.74302546020217641
0.84591469404796171
0.73576473238961249
1.0103665999067284
1.0944952572254192
0.9852751027769332
0.77912492710898285
0.782193059707741
0.95787110876590476
0.57146513266259469
0.72529690058175567
1.023157767106978
0.76247569257414261
1.016026099905688
0.94053857131165763
0.9109901962193554
1.1078571421071193
0.81677438766052679
1.0926675559908652
0.92530694498610999
0.85586038916142027
1.1902104703965908
0.76717104980706463
0.8649120129204585
0.6691794026665675
0.65341565624786746
1.3401559616470042
0.76153954118038958
0.50412530966698921
0.29594216796283196
0.81460438178517336
0.99726494686453582
0.80423759730384137
0.7169441985573165
0.90366299622459767
0.9504427794096999
0.78834709533412339
0.99066124312369619
0.82024697882112119
0.66367273030451324
1.0428453546440837
0.88443156969341041
1.076701932243201
1.1443476106318733
0.95062721152913521
0.93014524272265464
0.73289537342321465
0.99665733892985298
0.73060328088842275
0.89476345886672948
1.073262922663303
0.86197578981495948
1.1832335809474506
0.92305063886902827
0.90858254603995914
0.6712662725682329
0.77434366093850415
0.95278273671324376
0.59015280136590187
1.0111452775092564
0.84356452878716515
0.85345949476403138
0.75821609026321246
0.86793603982150724
0.84695397401643802
0.9694864195015902
0.91227513046642883
0.91537291621203143
0.89033171463209893
0.91927638209325691
0.86629779548780361
0.95764510652935864
0.81226044583411694
1.0843885473127057
0.94361771406610884
0.74833304576586279
0.87917157130276824
0.98334881930545304
1.2582972626419857
0.9598720654413232
1.1688476059987722
0.90831844376105098
0.9929067791444669
0.93770959506412177
0.9139380316455844
0.7963360653659467
0.94672193900239077
0.62979289933161731
0.64733465832948967
1.2013036995257933
0.90407095069082655
1.1409915360612162
0.61436688086714364
0.68052349838463844
0.84241373662188546
0.94148621538157862
1.1536029215606336
1.1037695658232001
0.92091891511673629
1.1488409602538412
1.1040315951434851
1.5037892303796914
0.69478292829047461
