-0.94521316660401689
-1.2573329541483864
-1.0294895096867924
-0.69583920860964155
-1.0973984677510842
-0.9364124534314745
-0.85552913437917144
-0.90855883747842925
-0.83630191884620297
-1.1955481382286888
-1.2095934864893862
-0.87484367775525296
-0.89820874192898281
-0.95744593275023993
-0.93800632911380333
-1.051974725038167
-1.1551037774910868
-1.220893184530659
-0.7179984502682909
-0.69650245318795867
-1.1604136474337521
-0.84627156963239003
-1.012963730752793
-1.0047250854828302
-0.77589162121388611
-1.0486580074335647
-1.1089434095577086
-0.96304429223944932
-1.0990196411754203
-0.65398676517901921
-0.75952465917835565
-1.1397612741034775
-1.0357772393865379
-1.0011915195593748
-0.75367310982507607
-0.75789587439357986
-0.97280267632316575
-0.8665029855474341
-0.68518914115775109
-0.8071342594612938
-1.0176663570679039
-0.86324378839390503
-0.77409322239282097
-0.94525694201832489
-1.1612136105797644
-1.2818365807136811
-0.98322648133149482
-0.73260686567719657
-0.48179844541561523
-0.93162407239280598
-0.76976304910260085
-0.99936355714537883
-0.63077089637727302
-1.0104050826445174
-1.0735269980127156
-0.93738349587621306
-0.95332419174667127
-1.146005478104404
-0.79041241835056819
-0.67048903140493255
-0.98905024232833727
-0.62116096484381478
-0.79596738622452456
-1.035535739892822
-0.82318827861997934
-1.3806692089203247
-1.0122816250198048
-0.82479429713993846
-0.38776231589733762
-0.77428885439455375
-0.87024444666111
-0.70465088508419282
-1.0256837747852323
-1.0565245595576713
-0.80132217732358435
-0.72086882453135437
-0.56924856826151338
-1.0281726140635203
-0.73503645433998266
-0.81172052882730139
-0.86592055083275421
-0.71245528658000357
-0.79562606138056546
-1.0512938082598402
-0.94857414971585297
-0.72993077892567315
-0.81569687428546134
-0.80742222670562214
-0.58529591307989137
-0.77465632207078916
-0.83965761799942507
-0.7317028837360009
-0.98404593197298684
-0.79814294242453498
-1.0180682630000411
-0.8661140881453071
-0.48088253317130086
-0.89907265930112978
-0.98850932329936425
-0.51006763547287703
-0.59513871975057864
-0.61917612223324048
-1.0761520658918917
-0.61671195521261679
-0.70724391842259149
-0.95270538769436264
-0.67072874097904811
-0.95779346645093877
-0.70134166151540211
-0.75247688985257588
-1.1056133993285093
-1.3157127664477071
-0.77572640681354588
-0.56512695538791802
-0.73747066165964359
-0.83520858132397147
-0.95031131000802205
-0.64145108238996007
-0.54714432543156377
-0.75223875249513406
-0.59882641805822601
-0.71617516633090095
-0.73880193416412321
-0.47434363511986466
-0.74698824290911869
-0.5203575166014901
-0.61067618129846879
-0.51523426698858477
-0.55285931430826207
-0.65097481857546158
-0.82895312816994438
-0.84583787860712345
-0.52325904790496636
-0.66873316719760734
-0.7044029959830268
-0.66566973447070943
-0.87975572977134298
-0.33987410462006251
-0.47737023509685073
-0.70049809112848282
-0.824483430965265
-0.92935055585411086
-0.63379453552218112
-0.69450466480284567
-0.74355510357068177
-0.69170543576686883
-0.63348422642465085
-0.56515114121732546
-0.99077451055212473
-0.75595563188978587
-0.59108488027644046
-0.73905867026215488
-0.57019710850762129
-1.0082359521711095
-0.84761072663777204
-0.7732843951038042
-0.76737767328334172
-0.64950903727875797
-0.97317697956995053
-0.62448509498687121
-0.6394201087734025
-0.36484420528079781
-0.66421843770476141
-0.67570648444378167
-0.77371892757467398
-0.89101483100796719
-0.64067185504342095
-0.63708612806747589
-0.98807256714513303
-0.71225398003959806
-0.60054594568365016
-0.58982293929037533
-0.40818783912936824
-0.79320864423137705
-0.66884088012693699
-0.7122366393613675
-0.71129741763029974
-0.49980310181634885
-0.61201285868644084
-0.77256647239330123
-0.43672434048767772
-0.79235909782111968
-0.44016250158831738
-0.64318196538337014
-0.31017040732933576
-0.59939279299048576
-0.4664247087151781
-0.8863762611272461
-0.92814335083134358
-0.65412635480458414
-0.77238296577893051
-0.7176318148350288
-0.82087768461669308
-0.47354426163455643
-0.7753599311217737
-0.70988325958168197
-0.53385481962939552
-0.61881976881732781
-0.84238140780120874
-0.79249253952876486
-0.66654936056429737
-0.3377449646267191
-0.56905202697812329
-0.35831163402972999
-0.6165221670780926
-0.99671679588312589
-0.46167777627939621
-0.67200191820795041
-0.69054381481532201
-0.46524469840352078
-0.8423693941245145
-0.6747368951040571
-0.58491073591274023
-0.3599805445329799
-0.44778489002627375
-0.4215118026159308
-0.7878032156292305
-0.58497643018324041
-0.57728476239632265
-0.50968463631930183
-0.37595662305892213
-0.58679861229102048
-0.57384382247912868
-0.38479886460462293
-0.77885479352100062
-0.7318459055941019
-0.7830273676246996
-0.40229778857748832
-0.2436402917127781
-0.56871079412793812
-0.31670622611493288
-0.61700533114329625
-0.43705699824788202
-0.39698935281037945
-0.31639036094697653
-0.56134994468389898
-0.39615248558483679
-0.6988639990625245
-0.83502066875076852
-0.42104934871937544
-0.38448052745538885
-0.84018858085656745
-0.55869292610009236
-0.15780966700170751
-0.57482251804751761
-0.42497733470731719
-0.61351092600820367
-0.42278139870187137
-0.15660557523702068
-0.60989183274898517
-0.36976366956175521
-0.62062163721014041
-0.45039860928929237
-0.76324683858055076
-0.40157541430254995
-0.46379016110212068
-0.41445264270611054
-0.3780901386394645
-0.27239382006441054
-0.41511805749710723
-0.63512965668808363
-0.64281575131303226
-0.35015990910774042
-0.59231368154462827
-0.45723987070541
-0.78264166984576111
-0.17554402858358634
-0.52474031823769762
-0.4259052698017558
-0.25930701539838102
-0.35052194110383189
-0.50091846664986051
-0.66660435928512818
-0.54120561132653611
-0.48546064981924364
-0.26701344653329917
-0.26733132524966913
-0.56912154494097067
-0.36986885585129875
-0.16563254083326373
-0.14716175541676088
-0.31097792245020506
-0.46862148121138342
-0.39780227900218096
-0.61453263254643209
-0.42813422732188272
-0.40107390004646309
-0.62707370049755906
-0.49854485616803634
-0.38951874217456506
-0.57764373734133379
-0.42000729908891132
-0.68117894293818371
-0.57170962268051784
-0.51072828412875082
-0.56768693020501604
-0.5182702350175874
-0.32490110521498089
-0.62888273676969053
-0.2200232593813102
-0.53861770015335131
-0.25261378765180081
-0.69295239849558632
-0.51555557804443475
-0.35717470170330173
-0.60039747005892763
-0.60248320367802255
-0.24353414523313602
-0.46717025132915307
-0.39113534200780847
-0.55088230877348499
-0.40799957208115345
-0.30676189948798582
0.034582694648492091
-0.19248428674893359
-0.70502781674159332
-0.47416694624631489
-0.52069681325493178
-0.11038356741498426
-0.37317669819192123
-0.13170553974953703
-0.27094198378063494
-0.14620776723781218
-0.35984854111664583
0.086848916873250415
-0.32424940913831246
-0.29904804612745434
-0.30750644083416034
-0.36112981547577538
-0.70105448780425406
-0.4239116169212222
-0.26142102930289846
-0.25007716190752066
-0.54309267379370385
-0.40043343292498779
-0.43551759170262971
-0.51805409586010454
-0.47825943283823719
-0.094467022992105729
-0.31236153802890754
-0.1687598106383402
-0.35322553137529639
-0.53067997739670458
-0.36583879567458627
-0.33455187684532212
-0.10674039931823756
-0.36934280249495144
-0.19930075850483844
0.11256916315579604
-0.2422634593962856
-0.25134085645621523
-0.19042359943914455
-0.19405721040851934
-0.25395440107928924
-0.43229293006029706
0.1847479471619195
-0.50134141080716932
-0.044893811756665895
-0.09407479656096468
-0.44240024612218359
-0.2858579013447049
-0.39048503409494079
-0.51025494667986304
-0.24088315826949072
-0.13408876877250989
-0.10376687885385459
-0.30414027355046208
-0.44616263952820018
-0.020634783111686004
-0.40407585407264063
-0.041961508855864402
-0.15822421871718081
-0.074785500202639368
-0.25253863685180311
-0.34192385717200985
-0.48287780316410928
-0.28268845217684585
-0.58189581351140773
-0.37824363140945838
-0.48531060884855498
-0.22176634964734024
-0.61503364907709146
0.02622052344247635
-0.58800120439758308
-0.40656397071294137
-0.2117226167526135
-0.20595746888419
-0.10361351323024871
-0.18939741941838734
-0.18725154272449718
-0.17593058485355734
-0.41910859081837298
0.051568843850637217
-0.011823746549871244
-0.033876724567902208
-0.13132921251364296
-0.080370719722333561
-0.022981889577987503
-0.24237352123076419
-0.090417133334848104
-0.12937345286930169
-0.3712597860831624
0.023468431876075672
-0.11306398374637767
-0.30426379210870524
-0.23678602164132673
-0.1317870522796499
-0.076180400553945163
0.40121872313721735
-0.56558532511118009
-0.10606524237499446
-0.46105071235240014
-0.16878978330193334
-0.15486340811791799
-0.0012968153778945342
-0.068452619538744555
-0.18645017161852845
-0.36222234588063557
-0.18204460518975493
-0.13861738219726655
-0.23011096855429408
-0.14480256702670866
-0.11834808605665101
-0.23455277006185515
-0.19155229160111945
-0.49073343346860104
-0.035075628681860649
0.29241484844569643
-0.00081421695279673939
-0.33937651137682368
-0.19391106154907597
0.073006121262751231
-0.26352781861603081
-0.045762509078551214
-0.30242351890292662
-0.14396095582782475
-0.18524219741139702
-0.23244975508669971
0.080582595007958405
-0.38748978296625319
-0.23153487618222351
-0.21265489211822045
-0.28093918900080689
-0.0079260222720654288
-0.20150643797871567
-0.27128819641850244
-0.33494980529653628
-0.20258821305529059
-0.27990821977531394
-0.15092338262719762
-0.38984621027150124
-0.090655930752897587
-0.14605503683065985
-0.24033509569947981
-0.1957910563497047
-0.12350387803381796
0.055840799528591702
-0.29982049073308775
-0.029567879595471223
0.31064432492551697
-0.43699453097331248
0.18895376396847652
-0.19589088715699451
-0.37472470667191565
-0.22957883397782941
0.044590123035856237
-0.15908574625129154
-0.34059466097585234
-0.079703996354288237
-0.18287911908148896
-0.175580682957963
-0.037774572932131024
-0.17125365941677723
-0.13380168620927196
0.20328818873985599
-0.10017893052676277
-0.047125739203188279
-0.34031980509707843
-0.11615860148951127
0.05362002859916231
-0.31282899171078532
0.2887874185184916
-0.086646671435995581
-0.28559489895847656
0.2367081230000673
0.11036737734483777
-0.096906600753468394
0.32956113561499256
-0.094234441053106743
-0.12671647528708135
-0.15913699071520002
-0.12387249050284774
0.010055041740381951
0.10404892803425703
0.070196870553385013
-0.0048452012241908043
-0.38150347502226412
0.080471691655363484
-0.033925279703798703
0.17043508306825894
0.19095870227672709
0.038693938081793021
-0.021423800235206885
-0.014797877475428338
-0.089441993261410349
-0.32951157377072954
0.025400410475206615
0.33266937051744883
-0.030525605149635537
-0.026299441336719354
-0.14140173694212158
0.22710249312499967
-0.18114101098367311
0.14104609067895926
0.23124182793888901
-0.10912477659394283
-0.051792277962725515
0.06795042347388261
-0.077436434293709125
0.085824360796430368
0.2921349584043314
-0.085717179597855991
0.1121335466200626
0.14560977663997837
0.1748939237740163
0.28586766624816579
0.28306988842312986
-0.0135714015460982
-0.015110603306281377
0.16137024235210121
0.086538324180644235
-0.20754468826035233
0.28500538177157192
-0.083092570708533764
0.22633952608832295
-0.1257587031453708
-0.05863935350218983
0.022877115551909639
0.22022203738551022
-0.015597081887600369
0.023077448158935379
0.072568433975922553
-0.2412296363708277
0.02589558637784193
0.18031672513288244
-0.18246480733792983
0.19731273858232123
0.089592445689040096
0.2952318343045191
0.4843225169503132
-0.13953438060458775
0.5322217340261326
0.22203738984373411
-0.026917480308973129
0.35015766343800953
0.1689527375081851
0.075982346564304817
0.056925568561865376
0.080827476046328922
0.28641895055936867
0.092509711668535027
-0.086550907955923823
0.0089800223620449728
0.30617224128280718
-0.0061819274228305408
-0.12483201066533936
0.18976751979688999
0.23922088741446473
0.23249452034424847
0.14359841523727668
0.20439920283939017
0.094305598706557733
-0.039485515466634487
0.1308707694496557
-0.050600998789437725
0.23167371974844794
-0.1014695006490605
0.32453451023565266
0.18275001653908782
0.11744634508705835
0.11321972667294029
0.29008229268071362
0.10173586329455052
0.21480415726977861
-0.0021930187468459385
0.3317069549149087
0.085388692803586741
0.63069746524701664
0.31205755654522477
-0.047771842583960451
0.12188108330178463
0.16408163161186673
-0.085569735133488298
0.36855340335675685
-0.0097412529986513983
0.13528293298731592
0.30763766624788108
0.044909247684389288
0.2282796657299466
0.42521423807866754
0.069195739678853216
0.04270585323898958
0.039923630822148518
0.16434539841154344
0.38940617446570308
0.30991492732742476
0.51198415109148199
0.37712729967472181
0.089227035605096497
0.13347410603563331
0.084455542912396597
0.44098196684743918
0.057567121186525683
0.15862171367448999
0.21307821464432006
0.18428286948249506
0.48191074565939024
0.33478373975867398
0.19720409119654184
0.24035512654530949
0.52422241062911401
0.39839298217600394
0.17792169695891277
0.36541868284699902
0.00975806945732202
0.32950029669390068
0.16735409219233813
0.35528891222539166
0.47430996150166299
0.35536314581484613
0.47691053963751961
0.24060186273295461
0.066459079526703241
0.56018786099599704
0.27429172236469923
0.32437755201267421
0.092867039788228536
0.21591241086254248
0.62756270894068888
0.37620122918172599
0.19165745788433411
0.21277891710890517
0.087152499126480876
0.5152300256983624
0.37510740235682299
0.44902986846134085
0.47106820682193357
0.22277359636369137
0.43386013285206743
0.55833946114254662
0.56951902883925887
0.52267984874072271
0.27288330358362012
0.56862968391040014
0.16728046659434423
0.17677112866753664
0.44731030172752873
0.41617359704447787
0.3216735437462131
0.31542196013114365
-0.0021573932945439973
0.38274821391190877
-0.021518784991682367
0.14609940390441042
0.47289492287506818
0.50995121264735421
0.51282130526356817
0.32883108089668173
0.27055173119170778
0.41529103134236312
0.10332688193957301
0.18706239049981535
0.4233982201825654
0.22644185161272937
0.45943882233386391
0.24712669667197273
0.36970161412156466
0.41189017064420469
0.36874625358099439
0.1920923321716437
0.45378310057475657
0.30001688701128842
0.21039060693775313
0.39997069445871758
0.1650909339124991
0.44874113039721486
0.31577510808436593
0.37690034394893679
0.5627443047046089
0.47615961441386473
0.17620708166736607
0.33115333594668106
0.54748202320371486
0.31047864169065909
0.097453829116828525
0.63204273497633912
0.1550064045005351
0.40325965802152192
0.46663387873147411
0.50728373674524596
0.36211230251297644
0.53764849507373436
0.69946809063907645
0.36220582266370926
0.22887476786121866
0.18064335321170269
0.67522848349225661
0.40528691969114539
0.26521830648376482
0.415828163741357
0.86808203827799402
0.35838930195748109
0.75249967899693804
0.49084467746021737
0.60234541308277156
0.29845191773929802
0.50863923495453711
-0.079471641509647639
0.53155438844717406
0.3707156225437408
0.35892476537678353
0.35679992244943509
0.56767214440682878
0.49655730333771692
0.40757113725297367
0.19530332574427978
0.73733967470039563
0.47127568957986027
0.37800406889855936
0.55560090422611175
0.57123300218016637
0.22744175738184366
0.38766995170545215
0.49835890385832587
0.62663379097220917
0.2012141904156183
0.12688437015926718
0.81056713710489947
0.56886741396562279
0.86312036426609762
0.41873100035025745
0.29946842628857356
0.26167715764344779
0.54389034191386676
0.44530902425314828
0.69757786594652604
0.84191455552468164
0.90873739895693539
0.75124774371873293
0.38956982990574751
0.57502808884489698
0.63160755483752684
0.44934401338747282
0.81982580182489151
0.43633719225430978
0.65755986273064793
0.93711337988913235
0.46993858107407982
0.25885811434748973
0.77388278225122298
0.29901060046081601
0.51937077075594751
0.10396170184195881
0.56503426885756203
0.74642372547514624
0.57920634485624967
0.60615520053415606
0.62796682038643015
0.59080548307529757
0.59658273303812381
0.76909779912006548
0.45542196077599778
0.45147938307128282
0.54854464127204516
0.42555315952900002
0.59041320372575401
0.47489557800405485
0.88389832205254848
0.58617013890427327
0.44453973003171171
0.4325759630630292
0.47639014740126578
0.64796146101209096
0.56222336246642013
0.88148750890808736
0.36819483664375063
0.48042341514723064
0.56715852728099481
0.3854655866712266
0.29988944935470807
0.4546975456881997
0.43721294191643828
0.35686426321928238
0.78439718161961114
0.69557635153834041
0.60860732488048486
0.66624625741055477
0.82274963168798998
0.38407900904046371
0.51931972968135698
0.23221210977841678
0.43295646750583677
0.77874402987444247
0.52652447657627033
0.556237468172326
0.776934490112409
0.53709705170012456
1.0132118370150291
0.49194245267004599
0.55728260617446357
0.70111712960958039
0.49373816077399696
0.66269856588447296
0.54568585811739811
0.89647447145271852
0.56058203122982853
0.67334757428232805
0.59136380250338794
0.87051903139403264
0.69921519680636579
0.74453564939405548
0.29547275698599296
0.69429383062031069
0.80899281320890415
0.29978003955288396
1.0178433431940908
0.44422860370201067
1.0867828610538803
0.51997086554673744
0.62593850619537961
0.85622727021529099
0.65495611272235166
0.80167156404521178
0.60517454537519666
0.91579105935006422
0.8337632956701756
0.62738197577219812
0.91443598097939105
0.92338863458020271
0.74042363162785352
0.54074778874659313
0.7557230555305442
0.55548827460275185
0.61093894143867311
0.6318716931175522
0.64225063576243835
0.53326362684220174
0.39905111204009969
0.67576806313371407
0.615081348250753
1.0485259715135484
0.80664871460595866
0.41859602570802057
0.53781789624880627
0.68619355551084027
1.126892196052919
0.65976259406342919
0.78768482624868097
0.69270573749422681
0.70524233755271137
0.81586303597762588
0.52272709287187957
0.76199904546516795
0.69001066131345534
0.74050414643809903
0.72128275052983226
0.99659985910956372
0.49596991030714316
0.91528434352657229
0.3031535168433751
0.59227758842725153
0.74743643937914983
0.88019413105529987
0.43719730238592014
0.79077667930591922
0.68572607025877796
0.80916571145392202
0.67521602434064043
0.88287962366621875
0.79221510061957534
0.6605680646321348
0.82285359378948808
0.83225439637478971
1.0351505487061747
0.66100852798757581
0.54659931831865916
0.44515613938025461
0.78080353345088849
0.80917163552760296
0.66856035358672583
0.63609826694794624
0.94653522058907802
1.0279082193207276
0.70198750167658741
1.0256604187830221
0.90158127636929553
0.99021997935377337
1.1496457937436586
0.58862815318031181
0.7948557693290299
0.84856747081449402
0.47387495261469703
0.88202943669488842
0.82586786336109941
0.53497212235984626
0.98893022351347915
1.038657336229293
0.76764955834133775
0.94644184819373278
1.067945434078938
1.0696785522900603
0.78200650165888375
0.88575364758557262
0.96752159610925426
0.91478326092437467
0.55496799553915954
0.93367439480443193
0.7528814252321212
0.78542767290468785
0.89116832787764066
0.82454966300761745
0.97834708631901612
1.0156297689721399
0.79537875387821111
0.76553679721254875
1.1344386804178499
0.72572994203208463
0.91556302322747118
0.69565394531276614
0.67436397327275344
0.86558626105079828
0.88862270842892388
1.2745383847208591
1.1291346203449322
0.98665712555719098
0.8502427719962683
0.59647275439422665
0.97920330203825356
0.97325346906534349
0.89275086712256913
1.0470628045807988
0.75029220103627237
0.9445727462659147
1.2059839866005801
0.9459540839672449
0.83531976904531002
0.62638479915069833
0.51711054318083449
0.70071661433229848
0.74211124234490922
0.87594384583666518
0.60016181417949654
0.70469285197716336
0.99283298385648489
1.1002801998947331
0.72989322123501676
1.1782614502540028
0.98870511013005635
0.7620817869265909
0.85693003587596672
0.87799194547739634
0.73247246398518195
0.53906267287650922
0.82155723286777349
1.0185666528584769
0.91487827491531948
0.5503392837410167
0.84654687733153211
0.97893950711606137
0.84711938051740721
0.86657160058898097
0.92059886586883921
0.96427430706162442
1.2595866096573072
0.81173063501528497
1.3991811791920239
0.75897149347652115
0.95285771787483975
1.1171163577894729
0.72540229466762329
0.88309932660624413
0.97778328762138589
1.0543234482010517
0.7526428635233664
1.0274418649465671
0.87485425472343648
0.99306102844383037
0.72797899067629501
1.2707649685867106
1.0210713350017444
1.3237483863161144
1.3108434926734802
0.89053311673374036
1.0509792044348416
0.81484392163115427
0.96483100287245471
1.2017259842615819
1.068064510957766
1.3207575341534286
1.0197829167701993
