-0.53683022784877177
-0.90406255846540906
-1.2479284059757159
-1.2112356160272748
-0.93756068796102054
-1.4128941783164017
-0.95578425289356306
-0.77219416050349798
-1.064174842538965
-1.0998792971020286
-1.0353044288868853
-1.1672403722187921
-1.0920425996435665
-1.0425031520247259
-1.2466144695339423
-0.99851426992967385
-1.0646207368123162
-0.91276249909100182
-0.85192426208261973
-0.56926024465795544
-0.80842494802962384
-1.051031729240727
-0.79316243682452536
-0.75056965695938471
-0.95091849112558824
-0.9427890543788916
-1.0539169055253845
-1.2160352056789718
-0.76070559572197827
-0.63452062207478255
-0.65964358381598476
-0.90353657368480456
-1.2171939849575284
-1.0004506621109139
-1.323057106364065
-1.1907486436412433
-1.0627008744354856
-0.75353089453217281
-0.82304682771141469
-0.83704063812907892
-0.93734413414009465
-0.74283631759070767
-0.75447106596736135
-1.0180020782166652
-1.1640576747461973
-0.59909433464717377
-0.63487839821360703
-1.0217748710919201
-1.0446619786048823
-0.94607631736343145
-0.86150471522269512
-1.0259045719367967
-0.74055596428433046
-0.84060906348179842
-0.84998867534543165
-0.73037918477041841
-1.023785024137581
-1.0081871216967151
-1.0329161164474985
-0.69081993387753526
-0.87553941423285797
-0.9341120746689372
-1.0860766479114603
-0.9869299921854281
-1.0992655808320904
-1.0587806310223105
-0.74952816907199071
-1.1417258806741644
-1.0762288696207485
-0.713341799430535
-0.68785321901803853
-0.67223649151675358
-0.79668755538878377
-0.98013592167692531
-0.9255547567009873
-0.81303651884227734
-1.0417637380714286
-0.84768807628370957
-0.48993736425371626
-0.82528204623102086
-0.90932463042367795
-0.72048627011286892
-1.0762723460013104
-0.87745374274850729
-0.96511855291723136
-1.2292242771278794
-0.75002263712449357
-0.62849823612733846
-0.71362456645976591
-0.91739450248647558
-1.1651897199158527
-1.0674413978298114
-1.0936271227028709
-0.5994695171223875
-0.68286866141678004
-0.8748385182737245
-0.8766780961947388
-1.1323166165315359
-0.6424215606239817
-0.63502638666007272
-0.89285534822687163
-0.47442320177699815
-1.0908813969795061
-0.75518760543035246
-0.79392787828663036
-0.69777896651531945
-0.71526717137272966
-0.78521051377639806
-0.50642429346250084
-0.74517603618076056
-1.0307411961773292
-0.76162129997499706
-0.8464234397537268
-1.0221797897919145
-0.75047010989161467
-0.924911217247397
-0.62685629471439885
-0.4973927705928548
-0.66419776190683666
-0.57370485861107134
-0.71607600175417863
-0.70878976026747997
-0.77283660195293791
-0.67139073648806014
-0.82586277846716516
-0.81684979341738684
-0.66583094203226567
-0.75947274633952722
-0.94886473349437195
-0.61507648463935949
-0.54977811489895145
-0.5025645385094476
-0.65033829769269247
-0.71153878715061503
-0.95867368066456482
-0.77895721578586297
-0.60812760131182519
-0.19442782830193681
-0.64912963109594113
-0.74453908967399307
-0.66350995345026698
-0.55675234301265042
-0.47181828586368946
-0.45571997881922277
-0.46491345648294835
-0.50991380947416387
-0.59117514432630014
-0.89321049413349718
-0.85738268897938452
-0.54504563865160993
-0.85934583558467714
-0.96937235637933039
-0.6007571027614178
-0.34014960682494749
-0.5920485214789768
-0.56706581171663051
-0.45529428135023442
-0.39566679997737836
-0.48138741624405168
-0.74389417414431669
-0.71483044162519793
-1.1558199262374562
-0.82132896877573469
-0.89002508680347647
-0.63340087864634309
-0.81134349194698951
-0.61945969775622745
-0.97189448883045326
-0.88589643803648466
-0.48048619702274586
-0.5956951692857303
-0.58656056233303344
-0.58566291564257222
-0.49318157299702908
-0.54646330062277937
-0.72607743416202253
-0.70474071638791791
-0.51027796128017788
-0.82245948676782987
-0.4405519182084417
-0.37220586422330354
-0.75753807250970739
-0.48139766387743194
-0.83175025963158045
-0.39615033954134227
-0.39746763244268901
-0.85810360677949449
-0.32253564569902893
-0.38115181635360473
-0.57114962610896669
-0.72310171513564103
-0.62846793868047934
-0.82126053689847767
-0.43664322643026865
-0.65099982338477735
-0.5180020279664066
-0.5774189845921911
-0.83500460034548452
-0.89650758281503706
-0.71123909411062636
-0.77584446710235877
-0.62139950475631067
-0.7428033088447068
-0.47155252376895773
-0.44067518282568291
-0.53297287343510702
-0.80329723378674411
-0.7862676125049205
-0.44653698801357061
-0.62355342670863745
-0.49865240861510901
-1.16725579600513
-0.42941106473103435
-0.82585953256194811
-0.34846437568494809
-0.49760303202706657
-0.76056409102280897
-0.34902176264421436
-0.25587695087499096
-0.38555279845817669
-0.61454418194199179
-0.61227122968716674
-0.55111961208587723
-0.50139783312163211
-0.56512809844963718
-0.63023660460397546
-0.36439556777429882
-0.51714815089358634
-0.66039635771410288
-0.4832470839871984
0.026780136207354897
-0.50688200098181957
-0.30272567061360839
-0.74031341042331145
-0.49956685143101176
-0.41217391665619735
-0.45222297567496411
-0.84346511321590567
-0.4732225015489091
-0.55807306165946358
-0.40243600746627212
-0.378923020277667
-0.72734903226433678
-0.8517762234243772
-0.53165195827875811
-0.64957003244760092
-0.64140887517614398
-1.1293961093406955
-0.46014539898714035
-0.5703554042229676
-0.38248682614379398
-0.55109694444335078
-0.79793810651231467
-0.56682365904312682
-0.44402709858581418
-0.41945774086217802
-0.76500658320575321
-0.53716049655190889
-0.90265752952620992
-0.6625491945555223
-0.50649429373189958
-0.40203744199176289
-0.20027943750847108
-0.59433269419866441
-0.72851852211386103
-0.38804402753523892
-0.66812509683009369
-1.1292776595728029
-0.53102310921614615
-0.40408435491304534
-0.60791502161518229
-0.41845062237498726
-0.53436935866405399
-0.33619574385795148
-0.55069048982478341
-0.52093914924669382
-0.14170714710419005
-0.69722982025144631
-0.54793759645664886
-0.38120870475472152
-0.56061797892356624
-0.018615446303764913
-0.20580142546443722
-0.41372334182545428
-0.20570526946516213
-0.38064912905807879
-0.098514456450727497
-0.10103612516404908
-0.31835069607788813
-0.22958528051131283
-0.20807417475401999
-0.15410178654656248
-0.16684215146519765
-0.23930374531454318
-0.38671371389623949
0.071434627472650142
-0.67259704469244908
-0.092296114398718085
-0.42057763213666272
-0.17561511186610493
-0.47779704327429745
-0.27059946185955402
-0.29418685830427449
-0.57692428357677283
-0.50757987587244235
-0.079464404314024115
-0.4709234767480906
-0.13305780394411268
-0.51457638375040882
-0.2247438482130083
-0.11950970263075275
-0.40460996034131225
-0.31356689494641726
0.04864441815267681
-0.23409177143049886
-0.37438783881582133
-0.49767817218830185
-0.22574733545394229
-0.49167834673829308
-0.19181434168279607
-0.11551265614374474
-0.14239132139998029
-0.41636490911244489
-0.54375051502895666
-0.34483666489980569
-0.32891572286441434
-0.14512102232070381
-0.43078542111610285
-0.16030904863158046
-0.24577376798879938
-0.3103682478272114
-0.22866265518592921
-0.38760250225301496
-0.40821328422880421
-0.33568349770399086
-0.37604281432986542
-0.44917347003316616
-0.16181939547018112
-0.39784251653339231
-0.56338579568255154
-0.27314229187898981
-0.33484125355377958
-0.16028318355940369
-0.49864598094489881
-0.68745389678539714
-0.32112135085779808
-0.35065009377506523
-0.20451118328152759
-0.2702488664665269
-0.33690134302106067
-0.38954937994519023
-0.44253397549095774
-0.5974521245465636
-0.3801867971166904
-0.084557603091858377
-0.30248722357062746
-0.086294037055001618
-0.43116499119031243
-0.51571380586486781
-0.48381271667364573
-0.48787733609505524
-0.39202707166829026
-0.41904682832899981
-0.59595276250513318
-0.17774334288010563
-0.89512052848773582
-0.26225288106229616
-0.30449299580982336
-0.46282259738489739
-0.058535493561024811
-0.48275888602531114
-0.22412911897322865
0.032965212350399779
-0.049266258298390257
-0.34779581420276851
0.090505241244215065
-0.4231314058090877
0.1568059016746722
-0.10229028893434665
-0.29352699640408936
-0.46334306180240126
-0.35728670787855876
0.017307888296486842
-0.27543509720296622
-0.49442964460652383
-0.016593707828427451
-0.2341706416635036
-0.37409566673170797
0.068312131502792667
0.018122277358101371
0.15454833487643468
-0.16494612296105704
-0.28868528438345215
-0.7252083516246155
-0.15660249378157673
-0.077944285930805685
-0.35272336499732582
-0.22258083232064074
-0.41645220253805898
-0.01249350511343191
-0.16628084708433102
-0.128690553903862
-0.35140726597819766
-0.14786175861378903
0.19905051814585914
-0.30801970195980677
-0.28751750099767398
-0.26538388622537074
-0.40867862331389659
-0.12178805986107914
0.072110718488557699
-0.66762562010935678
-0.2591380875035349
0.210626963039656
-0.41405657360769099
-0.33674492546510965
-0.018311172341632608
-0.048331180906822424
-0.24992642096360246
-0.28975157628345338
0.35742001415219765
-0.42233941511236117
-0.2886433253147937
0.11416111274814891
-0.20485534090906485
-0.15547387416935657
-0.12086655183756294
-0.5501716047130909
0.040814024406925206
-0.1237820645695286
-0.0039750128921956524
-0.27518408727478233
-0.36850043396195076
-0.16447055899219648
0.40029447212365199
-0.038486835680746893
-0.13508916421162329
-0.47320241593767814
-0.22140388197483873
-0.17540782976877664
-0.32994476401394313
-0.045234162081123963
-0.098528145773819409
-0.38627379608763351
-0.064792835540000107
-0.07024482819289983
-0.3110035120732289
-0.39326983357821366
-0.081667426125711956
-0.41349309111985205
0.045261676102453158
-0.078574776630394402
0.084872984011181929
-0.32560606145948451
-0.088313189771963438
-0.047150178526490533
-0.27289436535920358
-0.35440553499993338
-0.2297748189388292
0.12210088099407768
-0.19477963272860715
0.10138057539088452
-0.16844617543209822
-0.34429833997707199
0.14132806302128556
-0.18133363884589818
-0.20881522617134182
-0.07868573821453656
0.025652188960269787
-0.015096870487698349
-0.17120820290803124
-0.07571525894329649
0.14898437997119479
-0.4152056155105896
-0.22455282565164908
-0.2935239184434873
-0.15359291625235008
-0.32717311331244575
-0.015006606118409435
-0.088148503517367152
-0.13644558976013502
-0.002281362249439577
0.075534136552743436
0.26096070907767455
-0.04593219888388142
-0.24863621368932984
-0.29531366803645093
-0.13136984117844722
0.012901168319952994
0.033861196774156326
0.10798328788363494
-0.23828232080281381
0.10236376356973111
0.012981281366286348
0.2725711891170593
-0.18871054833291609
-0.0076474548934981935
-0.02922013200405011
0.19675545403720385
-0.27719374407580555
0.066999800324041112
0.39361536354158694
-0.26577036065509557
-0.23425642699870847
-0.038468570401990601
-0.29028843320776543
-0.19898355484191108
0.1815785410582795
0.30345295039715153
0.090042748684357674
-0.022567992516601736
0.29096627903060562
-0.241797989872341
-0.17041899296991397
0.21345133494553087
-0.12578745947380202
0.083310444246971121
-0.05468615152294265
0.12427378723597796
-0.11980856575817521
0.11129332179513152
0.26035270922168025
-0.13060399569491352
0.26831895541121092
0.041478835817637498
-0.17053034822086838
0.041322480705710526
0.17841271930023567
-0.0077819862544661949
-0.14749954472546026
-0.10573892434000721
0.26161239589097873
-0.20873091284718875
-0.14057570536113037
0.041367719294920779
0.26510160072707634
0.22382719328200629
-0.18456657460878856
0.23209957073716023
0.062216059036328375
-0.024074324387702559
0.28265075237273574
0.14187899071438895
-0.077651263990245842
-0.22434042705714724
0.24220904476608826
0.13428420298762681
0.38214644858941332
-0.22422395466054848
0.06154571654181356
0.20768306872398212
0.21315537563374035
0.10875161544742665
0.083806262671696288
0.3806769968940375
0.18491342297874566
0.39234527987052076
-0.0061634032831519711
0.10672151740976839
0.2270121247088378
0.092204604763784018
0.047407441254050178
0.073267148084269651
0.22334473688753329
-0.026443459608673194
0.18219921793505853
-0.089869668412373288
0.06478348553325633
0.087840674050264869
0.46685278569277788
0.4322768801619335
-0.2084789152416332
0.074732076264144937
0.044024382389042244
0.097971005762231944
-0.23158556404085701
0.19349207037028332
-0.064349751411494752
0.15003612266939798
0.23413185114668517
0.31965413403771137
-0.073877954981368357
0.3363631603275094
0.41744987080296009
0.10738096587833938
0.14781696590690838
0.1138088080399022
0.093074385629733247
0.37085117363588965
0.37032586890534347
0.28560562309660753
0.38687312318948575
0.19682835738926233
0.098760790195264875
0.41687971945395647
-0.32537966977277327
0.12735843582519907
0.22827458700330577
-0.20049132219820304
0.010697625547579121
0.57801785366494907
0.37843305833369972
-0.069465736116546578
0.56287013360514027
0.076066255376196795
-0.18178451127637735
-0.035819150250486792
-0.014208220849646902
0.048767317872998615
0.24095729939142224
0.55014043191817219
0.11549027743813514
0.27112432431580447
0.28350825603483121
-0.12035286620798646
0.40253790951011448
0.026615153021323019
0.21820446773555516
0.26708283458974735
0.53995657497950533
0.26892261405121082
0.24266388307613826
0.46879113457195493
0.37713783065537237
0.57714722957490994
0.26505168067795387
0.19161392346814912
0.23089423117056751
0.051873083284711026
0.00097757102121604346
0.71205739928084399
0.16123545917010199
0.37736557159800327
0.5913820206946786
0.26858261014414597
0.52694574162234342
0.45398257958656107
0.2311016957245188
0.48554015504910253
0.34503673762515458
0.41579230329613093
0.13185725547499966
0.50656098446662801
0.63149927644233994
0.51120431699578772
0.39782433545273777
0.29803861291776462
0.27530147429368756
0.55390338842438536
0.42497854795454759
0.62990729021413283
0.34217495660337549
0.34033285539066688
0.31105644789894155
0.1721050432904403
0.23246856091311646
0.1740294667029933
0.15594036181646226
-0.069386909042850303
0.51100852380208239
0.56899563885081594
0.43043157446561542
0.49638160958116634
0.42269093493341792
0.45786869725982859
0.43144558977796721
0.38823432345401149
0.23947706237300251
0.48335602361396546
0.27968285423981248
0.22322762406146587
0.7844256446261112
0.59148045987680065
0.69138278593913638
0.29437436678281548
0.44805308763654161
-0.0057640839464535923
0.22699123622687239
0.32171205413666393
0.24026679864345971
0.11472040507015444
0.41113863451996857
0.34303139826956114
0.34257194185955564
0.39376198015257802
0.65377170591903033
0.26866019209873909
0.10388200300284585
0.16352418204504271
0.30668550725251664
0.30061482530691186
0.26672679977478719
0.16955148586106761
0.22295131190021553
0.4923063997232825
0.007254356102956285
0.23784677098872936
0.49639924460048518
0.5045095469708345
0.18486359843164904
0.39023443700299298
0.28712440557816699
0.094612509358205907
0.44303512446931298
0.45774785909909438
0.57070856351619015
0.45172931414516032
0.25141611921775359
0.49931837033873344
0.067637119666610332
0.30330935171097467
0.48516096087891292
0.29692367044048895
0.56566235571013412
0.3067559767587773
0.4197442970600116
0.44989438971653167
0.47287710371502861
0.53892452307366845
0.45079927731136921
0.79420648133881833
0.53378117374380596
0.70764833460589383
0.58480479732507462
0.36111984449543261
0.20430563789825407
0.52412925188110759
0.40055726900465816
0.63968402741407115
0.36562263928370348
0.37144943920896445
0.38214646436594835
0.48322717133371562
0.35792064282880265
0.34877704517633046
0.60871563395314687
0.50471041056806598
0.46404552414886435
0.25135405582472609
0.61576068266193795
0.56697422748650916
0.19253968847648534
0.51972525748916698
0.23670888527952985
0.55053893538746768
0.16772735610006298
0.59868319568573536
0.6894629491180635
0.48729793258757098
0.8632935723880466
0.41075530233035867
0.28776615817000001
0.5301507735362192
0.4208168368645499
0.11797433133728351
1.0584419551572857
0.52466998675719456
0.55335641329688467
0.84979186556704445
0.94787928294561197
0.49403628458958126
0.23230858268594659
0.60520491651511077
0.59608668513959551
0.23662394639440215
0.54216490431010944
0.84548307897584163
0.28517362846690347
0.55756243392080906
0.49618356250498008
0.58245515427652383
0.70583203034799102
0.18341379843156699
0.64170167880103557
0.71023175089308532
0.14887356811724747
0.56710517357778734
0.48923030399751843
0.70328176219580119
0.46609730769254309
0.44374180524881313
0.27313312367628567
0.32479617588649518
0.76467650058920478
0.89949697338396117
0.5246693853227945
0.82158836478807906
0.12416462249220106
0.61649122589824035
0.60947378132826091
0.41305184112158949
0.58857741947681352
0.52026072963643721
0.64385537096730605
0.64533476143957003
0.67657741518074965
0.54106570350953853
0.89974895199226024
0.90596624668814063
0.68939518704385694
0.55169097190812255
0.54458839404010539
0.92938515823412726
0.56754781127515408
0.81489686096236835
0.84058944644138522
0.4943060493277846
0.68876699728500379
0.14205468673129473
0.69993942796571151
0.61502764503446605
0.86669359493667231
0.89562160004958502
0.61081059067103616
0.91516030333945186
0.51796666844880379
0.53267537209282134
0.56667896654508365
0.62609730203959502
1.036671952393176
0.60723614732486286
0.74690501201128678
0.68263349568099629
0.71574380140666827
0.59419727724351012
0.51115737349841617
0.4153637375407816
0.64095514314093449
0.86458577088526567
0.77917362541120405
0.3160835020447873
0.29926683316114494
0.80970973313925465
0.70563557580567682
1.095187067755822
0.59862707300461893
0.72584140110212247
0.8119496113688478
0.82962062733874531
0.4499092729416323
0.80630405678959505
0.73646501360112937
0.46141438932714712
0.96326578457620127
0.82298974184612339
0.55773268761685879
0.57506635984783006
0.97912573275151538
0.7059795417472714
0.58474656173723205
0.7506983184810001
0.91224706746088657
0.94307119079777468
0.54139774995835788
0.51420999830497238
0.60829392785460068
0.72629855530141341
0.63881676474893867
0.94998537568254549
0.86083806235348326
0.8466466614760465
0.90004880135220933
0.67817719259580567
0.96338812693041276
0.95018105280576193
0.64256450677382049
0.78207770503848006
1.0670450284932489
0.76123814345812613
0.7203868425309301
0.86174789170284694
0.59850007787056059
0.82825376343113166
0.68925080834139807
0.70541756083779461
0.82428991020185449
0.73254372515222899
0.65797442316285193
0.9066918594974287
0.91287248595134651
0.62864438191159011
0.99161035215160176
0.86896093421245779
0.4983039090585859
0.57509689772419381
0.69013113501211321
0.50175953828806297
0.85313326377615839
0.68270419324887022
0.59915588736728942
0.67380075641511272
0.87186429822515588
0.67737909085668169
0.66637381372451687
0.45209055428813122
0.82854075728051702
0.83009327845965808
0.73653419881432669
0.86014671401314247
0.73890182692630435
1.0157081951723583
1.0932202728860811
0.98147342482190536
0.77907928050389841
0.78074225867695612
0.9484930136033638
0.57110750619580908
0.7214585253949134
1.009241463415093
0.74072812524391696
1.0282910466578108
0.94061556988476336
0.89433471380316054
1.1078907501059656
0.83264694704104592
1.1061865468968679
0.91117884561930462
0.86262027965546406
1.1995643115879193
0.76745956682396865
0.89737551568307439
0.68183484384434667
0.66127613796209772
1.3198501365849928
0.71825558111760157
0.50878447080661304
0.30720907881922732
0.81116744262361173
0.98423427192271595
0.82733809712673501
0.70449963873601129
0.91604777424191153
0.94287859012792363
0.78899623821265485
0.96623642767452722
0.82231744536204276
0.67545427503270605
1.0743286217073771
0.87090250797816648
1.0733137806993893
1.1599872160563827
0.95538884042410954
0.91879778578352389
0.75742724304839082
1.0062301858791551
0.7219638840247935
0.90361515457634423
1.0675733890109138
0.86734529768546376
1.1984702103210381
0.93107846793211069
0.90657429775340082
0.6658468355053494
0.78376941898634234
0.95398079040138328
0.60089807428853514
0.99960850331427098
0.84043903975053957
0.85919008865458191
0.77818456541182401
0.87149842345557416
0.87115392175791395
0.97354329542624229
0.90353958669310053
0.90131002936103677
0.87925412543779657
0.92185258770791612
0.86759650480107553
0.93578576795354218
0.80138768549935135
1.0771231187260244
0.96815553139019872
0.7641874565243868
0.88969151967663962
0.96194322189737635
1.2458933886099857
0.95523656899550113
1.1657513602989309
0.89664293683791874
0.98467502323778877
0.94809738355147688
0.89673412726816704
0.81973279355719009
0.9476539157627718
0.60937777943151639
0.63548643022139961
1.1939093559123817
0.9274483532164508
1.1360099432742645
0.61714811435589301
0.68125156613564253
0.8437147506199516
0.94350413131395428
1.1472426832093929
1.1006977366126143
0.93028505289608421
1.1648591228280882
1.0996887845007095
1.4725312132298813
0.70760901249575126
