-0.52633745999043557
-0.88494588956119835
-1.2574423443420055
-1.2024736483751313
-0.92484605699476552
-1.4309548694587817
-0.93733193320574482
-0.78859703616964694
-1.051548132628519
-1.0718081125409147
-1.0465536580075854
-1.1423546414076409
-1.090139207791462
-1.0416068866808645
-1.2227017633926782
-0.9944945737763442
-1.0540951590934746
-0.90136315578477288
-0.84375078435072925
-0.57451242174862316
-0.77547822876649231
-1.0372559661530676
-0.78735086007395239
-0.75077454704441438
-0.94273404227494806
-0.95045741458265631
-1.0808533738338282
-1.2249109460090959
-0.77353110331145514
-0.60814436431783614
-0.66108766672491592
-0.90515436138622374
-1.2223216502182237
-1.0212145967682571
-1.3229834215358094
-1.2189458518961924
-1.0591800858871865
-0.75483668705822671
-0.81724163967240371
-0.82096407372789604
-0.9458968703842825
-0.74516114716458459
-0.76955697348618268
-1.0151699135152215
-1.1476558945380675
-0.62820965363296688
-0.6280358866181629
-1.0276967765766398
-1.0389643207207753
-0.95416587066041503
-0.87980784753201258
-1.0054027119197502
-0.75660967853053374
-0.84466440111267904
-0.8475767298691248
-0.71254606711977575
-1.0263993091150139
-1.0093103372225656
-1.0204417978014844
-0.69123451474109199
-0.87481586277178591
-0.9358647918423797
-1.0714968465334138
-0.99799703988347566
-1.1005442659080482
-1.0583791615767861
-0.74260224040481582
-1.1323531647587504
-1.1007205944505096
-0.72079201676842664
-0.68858742836671016
-0.67867311175527512
-0.79471449708463793
-0.95985852915289993
-0.92222757259914701
-0.8110921063165939
-1.0504611077495902
-0.86656724784008654
-0.49230976649277108
-0.83767640538787491
-0.91771534653128384
-0.73067325506268421
-1.0881399674160339
-0.86620911108119503
-0.9686829360616489
-1.2312816705962006
-0.75842282894294732
-0.62185952423358526
-0.71589508526562162
-0.92092185051031183
-1.1703480102645898
-1.0521155622563572
-1.0963240812665653
-0.62895973795220828
-0.68992522728820527
-0.88038122101767091
-0.89312996149170043
-1.0983530534370261
-0.64071663529878442
-0.64331404424710636
-0.85856412393760295
-0.47356348877975724
-1.1002337434965468
-0.73815592731550539
-0.79778021215206707
-0.67973558775486786
-0.7125909572616731
-0.79871859589172034
-0.50923119365840219
-0.74782737067265048
-1.0095013926310548
-0.76998019719567368
-0.83738395315883318
-1.0295831589485014
-0.72695999378352849
-0.92970288894816489
-0.62440092573287609
-0.5121221070159846
-0.67572795919262951
-0.57056634621323854
-0.71201634917635914
-0.71510119224263002
-0.75024192692155378
-0.67851520009414257
-0.81429675598028184
-0.82222498851432069
-0.67410687205373898
-0.77340194673617735
-0.95952178649756736
-0.62428929983330916
-0.53338940569798443
-0.48827391205361781
-0.62161322376935635
-0.7292166316663008
-0.95693471193973878
-0.77983009964126793
-0.59201365244264403
-0.18178384775627029
-0.68192104975408052
-0.76743927191373817
-0.67390740325623544
-0.56065643955891364
-0.48149558581452517
-0.47552340560645351
-0.45454864551354951
-0.53353826032415419
-0.58504916054969169
-0.87769693104115265
-0.83666639422499822
-0.52425239315396543
-0.88277207978815142
-0.9874205844041033
-0.61477194066668583
-0.34323250924555393
-0.55738287459600555
-0.59441823981350539
-0.45638129687043733
-0.36599319218133597
-0.49455548847247194
-0.74503079378577974
-0.7184252847298106
-1.1545289812132833
-0.82062106647619115
-0.87695204278769434
-0.6420127716878774
-0.8167148829868931
-0.63472528873279144
-0.96773725659928067
-0.86247363200922356
-0.49484024006004773
-0.6096716652995996
-0.60479107731120629
-0.58084258729309401
-0.46434072396929826
-0.54237700776790854
-0.73920118727374029
-0.69180693759833767
-0.51162783111965304
-0.85319743248579327
-0.44509256440519013
-0.37552920075699492
-0.77519930277239357
-0.48321245452113398
-0.82463644363455468
-0.38667928036337118
-0.39452114070321154
-0.8408961898567705
-0.31781130656662476
-0.40845571398125052
-0.58167382291838421
-0.71543444367257869
-0.61672336419747353
-0.80980005126343702
-0.42064369259438983
-0.67891371184006577
-0.49591383504438324
-0.56697184938303391
-0.85281121129327653
-0.91934811815456474
-0.70191214494894871
-0.80352487744080081
-0.62843444861549647
-0.74123775173559758
-0.47354047079225864
-0.44093185602120877
-0.52853986699911903
-0.81721636663648067
-0.80492190224006332
-0.48295177699448161
-0.61121999260869952
-0.50363751445351701
-1.1799187730677259
-0.42043560461227669
-0.80882431669180976
-0.34411523141656242
-0.46728164296522479
-0.75740657729588745
-0.37766637627823285
-0.26533279599552295
-0.39115493494449055
-0.62909186501342174
-0.62067692167612054
-0.53936344917744139
-0.52126146661646877
-0.55166298004249248
-0.63913464976437473
-0.36872613805436805
-0.5120006492548187
-0.66521341901040298
-0.45670930780759444
0.037345686789167089
-0.49802920592121769
-0.32632405072083376
-0.73408213263855926
-0.53094687156483389
-0.42380451713042483
-0.45914501599351942
-0.86240426086945809
-0.47248150272855155
-0.56405422598175314
-0.39169787167636883
-0.38468163875085482
-0.72816768109770702
-0.86085025589156294
-0.54148297209603469
-0.65128937343056015
-0.64541298617197995
-1.1265632379434385
-0.43093689334409041
-0.55198904005549754
-0.37078888705911467
-0.5508883238445702
-0.78507803184760294
-0.5788031830474395
-0.470064300994124
-0.42658124010609694
-0.79056558816675171
-0.54120344615490079
-0.88844682189667401
-0.65842220852875755
-0.50643865365636187
-0.38760175660870383
-0.19398121738880544
-0.58140702907724029
-0.72967118112927509
-0.39657392247589424
-0.63161035694238732
-1.1440854819232651
-0.5323428236828277
-0.41804897810996039
-0.60561884826762358
-0.41138679465271294
-0.52824254648602964
-0.34696244656009873
-0.54983328223835592
-0.53479644968090889
-0.14801042508299508
-0.67814089772757458
-0.56795467245892572
-0.38995664261324248
-0.55274508700191471
-0.031192658425942169
-0.18875209349001112
-0.41324678058828929
-0.20170409077221704
-0.39671919226270197
-0.10856876427923683
-0.083673479425090444
-0.31967270974886708
-0.25223595691685013
-0.21906702060517255
-0.14044383805672847
-0.16816418818016074
-0.24607367619360057
-0.39094201050661359
0.061853840973344003
-0.68601890573591318
-0.1087168378108625
-0.39537417517603718
-0.17708283256030707
-0.48479925264430795
-0.2773633053145787
-0.2923634846732403
-0.56501065370662296
-0.50662225078492218
-0.072018031556512679
-0.47220827097325269
-0.1262238123231659
-0.53335013459888081
-0.19913174418671431
-0.12288849778182603
-0.40782899892910551
-0.31922931949765598
0.057194621324319399
-0.23675808565526735
-0.38682774624195232
-0.49297956563539197
-0.21752172304099543
-0.48572892368015708
-0.19969070415803619
-0.1160372304110919
-0.13630778593865486
-0.4231793929686562
-0.54676568068532239
-0.36061108721046892
-0.33201271391809989
-0.1658083003178403
-0.43205649997688189
-0.13481334918340987
-0.25463941820999875
-0.31204248323434625
-0.23232082430204348
-0.38656392225437602
-0.40644659440607694
-0.33008921621331394
-0.36317102298884008
-0.44927903584560053
-0.16824039612637104
-0.37906209273776181
-0.54668638938542857
-0.29163138779714676
-0.32697172575269884
-0.15685199673115749
-0.47983251342665906
-0.70134474391233492
-0.29663306070489931
-0.37717569335787621
-0.20134181666010706
-0.28568995659507374
-0.34904447132108196
-0.3701785590785423
-0.46156171893728648
-0.60485142598625774
-0.39275486433180906
-0.072487956541148382
-0.33929509248758422
-0.077726266904792979
-0.42779091742426856
-0.50053861422900003
-0.49590956213589615
-0.48553595643234054
-0.37867114441587879
-0.39668414390748963
-0.61095541760078742
-0.16107622562507795
-0.90575402034649433
-0.25675903190543614
-0.27584824256972185
-0.45634204753558849
-0.053883672721206477
-0.47977581264169955
-0.20607082219536743
0.036139631587011334
-0.052069446227786947
-0.35928977252378641
0.075618787672899423
-0.42554325070387417
0.15560066820971963
-0.10384823043508941
-0.3102979393485627
-0.45530324433707847
-0.38316636276272847
0.0071379479969584962
-0.2855715960830012
-0.50459397174503851
-0.033099679632118982
-0.23585094712891488
-0.35747616833412194
0.065108923476270633
0.027985129060248849
0.13140013427397776
-0.16790013752114
-0.27573957530468574
-0.72377792657556184
-0.16151032691938763
-0.091005105835165398
-0.36241658409972988
-0.20489154695760056
-0.4226599350129735
-0.0054574203963387606
-0.15869744713108672
-0.11574425901365905
-0.34768840005573481
-0.14150783738996395
0.1910955047618392
-0.30400425620559385
-0.31252486938923435
-0.25505968091070313
-0.41141251215315705
-0.11509593427251207
0.082048429560940744
-0.66171935257269765
-0.25763488475774449
0.20060849264697059
-0.41203478174618241
-0.31535584668907418
-0.023936685670810205
-0.050133358407198479
-0.2516001875394574
-0.28305970669043207
0.373549498915276
-0.44773673767352418
-0.31025713822722473
0.076103446699447228
-0.22139773976624416
-0.17948921838489229
-0.13570427383629219
-0.51943946879936098
0.044658817098363376
-0.11748909024419586
0.0089130977019232782
-0.25962234889902497
-0.37696874570861483
-0.14092896266622282
0.40329246557735504
-0.070280949706965426
-0.11812190026570024
-0.48095349248932545
-0.20339983541223638
-0.16033470993922622
-0.31554269828769516
-0.021069974614499658
-0.11930217529878119
-0.37802428124233278
-0.068741103866995182
-0.079961302954245903
-0.30019054919447713
-0.40325355426253678
-0.098407178714159188
-0.43634582295669394
0.049411297189973918
-0.07291550429505024
0.12574485179330086
-0.32912991663102814
-0.10199182039936722
-0.019953920189386971
-0.26246068116348864
-0.36146387225967047
-0.2477759655302639
0.13911049878135828
-0.16666306880821311
0.1013579787147534
-0.16527254600295874
-0.34962587280480534
0.14270255242672319
-0.17641151077484959
-0.20960396077513596
-0.075033539486030157
0.037646144695189877
-0.03310003762380747
-0.16256861738885833
-0.082359994560978006
0.16019558489218358
-0.43053032671893798
-0.2666740690357573
-0.31247932049269894
-0.13566277524884934
-0.32427807897159849
-0.033334460597674594
-0.07789253430640157
-0.15736260103775734
0.0081682325144380244
0.10054650923468052
0.26768080173849595
-0.050272442370005214
-0.27468317455539187
-0.27514893375837413
-0.13940450945794092
0.008851073429953971
0.032280501271698715
0.12238276690883101
-0.20920259465030847
0.093835478314977613
0.0017379406050772915
0.26934725623239641
-0.17609796395656621
-0.015060576906652429
-0.037405900250657452
0.19193211112552061
-0.28619753223636912
0.090611409653255356
0.39075458536409829
-0.26952840221788721
-0.2089510410821995
-0.020543718175627116
-0.30800754563359839
-0.19451014681724765
0.17964753668996689
0.30194609473917822
0.07798110595841061
-0.020012580864115739
0.29673735103113691
-0.24016652344108277
-0.16441402180525053
0.19465768114553281
-0.11544564652967371
0.10070070329770438
-0.053687590297825723
0.11518773680762355
-0.12021732008258562
0.11500330284484259
0.24245915757655642
-0.12449853808031353
0.26155606030132378
0.072569900472722423
-0.1820203968117291
0.030109619594909608
0.176653128783232
0.00083434948792880941
-0.16652466352955991
-0.10101082308611876
0.25677102190010787
-0.18720879213747038
-0.15929791978135444
0.0248505648704072
0.23699556226964391
0.20297888096318864
-0.15280489207846121
0.23771882048272192
0.051599794767642232
-0.023648537144916507
0.27656779337952281
0.12710267954562351
-0.085113318896067866
-0.21201294496451023
0.24855806163520172
0.13914499303661668
0.38312627013689843
-0.20409248945348138
0.072812457062482655
0.2084443898735085
0.21457748156517245
0.10860282943177257
0.090063571654157737
0.37890432290439996
0.16780537047204513
0.37268889504087949
0.0050046680508465764
0.13071764894112389
0.2480445548539667
0.11236806157138729
0.053889469640833298
0.094088332285502257
0.21592659978583181
-0.0015085381389988298
0.17552881593735722
-0.090265954055299802
0.069466701571182149
0.075620201878491097
0.45548380352413681
0.44039989614803771
-0.22310180699117371
0.1158112804691226
0.056262377285703123
0.12046801819051145
-0.26246982569608979
0.20467068987608528
-0.058731877504444745
0.13547338107612469
0.2183842838933969
0.32028646328892768
-0.078813299262587039
0.30860314630359831
0.41951795342598125
0.1296497550711308
0.12846476448421473
0.1103438464011243
0.080151374126999714
0.34218654807586857
0.3739466093394086
0.28145758900715745
0.38436027455710881
0.1941663372974031
0.1024626220526134
0.38277945648886846
-0.31922116645782744
0.15614940882555767
0.22296739626830314
-0.20501971876068528
0.015397437827526162
0.56604270260461342
0.36616449664587603
-0.062233880285117518
0.54053120633016993
0.073795119584805918
-0.17015999836907614
-0.037489910212151506
-0.019343703731168876
0.01836082291206723
0.23825790379144815
0.5313317424816848
0.091853076097582836
0.28527904783188057
0.26425670085130626
-0.10405096972095745
0.38812220012531246
0.01230532556951023
0.22009485416653504
0.28514161684538569
0.54491452398286122
0.27884885859241454
0.22623911974145422
0.48856243093087987
0.38151449726193942
0.59498222406347068
0.26172588877440778
0.19741933364645123
0.21355404576462675
0.04070304154829623
0.004989622336881305
0.67422138452015301
0.1551189454337048
0.38345440631858352
0.58299234411430623
0.28285631962196744
0.51415758690687963
0.44100389081006369
0.23356734058377285
0.48301439596898371
0.35652409142600272
0.41226827738007549
0.13731383308608336
0.51237839139741648
0.63982471764037241
0.49964593713032296
0.39166569527228562
0.28881031770695542
0.26236484907875623
0.54742850703892065
0.45221188020769226
0.62357596189253695
0.32977644826436547
0.34252610501593317
0.32129244061039702
0.185605496983241
0.23177541614237201
0.17567849599019222
0.16052336057349056
-0.075619951639608593
0.50621155238857529
0.519873599710033
0.42880049370553636
0.52240659752402951
0.43104017325941152
0.47698053134099466
0.42737697627754867
0.36748384898152736
0.23413525558402082
0.47768848434789524
0.28004541247756504
0.20412156025859252
0.77670465994346893
0.59170178668965101
0.72269257030782452
0.28439013145524056
0.47095644723080127
-0.021878395156004135
0.21654760420594546
0.33328946740405563
0.23084374548927
0.10710544264157172
0.38763048444249465
0.37797566060511223
0.35067721961577142
0.3999780574983669
0.67320116588312817
0.27538544739474069
0.10261945843315937
0.16679841421387648
0.31058521310277609
0.2883834053942636
0.27695000585345736
0.16019308951701219
0.229054110121375
0.49652805165243158
0.023379762538885795
0.22866362724423303
0.50512751421711755
0.51428492385788838
0.18437717104729423
0.38488664490640562
0.30122168290544116
0.087075034417048336
0.45964040054411015
0.44047182098700033
0.57713677889317561
0.45642848400647906
0.23423219919068328
0.5241929771916527
0.07401277498159782
0.31012648254129493
0.49237637592959044
0.30711035251946645
0.55776307070873921
0.32473106954829151
0.41635856386013503
0.44908356803860416
0.47468586572528931
0.54029579389085458
0.45989440454797004
0.80592040663134512
0.5439006270625073
0.70721391003437728
0.58857136986376468
0.35254116130838747
0.21564072013762503
0.51794992665206752
0.39571676988825244
0.63690964440135289
0.34467696464064163
0.37864912130922818
0.39285339292759625
0.48383681183793531
0.33319908824288264
0.36958964869912225
0.59696193708312939
0.49644854536947169
0.44748032955805039
0.26384664776873634
0.60044639375884989
0.56561568056936729
0.21689067086426958
0.52245721029126779
0.22629587831021011
0.54074951589241094
0.18399291978277141
0.60076573975257153
0.70341415064014268
0.49639598553958231
0.87806519143444084
0.39695787987755221
0.24440126704207946
0.49882559496938045
0.4128938138758691
0.14795391720721476
1.0211808354524319
0.53363496312574066
0.54834620473015183
0.85130559725341104
0.93130006261172638
0.48407346955976882
0.24334953232669426
0.5976788036222489
0.60499718882625786
0.24243970925143493
0.52369179326787141
0.84035567006091516
0.28786036452383335
0.55401415219104422
0.49866324188201838
0.57049152752861554
0.67316278155324305
0.18556305525100356
0.64339812576429756
0.71804946579505402
0.13422072181162761
0.56769367187134068
0.48841706035029248
0.68025913647639635
0.44227785853826135
0.44490566831490508
0.27167749148938142
0.30604699141459768
0.77059511701133987
0.90176535873017816
0.52703513139672054
0.83013734979159604
0.096823791132417125
0.6223538674527106
0.57481782224340272
0.40967614132828445
0.59905791732317271
0.5318688561155388
0.62899739866168525
0.65019658219251164
0.67149645228798538
0.54268340014657357
0.91996572566023316
0.90379907192674414
0.67665017230166236
0.5609383063486848
0.56113038074879851
0.91653633928555167
0.57053524935353284
0.83888684171772565
0.83635937558586071
0.48698887854462669
0.7162504879562499
0.15414480769249214
0.7077356151056855
0.61972415779163181
0.88623439504565538
0.91001603171735967
0.59938593755548686
0.91835448534402275
0.52564198632291526
0.53572045169920257
0.5900303843027016
0.67061383388638041
1.0482326062150114
0.59978193230056931
0.73726992644544576
0.69588140208212601
0.75557233457335826
0.58512170720504131
0.50237433292671341
0.4067643870972758
0.64948064358319446
0.88525832924933978
0.78202510438071637
0.32748660579342581
0.27997106992847359
0.82680408438219433
0.68699454138179028
1.1048596252263503
0.58428880962752083
0.74727432028904561
0.79102387662375273
0.83443945859179458
0.45949328148046625
0.78577367579608881
0.75818073991356727
0.47614537818041253
0.97757082279192065
0.79096997384636314
0.55127406350285335
0.6030321326598691
0.98638557949226291
0.7365839229190575
0.5701428064622126
0.75572483623775899
0.91297327914045212
0.93818397690918076
0.5223298488461241
0.50971753422057708
0.61099907791372021
0.71428236549937596
0.6285998865831931
0.96231405648569901
0.86385664038187271
0.83666851641020157
0.90939622749630833
0.67050528358087813
0.95577703193964836
0.93416825393512226
0.65228169322985963
0.79086011648386545
1.0700038931054887
0.75952906316815161
0.72100524716914205
0.86167371685860128
0.62785157941380232
0.84618262653314613
0.68022869776475992
0.72120322355922406
0.83852136649810649
0.7003259711228208
0.67026882562823276
0.9087621972282951
0.92948310975907922
0.6296110119847862
0.99262955033515365
0.86402546480526154
0.51119607992356886
0.56156406997781716
0.68500479083454868
0.48523878020696037
0.85234514624150637
0.72220254115096516
0.59782141086887419
0.66615741421757102
0.89064843679506978
0.68948659608862606
0.65838911669489242
0.46047195613865
0.82338352315668994
0.82659958242336384
0.74734406511114448
0.85179964247911388
0.74084718885423262
1.0184331659349521
1.0702359295838373
0.96030900945242836
0.78623576926429417
0.76736381690001543
0.96110726958362136
0.57426819527296036
0.72979119643160406
1.0021558436575746
0.73101070534072377
1.0263223464693116
0.95987561226684359
0.91586245532860855
1.0889971151950497
0.84512962561098637
1.0900065071439722
0.92585773543898309
0.84615184346397543
1.1895095326485381
0.76506238046504549
0.89635608672931133
0.68275388881250332
0.6679401480919881
1.3315480985275512
0.73724838527452818
0.51076147319105081
0.31130592295956905
0.80557772123842231
0.97498258210283339
0.81887128345472271
0.72106319563178278
0.91325984257162107
0.93794054645969072
0.80330946548286486
1.0082345002104278
0.82055715346696823
0.66993680888820273
1.0744016659523969
0.892216521694844
1.0702337787483316
1.1453511791187989
0.94511537437641469
0.92306275329238874
0.75218011634034154
1.0011227563138956
0.72768952525546093
0.9111575583221595
1.0577787657298832
0.86326150817432146
1.2033414999955634
0.92685713585754559
0.89734402581132966
0.67804644700044669
0.77591060363851405
0.964213547964759
0.60732739230089405
1.011294320227073
0.835342443458297
0.86107442901882147
0.76686580622171363
0.88402375007287748
0.86577620087458418
0.97444694773400065
0.90028339805434487
0.89444892629831718
0.89049994310960978
0.93852051749188292
0.85431579241874556
0.9365257940349575
0.80738346830165963
1.0691752217922357
0.95081038536113149
0.75326669041761352
0.88708805597157858
0.96063078659243029
1.2501821807531444
0.95841072871637767
1.1725938682536774
0.92834120022057787
0.96920129603529859
0.93416200223311663
0.89667043673521085
0.80202567494714616
0.95841846548330534
0.5978139779016729
0.62405911264013725
1.1932425666141566
0.93544745680133556
1.1686931636456244
0.591079197724378
0.68254293378391162
0.84034362255929429
0.93381757519326636
1.1469350479141869
1.1143219728226761
0.93267250647393796
1.1652366698456171
1.0950739263387219
1.4747680182629257
0.70783836022946234
