100	-0.92681706290969
23	2.14354753714106
77	-0.347487277923425
85	0.180645560906827
44	-4.25740698971681
13	0.449197843116687
95	1.93521199896842
42	-1.02386723327442
21	-1.91462813374794
74	14.5344981906703
76	-1.44469887163818
71	0.399864123335042
60	2.83664065540973
50	-0.93591576091008
31	6.31431804130142
6	-44.6113510478654
10	0.686085916528197
35	0.457506980802374
25	1.64003947442517
47	0.027995235624899
22	0.893510889098515
99	0.342000722527887
31	3.6687195351094
66	1.651696771974
49	1.98580874202496
87	2.63452162659436
26	1.27354171564036
35	1.21097392882506
4	1.45164205703378
39	-3.56956851854805
74	11.5057246008862
13	-0.992692325702434
48	-2.40718863377702
67	4.23723000671003
56	-0.644945337119303
38	0.654756884168345
46	-1.03526432122699
75	1.05081563998383
9	-0.317123026743099
12	-0.441417758832495
65	-4.3445029633936
14	0.600085277915998
92	-0.540939578673503
97	17.126129754751
67	2.21806874429677
22	-0.180161788492454
10	-0.00332673035065922
6	-45.1250476665528
69	-2.27667756328341
79	-4.06804437147985
93	0.823500467021959
39	-3.91223670219271
49	-0.233422067334391
82	-0.0777916206405424
83	-0.197369452565773
6	-44.5564382422229
48	-2.12970565987859
92	0.751929569187208
13	-1.18531314584457
72	0.173971188090603
87	1.31714885868612
31	4.6582149224231
8	-0.939108203453338
78	-0.635481567595078
16	0.406735189853194
63	0.609785430071376
58	-3.26359352825563
16	2.20111529512028
85	-1.73850817967625
73	0.467402201397317
88	2.32094396838889
22	-0.127128883977969
53	0.208914899901555
3	-4.92351042438503
82	0.367813802096586
64	-0.487648887871437
22	-1.5751164945743
42	-0.135949902619541
27	-0.289818710944951
76	-2.26925331707477
10	-1.32058081978929
90	-4.07278162065154
3	-3.15911611752134
63	1.07328707988783
31	4.99403786606295
40	3.25045062567585
71	-0.665921227017284
2	3.13939253816374
65	-4.01291022448164
31	6.04509357450249
74	12.9177678359736
19	0.668758286960601
17	-0.713313749184279
31	3.30942021888135
75	3.07746595617567
84	0.976080572673223
55	-37.7543982833638
48	-2.80585992492948
15	0.99260480446675
51	1.28162631704749
18	-0.139015271943161
22	-1.13454757123203
47	-0.527215577467385
49	-0.127200622495447
81	-0.108421260658789
22	2.76428169291574
95	-1.69707425837754
18	0.379395485042852
98	2.87396323259945
100	-0.165166559891944
86	-1.77458490178575
95	0.4414391417535
11	-0.233739229284546
35	0.816678065667032
83	-0.0420319706025304
12	-0.0245035808934901
64	-1.28719762531797
58	-2.11248505982379
15	2.66893650651826
88	-0.0336247267754282
68	3.15870048506283
5	-3.21983836580916
69	-2.79835484657399
54	3.99106565861835
90	-2.38845200083779
94	-0.744902845618201
82	-1.9196836013965
17	0.610961178776187
12	-0.808235253155155
69	-4.09679280300189
35	-0.026239477615366
94	-3.10465411365576
68	0.100401193620957
67	0.234672763933504
74	13.0573121081802
18	-3.41315189607521
51	0.582072596606633
89	-9.94717085740348
59	2.16697298313096
55	-40.8517910051649
45	3.96752624381045
16	1.95886407480291
16	1.06544101201786
3	-5.24649116033957
80	16.5107456071261
41	3.14644625429748
61	0.0435342804464773
37	-0.282237511478232
10	-0.0955574888465892
98	2.82794809466683
67	1.15024834223048
31	4.52778939974251
78	-0.0652328029799523
58	-0.826061159156845
11	-0.27184666077739
93	0.132023949933746
23	2.13614253684581
70	-23.6197691564902
91	0.114310319277589
94	-1.57635425835167
60	3.26001782232662
83	0.285887344956303
63	0.974380362954873
35	0.441156335116005
89	-10.0821273169815
92	-0.487931477368751
10	0.0743845537090127
27	1.39339479271893
29	0.316826456271876
55	-39.1508349104322
56	1.39571530159512
25	1.74621631965742
97	17.9043403106921
17	-0.885432583589472
92	1.39866668203851
70	-21.3415597333286
95	2.42781874156932
83	0.385669636431239
66	1.7840716942803
71	1.34660466082659
65	-3.93779939568541
63	-0.528897947341235
63	2.73521511362566
87	0.647362241441282
13	-0.35056623943842
88	0.388761019536791
35	0.510204124629511
58	0.393295032823095
51	0.419769322472711
39	-3.49387210208022
16	2.0838721196756
41	1.27804628334816
8	1.59153619360231
5	-3.79811914124534
79	-4.88896008814513
75	2.89917039373446
67	2.75916207761102
15	-2.3344442096455
46	-1.26864499808597
73	1.26736170200006
85	-0.989264475497887
46	-0.944512626007498
69	-2.8936339508352
76	-2.46437563345157
46	-1.96489708913257
70	-22.4973646874134
64	-1.95432835012859
63	-0.502844196510911
14	3.07863262961808
80	19.6536787844305
46	-1.29974515239456
72	0.292079099927637
23	0.654089805853682
40	0.89878136929833
81	1.42476609094552
97	18.1248166198818
51	1.06915037313407
35	1.0724707254786
64	-0.147511347788807
6	-42.9815227772675
82	-2.68112850749348
55	-38.3745645648342
72	1.19257640805582
38	-0.310585983963283
70	-23.9004262803538
50	-0.444120977426904
83	1.5308933914012
30	-0.617878909654344
22	0.505265341701918
24	3.17727950913747
47	0.550043805043901
56	0.68559594049854
59	0.345086140309004
75	0.39330239877205
52	0.577562279165299
84	1.36477935364404
98	2.66861476364853
44	-3.15735282590384
66	2.26908213937441
26	2.98757956942293
90	-3.90370915799979
95	0.279148070445361
83	-0.261399477272436
86	-2.19076040971689
88	1.34659182200689
21	-0.532026651840541
96	-2.27535878116508
47	1.13282618561816
3	-4.32454612673381
45	2.88948118791854
60	3.12716253104343
89	-9.9909926300197
86	-0.262360286616534
15	0.491958581782237
89	-12.5680871822762
58	0.193311596345243
62	-4.55864112060147
68	1.45606785045523
91	-1.02017456049609
26	0.449998730982979
58	-0.0498065365783756
9	0.719120211039801
4	0.933918757978984
48	-3.17684138268911
20	-2.74677753966542
93	2.51168842648078
54	5.75938756984217
89	-9.88351307069241
37	1.63491956672125
28	0.319960242166235
1	0.111638846891251
32	-0.361249510425937
48	-1.21222399908415
51	3.56049963695186
50	-2.16049649212024
76	-0.415089141279393
81	1.8519808940112
31	2.65544055072476
11	0.453329908850584
32	-1.69664121436588
42	-2.54249149409202
94	-1.19831432792349
76	-0.340352914669883
93	-0.166574249992072
22	-2.50723082208307
50	-0.911849810459845
9	-0.951817950888616
96	-0.924313346611087
36	0.974643252559413
49	-2.05332935562613
18	-2.60808332308882
43	1.48064768424152
39	-2.6235561986778
2	1.74253631376527
48	-0.10874260683855
16	0.493448432334697
25	1.10453178274903
69	-4.06631462522723
22	-0.202559643546495
71	-0.278285794771956
83	-0.637871154138605
15	0.782211880475916
5	-1.59928687933535
34	1.15613115188673
76	-1.09477851011446
21	-1.97131466611226
21	-0.417983488990702
55	-39.9376390688375
39	-3.66950285273784
20	-1.1410323224731
70	-22.8647011262887
42	0.190236911253467
43	3.22345994810325
91	0.220520684561789
41	-1.10835189753853
35	1.08440160585134
52	-1.19763631423928
82	-2.15451021595091
91	1.19301729187587
22	-0.567575887845919
15	-0.136959979722757
64	-1.77622361651168
35	-1.17337376766328
75	2.31272492355071
17	0.543052178779186
62	-1.27944972195847
67	2.59223225277005
24	3.59777112111467
72	-0.00531898406095654
16	0.471202398337481
32	0.803246818296434
92	-0.376423348703829
68	-0.457363167510767
65	-3.30175668070722
2	3.46683574854997
31	3.0286778437647
34	0.605616581859654
78	-0.71520560312011
90	-1.17113618880974
28	0.0715260583330415
2	3.84734060391803
14	1.16702767345055
71	0.780057023151247
70	-22.0971121814394
94	-2.56478848534141
3	-3.47279532513027
42	-0.612793582542015
57	-0.126266438427485
30	-1.30838127313496
9	-0.816928628859054
84	0.128761820969201
8	1.26266326350155
50	0.231118418749877
54	3.36927585947033
12	-1.16119732767197
60	4.6012076257914
83	-0.164779389370407
27	1.97852114033271
67	2.91658799571701
8	0.0297987411457845
40	2.47642876579744
34	-0.469688364778669
81	1.14652037131597
23	2.0456183631608
53	-0.73847456371045
20	-1.8299860989066
93	-0.837458418624704
58	0.677834693816576
65	-3.59451773882138
51	0.57326787534832
81	-0.0468944554237717
45	0.529463100796212
25	3.15041632067627
23	0.38839220080762
24	3.87771051868419
5	-2.18000542425992
25	2.40392501446985
73	-0.888943134939868
22	0.00334243130542525
84	0.260819685059551
72	2.15330974441146
100	0.737312370776958
28	-0.0949501339483026
92	0.301391598258871
3	-4.13081311154201
32	1.10830779308086
37	-0.196478280381296
78	1.89205341514633
5	-1.67817527449377
75	3.66055743657508
52	-0.796121320726592
45	4.82997702990338
49	-2.15168774589744
59	1.7557626030535
20	0.421955100194355
93	1.36410882938862
84	0.738100403795008
8	0.348510188444781
16	-0.0820299954254661
2	0.539930743066662
88	0.0320798345112764
42	-0.630855513896987
26	1.41867169869183
90	-4.140821869673
33	-0.548697843695942
11	-1.06550427109305
72	-0.0356198654382253
68	1.45012448895411
47	0.844937602489038
20	-1.11965008736088
12	-0.238080985103176
20	0.904367266808643
48	-3.73101256127142
72	0.282761482791834
51	0.889668993968442
66	0.857996578235388
54	4.44613683395369
80	16.2066983369955
14	2.30222134700583
36	0.143697647375858
41	2.34864721442719
1	1.46949558300946
45	2.99576332015712
34	-1.55064300883021
75	2.13730893536534
13	-0.632950708641247
33	3.17453665385871
21	-0.347378378860154
43	1.84893018316573
86	-0.726737644823751
47	1.22142532720061
16	0.352024844768725
47	0.62743376375421
61	1.26628433660076
80	17.3863766373641
9	-1.22115675166408
37	1.42854604027767
69	-4.50178684004401
51	1.34661369015268
38	-0.295085432226643
34	-1.13277813509406
72	0.516983176778838
96	-1.94963974119501
60	3.2001730856475
74	13.277878981775
11	1.04955370700343
69	-2.8053184425232
88	-0.740348296950688
99	-0.539854179953838
92	0.483403170884794
73	-1.31691110782819
33	2.02764546556756
20	-1.54214294247804
78	-0.430793362911033
68	0.261918082017363
35	1.96785291309878
3	-5.5179841269478
61	0.784627662392225
46	-0.657609548939738
24	4.91061704108176
40	1.93338773483402
1	0.516158228073598
96	-0.280845177877258
11	0.094242732680817
84	0.161694114367881
89	-9.59209914650767
93	3.12401465834366
6	-44.963370338951
46	-0.974261123690219
59	-1.0651596433787
30	-0.298881600356353
80	19.1860020810646
42	-1.84297874606227
59	2.58653401406431
67	-0.590924300928873
81	0.785571411830212
11	-2.12258752030209
71	0.12878696853547
23	2.2672125738502
7	0.902681201346536
44	-0.232759332507111
32	0.405598643426503
14	1.35770845563466
10	-0.0637678494144763
23	0.53750841556634
47	0.294439780547608
85	0.722116434004508
37	0.734119249895374
39	-2.38255048731686
7	0.104151301330341
37	0.684539295914478
92	0.0873101124511438
31	3.77762598678079
69	-2.50195159254487
5	-1.52015069743745
74	12.6270328910735
86	-0.420058791048869
95	0.017471790684947
82	1.2814786862005
19	-0.668679914869232
66	0.644956457576254
82	0.315618312097057
7	-0.435792036893842
87	1.92767207699353
89	-8.11529050513959
59	0.752988493286886
72	-2.33358494109871
67	1.83051581065243
91	1.55797050874735
55	-39.6365958684924
49	-1.48077927860302
25	0.767923471362846
42	-1.57005386414899
54	3.01552317115005
7	0.796618790353183
59	0.202129977015211
3	-2.95373998558866
29	0.166242173064893
36	2.76511013148792
59	2.03346338640138
44	-3.06131197780855
26	1.30618294686065
37	2.26048654522554
93	0.0236382859721848
79	-4.730392017815
8	1.49371319311107
10	2.27049367257514
75	2.77783252887375
67	1.3184628466846
34	-0.87659181273431
61	1.92328305309544
12	-0.139843079250199
23	1.24830790889298
62	-1.17825589579174
58	0.496760127000478
88	0.693788627231524
42	-0.9838474377729
49	0.576183130212678
66	0.651686416101089
85	-0.366151926613008
16	0.73321077246793
67	1.60305953533247
78	0.0840648060134218
84	-0.416007878154019
23	1.0629740760806
90	-1.17243142392131
48	-0.769499109048767
55	-39.9597617507701
26	0.545977318007878
82	0.604955759627181
77	0.117921174583788
58	-2.25232460341666
22	-0.109211101245963
4	0.819460345568688
13	0.0384555286179767
49	-1.88440203972711
54	3.43594301283146
13	-0.477756877248067
42	-1.44614324043743
68	3.46699631860668
69	-4.15783956462031
21	-0.180578666826136
71	0.0387515156169476
59	0.82658929778739
57	0.145673743268309
48	-0.425631711596937
46	-1.77792409215081
15	0.796086240164231
66	1.17133563534546
54	4.9381051854953
35	-0.977520700684635
86	-0.71033927223143
2	2.14429430493369
12	-1.88447149580882
83	1.26181201561853
99	-1.77803436035361
90	-4.59493740912872
38	0.248458172104351
42	-2.80241838801018
75	2.56398141068299
9	0.614512835917521
71	0.962000849480581
11	1.05454135734393
19	-1.48268315135469
37	-1.24144477131169
26	2.14151130977179
27	1.00558674244472
69	-4.81251540421035
46	-0.663012303688039
90	-2.70101423183361
86	-0.60901045942772
55	-40.7313589358157
83	0.478850640212803
2	3.62661119055673
78	-0.700580652843954
27	-0.987106139376549
95	2.1524657796401
82	-0.696784391746051
82	0.55828018065742
2	4.17891160809085
5	-2.67733680734034
72	-1.14156521037197
65	-4.21184432012671
86	0.715336661821813
29	-0.246332834087683
100	-1.64469117800404
67	1.50752875454649
9	-0.204695548870646
79	-5.34223875266297
7	0.513016840352125
12	-0.455494951107778
67	2.04460845166418
82	0.429942129542062
12	0.314296372539704
2	2.86509281031942
90	-2.33566300792083
79	-6.1912603006826
26	0.254215571988921
89	-7.7734689822868
73	0.140771550713038
12	-1.98844683585612
72	1.76609201831367
73	-0.518729585537309
76	-1.3174061048092
100	0.199680114371917
36	2.12498922839998
40	1.75158835183018
42	1.22495426457824
19	-0.339527740142665
39	-1.59381298645122
1	0.768312409700745
52	0.49303414031351
30	-0.882343957560204
83	0.617132883808453
96	-1.2563388859686
47	-1.9183797658501
12	-3.0957840718886
67	2.70156004621466
23	-0.328387702936318
54	4.5872382499347
44	-2.5198981131324
30	-1.70117165499114
66	1.18701613235633
78	-0.585642802472669
80	17.7459693178309
34	1.06431959040361
99	-2.53510910575515
25	1.52554081850406
12	-0.521994255952541
22	-1.37174788173686
12	-1.17973285083805
25	2.13067519256528
97	16.5622005222162
72	1.63271418347603
2	2.82689768770854
100	-1.98247913232753
48	-1.27929641254425
69	-6.34043806031705
26	-0.128003758401376
39	-4.00211368751753
6	-44.4267519768802
31	3.04393032157743
77	-0.420799969068765
45	4.35885486392004
18	-1.71575510958495
82	0.913098907367051
66	3.07931125769388
79	-6.18646202835313
81	-0.242535015328309
49	-1.40670144378465
13	0.306585439906329
6	-45.3604293907156
5	-2.22781745149197
63	1.01580099419723
79	-6.06437832582912
24	4.23133869206082
46	0.251110219170086
3	-6.37740376117784
59	1.39223909918609
20	-0.47340591768852
53	2.35119352325989
63	0.909781801690201
69	-3.79573146933311
73	-1.70138495882752
30	-1.73315442288763
16	-0.634122790473103
95	0.630146103797306
85	0.0735706127612102
89	-10.7790525017168
30	-1.00798189778869
92	0.34077980346709
18	0.224289917727871
71	-1.47912723385839
8	-2.55479164366244
55	-39.4543086435939
80	16.8344132750506
8	1.09877496096559
95	-0.111786443178775
11	0.296897988722534
71	0.755497193280731
56	-0.610979830839727
22	0.336248929067285
43	3.68659213513163
9	-0.670900775037952
40	1.52588709346241
88	-0.0802348945807388
51	1.0090199703249
24	2.53326616757005
38	-1.00574553527018
2	1.0174638724032
6	-43.9681494627035
42	-2.43916379809543
59	0.432321525092063
16	0.689708951380174
27	2.60464918299017
48	-1.31604906974898
89	-8.04688723653779
64	-0.604996878410759
33	0.781594203527335
75	1.85237938561344
75	2.46770618342828
63	0.967606489062359
64	-0.502831672438299
29	-1.37119246175809
97	16.5990137289289
8	-0.527415462009462
39	-2.6946652918746
77	-0.649257772705667
77	-0.653768855578361
69	-4.06350898200487
76	-3.06142691994677
62	-3.53903795041409
100	0.4909872713551
92	-1.00390528837596
3	-5.13279417891874
92	1.36466839184872
35	-0.287291598154047
52	-1.41041253131521
1	2.22713265778493
21	-1.74648235052757
19	-2.31875725994423
99	-1.78936570796862
61	1.4699428951758
85	-0.866206163520449
51	3.03458458887501
96	-1.36042909626647
14	1.94464278874024
60	2.55357825895451
93	0.21336963463266
7	-0.65804070600105
33	0.479014497944387
56	-1.4635456621407
58	-0.822040449119177
7	1.55049281238822
82	-0.294294837588591
94	-1.74012079506716
92	0.978356761072434
9	-0.187870244756704
54	4.45527767648274
45	3.39293839665388
2	2.30253245960971
78	-0.968960507911835
98	2.68101660453871
53	1.45618325676173
69	-3.77236423297064
24	3.51325099448044
42	-0.389564611326309
94	-0.817322877824368
54	3.78569643242464
64	0.536278634564578
12	-0.186550319476715
21	-0.8939346344308
98	1.07864745406667
14	1.1217681850139
30	-2.19138584050158
57	0.08526691160432
86	-0.201997733714553
90	-1.30013644530426
39	-0.783570965978236
39	-0.90212779750197
90	-1.93174594296548
49	-1.60173690717428
45	2.60264382765374
76	-2.75258890313595
59	1.61131018315212
86	2.13643882091579
82	0.273062786405885
47	-0.116028167631321
53	0.55277936727028
19	-1.24203275952594
19	0.0983308883066165
68	2.10399958890896
49	-1.11604161174039
73	-0.230588695294176
49	-1.60419480546986
3	-3.5805631263305
5	-1.64208353225453
80	15.1785287152637
52	-1.35907965520077
49	-0.802445092485538
18	-2.48497739075175
66	0.799832644444312
35	0.514640296831048
57	-0.608223850883807
26	0.623034122165733
93	0.828744108000004
1	1.60777712993792
79	-3.70816652136228
21	-0.889475189457829
74	13.6996179279582
31	1.31529725240556
49	-2.37413679116871
61	-1.73614513672886
99	-0.499518477337654
100	-0.523218923812472
66	1.91961379319255
9	0.605469360534854
56	1.5733688649131
2	4.2298065794029
14	1.23422542426262
23	0.975400989418886
72	-1.38756407540651
16	-0.640598169118303
91	-1.40154625178605
37	0.200547544599521
79	-5.10824414806625
7	0.264770394738142
42	-0.0680768322110612
94	-0.92946712983982
9	1.2761115549834
29	0.561739139848583
63	0.412089348914899
29	-2.14107464266141
60	2.75057223331681
22	0.524458554301028
28	-0.186138738622442
66	1.38367387434348
17	-1.11745305489692
93	0.787972523854956
23	0.692657821343711
43	3.98288230940977
40	2.5460204880616
3	-3.45172664730142
10	0.491260840841915
31	3.28341052557756
71	0.00993093331378675
95	-1.23870950869482
48	-3.19196471581208
15	0.0499429187533001
43	3.36137130045033
63	1.57564034192469
63	2.22904216470906
72	-1.57068750420026
94	-1.49939513173022
15	1.76655633263377
43	4.46867533358267
93	-0.323203848142269
8	0.841362381469152
28	0.0209379867877887
69	-3.60095015652249
48	-1.57274830678982
49	-0.255921825032197
43	2.07993515215396
31	4.20742516021616
47	-0.398962066443591
96	-1.51963206990222
39	-3.40571499379465
95	1.3557352073955
88	2.13446344997979
3	-3.29370254379115
43	2.45688327968016
38	-2.09528416003465
23	3.19609502824383
94	0.659358603705121
50	-0.801283976386652
6	-42.34521639358
71	-1.09229766708282
11	-0.82792972719148
47	0.670672653594529
55	-41.2302964016725
100	-1.96617130205876
47	0.863070642571155
33	3.17754497948701
83	0.710175352162222
75	4.1362441493297
69	-3.16749482142111
16	-1.28405591172159
50	-0.865588348518799
63	1.11019836459589
94	-0.366490767843118
51	1.40965354004235
16	0.558151521848972
22	1.41318064486711
18	-0.230804062032445
58	0.432948643720914
49	-1.24686339422539
41	2.95927868881735
41	-0.263109197192057
15	-0.147836478525399
71	0.831302665894464
57	1.26690448449912
10	0.323442257363915
52	-1.29912072323309
87	0.355614538224345
63	0.21861603136274
87	0.417353352042506
71	-1.67986411778718
92	-0.107305230833008
43	2.57344288121721
35	-1.60024349438159
5	-2.39084797455968
50	-1.8973583914074
13	-1.68445021517188
72	1.1461917192453
78	1.65975300250687
5	-3.01738521185306
80	17.6298083216724
53	0.725328059748314
43	3.84188670457645
26	0.773646443681647
58	-1.01316510426067
88	-0.308604640387613
93	0.136506122791568
83	0.672976200726493
38	0.668603736038924
78	-0.194543877431573
2	1.83274829216944
90	-3.8746245343449
62	-3.11988587159735
84	0.945355460133441
6	-45.3682447607126
70	-23.7707149814253
67	3.59474209815505
49	-1.11106891973404
52	0.518013938737578
82	0.689259383393943
40	2.40297991900635
54	3.64888547047332
34	0.207372620928713
38	0.134664961842094
9	1.13242618171455
4	-0.250695073078953
68	1.62384035846765
18	-1.36408415043918
75	2.72700663712946
74	13.2702933426524
20	1.0900819624712
16	2.22909955562956
14	0.95375728643172
18	-1.19647001576894
64	-0.30175375212743
77	-0.300556280025188
99	-0.987557459618216
91	-0.805296047387617
58	-1.10483496413974
95	1.4352480129128
27	0.254838617781312
53	-1.24545784725487
49	-0.571805007160421
46	-1.50309893257203
29	-0.181330347616623
90	-4.00198209436607
70	-22.3694228155563
96	-0.0772200433320469
33	0.921512042154266
49	-0.574318194907966
66	-0.356742708478318
34	-2.54150450265478
97	16.0647111742248
35	0.103324220634818
12	1.58085635726975
22	0.84548982509511
99	-0.0300240676997857
28	1.10547658306751
72	1.20362528835006
96	1.08012788565218
1	0.328215694769958
22	-0.647953581544855
3	-6.12841184903067
57	-0.922137963399781
62	-3.16291632147962
70	-22.4812071708629
29	0.689137548462908
21	-0.601390238193234
71	1.03239221863995
23	0.684963476673547
20	0.101534632561147
24	3.36104975569011
92	-0.272391302326826
59	2.00532930613934
9	2.2787979696648
34	-2.06820610925588
80	18.0480369343278
43	2.75836764602629
93	-0.620493015968385
28	1.44645412204909
74	13.5143420056153
9	-1.40628945085146
65	-4.90346805604848
74	12.7595302621204
